0.01   26206.466121894613   26203.104553034205
0.010293154462191829   26345.692641401714   26342.092006900333
0.010594902878253955   26469.442578667236   26465.582575933237
0.010905497183778876   26576.959642908216   26572.821537805874
0.011225196699963396   26667.49954764329   26663.06583174956
0.011554268350120923   26740.28032443753   26735.53149669401
0.011892986882540897   26794.52078131044   26789.433968339454
0.012241635099881474   26829.471304539522   26824.020364920016
0.012600504095286909   26844.381350494707   26838.53765112217
0.012969893495426888   26838.49007414075   26832.223544882843
0.013350111710660605   26811.080681437576   26804.360073045736
0.013741476192534558   26761.47090795201   26754.263426152622
0.014144313698828986   26688.94954596045   26681.21839751801
0.01455896056637426   26592.846267266155   26584.55019900624
0.014985762991865008   26472.561421714265   26463.655061266043
0.01542507732090645   26327.51933284632   26317.952629785024
0.015877270345534218   26157.179316644204   26146.897136109634
0.016342719610456153   25961.09445676074   25950.03718846105
0.016821813728271667   25738.898441139616   25727.001548213502
0.017314952703931925   25490.268253451497   25477.459572932377
0.017822548268711737   25214.987108213463   25201.187282923784
0.01834502422397195   24912.960967657513   24898.084672612422
0.018882816794999403   24584.19571983582   24568.152776912546
0.019436374995219892   24228.814799819364   24211.51151020079
0.02000616100108813   23847.084359601053   23828.425119408297
0.020592650537967844   23439.430605055117   23419.321656431846
0.021196333277324068   23006.454663359895   22984.80980767428
0.02181771324555934   22548.90687165226   22525.64923160119
0.022457309244835088   22067.699959012887   22042.764846641596
0.02311565528622961   21564.013014495617   21537.360883233225
0.023793301035594242   21039.204298538683   21010.825538700094
0.024490812272480036   20494.74925824742   20464.663299209435
0.025208771362518027   19932.401931208795   19900.667474501857
0.0259477777436476   19354.226072435336   19320.95365273594
0.02670844842659881   18762.33719669496   18727.68471974805
0.027491418510046592   18158.976293746477   18123.14773335629
0.028297341710866907   17546.858428937743   17510.118470010377
0.029126890909937666   16928.74515958194   16891.414880699856
0.029980758713939952   16307.299048816549   16269.745007211468
0.030859658033628758   15685.570894477505   15648.203566505854
0.031764322679055976   15066.863110327768   15030.133286780885
0.03269550797224261   14454.175819007396   14418.56171888719
0.033653991377811755   13850.465069238706   13816.459535612956
0.03464057315210884   13259.146383777697   13227.244303058933
0.03565607701135116   12683.286888492225   12653.976319624262
0.036701350819364466   12125.52010487055   12099.272094182159
0.03777726729548091   11588.771390004924   11565.994491253736
0.038884724743189276   11075.875609814602   11056.895697775823
0.04002464780014597   10589.07329768842   10574.144824663092
0.041197988210172884   10130.162959498597   10119.442352339365
0.04240572561788674   9700.647993856586   9694.135966416723
0.04364886838662332   9301.631022257903   9299.193674106918
0.04492845444033957   8933.902464011711   8935.278298693238
0.04624555213019635   8598.201839851385   8602.882594076695
0.04760126112654554   8295.142909364451   8302.352086263707
0.04899671333706607   8025.093388039017   8033.82710524933
0.05043307385181555   7786.190502673502   7795.298134716122
0.05191154191598653   7574.717762805738   7582.9627582268795
0.053433351931179485   7387.315824602021   7393.375201101001
0.05499977448602865   7220.891967365491   7223.362837107519
0.05661211741704101   7072.564446399368   7069.970234741595
0.05827172690053434   6939.555182617592   6930.359513344453
0.05997998857658587   6817.6956818011795   6800.464151474804
0.06173832870592997   6702.227117808839   6675.717592319314
0.0635482153607709   6588.049001318882   6551.350515489646
0.06541115965050462   6468.7774047091625   6421.648828839505
0.06732871698337338   6338.214894721365   6281.167564378204
0.06930248836510605   6190.403801611287   6124.970449194852
0.07133412173562886   6020.02543356663   5948.825385680847
0.07342531334496233   5823.718155030331   5750.329408077597
0.07557780916945323   5600.064981334677   5528.833099933667
0.07779340636952398   5350.12042993912   5285.980789143882
0.08007395479015682   5077.372364260241   5025.6303599589055
0.08242135850536496   4786.506991993989   4752.454507566293
0.08483757740794096   4483.1715506643095   4471.714940376853
0.08732462884580919   4174.5817568467455   4189.750215809671
0.08988458930634863   3868.6673213050385   3913.2946526399696
0.09251959615009227   3573.9900055814496   3649.30200883323
0.09523184939525078   3298.7434505187007   3404.1519650780538
0.09802361355455057   3051.0835626467115   3183.771730727376
0.10089721952591899   2836.7500786522796   2992.0774398860817
0.10385506653859616   2659.2212525580003   2830.561729791211
0.10689962415629803   2519.2104909298923   2698.7689830733457
0.11003343433910281   2414.166058314698   2593.7941460569286
0.11325911356578279   2339.4244191697826   2511.1682021918427
0.11657935501835284   2288.2444652688796   2444.9340262698365
0.11999693083066039   2252.145597690291   2388.6068347896185
0.12351469440289359   2221.6238432725413   2335.403829472961
0.12713558278394044   2186.5133899583893   2278.267964938973
0.13086261912358757   2137.734512078692   2211.790055656805
0.13469891519660646   2068.3409598466965   2132.6366285602853
0.13864767400083483   1974.8557691447215   2039.705431782559
0.14271219243142114   1857.7665374598312   1934.391505935193
0.14689586403346616   1722.0900536633658   1820.6066305340528
0.1512021818353596   1577.3288212654954   1704.5785187777253
0.15563474126517718   1436.0390594307985   1594.0222116056525
0.16019724315257297   1309.8275802288445   1494.8187996251477
0.1648934968186736   1206.180439175431   1410.020350491127
0.1697274232565544   1127.8966084433332   1340.1871205904351
0.17470305840495237   1074.1490381378107   1283.662063562881
0.17982455651794954   1040.859038344356   1237.042793264141
0.18509619363343993   1020.1317864698781   1196.672223186821
0.19052237114327647   1000.9987493024234   1156.862634480092
0.19610761946807834   973.377666974013   1113.6858963507977
0.20185660183976684   931.4972042153967   1065.9075490349007
0.20777411819498756   874.5861018525408   1013.9034897380404
0.21386510918267082   806.8651140234939   960.2496720479304
0.22013466028907505   736.8486227844827   907.9490049105193
0.22658800608375756   673.8328912075681   860.200033997866
0.23323053459001789   624.0842721804618   818.039038699237
0.2400677917834628   589.4699594278928   782.2774844058603
0.24710548622244882   566.917677862536   750.2639446988549
0.25434949381426813   549.3377433669274   720.2995981796527
0.2618058627210567   529.4485906632738   690.6231827557799
0.2694808184095226   502.7694795730581   660.1710597589109
0.27738076884870827   468.8684221893124   629.9634569071052
0.2855123098601282   431.98443115265263   600.2884795874214
0.29388223062474755   398.22753785125053   572.5433555905512
0.3024975193514008   371.4798422476071   547.2792446836888
0.31136536911138296   352.0100088004598   524.066599301135
0.3204931838440838   336.61716982757616   502.37591229724364
0.32988858453867975   320.75548190487035   481.27922591152685
0.3395594155970457   301.9572466252655   460.9511629405621
0.34951375138319807   280.94021908859946   441.0117376578809
0.3597599029647371   260.55882731454324   422.1224672218336
0.37030642505191835   243.417395691367   404.4773182309841
0.3811621231401457   229.72728675118492   388.00790017522644
0.3923360608618501   217.5750685174312   372.3799656499189
0.4038375675538918   204.98639676420527   357.3993279260711
0.41567624604680364   191.54572016819313   342.86655239980934
0.42786198068238046   178.49044844258495   329.0357956902575
0.4404049455663077   167.01843215985613   316.0399557855292
0.4533156130627191   157.1320174209766   303.77091917767615
0.4666047625377753   147.8098909277559   292.06616851729046
0.4802834893595659   138.43266921608208   280.8427292614793
0.49436321416184764   129.28603388102425   270.1010509807835
0.5088556923793517   120.9550075326308   259.933123221757
0.5237730240626238   113.4545651096405   250.31581499677134
0.5391276639805903   106.35733576102892   241.12142048613242
0.5549324320192869   99.47312563196493   232.31665589864548
0.5712005238854289   92.9878341083743   223.91643252463652
0.5879455221237613   87.03572456755363   215.92547413711014
0.6051814074573895   81.47697736516928   208.3212746681427
0.622922570460556   76.1867250189047   201.01244770739666
0.6411838235736077   71.21129190808915   194.0518119733049
0.6599804134701901   66.58976202116207   187.4041181762742
0.6793280337869897   62.263841045121964   181.04483595312269
0.6992428382266549   58.199998373336726   174.95643279444167
0.7197414540448374   54.38526662454445   169.1237505507133
0.7408409959326054   50.80712806716378   163.53261443479985
0.7625590803058332   47.45336294916837   158.16975149598895
0.7849138400134885   44.31208432313098   153.02272751910516
0.8079239394770964   41.371766485492486   148.07988883038183
0.8316085902740278   38.62124310772797   143.33027972401678
0.8559875671776167   36.04913105612643   138.76286114498794
0.8810812246675007   33.643993451605816   134.36651370492817
0.9069105139239728   31.39509934552226   130.13086013828078
0.9334970003205227   29.29241394142243   126.04625384125947
0.960862881429187   27.32655213665853   122.1037266109183
0.9890310055537336   25.48873529412543   118.29494082757115
1.0180248908061487   23.770751334493674   114.61214516825223
1.047868744742366   22.16498028502   111.0480355954411
1.0785874845736239   20.664410327832126   107.59561602984608
1.1102067579703248   19.262457469923277   104.24837642716705
1.1427529644757777   17.952922589582204   101.00029024961562
1.1762532775476793   16.729971241558133   97.84578296569327
1.210735667245765   15.588114330973855   94.77970305674927
1.246228923584555   14.522189634599735   91.79729527803147
1.2827626805706884   13.527338299221489   88.89419088513309
1.3203674409449337   12.598969170344608   86.06643767016547
1.3590746016495152   11.732768579503354   83.31042044071478
1.3989164800420282   10.924692973463117   80.62281891104809
1.4399263408778291   10.170952726358546   78.00058994703234
1.4821384240834183   9.467996867723997   75.44095090897677
1.525587973344019   8.812498679974592   72.9413639694246
1.5703112655292182   8.20134238380322   70.49954829893642
1.6163456409812174   7.631612783437224   68.11373033147888
1.6637295346910133   7.100581296860323   65.78247530731097
1.7125025083885144   6.60569266647622   63.504474726424625
1.7627052835733923   6.144554427048758   61.2785347577503
1.814379775514258   5.714927002921499   59.103568095097124
1.8675691282445197   5.314714371472884   56.97858609109989
1.922317750584177   4.941955251432433   54.90269838733558
1.9786713532176083   4.594814428406431   52.87535145589493
2.0366769868582977   4.271574986941687   50.89633809149279
2.0963830815323896   3.970631506575098   48.96545610843692
2.1578394870138577   3.6904831338361923   47.08248486432922
2.2210975144450407   3.4297270304119043   45.24718401922773
2.286209979177315   3.1870522117441875   43.45929241340297
2.3532312448676476   2.9612337535831963   41.718527274677115
2.4222172688678643   2.751127029108492   40.0246767874762
2.4932256489445366   2.555662235019396   38.37772278690429
2.5663156713684585   2.3738404414428804   36.77760543326565
2.641548360413907   2.204729172237123   35.2241849738784
2.7189865293089923   2.047458115996744   33.717245623304635
2.798694832679631   1.9012151038268976   32.2564994905934
2.8807398205309562   1.7652423380450637   30.841590537522855
2.9651899938111903   1.6388330605354902   29.472138144585646
3.05211586160442   1.5213290505802495   28.147909042965065
3.1415899999999994   1.4121164997461981   26.868640388950876
