0.01   6360.448869356066   6359.912322238307
0.010293154462191829   6443.550909817615   6442.97782231291
0.010594902878253955   6524.774917618062   6524.1618535973
0.010905497183778876   6603.934807512394   6603.278135264369
0.011225196699963396   6680.83178033111   6680.127576363094
0.011554268350120923   6755.261522398471   6754.505542849444
0.011892986882540897   6827.017343132685   6826.2050185051
0.012241635099881474   6895.88552011335   6895.01182309205
0.012600504095286909   6961.646019498662   6960.705336409523
0.012969893495426888   7024.0781259324485   7023.064250870803
0.013350111710660605   7082.957422163331   7081.863601385429
0.013741476192534558   7138.048165388158   7136.867233066804
0.014144313698828986   7189.113884289348   7187.838304548027
0.01455896056637426   7235.920034009094   7234.541882498921
0.014985762991865008   7278.22755467827   7276.738054468711
0.01542507732090645   7315.79665638565   7314.185876781001
0.015877270345534218   7348.393228750791   7346.650104003942
0.016342719610456153   7375.78535853213   7373.897808349578
0.016821813728271667   7397.739447510299   7395.694600891982
0.017314952703931925   7414.030366536144   7411.814644410131
0.017822548268711737   7424.443376309052   7422.042471320729
0.01834502422397195   7428.770538005589   7426.168820709778
0.018882816794999403   7426.815515782636   7423.995827259442
0.019436374995219892   7418.397808770425   7415.341575148692
0.02000616100108813   7403.35559317287   7400.043107601558
0.020592650537967844   7381.5477546125   7377.958536203849
0.021196333277324068   7352.853668635492   7348.966642105439
0.02181771324555934   7317.177658786412   7312.97142404282
0.022457309244835088   7274.462228681057   7269.915680832678
0.02311565528622961   7224.67813298216   7219.770776018014
0.023793301035594242   7167.821914151547   7162.534082549621
0.024490812272480036   7103.942484747508   7098.256276910364
0.025208771362518027   7033.139619669492   7027.0397644276145
0.0259477777436476   6955.537977791808   6949.011966294494
0.02670844842659881   6871.307063603999   6864.34579790478
0.027491418510046592   6780.704484938608   6773.30405479354
0.028297341710866907   6684.018213855412   6676.180111659917
0.029126890909937666   6581.558736538777   6573.289780938772
0.029980758713939952   6473.7357526105925   6465.049203085654
0.030859658033628758   6361.021447028981   6351.937491264108
0.031764322679055976   6243.888663235379   6234.433901743722
0.03269550797224261   6122.869585409218   6113.0764300195815
0.033653991377811755   5998.614978176764   5988.52096082159
0.03464057315210884   5871.767135841285   5861.414228443852
0.03565607701135116   5742.956682269111   5732.3905950137
0.036701350819364466   5612.908215134912   5602.177498670542
0.03777726729548091   5482.357184186771   5471.512475896778
0.038884724743189276   5351.988781290308   5341.082105744458
0.04002464780014597   5222.534789360058   5211.614154696916
0.041197988210172884   5094.80472042885   5083.90725254522
0.04240572561788674   4969.543567066288   4958.6956949023715
0.04364886838662332   4847.390452650691   4836.60827791226
0.04492845444033957   4728.761504624005   4718.049668223866
0.04624555213019635   4613.979445773041   4603.331534733893
0.04760126112654554   4503.337926349292   4492.736607643176
0.04899671333706607   4397.29774574122   4386.696750098593
0.05043307385181555   4296.466995876763   4285.775129617345
0.05191154191598653   4201.397923719853   4190.48211306952
0.053433351931179485   4112.144607035765   4100.846161603614
0.05499977448602865   4027.785947047909   4015.950924652616
0.05661211741704101   3947.344489205352   3934.827259166204
0.05827172690053434   3869.9554421655575   3856.6194704078544
0.05997998857658587   3794.9059712942008   3780.625958320584
0.06173832870592997   3721.5406817011894   3706.2033267051647
0.0635482153607709   3649.0546097230836   3632.5762153023297
0.06541115965050462   3576.46570658598   3558.8126158920477
0.06732871698337338   3502.810012902339   3484.005477137634
0.06930248836510605   3426.925883072407   3407.093445941751
0.07133412173562886   3347.6582814977755   3327.0336043660723
0.07342531334496233   3263.912180815619   3242.87158974481
0.07557780916945323   3174.6708185720536   3153.7558464593735
0.07779340636952398   3079.261444837512   3059.159082087525
0.08007395479015682   2977.5169975198514   2959.0355491766786
0.08242135850536496   2869.7253578381565   2853.759152966516
0.08483757740794096   2756.972227213217   2744.461232853026
0.08732462884580919   2640.679253290594   2632.541499523725
0.08988458930634863   2522.7574741343246   2519.7847230920097
0.09251959615009227   2405.1905031520214   2408.002489149139
0.09523184939525078   2290.0328800596712   2299.033063127502
0.09802361355455057   2179.2442308127233   2194.571962755183
0.10089721952591899   2074.6507179727896   2096.147931118912
0.10385506653859616   1977.9490417641148   2005.1168136066617
0.10689962415629803   1890.5218643018632   1922.5484823353927
0.11003343433910281   1813.1255793018986   1848.8835418519602
0.11325911356578279   1745.9746765311777   1784.0897525235034
0.11657935501835284   1688.0745542509142   1727.1390730499224
0.11999693083066039   1637.7833821538227   1676.495354335214
0.12351469440289359   1592.5373170831972   1629.9214130005685
0.12713558278394044   1549.550061507458   1585.1055538669327
0.13086261912358757   1505.9727452938093   1539.7980242741585
0.13469891519660646   1459.3382882603084   1492.1130973547235
0.13864767400083483   1407.8296887249446   1440.7994602091308
0.14271219243142114   1350.5695984550935   1385.482530155008
0.14689586403346616   1287.9014969986322   1326.6453310264974
0.1512021818353596   1221.2363522079004   1265.4797509189546
0.15563474126517718   1152.8255945891083   1203.741533569862
0.16019724315257297   1085.4015265092244   1143.5189151482928
0.1648934968186736   1021.8766701975715   1086.8172705862996
0.1697274232565544   964.911677086465   1035.382224339219
0.17470305840495237   916.2529140186807   990.2058991261454
0.17982455651794954   876.0149617763291   951.0004275497868
0.18509619363343993   842.5448391197411   916.5599684951428
0.19052237114327647   813.2022391820781   884.9117246354585
0.19610761946807834   785.197640426423   854.2753289456373
0.20185660183976684   755.9137488915832   823.059328426614
0.20777411819498756   723.2752268097763   790.2238227262629
0.21386510918267082   686.6718541928426   755.7546749195205
0.22013466028907505   647.5044921956037   720.5084812972167
0.22658800608375756   608.3602365116751   686.0250232508324
0.23323053459001789   571.7493586083593   653.6856492160974
0.2400677917834628   539.5242028371445   624.3066071042977
0.24710548622244882   512.4280415399132   597.8871819668212
0.25434949381426813   489.59476278090614   574.0842752088865
0.2618058627210567   469.05284305276535   551.6678919394856
0.2694808184095226   448.5989840105053   529.6749830855703
0.27738076884870827   426.6363499332259   507.52476055632013
0.2855123098601282   403.0315224556567   485.31476397115927
0.29388223062474755   379.13170196172854   463.620383730225
0.3024975193514008   356.594638018707   443.0611949447216
0.31136536911138296   336.58314044808634   423.963012321086
0.3204931838440838   319.3050426014858   406.3464215851558
0.32988858453867975   303.7710577251899   389.72186195969647
0.3395594155970457   288.63467646736524   373.69872711628716
0.34951375138319807   273.12047203393513   358.0088001240961
0.3597599029647371   257.34782847439993   342.8017799929702
0.37030642505191835   242.1919358310511   328.27584055437615
0.3811621231401457   228.4049184949892   314.56677407899014
0.3923360608618501   216.01471779817285   301.6454975792315
0.4038375675538918   204.49869813189406   289.36688207514004
0.41567624604680364   193.2463229518105   277.5632625219096
0.42786198068238046   182.11308436291472   266.2026982686816
0.4404049455663077   171.43942983067464   255.35684017717256
0.4533156130627191   161.5557780762036   245.0631182415276
0.4666047625377753   152.4419761619571   235.28951700153397
0.4802834893595659   143.8103751812919   225.96668282551704
0.49436321416184764   135.47518114797748   217.04109322982765
0.5088556923793517   127.49262091859157   208.50864483697003
0.5237730240626238   120.01495978279922   200.39645954632536
0.5391276639805903   113.02805116480918   192.67003580680074
0.5549324320192869   106.41181853220742   185.29850443324446
0.5712005238854289   100.10171914262521   178.25408670184535
0.5879455221237613   94.1358270100913   171.53599398360882
0.6051814074573895   88.53491075277563   165.13545159526558
0.622922570460556   83.25307502494515   159.0276231595412
0.6411838235736077   78.250297910744   153.1927008000655
0.6599804134701901   73.52686223401987   147.62454076569352
0.6793280337869897   69.08192067861471   142.31222829262586
0.6992428382266549   64.8905001367511   137.23737303851465
0.7197414540448374   60.93697865660237   132.38922976993467
0.7408409959326054   57.21170793783659   127.75729494192751
0.7625590803058332   53.70255930577701   123.32998246587766
0.7849138400134885   50.39783801965809   119.0963204213138
0.8079239394770964   47.286422615431455   115.0460023092537
0.8316085902740278   44.357740904957595   111.1693424743863
0.8559875671776167   41.60174670045466   107.4572347832844
0.8810812246675007   39.00889726206975   103.90111430299666
0.9069105139239728   36.570135011109514   100.49284251361831
0.9334970003205227   34.27688798557086   97.224164006033
0.960862881429187   32.12102848384606   94.08707866617715
0.9890310055537336   30.09484014144216   91.07411132404604
1.0180248908061487   28.19100024160856   88.17827584297886
1.047868744742366   26.402562622738966   85.39304048844997
1.0785874845736239   24.72294110474039   82.71229607384026
1.1102067579703248   23.14589343169643   80.13032646358138
1.1427529644757777   21.665502140712434   77.64163220474092
1.1762532775476793   20.27615453155627   75.24066354017613
1.210735667245765   18.9725384584327   72.92218670518169
1.246228923584555   17.74962981143777   70.68133543602937
1.2827626805706884   16.60267852724771   68.5135856120209
1.3203674409449337   15.527195160319742   66.41473200907149
1.3590746016495152   14.518938000887537   64.38086696463216
1.3989164800420282   13.573900695624953   62.40835735569932
1.4399263408778291   12.688299632061963   60.49373341603388
1.4821384240834183   11.858562774544055   58.63367420265085
1.525587973344019   11.081319849095632   56.8251057508098
1.5703112655292182   10.353391968069847   55.06519152669623
1.6163456409812174   9.67178166472175   53.35131775409769
1.6637295346910133   9.033663379865267   51.68107983556534
1.7125025083885144   8.436374385017976   50.052269752657004
1.7627052835733923   7.877405909389726   48.46288320347367
1.814379775514258   7.354393594522786   46.9112287643194
1.8675691282445197   6.865110929918022   45.39582196366215
1.922317750584177   6.407462557067257   43.91530497739415
1.9786713532176083   5.979477056637838   42.468438686375045
2.0366769868582977   5.579300090475397   41.05409549948201
2.0963830815323896   5.205187887989674   39.67125250651637
2.1578394870138577   4.855501061615055   38.318985020188556
2.2210975144450407   4.5286983017103095   36.9965340633001
2.286209979177315   4.223330221518785   35.70341598674737
2.3532312448676476   3.9380353254220974   34.43922252185932
2.4222172688678643   3.671535172899456   33.20357890571344
2.4932256489445366   3.422629569987269   31.996140731576947
2.5663156713684585   3.190192020121335   30.816590894616596
2.641548360413907   2.9731654217433072   29.664636631686513
2.7189865293089923   2.7705580491175508   28.540015890650217
2.798694832679631   2.581440948285725   27.442739606911733
2.8807398205309562   2.40494401476107   26.373070331218642
2.9651899938111903   2.240250950300244   25.33121586219475
3.05211586160442   2.0865960521925584   24.31731575979972
3.1415899999999994   1.9432612584122324   23.331444549764193
