0.01   660.0638275843595   660.0424538498421
0.010293154462191829   669.3551660567254   669.3334851044106
0.010594902878253955   678.4834050087527   678.4613950602726
0.010905497183778876   687.4293011786013   687.4069565807284
0.011225196699963396   696.1731592163329   696.1504898642696
0.011554268350120923   704.6944478854521   704.6714706768514
0.011892986882540897   712.9721361347894   712.9488716360637
0.012241635099881474   720.9849103487591   720.9613827484551
0.012600504095286909   728.7103396927221   728.6865719115269
0.012969893495426888   736.1246845541968   736.1006919505877
0.013350111710660605   743.2039977188952   743.1797873394747
0.013741476192534558   749.9240903810612   749.8996633943543
0.014144313698828986   756.2600279441498   756.2353909949062
0.01455896056637426   762.1867739116466   762.1619423099569
0.014985762991865008   767.6794295756987   767.6544269670807
0.01542507732090645   772.7123286413126   772.687176911392
0.015877270345534218   777.2592724048902   777.2339826766888
0.016342719610456153   781.2945356706331   781.2691077301956
0.016821813728271667   784.7927228372627   784.7671483215944
0.017314952703931925   787.7283539666603   787.7026257106916
0.017822548268711737   790.0767155579375   790.0508293058786
0.01834502422397195   791.8140892327174   791.7880421871054
0.018882816794999403   792.917203436602   792.890977864332
0.019436374995219892   793.3637041401665   793.3372575132986
0.02000616100108813   793.1327865052918   793.1060516761426
0.020592650537967844   792.2054963920294   792.1783954429758
0.021196333277324068   790.565007976317   790.5374780080858
0.02181771324555934   788.1965726683896   788.1685689438863
0.022457309244835088   785.087855512766   785.0593480111971
0.02311565528622961   781.2302654368476   781.2012145336818
0.023793301035594242   776.6182361372796   776.5885831438853
0.024490812272480036   771.2488110869352   771.2184796234234
0.025208771362518027   765.1240097851484   765.0929245071476
0.0259477777436476   758.2515191742323   758.2196292786175
0.02670844842659881   750.6417868995419   750.6090674245517
0.027491418510046592   742.3093458272853   742.2758039609871
0.028297341710866907   733.2779387669838   733.2436427108561
0.029126890909937666   723.5752064188504   723.5402905968812
0.029980758713939952   713.2310065260879   713.1956675575934
0.030859658033628758   702.2846743666868   702.2491660930106
0.031764322679055976   690.7835920108594   690.7482200797801
0.03269550797224261   678.775655257316   678.7407717200485
0.033653991377811755   666.3136311259823   666.2796333327143
0.03464057315210884   653.4638958894499   653.4312335815831
0.03565607701135116   640.2933218434521   640.2624923356948
0.036701350819364466   626.8672536666621   626.8387909905365
0.03777726729548091   613.2602593042661   613.2346876761746
0.038884724743189276   599.5502939355539   599.5281001226233
0.04002464780014597   585.8103613023206   585.7919945743989
0.041197988210172884   572.1169819268176   572.1028679063306
0.04240572561788674   558.5578478901252   558.5484146708021
0.04364886838662332   545.2149933384104   545.2106736430406
0.04492845444033957   532.1604665305251   532.161636883577
0.04624555213019635   519.4425697829333   519.4491256045948
0.04760126112654554   507.09733264477796   507.1085482413744
0.04899671333706607   495.1571917040745   495.17178685737366
0.05043307385181555   483.67154032678803   483.6880454575976
0.05191154191598653   472.71279122767163   472.7299925535797
0.053433351931179485   462.34820913034156   462.3651582813424
0.05499977448602865   452.60414697718056   452.6199986401217
0.05661211741704101   443.3956931503706   443.40925777186055
0.05827172690053434   434.62301797944815   434.63270219197176
0.05997998857658587   426.1959976352974   426.19979924833626
0.06173832870592997   418.0385493565383   418.033971279144
0.0635482153607709   410.08129996869366   410.06537218180455
0.06541115965050462   402.2434426373883   402.2130497080628
0.06732871698337338   394.422305498079   394.374696456304
0.06930248836510605   386.5175084473401   386.4504246580603
0.07133412173562886   378.40980283299035   378.32220368697585
0.07342531334496233   369.97634572482394   369.8687479664209
0.07557780916945323   361.0990196969292   360.9736366966787
0.07779340636952398   351.66255084630444   351.5234996032272
0.08007395479015682   341.58030820600874   341.43330433256733
0.08242135850536496   330.81637114843875   330.66812762689784
0.08483757740794096   319.3767277792945   319.23461090656224
0.08732462884580919   307.3550709018116   307.2266931495007
0.08988458930634863   294.8836708888904   294.77659502915577
0.09251959615009227   282.15652109212215   282.0779638261957
0.09523184939525078   269.3808745483207   269.3373298350487
0.09802361355455057   256.78057785083126   256.77723314882286
0.10089721952591899   244.569894874801   244.60981681802943
0.10385506653859616   232.9522201872595   233.03543099844208
0.10689962415629803   222.11812926622684   222.24051874651965
0.11003343433910281   212.23118651608416   212.3843746413162
0.11325911356578279   203.3966292601821   203.567889578341
0.11657935501835284   195.6684831001504   195.8413857491101
0.11999693083066039   188.97810159779385   189.13610571121487
0.12351469440289359   183.18402092524136   183.31205165245768
0.12713558278394044   178.03261097111215   178.11834000144995
0.13086261912358757   173.23484581145146   173.27010741570518
0.13469891519660646   168.47726083534172   168.4601594424006
0.13864767400083483   163.47697947793583   163.4134042876752
0.14271219243142114   158.00672708212088   157.91074516307768
0.14689586403346616   151.93332481230487   151.82609031567966
0.1512021818353596   145.24700003363841   145.1540092143376
0.15563474126517718   138.05890741991965   138.00642435153296
0.16019724315257297   130.5880137610784   130.59902410203537
0.1648934968186736   123.11809268608054   123.20836006540176
0.1697274232565544   115.96219792747009   116.13576852700865
0.17470305840495237   109.42420565031799   109.67037092562728
0.17982455651794954   103.7399049911943   104.0341760132263
0.18509619363343993   98.98992334516531   99.30063113922392
0.19052237114327647   95.05659988912385   95.35288337769012
0.19610761946807834   91.67959065345198   91.93847053368052
0.20185660183976684   88.55180598282334   88.76221877001137
0.20777411819498756   85.37736805014075   85.54443907184256
0.21386510918267082   81.90205638891618   82.0500297493554
0.22013466028907505   77.99258010246031   78.15800150034565
0.22658800608375756   73.72719414736633   73.94837287530471
0.23323053459001789   69.36083244091807   69.66110376748223
0.2400677917834628   65.18471214647329   65.56785961264573
0.24710548622244882   61.431714023722925   61.88219282270128
0.25434949381426813   58.231942126634216   58.717035370977655
0.2618058627210567   55.5555473688722   56.04071994076848
0.2694808184095226   53.2142833491638   53.67686351119924
0.27738076884870827   50.95981413072516   51.39850494920291
0.2855123098601282   48.58431712250223   49.019228124658646
0.29388223062474755   46.00940672937436   46.47415415536724
0.3024975193514008   43.33833075866181   43.85698773577752
0.31136536911138296   40.759309968428916   41.33833990940232
0.3204931838440838   38.42612410138929   39.049308330622004
0.32988858453867975   36.40462098205076   37.04407724239141
0.3395594155970457   34.625766678281714   35.25905538146979
0.34951375138319807   32.93765167611513   33.5605587719818
0.3597599029647371   31.224730227548672   31.851939427456625
0.37030642505191835   29.46516922440531   30.116597215783578
0.3811621231401457   27.73592357391538   28.42104036574457
0.3923360608618501   26.13904475951735   26.848639282537967
0.4038375675538918   24.706800000317557   25.423660131298323
0.41567624604680364   23.39629752205978   24.109017110512273
0.42786198068238046   22.134101643719237   22.84419183742582
0.4404049455663077   20.881571520902014   21.59957841159517
0.4533156130627191   19.663424355821505   20.395781825768985
0.4666047625377753   18.525070549960386   19.26705117890831
0.4802834893595659   17.478627176792674   18.220995671952892
0.49436321416184764   16.498143423225276   17.237162104649947
0.5088556923793517   15.553651423517811   16.292164625828466
0.5237730240626238   14.643181499142779   15.385100425572201
0.5391276639805903   13.784575447869937   14.528621816134946
0.5549324320192869   12.983948326102155   13.72564048634832
0.5712005238854289   12.229489905917234   12.967233148684905
0.5879455221237613   11.509739688090619   12.245165022217197
0.6051814074573895   10.826269983807011   11.559868049554673
0.622922570460556   10.183914772242169   10.914054488297522
0.6411838235736077   9.579532246931466   10.304795328827668
0.6599804134701901   9.007176736278117   9.727688520347707
0.6793280337869897   8.465636721436336   9.181610024025455
0.6992428382266549   7.9557639055710485   8.666307956676528
0.7197414540448374   7.475263346144544   8.179722517495751
0.7408409959326054   7.0220181583879056   7.720164980784136
0.7625590803058332   6.594665316212855   7.28617608258388
0.7849138400134885   6.191863035267759   6.8764248611603
0.8079239394770964   5.812326494715537   6.489642062367481
0.8316085902740278   5.454827875764604   6.124615556676822
0.8559875671776167   5.118194650463556   5.780188667640066
0.8810812246675007   4.801307853534425   5.455258460730473
0.9069105139239728   4.503100344722737   5.148774003970495
0.9334970003205227   4.22255345259989   4.859734043414144
0.960862881429187   3.958688818351151   4.58718294897546
0.9890310055537336   3.710574424628916   4.330211607047738
1.0180248908061487   3.4773259359823037   4.087956742221938
1.047868744742366   3.2581045752119255   3.8595990433870626
1.0785874845736239   3.0521150693432113   3.6443613235901404
1.1102067579703248   2.858603667531389   3.4415067185929815
1.1427529644757777   2.6768562326154983   3.2503369338772785
1.1762532775476793   2.5061968019691605   3.070191493962523
1.210735667245765   2.3459860960630206   2.9004467997760353
1.246228923584555   2.1956189276531917   2.7405124317674647
1.2827626805706884   2.054522491131952   2.5898293936615158
1.3203674409449337   1.922154830751434   2.4478686793295865
1.3590746016495152   1.7980033664288626   2.314129881102745
1.3989164800420282   1.6815834760897395   2.188139840836222
1.4399263408778291   1.5724371108701194   2.0694513178067266
1.4821384240834183   1.4701311426577126   1.9576413109532653
1.525587973344019   1.374256279638687   1.8523100237775771
1.5703112655292182   1.2844262145488339   1.7530801097789595
1.6163456409812174   1.2002764565682666   1.6595955351462208
1.6637295346910133   1.1214632037003487   1.571520474895686
1.7125025083885144   1.0476622657393078   1.4885382556190545
1.7627052835733923   0.9785680361204897   1.4103503439524823
1.814379775514258   0.9138924839860603   1.3366752562604334
1.8675691282445197   0.8533641139267707   1.2672471387580382
1.922317750584177   0.7967272046036329   1.2018154523694815
1.9786713532176083   0.7437410087452715   1.1401443638745097
2.0366769868582977   0.6941789365092803   1.0820119207550167
2.0963830815323896   0.6478277788833855   1.0272092676418554
2.1578394870138577   0.6044869695327297   0.9755399029391982
2.2210975144450407   0.5639678829772452   0.9268189624337351
2.286209979177315   0.526093095852228   0.8808708917657943
2.3532312448676476   0.49069570653562167   0.8375275327470213
2.4222172688678643   0.45761889502721753   0.7966310167634294
2.4932256489445366   0.4267153654993368   0.758033527390692
2.5663156713684585   0.3978467981363289   0.7215966383677471
2.641548360413907   0.3708833302975565   0.6871906962457672
2.7189865293089923   0.3457030655957494   0.6546942446503521
2.798694832679631   0.32219162058898215   0.6239933686734754
2.8807398205309562   0.30024185121717367   0.5949793618975653
2.9651899938111903   0.2797533517904785   0.5675489938693654
3.05211586160442   0.26063189453211155   0.5416058647012114
3.1415899999999994   0.24278906765479039   0.5170599702847054
