0.01   191.98528535856997   191.98527846190086
0.010293154462191829   194.64207936724378   194.642073750179
0.010594902878253955   197.2464221506644   197.24641845373043
0.010905497183778876   199.79238702914785   199.79238504512816
0.011225196699963396   202.273585925732   202.27358405519036
0.011554268350120923   204.6835082518295   204.68350341779185
0.011892986882540897   207.01552547586573   207.01551407649254
0.012241635099881474   209.26285023307867   209.26283135532066
0.012600504095286909   211.41862337561778   211.418599559448
0.012969893495426888   213.4759268973092   213.47590392348246
0.013350111710660605   215.42749362941493   215.42747615262715
0.013741476192534558   217.26582674560416   217.26581513529905
0.014144313698828986   218.98345191661858   218.98344205305634
0.01455896056637426   220.57275967742262   220.57274519928848
0.014985762991865008   222.0257985968126   222.0257761073871
0.01542507732090645   223.3346753548913   223.33464521924716
0.015877270345534218   224.49162656908848   224.49159252791097
0.016342719610456153   225.48887875084742   225.48884404919465
0.016821813728271667   226.31879544550128   226.31876088392707
0.017314952703931925   226.9740204525273   226.97398433423336
0.017822548268711737   227.44732090139937   227.44727923151683
0.01834502422397195   227.73151896155832   227.7314657925276
0.018882816794999403   227.8198402772106   227.81976775668593
0.019436374995219892   227.70599091987242   227.70588988029849
0.02000616100108813   227.38418797997232   227.3840510209015
0.020592650537967844   226.84923185016896   226.84905440689604
0.021196333277324068   226.09657642367864   226.09635665545872
0.02181771324555934   225.12260208129413   225.1223374268753
0.022457309244835088   223.92468373579308   223.92436714444233
0.02311565528622961   222.5009843282256   222.50060419984547
0.023793301035594242   220.85072004780196   220.85026212296953
0.024490812272480036   218.97484334730774   218.97429720612388
0.025208771362518027   216.8753414706381   216.87470196591337
0.0259477777436476   214.55512553788944   214.55439256986128
0.02670844842659881   212.01944587782845   212.01862275061148
0.027491418510046592   209.27549586419153   209.27458797249906
0.028297341710866907   206.33116127407897   206.33017595161206
0.029126890909937666   203.19606340812237   203.19501068437023
0.029980758713939952   199.88317490364977   199.88206956705793
0.030859658033628758   196.4061649084645   196.40502646713136
0.031764322679055976   192.7792452989912   192.7780977254849
0.03269550797224261   189.02060059864755   189.01947378936967
0.033653991377811755   185.1502573544095   185.14918755133783
0.03464057315210884   181.18763371629768   181.18666269295193
0.03565607701135116   177.15363296990182   177.1528033736048
0.036701350819364466   173.0721041975161   173.071452256049
0.03777726729548091   168.9658241963784   168.96537930384093
0.038884724743189276   164.85699181419707   164.8567800398163
0.04002464780014597   160.77251334046792   160.77257741241223
0.041197988210172884   156.73947484030697   156.73988020882334
0.04240572561788674   152.7823374111911   152.78316825855774
0.04364886838662332   148.92010952005234   148.92140543060478
0.04492845444033957   145.16597649669956   145.16765908625516
0.04624555213019635   141.53137549629864   141.53325520669117
0.04760126112654554   138.02934263718333   138.03116613860445
0.04899671333706607   134.6843087098421   134.68592286846092
0.05043307385181555   131.52163926242716   131.52302467445065
0.05191154191598653   128.56174040782676   128.5629909343571
0.053433351931179485   125.79568400656024   125.79690505619665
0.05499977448602865   123.19779052606573   123.1990399478372
0.05661211741704101   120.74408610723764   120.74537155133056
0.05827172690053434   118.41214191848903   118.41335645554895
0.05997998857658587   116.1809808348238   116.1818666575152
0.06173832870592997   114.02936635331132   114.02953901939337
0.0635482153607709   111.92786102085044   111.92689706960721
0.06541115965050462   109.84565147283394   109.84312112164953
0.06732871698337338   107.74886918940494   107.74441876673976
0.06930248836510605   105.59790488867736   105.59138095955845
0.07133412173562886   103.35431582041555   103.34577247246692
0.07342531334496233   100.97620843356805   100.96592634236154
0.07557780916945323   98.42493821615942   98.41340582025397
0.07779340636952398   95.67203902751066   95.65982641581657
0.08007395479015682   92.6986664751629   92.68634652078164
0.08242135850536496   89.50765569691323   89.49574801380452
0.08483757740794096   86.11907241756971   86.10800868096268
0.08732462884580919   82.5733495010094   82.56352461940484
0.08988458930634863   78.92398979640399   78.91580601231529
0.09251959615009227   75.23570922788024   75.22968066763879
0.09523184939525078   71.57572779525567   71.57246352199756
0.09802361355455057   68.0132300208826   68.0132290622269
0.10089721952591899   64.61493209704149   64.61838738571369
0.10385506653859616   61.44570062060818   61.45228224766852
0.10689962415629803   58.55869646942964   58.56761170160447
0.11003343433910281   55.996711286923286   56.00676461545394
0.11325911356578279   53.776995947791455   53.786812589405216
0.11657935501835284   51.8902317080532   51.898475191569666
0.11999693083066039   50.29311494286616   50.29863035656938
0.12351469440289359   48.918151723425844   48.920032050997385
0.12713558278394044   47.67563553725982   47.67316534885478
0.13086261912358757   46.47040760818087   46.46316823092734
0.13469891519660646   45.20824894763565   45.19633287469105
0.13864767400083483   43.809944234578005   43.79411012807058
0.14271219243142114   42.22129205671957   42.2029117441417
0.14689586403346616   40.424044003664775   40.404902324006535
0.1512021818353596   38.44211357704303   38.42439853591509
0.15563474126517718   36.334766845773345   36.3206758816316
0.16019724315257297   34.18786207742931   34.17906296126026
0.1648934968186736   32.10339268720143   32.10053493151454
0.1697274232565544   30.18671223393777   30.188885163615826
0.17470305840495237   28.52263432343896   28.527759366679142
0.17982455651794954   27.148740166625764   27.154326317862456
0.18509619363343993   26.04276501955374   26.046416420261057
0.19052237114327647   25.13467868074062   25.134218561835173
0.19610761946807834   24.332077145087773   24.325814977643983
0.20185660183976684   23.53588117913412   23.523538735729282
0.20777411819498756   22.65186851024858   22.63528214843036
0.21386510918267082   21.621138895031404   21.603423954276778
0.22013466028907505   20.452914387404252   20.436897906368745
0.22658800608375756   19.217707536003886   19.205719908348957
0.23323053459001789   18.0085251139997   18.001714627815925
0.2400677917834628   16.911428196980754   16.908934756737025
0.24710548622244882   15.984492282899595   15.98368650626936
0.25434949381426813   15.23377441426705   15.23141480642022
0.2618058627210567   14.607693240801346   14.60136965369671
0.2694808184095226   14.02725487914535   14.01618837871762
0.27738076884870827   13.413433879684028   13.399089711036368
0.2855123098601282   12.725178249164712   12.710534322988899
0.29388223062474755   11.983135984208626   11.970640996918672
0.3024975193514008   11.245577412212617   11.236777519714208
0.31136536911138296   10.572302078306151   10.566312107297271
0.3204931838440838   9.998986089046518   9.9932986140984
0.32988858453867975   9.513390944626874   9.50569030041183
0.3395594155970457   9.067324075007773   9.056810812424692
0.34951375138319807   8.613993308270212   8.60175078836764
0.3597599029647371   8.134451838614936   8.12271165402145
0.37030642505191835   7.648954476255197   7.639243726819547
0.3811621231401457   7.195384131049227   7.187472831075461
0.3923360608618501   6.794175977866016   6.7865311110527005
0.4038375675538918   6.4374736279767975   6.428698560806246
0.41567624604680364   6.098816700081485   6.088865250311285
0.42786198068238046   5.758363473737428   5.748400403967039
0.4404049455663077   5.419872648016809   5.410992481369891
0.4533156130627191   5.1008007678293   5.092991966718348
0.4666047625377753   4.81090203074739   4.803254576005055
0.4802834893595659   4.543764604039755   4.53569945213957
0.49436321416184764   4.286677250150447   4.2785131826921425
0.5088556923793517   4.035593054849054   4.028000497325008
0.5237730240626238   3.7970434431604416   3.7901675956812064
0.5391276639805903   3.575968421006208   3.5694000850274272
0.5549324320192869   3.369456007153843   3.362922567504174
0.5712005238854289   3.172075120882833   3.165809819647641
0.5879455221237613   2.9833469311453755   2.9776128132212407
0.6051814074573895   2.8059445673292447   2.800655011976533
0.622922570460556   2.639844633248016   2.6348321491884263
0.6411838235736077   2.482621584282589   2.477927877269292
0.6599804134701901   2.333356592242759   2.3291056009092244
0.6793280337869897   2.1928238939085802   2.188984789766158
0.6992428382266549   2.06068616133683   2.057189290278679
0.7197414540448374   1.9360770531087979   1.9329187632065128
0.7408409959326054   1.8184835800395014   1.8156878757145836
0.7625590803058332   1.7075700014242   1.705153005906782
0.7849138400134885   1.603010969325719   1.6009819623159087
0.8079239394770964   1.5044916300940698   1.5028540231974514
0.8316085902740278   1.4117078208829985   1.410460038006632
0.8559875671776167   1.3243661970522365   1.3235024660775105
0.8810812246675007   1.242184261366147   1.241695331047502
0.9069105139239728   1.1648850386363108   1.1647599847778694
0.9334970003205227   1.0921931902935966   1.0924219836682034
0.960862881429187   1.0238466827780175   1.0244201145229441
0.9890310055537336   0.9595976388475667   0.9605069729376203
1.0180248908061487   0.8992116148326789   0.9004483099221018
1.047868744742366   0.8424669125545741   0.8440224038601524
1.0785874845736239   0.789153924355956   0.7910194572328205
1.1102067579703248   0.739074593614476   0.7412410770413542
1.1427529644757777   0.6920431170935033   0.6945006396540634
1.1762532775476793   0.6478847554860643   0.6506223171848131
1.210735667245765   0.606433969852306   0.609439626006746
1.246228923584555   0.5675339629764442   0.57079497441993
1.2827626805706884   0.5310362793744968   0.5345392551537743
1.3203674409449337   0.4968004188867681   0.5005314509057798
1.3590746016495152   0.46469346376779996   0.4686382529947953
1.3989164800420282   0.43458964852436993   0.43873361628027996
1.4399263408778291   0.4063697359318175   0.41069810108470606
1.4821384240834183   0.3799210246883151   0.3844189007543001
1.525587973344019   0.3551371604294531   0.3597896557057189
1.5703112655292182   0.33191780768896084   0.33671011548232377
1.6163456409812174   0.3101683365676021   0.3150858159220577
1.6637295346910133   0.28979952372793055   0.29482777109591907
1.7125025083885144   0.270727267208625   0.2758521805358098
1.7627052835733923   0.25287231534435944   0.2580802951476489
1.814379775514258   0.23616000824385924   0.2414382512370564
1.8675691282445197   0.22052002928493183   0.22585649639027458
1.922317750584177   0.20588617009251595   0.21126952317831255
1.9786713532176083   0.1921961071273147   0.19761565582561572
2.0366769868582977   0.17939118919151362   0.184836846194953
2.0963830815323896   0.16741623540826958   0.17287847885260263
2.1578394870138577   0.15621934070562457   0.16168917564394616
2.2210975144450407   0.14575165501879214   0.15122047647213535
2.286209979177315   0.1359672296780219   0.14142674029105884
2.3532312448676476   0.12682289229007102   0.1322651278697361
2.4222172688678643   0.11827808895878861   0.12369544202843717
2.4932256489445366   0.11029473366045714   0.1156799720078894
2.5663156713684585   0.10283706568358215   0.10818334636227263
2.641548360413907   0.09587151474446105   0.10117239396364568
2.7189865293089923   0.08936658617778769   0.09461604105066856
2.798694832679631   0.08329278949359412   0.0884852972477178
2.8807398205309562   0.07762246250550119   0.08275300294783727
2.9651899938111903   0.07232964052431595   0.07739366753944246
3.05211586160442   0.06738995850068133   0.07238337347749063
3.1415899999999994   0.06278055832495646   0.06769968528045191
