0.01   1010.7019922688668   1010.6822710817466
0.010293154462191829   1026.905763489169   1026.8859655832648
0.010594902878253955   1042.9582590307657   1042.9384065054862
0.010905497183778876   1058.8310846664642   1058.8112073634406
0.011225196699963396   1074.4950141079507   1074.4751499890342
0.011554268350120923   1089.9193334772349   1089.8995205504075
0.011892986882540897   1105.0712381769083   1105.0514986226844
0.012241635099881474   1119.9170167522948   1119.8973542161746
0.012600504095286909   1134.4220436791686   1134.4024449880474
0.012969893495426888   1148.5495117434816   1148.529965504907
0.013350111710660605   1162.2613389947408   1162.2418441182845
0.013741476192534558   1175.5188989229391   1175.4994651794113
0.014144313698828986   1188.2823976840084   1188.2630463159387
0.01455896056637426   1200.5106426354118   1200.4914069774525
0.014985762991865008   1212.162141469488   1212.1430673553436
0.01542507732090645   1223.1949873127705   1223.1761277056446
0.015877270345534218   1233.565546059914   1233.5469314941276
0.016342719610456153   1243.2298001415309   1243.2114282156374
0.016821813728271667   1252.1440839243892   1252.1259186029038
0.017314952703931925   1260.2645361002333   1260.246517076825
0.017822548268711737   1267.547216311088   1267.5292698862238
0.01834502422397195   1273.9491346256575   1273.931174300896
0.018882816794999403   1279.428408745539   1279.4103294245103
0.019436374995219892   1283.9441451164205   1283.9258003801478
0.02000616100108813   1287.457061086777   1287.438257762904
0.020592650537967844   1289.9299092966223   1289.910409771622
0.021196333277324068   1291.3285014776047   1291.3080579677169
0.02181771324555934   1291.6218505934264   1291.6002348659767
0.022457309244835088   1290.7817584460206   1290.7587640753475
0.02311565528622961   1288.7842644759064   1288.75970754422
0.023793301035594242   1285.612170140341   1285.5858888026241
0.024490812272480036   1281.2522989734152   1281.2241541139513
0.025208771362518027   1275.6955510956361   1275.6654307580932
0.0259477777436476   1268.9427788998119   1268.9106422152777
0.02670844842659881   1261.0025798231873   1260.968484532218
0.027491418510046592   1251.8872290058855   1251.8513297644918
0.028297341710866907   1241.6179581134866   1241.5805250120022
0.029126890909937666   1230.2309777502594   1230.192438311134
0.029980758713939952   1217.7667848008907   1217.727722261389
0.030859658033628758   1204.2702349936837   1204.2313847061457
0.031764322679055976   1189.8040457022146   1189.7663328372194
0.03269550797224261   1174.439857356325   1174.404406737368
0.033653991377811755   1158.2498492728405   1158.217968580233
0.03464057315210884   1141.3189628232553   1141.2921095206405
0.03565607701135116   1123.7519998059752   1123.7317388723782
0.036701350819364466   1105.6526606716725   1105.6406471795358
0.03777726729548091   1087.1230323519012   1087.1209802501044
0.038884724743189276   1068.2735624555874   1068.2831291734715
0.04002464780014597   1049.214017692181   1049.2367621760818
0.041197988210172884   1030.048482802482   1030.0858631362848
0.04240572561788674   1010.8869843750941   1010.94021865755
0.04364886838662332   991.847701067409   991.9176040907747
0.04492845444033957   973.0414941869421   973.1284980822262
0.04624555213019635   954.5736951042668   954.6777624902171
0.04760126112654554   936.5536239888402   936.6737456451274
0.04899671333706607   919.085442860852   919.2195651783642
0.05043307385181555   902.2592848154652   902.4043993685922
0.05191154191598653   886.0888293399112   886.2410884890795
0.053433351931179485   870.5407108022761   870.6955137210575
0.05499977448602865   855.5792560410724   855.7313142561522
0.05661211741704101   841.1297348129773   841.2733003454266
0.05827172690053434   827.0941888700966   827.2232098933287
0.05997998857658587   813.3735352284889   813.48176766533
0.06173832870592997   799.8364447698611   799.9179598900657
0.0635482153607709   786.3459762299408   786.395345650743
0.06541115965050462   772.755730004833   772.7684943865446
0.06732871698337338   758.8994217447273   758.8728334932384
0.06930248836510605   744.6136755305706   744.5469954048127
0.07133412173562886   729.7127936781073   729.6086419909375
0.07342531334496233   714.0181603103637   713.8828315034353
0.07557780916945323   697.369565519526   697.2136371482608
0.07779340636952398   679.6322881109419   679.4708210508229
0.08007395479015682   660.7468579417798   660.6005706037536
0.08242135850536496   640.7209382028407   640.6164477608812
0.08483757740794096   619.671849855103   619.637758689289
0.08732462884580919   597.7996083236334   597.8637102832332
0.08988458930634863   575.3986152953732   575.5878865518615
0.09251959615009227   552.8061881791014   553.1456605265577
0.09523184939525078   530.3948133101122   530.9031926119168
0.09802361355455057   508.5307261007785   509.2188409006197
0.10089721952591899   487.56758798818794   488.4375712686391
0.10385506653859616   467.81482874539404   468.8587552834343
0.10689962415629803   449.54400310639176   450.7410663297712
0.11003343433910281   432.9376352763706   434.25608609030166
0.11325911356578279   418.0824264320519   419.4815849261074
0.11657935501835284   404.89768698243313   406.33215588272026
0.11999693083066039   393.1656510883578   394.58964925681573
0.12351469440289359   382.48901077412535   383.8657388514689
0.12713558278394044   372.3902242751729   373.6985608332405
0.13086261912358757   362.34104974089456   363.58233508001246
0.13469891519660646   351.85854915212366   353.05777665340287
0.13864767400083483   340.55963028580555   341.7681250208893
0.14271219243142114   328.2174221964132   329.5138243510296
0.14689586403346616   314.81526114394904   316.2890274812827
0.1512021818353596   300.5524250532493   302.29068519232567
0.15563474126517718   285.8170663989513   287.8936080405226
0.16019724315257297   271.1227215953085   273.5858579668096
0.1648934968186736   257.0240245952013   259.8828531660914
0.1697274232565544   244.03897665389545   247.25827976809938
0.17470305840495237   232.55659058454947   236.06288954302605
0.17982455651794954   222.7226557346743   226.4131539667732
0.18509619363343993   214.3574359637316   218.12343511290015
0.19052237114327647   206.9927798707289   210.75520804636142
0.19610761946807834   200.0340088421078   203.76057476848317
0.20185660183976684   192.92593823951546   196.64384624195782
0.20777411819498756   185.24425507649204   189.03090886894176
0.21386510918267082   176.787829705982   180.7547755997482
0.22013466028907505   167.70150369146123   171.95872326301227
0.22658800608375756   158.46163001903182   163.08162138647987
0.23323053459001789   149.64901857746563   154.62387989371064
0.2400677917834628   141.71127230379165   146.9690794482676
0.24710548622244882   134.8589418354413   140.27102172991732
0.25434949381426813   129.00562559340386   134.4514931222134
0.2618058627210567   123.77060824893505   129.1661891465356
0.2694808184095226   118.65190235787787   123.9908538570761
0.27738076884870827   113.25958388566582   118.6171815356812
0.2855123098601282   107.47513697169812   112.95578336638904
0.29388223062474755   101.51972237720155   107.20100625088118
0.3024975193514008   95.80393429597267   101.68392127986722
0.31136536911138296   90.64964304660516   96.66263200925594
0.3204931838440838   86.1447148117872   92.17334248478559
0.32988858453867975   82.12531692122755   88.09887723215535
0.3395594155970457   78.25977754640851   84.16995835294694
0.34951375138319807   74.3051513332561   80.20940416058495
0.3597599029647371   70.25215936706022   76.21902863504225
0.37030642505191835   66.28975019462264   72.34507314020084
0.3811621231401457   62.642803147726305   68.74406410207457
0.3923360608618501   59.370741797419605   65.44946391123416
0.4038375675538918   56.34938971012747   62.36871145945125
0.41567624604680364   53.40719170045747   59.38173465475571
0.42786198068238046   50.47157799616287   56.44326059739586
0.4404049455663077   47.619455884312586   53.60740974954478
0.4533156130627191   44.963942708145986   50.94411073930511
0.4666047625377753   42.523085208149965   48.45885734205416
0.4802834893595659   40.22077156671932   46.10148148906523
0.49436321416184764   37.984475880974195   43.827216522038285
0.5088556923793517   35.82337511884367   41.64163078816351
0.5237730240626238   33.788056559977136   39.57300502042005
0.5391276639805903   31.891196727585346   37.62435694002245
0.5549324320192869   30.094730668523216   35.77213026488796
0.5712005238854289   28.371381318730556   34.00069621037542
0.5879455221237613   26.73224735870378   32.314837452751476
0.6051814074573895   25.192178136708257   30.719907610411553
0.622922570460556   23.73962417526483   29.2075002799035
0.6411838235736077   22.358156084363642   27.767669035476118
0.6599804134701901   21.048376686318502   26.39989368435684
0.6793280337869897   19.814189779322245   25.103840073838672
0.6992428382266549   18.648375202684978   23.873978281360376
0.7197414540448374   17.54500904628436   22.706479247922182
0.7408409959326054   16.502773340711304   21.598879962786548
0.7625590803058332   15.51873734785358   20.548302415608724
0.7849138400134885   14.58989094859522   19.551923972866444
0.8079239394770964   13.71336479792781   18.607045957220844
0.8316085902740278   12.886424633757818   17.71108985250592
0.8559875671776167   12.10646912167675   16.86159249388343
0.8810812246675007   11.371045109196098   16.056196104867297
0.9069105139239728   10.677822757811013   15.292649773737027
0.9334970003205227   10.024577912466412   14.56880925508582
0.960862881429187   9.409188457551704   13.882632895455586
0.9890310055537336   8.829630777881766   13.232177601516627
1.0180248908061487   8.283976254654396   12.61559488218841
1.047868744742366   7.7703877304304685   12.031126678912898
1.0785874845736239   7.287112941631179   11.47708874764615
1.1102067579703248   6.832480924784339   10.951864820487637
1.1427529644757777   6.404903661358811   10.453922364654074
1.1762532775476793   6.002872957165236   9.981809888505024
1.210735667245765   5.624957031073658   9.534152891626507
1.246228923584555   5.269797205848807   9.109649992540238
1.2827626805706884   4.936104701370776   8.707069228706393
1.3203674409449337   4.62265752043143   8.325237201710037
1.3590746016495152   4.328297416903234   7.963012407581521
1.3989164800420282   4.051927035340735   7.61931057394926
1.4399263408778291   3.79250712224081   7.293110914421606
1.4821384240834183   3.549053822541482   6.983452262502836
1.525587973344019   3.320636074433253   6.68942944759375
1.5703112655292182   3.1063731009777835   6.41018989820744
1.6163456409812174   2.9054319677831786   6.144929547213983
1.6637295346910133   2.717024787886919   5.892874474482311
1.7125025083885144   2.5404067110402826   5.653283161087632
1.7627052835733923   2.3748742858756633   5.4254593433096625
1.814379775514258   2.2197633889066264   5.208749512049274
1.8675691282445197   2.0744472250001817   5.002540074467668
1.922317750584177   1.9383344148194719   4.806254717016187
1.9786713532176083   1.8108671661283653   4.619351928725833
2.0366769868582977   1.6915192911654509   4.44130720670501
2.0963830815323896   1.5797942404697587   4.271588418489586
2.1578394870138577   1.4752241631678116   4.109693607772399
2.2210975144450407   1.3773684728203923   3.9551557020387738
2.286209979177315   1.285812366320288   3.8075398504151874
2.3532312448676476   1.2001654154171213   3.666440985954889
2.4222172688678643   1.120060227868648   3.5314815918612763
2.4932256489445366   1.0451512667386424   3.402309941674734
2.5663156713684585   0.9751143475894913   3.278600566249122
2.641548360413907   0.9096448814096828   3.16005090926799
2.7189865293089923   0.848456286592615   3.0463781510550874
2.798694832679631   0.7912790040424498   2.9373177925988774
2.8807398205309562   0.7378595645430391   2.832622366968448
2.9651899938111903   0.6879597009616902   2.732060251113985
3.05211586160442   0.6413554835658613   2.6354142845827226
3.1415899999999994   0.5978351840179862   2.5424611170451135
