0.01   3102.571039533708   3102.513764491262
0.010293154462191829   3142.052419565075   3141.995165275727
0.010594902878253955   3180.617641148065   3180.560460871204
0.010905497183778876   3218.1752056435657   3218.1181861928076
0.011225196699963396   3254.6314262114124   3254.5746754547017
0.011554268350120923   3289.886023084413   3289.829582156629
0.011892986882540897   3323.8354894678537   3323.779294862094
0.012241635099881474   3356.3753969906866   3356.319278713976
0.012600504095286909   3387.3979714377615   3387.3417469678616
0.012969893495426888   3416.791463011162   3416.735066027966
0.013350111710660605   3444.443916433912   3444.387410041683
0.013741476192534558   3470.2424600596905   3470.1860010406854
0.014144313698828986   3494.0685141774534   3494.0121667753024
0.01455896056637426   3515.8028000857817   3515.7464775092544
0.014985762991865008   3535.327645610861   3535.2711086722625
0.01542507732090645   3552.523798013471   3552.4667050880084
0.015877270345534218   3567.2709165457113   3567.2128763090914
0.016342719610456153   3579.4520171545373   3579.3925918948526
0.016821813728271667   3588.9527641311875   3588.8914429820165
0.017314952703931925   3595.658175210574   3595.594276872354
0.017822548268711737   3599.4577296893376   3599.390382733922
0.01834502422397195   3600.2472669336157   3600.175409537281
0.018882816794999403   3597.9278883940115   3597.850215056976
0.019436374995219892   3592.4072282072557   3592.3221515177006
0.02000616100108813   3583.6018531415466   3583.507513410805
0.020592650537967844   3571.438905139726   3571.3332617782007
0.021196333277324068   3555.8581500778123   3555.7392006213086
0.02181771324555934   3536.8109694219274   3536.6767958591286
0.022457309244835088   3514.2615804078077   3514.110360074808
0.02311565528622961   3488.1960037100434   3488.0260018906783
0.023793301035594242   3458.6186319310805   3458.428202523629
0.024490812272480036   3425.54703579318   3425.3346356354673
0.025208771362518027   3389.0227122306833   3388.787152028429
0.0259477777436476   3349.121193582744   3348.8621103065266
0.02670844842659881   3305.9323880108614   3305.65027257566
0.027491418510046592   3259.5627747079902   3259.2589745461164
0.028297341710866907   3210.168248430179   3209.8452305465335
0.029126890909937666   3157.9301158879575   3157.591531432863
0.029980758713939952   3103.0359710285775   3102.686564684064
0.030859658033628758   3045.7091963505504   3045.3550305367417
0.031764322679055976   2986.2213576682243   2985.8701716259025
0.03269550797224261   2924.843883569741   2924.5049479479194
0.033653991377811755   2861.8581541763356   2861.5419570906993
0.03464057315210884   2797.6245387068534   2797.3419476254408
0.03565607701135116   2732.515511799156   2732.2774293825273
0.036701350819364466   2666.882095088936   2666.699400255737
0.03777726729548091   2601.073389169994   2600.957779138066
0.038884724743189276   2535.4372714020174   2535.4021742612904
0.04002464780014597   2470.2944250251485   2470.35481354347
0.041197988210172884   2405.965308291326   2406.1360505745597
0.04240572561788674   2342.8557418418504   2343.145726137071
0.04364886838662332   2281.359431679571   2281.770683559949
0.04492845444033957   2221.827376652402   2222.3558604392547
0.04624555213019635   2164.5728612122734   2165.210050689998
0.04760126112654554   2109.874584319713   2110.6087948511777
0.04899671333706607   2057.9779270253584   2058.79474566626
0.05043307385181555   2008.9986542060208   2009.880299031912
0.05191154191598653   1962.835931777261   1963.7596351216291
0.053433351931179485   1919.3704088852837   1920.3086114680093
0.05499977448602865   1878.4258818315325   1879.3464937238589
0.05661211741704101   1839.7053030371712   1840.5717919753254
0.05827172690053434   1802.9144308208552   1803.6861674066188
0.05997998857658587   1767.6934854557799   1768.327971361953
0.06173832870592997   1733.611492285906   1734.0667112750468
0.0635482153607709   1700.239004008411   1700.4749084535388
0.06541115965050462   1667.0425083717328   1667.0281153590977
0.06732871698337338   1633.4784584641775   1633.1943366970531
0.06930248836510605   1598.9465239825693   1598.3923526815806
0.07133412173562886   1562.8022630955086   1562.0036704048541
0.07342531334496233   1524.4518457742333   1523.4637070476417
0.07557780916945323   1483.3533034408526   1482.265707980979
0.07779340636952398   1439.1225209094453   1438.056781712256
0.08007395479015682   1391.6321181427527   1390.7344054826215
0.08242135850536496   1340.9834175801993   1340.4206284400889
0.08483757740794096   1287.61695329359   1287.574798988765
0.08732462884580919   1232.1869264970383   1232.853721581457
0.08988458930634863   1175.5789546118806   1177.1261062541782
0.09251959615009227   1118.7816780496726   1121.3587865985266
0.09523184939525078   1062.8311332985377   1066.559503345733
0.09802361355455057   1008.8127990802823   1013.75583135723
0.10089721952591899   957.7129416410246   963.8713269203948
0.10385506653859616   910.477380893773   917.7743258293197
0.10689962415629803   867.8733372727314   876.1593016330149
0.11003343433910281   830.3759201132748   839.4261766561123
0.11325911356578279   798.11978896924   807.6568730634222
0.11657935501835284   770.7442040400019   780.4715971589025
0.11999693083066039   747.4671686601047   757.1024180834844
0.12351469440289359   727.1433315817256   736.4511197951488
0.12713558278394044   708.373433295538   717.2121981349433
0.13086261912358757   689.7081483292985   698.0618287306169
0.13469891519660646   669.7660028487769   677.7676226915985
0.13864767400083483   647.443293989596   655.3663614872182
0.14271219243142114   622.086729154503   630.3270368688228
0.14689586403346616   593.6192804704289   602.6553233978552
0.1512021818353596   562.5986587381809   572.9140674134077
0.15563474126517718   530.1063118242799   542.0855795775047
0.16019724315257297   497.5897341871838   511.4482037347174
0.1648934968186736   466.67260693582443   482.4099149500117
0.1697274232565544   438.8862802934944   456.23375717859346
0.17470305840495237   415.2867336853501   433.7067424576446
0.17982455651794954   396.1030849387224   414.9928946821972
0.18509619363343993   380.7022432328445   399.46799951569506
0.19052237114327647   367.8677805547161   386.045056004413
0.19610761946807834   356.1081450022295   373.486776555215
0.20185660183976684   343.8546523401173   360.5327374509089
0.20777411819498756   329.7826723384361   346.16978413074617
0.21386510918267082   313.3562192703007   330.14230192574934
0.22013466028907505   295.115679583124   312.85587620636966
0.22658800608375756   276.34501000188584   295.36852565262643
0.23323053459001789   258.51269080528755   278.806132595892
0.2400677917834628   242.87052120772594   264.0556085955622
0.24710548622244882   230.0540752418044   251.51535821467337
0.25434949381426813   219.78424729474546   240.88636236968264
0.2618058627210567   211.0234291476193   231.39616451229293
0.2694808184095226   202.44597837270172   222.09891403182655
0.27738076884870827   192.9282962200886   212.24555490116796
0.2855123098601282   182.20066589057504   201.76567245355704
0.29388223062474755   170.8914526490318   191.10400348731486
0.3024975193514008   160.02457198908354   180.91077014577309
0.31136536911138296   150.49629855505933   171.76302925580322
0.3204931838440838   142.60633431835586   163.68537871638063
0.32988858453867975   135.8578225194644   156.4451177958906
0.3395594155970457   129.38842562596   149.46969565811563
0.34951375138319807   122.54461048672556   142.41177572300043
0.3597599029647371   115.27405367959815   135.2855503928683
0.37030642505191835   108.1157018003347   128.4003691059543
0.3811621231401457   101.65919825545168   122.03452556779804
0.3923360608618501   96.07418239920675   116.23354048741659
0.4038375675538918   91.0543974743668   110.84421729223412
0.41567624604680364   86.11866389944392   105.61867725785991
0.42786198068238046   81.07254726795304   100.481553691916
0.4404049455663077   76.12762803965016   95.54483490332188
0.4533156130627191   71.58957426589654   90.91647075535337
0.4666047625377753   67.52462272668552   86.60802022165666
0.4802834893595659   63.72655075125902   82.52911840106917
0.49436321416184764   60.00037187827893   78.60062902569281
0.5088556923793517   56.36571286441871   74.82979069740375
0.5237730240626238   52.97245821572093   71.27053454878181
0.5391276639805903   49.85876791379054   67.92082126801456
0.5549324320192869   46.92651117063939   64.73912139182194
0.5712005238854289   44.09862771605705   61.69973285981824
0.5879455221237613   41.410127737655884   58.81082271095316
0.6051814074573895   38.90752023292405   56.07988780626145
0.622922570460556   36.56321755400544   53.49202229688461
0.6411838235736077   34.333091910400555   51.02869626400385
0.6599804134701901   32.221527616400316   48.68999507720903
0.6793280337869897   30.243916991794233   46.474618342552894
0.6992428382266549   28.384722366612113   44.37107739689315
0.7197414540448374   26.63204515360629   42.37406774020432
0.7408409959326054   24.97994006660308   40.479417140517896
0.7625590803058332   23.423698167211835   38.68166456651895
0.7849138400134885   21.958718707967954   36.97564016695323
0.8079239394770964   20.580515667097803   35.35645589599849
0.8316085902740278   19.284727032569343   33.81949028614236
0.8559875671776167   18.0670259330954   32.36036426063814
0.8810812246675007   16.922971285249215   30.97491033271491
0.9069105139239728   15.848305862338831   29.65918765423279
0.9334970003205227   14.8390072638029   28.409475032039836
0.960862881429187   13.891275563456999   27.222258485420966
0.9890310055537336   13.001521578060862   26.094219509918553
1.0180248908061487   12.166355726331846   25.022224008168827
1.047868744742366   11.38257837138008   24.003308243523236
1.0785874845736239   10.647191304911763   23.03458207205289
1.1102067579703248   9.957382502672013   22.11323119357321
1.1427529644757777   9.31049032013183   21.236611084867025
1.1762532775476793   8.703995332119742   20.40224045760964
1.210735667245765   8.1355137721231   19.60779031089309
1.246228923584555   7.602791193482522   18.851073771638887
1.2827626805706884   7.103696351498982   18.13003666259474
1.3203674409449337   6.636214308302795   17.44273131611267
1.3590746016495152   6.198436204921426   16.7872238667899
1.3989164800420282   5.788559006907112   16.161667824963036
1.4399263408778291   5.404882601922532   15.564339416953057
1.4821384240834183   5.045804419964113   14.993628673990107
1.525587973344019   4.709814293813116   14.448031154857683
1.5703112655292182   4.395489556527236   13.926140330371922
1.6163456409812174   4.101490367740955   13.426640367824175
1.6637295346910133   3.826555289203931   12.948272147116468
1.7125025083885144   3.569497061360268   12.489804848514584
1.7627052835733923   3.3291985025696245   12.050085524749866
1.814379775514258   3.10460866309254   11.628040085163686
1.8675691282445197   2.89473917514257   11.222667521137923
1.922317750584177   2.6986607832130165   10.833034607132527
1.9786713532176083   2.5155000473286573   10.458271034202674
2.0366769868582977   2.3444361553027284   10.097561487198314
2.0963830815323896   2.184697282266488   9.750098814408478
2.1578394870138577   2.0355582026780703   9.415100090647107
2.2210975144450407   1.8963382154666097   9.09183948244317
2.286209979177315   1.7663985678035512   8.779644940079498
2.3532312448676476   1.6451400042914868   8.477894382569852
2.4222172688678643   1.5320004493564485   8.186012196220544
2.4932256489445366   1.4264528163322974   7.903466015869575
2.5663156713684585   1.328003218044896   7.629777647067238
2.641548360413907   1.2361897028926847   7.364558352288026
2.7189865293089923   1.1505793242512155   7.107458153841674
2.798694832679631   1.0707661434115137   6.858149312151438
2.8807398205309562   0.9963696477313163   6.616324922310362
2.9651899938111903   0.927033253102469   6.381697597795714
3.05211586160442   0.8624228869037208   6.153998234379058
3.1415899999999994   0.8022256059416822   5.932973670266307
