0.01   950.5581404600313   950.537502358772
0.010293154462191829   956.3033071144692   956.2825073360506
0.010594902878253955   961.4767916536734   961.4559017228308
0.010905497183778876   966.0468159078629   966.0258793850021
0.011225196699963396   969.9820212645013   969.9610472892558
0.011554268350120923   973.2516745544631   973.2306426286606
0.011892986882540897   975.824452454616   975.8033500517046
0.012241635099881474   977.6695413284166   977.64838031111
0.012600504095286909   978.7574754736537   978.7362918528978
0.012969893495426888   979.0582150412159   979.0370468412027
0.013350111710660605   978.5405579997874   978.5194148291748
0.013741476192534558   977.1751534214806   977.1540142985165
0.014144313698828986   974.9344455626524   974.913270168365
0.01455896056637426   971.7909733521144   971.7697543185018
0.014985762991865008   967.7194210857391   967.6981990339996
0.01542507732090645   962.69754769858   962.6764078564655
0.015877270345534218   956.7045193200101   956.6835345642247
0.016342719610456153   949.7212793504434   949.700455767303
0.016821813728271667   941.732783512634   941.7120599487591
0.017314952703931925   932.7278229466846   932.707090421841
0.017822548268711737   922.6981159216554   922.6772742558609
0.01834502422397195   911.6399929706976   911.6189621731827
0.018882816794999403   899.554999937351   899.5337188373237
0.019436374995219892   886.450343203452   886.4287522160195
0.02000616100108813   872.3389375062351   872.3169675241886
0.020592650537967844   857.2393152858368   857.2168890612717
0.021196333277324068   841.177252841491   841.1542981336894
0.02181771324555934   824.1875627988746   824.1640385253646
0.022457309244835088   806.3107016991638   806.2865999703806
0.02311565528622961   787.5931168277497   787.5684599434471
0.023793301035594242   768.0942386758803   768.069068448805
0.024490812272480036   747.881094346912   747.8554663101868
0.025208771362518027   727.0235859674596   726.9975684246729
0.0259477777436476   705.6028025114654   705.5765041857816
0.02670844842659881   683.7143308774741   683.6879407124817
0.027491418510046592   661.4532915351135   661.4270711139818
0.028297341710866907   638.9168384539223   638.8911094123223
0.029126890909937666   616.2227420139743   616.1978721299662
0.029980758713939952   593.4893222329957   593.4657130481293
0.030859658033628758   570.8263798201322   570.8044560420689
0.031764322679055976   548.3553447670915   548.3355602085371
0.03269550797224261   526.2077974137295   526.1906411637809
0.033653991377811755   504.4997029011172   504.48568716362735
0.03464057315210884   483.33994249598413   483.32956698018376
0.03565607701135116   462.85477957635436   462.84843728829156
0.036701350819364466   443.15647770933816   443.1544476456287
0.03777726729548091   424.3366566754655   424.33912233534005
0.038884724743189276   406.4804260660141   406.48751074295694
0.04002464780014597   389.6639021232512   389.67569707640035
0.041197988210172884   373.9455077916704   373.9620832355102
0.04240572561788674   359.3726305230612   359.39384912317917
0.04364886838662332   345.99021374650715   346.0152662091764
0.04492845444033957   333.8339170539988   333.86134656822185
0.04624555213019635   322.91925644474657   322.9471968090072
0.04760126112654554   313.18046445503757   313.2076224749996
0.04899671333706607   304.52959445075874   304.55553566310476
0.05043307385181555   296.8836016323039   296.90841887092927
0.05191154191598653   290.12929760025594   290.15202610174424
0.053433351931179485   284.1497135246198   284.1677981377153
0.05499977448602865   278.82583400807323   278.83561737925606
0.05661211741704101   274.0035393069197   274.0015769483104
0.05827172690053434   269.5288074311116   269.51212218595396
0.05997998857658587   265.20741723132534   265.1738953792548
0.06173832870592997   260.80676864190013   260.75556537240493
0.0635482153607709   256.09495664987867   256.02647721793954
0.06541115965050462   250.82244834571156   250.73827153445993
0.06732871698337338   244.7628808202868   244.66564949532392
0.06930248836510605   237.7463790774261   237.63934254349815
0.07133412173562886   229.6576143756851   229.5444160054009
0.07342531334496233   220.4942101223886   220.37884064422175
0.07557780916945323   210.3272496256072   210.21406313864392
0.07779340636952398   199.3016269806465   199.19620825581669
0.08007395479015682   187.6127426991844   187.52177965571232
0.08242135850536496   175.53383706189706   175.464060474379
0.08483757740794096   163.36328250355535   163.320603444124
0.08732462884580919   151.42563788062063   151.41418793341998
0.08988458930634863   140.06563868404086   140.08661022954584
0.09251959615009227   129.61841472735253   129.66954636044522
0.09523184939525078   120.3559051324041   120.43191367144554
0.09802361355455057   112.49249624462303   112.58555189199
0.10089721952591899   106.10772817133028   106.20877274565284
0.10385506653859616   101.188537626368   101.28785298348487
0.10689962415629803   97.58925735503152   97.6761870194015
0.11003343433910281   95.09674389063566   95.16011068550876
0.11325911356578279   93.40230481969645   93.43259400373394
0.11657935501835284   92.14620219909752   92.13641759545963
0.11999693083066039   90.92282328962905   90.8696694764694
0.12351469440289359   89.32935531541091   89.23519052911716
0.12713558278394044   87.02490837312851   86.89808202070861
0.13086261912358757   83.78092795022735   83.63524859446318
0.13469891519660646   79.5252541329747   79.37952694274155
0.13864767400083483   74.3651714311382   74.23994801906218
0.14271219243142114   68.60021753927363   68.51277854074988
0.14689586403346616   62.69007750372765   62.64968941467271
0.1512021818353596   57.15143082953448   57.157485074561045
0.15563474126517718   52.39737786909283   52.44174903923164
0.16019724315257297   48.649964527190264   48.718260934187754
0.1648934968186736   45.95509655513476   46.026973255270946
0.1697274232565544   44.217482326907266   44.27000649788854
0.17470305840495237   43.192768007752655   43.20699026224461
0.17982455651794954   42.47623079040879   42.442823406205456
0.18509619363343993   41.6006472212505   41.52272869303968
0.19052237114327647   40.21351443452743   40.10552749539
0.19610761946807834   38.1663339000442   38.05202829187989
0.20185660183976684   35.52965978051609   35.43489601588223
0.20777411819498756   32.586417061494785   32.529385717325574
0.21386510918267082   29.74361646816969   29.72893334768907
0.22013466028907505   27.35516513875745   27.372016483626567
0.22658800608375756   25.603680806706524   25.630500545555297
0.23323053459001789   24.465731781819215   24.476194292223873
0.2400677917834628   23.709799934095127   23.687893124177975
0.24710548622244882   22.99871684782009   22.94154939653483
0.25434949381426813   22.058513558048432   21.977838550732606
0.2618058627210567   20.77130732020422   20.692834062472027
0.2694808184095226   19.227346960409584   19.170865168619383
0.27738076884870827   17.6845428872048   17.656697672225295
0.2855123098601282   16.38609589790015   16.377749434307898
0.29388223062474755   15.429865324692308   15.420987762377408
0.3024975193514008   14.7434225534367   14.716847454609947
0.31136536911138296   14.130051362100582   14.081423459134664
0.3204931838440838   13.411479513123213   13.352475238199828
0.32988858453867975   12.54780035232998   12.495093115436017
0.3395594155970457   11.635234974381031   11.5987760943493
0.34951375138319807   10.820747659432826   10.79673502839345
0.3597599029647371   10.177234920827884   10.152951012783738
0.37030642505191835   9.655022646379079   9.620076097631806
0.3811621231401457   9.145949678956171   9.101738702635663
0.3923360608618501   8.586440575126725   8.54337281799466
0.4038375675538918   8.004025578949904   7.969229639835421
0.41567624604680364   7.471639020304896   7.4434076705148176
0.42786198068238046   7.023035575460224   6.993853372175418
0.4404049455663077   6.624330125352423   6.590281881115216
0.4533156130627191   6.226610475868688   6.1912406529472666
0.4666047625377753   5.822559521832129   5.790961888478033
0.4802834893595659   5.442735821558379   5.414959058168099
0.49436321416184764   5.106034443415365   5.078472679788191
0.5088556923793517   4.7971267773614485   4.768227465828526
0.5237730240626238   4.495848614600343   4.467672878218154
0.5391276639805903   4.204803304377933   4.179183692324469
0.5549324320192869   3.9365853526747885   3.912427304658146
0.5712005238854289   3.690224193589236   3.666208003141562
0.5879455221237613   3.4561226438388584   3.432938804117597
0.6051814074573895   3.2328582029547106   3.211361162073354
0.622922570460556   3.0252255696114605   3.005022715891126
0.6411838235736077   2.831194868164662   2.812064175612503
0.6599804134701901   2.6489449533932152   2.630911880524219
0.6793280337869897   2.477841956135075   2.460925026378576
0.6992428382266549   2.3172777718745747   2.3014888239071998
0.7197414540448374   2.166669851593888   2.1520143591130134
0.7408409959326054   2.02546089493714   2.011938339936268
0.7625590803058332   1.8931184577604294   1.880722743276572
0.7849138400134885   1.769132059224283   1.7578518622102206
0.8079239394770964   1.6530005198636344   1.642819219679445
0.8316085902740278   1.5442446340066593   1.53514070972495
0.8559875671776167   1.442413167340502   1.434360827286624
0.8810812246675007   1.3470813256511218   1.340051098048315
0.9069105139239728   1.2578492825302734   1.251808566644843
0.9334970003205227   1.1743407841240958   1.169254362410909
0.960862881429187   1.0962019206728535   1.09203242387788
0.9890310055537336   1.0231009890273441   1.019809219799202
1.0180248908061487   0.9547266006416345   0.9522718904694532
1.047868744742366   0.8907855535821486   0.8891261803453594
1.0785874845736239   0.8310018329169351   0.8300953986282024
1.1102067579703248   0.7751156816942755   0.7749194506118404
1.1427529644757777   0.7228827161276853   0.7233539157270601
1.1762532775476793   0.6740730777630823   0.6751691637478285
1.210735667245765   0.6284704350851826   0.6301492790599018
1.246228923584555   0.5858712324860688   0.5880912807651777
1.2827626805706884   0.5460842569341394   0.5488047272520221
1.3203674409449337   0.5089299505292647   0.5121110036765187
1.3590746016495152   0.47423973980224865   0.47784262416673823
1.3989164800420282   0.4418554006352023   0.44584257212230355
1.4399263408778291   0.4116284570502202   0.41596367719081856
1.4821384240834183   0.3834195925728236   0.38806812887106734
1.525587973344019   0.3570980940631854   0.36202701525547165
1.5703112655292182   0.3325413918410661   0.33771954672422827
1.6163456409812174   0.3096345834493756   0.3150325364973464
1.6637295346910133   0.28826997660009934   0.29385994703637314
1.7125025083885144   0.26834665766568183   0.27410246129604904
1.7627052835733923   0.24977008441365933   0.2556670776549325
1.814379775514258   0.2324517042434244   0.23846673255611506
1.8675691282445197   0.2163085988518552   0.22241995422291688
1.922317750584177   0.20126313202989465   0.20745050065076448
1.9786713532176083   0.18724262465680927   0.19348703249605903
2.0366769868582977   0.17417905169621992   0.18046281145991472
2.0963830815323896   0.16200875667320916   0.1683154159705397
2.1578394870138577   0.15067218270234303   0.1569864732830918
2.2210975144450407   0.14011361329521   0.14642143765352766
2.286209979177315   0.13028089374060664   0.13656956189965783
2.3532312448676476   0.12112524458227478   0.12738347979139097
2.4222172688678643   0.11260107693137131   0.11881885794464536
2.4932256489445366   0.10466579067409025   0.11083421305426334
2.5663156713684585   0.09727958473290227   0.10339073997800233
2.641548360413907   0.09040527890629396   0.09645214906260709
2.7189865293089923   0.08400814920383569   0.08998450566534778
2.798694832679631   0.07805581503962516   0.0839559705805677
2.8807398205309562   0.07251807149966247   0.0783367131222776
2.9651899938111903   0.06736670305881304   0.07309890505399734
3.05211586160442   0.0625753562843758   0.06821659320101858
3.1415899999999994   0.058119421877818093   0.06366557568306641
