0.01   3124.3244901391186   3124.1820500412637
0.010293154462191829   3164.174164660971   3164.0300420345893
0.010594902878253955   3203.0834956062827   3202.9376636065967
0.010905497183778876   3240.9639389613753   3240.816055322028
0.011225196699963396   3277.725529479702   3277.574950739142
0.011554268350120923   3313.2729865701535   3313.119160550461
0.011892986882540897   3347.5069125329424   3347.3496863099626
0.012241635099881474   3380.32718206079   3380.1668261433006
0.012600504095286909   3411.6322255064024   3411.4692114332747
0.012969893495426888   3441.3177213042386   3441.1521452603097
0.013350111710660605   3469.2792037437853   3469.1106856279343
0.013741476192534558   3495.4122619848263   3495.239981106959
0.014144313698828986   3519.6078688305843   3519.4310293517487
0.01455896056637426   3541.7552286667387   3541.573326216513
0.014985762991865008   3561.7452794036176   3561.5581113424214
0.01542507732090645   3579.4694119088135   3579.2768583981187
0.015877270345534218   3594.818527773018   3594.620149209798
0.016342719610456153   3607.6865464260604   3607.4815380550936
0.016821813728271667   3617.970673801145   3617.757898526735
0.017314952703931925   3625.56824565026   3625.3464614834734
0.017822548268711737   3630.379999960682   3630.147956397643
0.01834502422397195   3632.3125111790455   3632.0689537839935
0.018882816794999403   3631.2781357024883   3631.021712234442
0.019436374995219892   3627.1954542270537   3626.924589675073
0.02000616100108813   3619.99089214143   3619.703790144718
0.020592650537967844   3609.6001499049657   3609.294815853329
0.021196333277324068   3595.9713495705246   3595.6456526307916
0.02181771324555934   3579.0633092192606   3578.7150125447397
0.022457309244835088   3558.8454846777686   3558.4722743096695
0.02311565528622961   3535.3056371470757   3534.90537731203
0.023793301035594242   3508.4498728261497   3508.0208495804136
0.024490812272480036   3478.2956790603016   3477.836614340419
0.025208771362518027   3444.8783829802255   3444.388452283359
0.0259477777436476   3408.2660668021986   3407.7449509432286
0.02670844842659881   3368.5413467863414   3367.9892322767955
0.027491418510046592   3325.7986054187677   3325.2162069669903
0.028297341710866907   3280.171017113259   3279.5600830758945
0.029126890909937666   3231.8201822796727   3231.1838174353006
0.029980758713939952   3180.9131699882564   3180.2557526612345
0.030859658033628758   3127.641804751904   3126.968893903449
0.031764322679055976   3072.24856651124   3071.5668111812356
0.03269550797224261   3014.97998087466   3014.297003432305
0.033653991377811755   2956.0841342580234   2955.4084080651264
0.03464057315210884   2895.8609281298573   2895.201662180529
0.03565607701135116   2834.628869408293   2833.9958895616032
0.036701350819364466   2772.690850380368   2772.094476348462
0.03777726729548091   2710.3633309302822   2709.8139229017524
0.038884724743189276   2647.99515863552   2647.502459656966
0.04002464780014597   2585.9144193073507   2585.487497803596
0.041197988210172884   2524.429425463306   2524.0764334520845
0.04240572561788674   2463.8644389903543   2463.5910178964664
0.04364886838662332   2404.5302399140014   2404.3391066619697
0.04492845444033957   2346.7063893919862   2346.5975978627666
0.04624555213019635   2290.6112879404395   2290.581485773303
0.04760126112654554   2236.3981911065825   2236.4396646076248
0.04899671333706607   2184.199900400118   2184.3009295360293
0.05043307385181555   2134.129883739424   2134.274385674391
0.05191154191598653   2086.2718491457185   2086.4363723138495
0.053433351931179485   2040.6942961501209   2040.8477152943183
0.05499977448602865   1997.428169680475   1997.532815168346
0.05661211741704101   1956.156714040366   1956.1746736745822
0.05827172690053434   1916.362659597116   1916.259608149103
0.05997998857658587   1877.569185678661   1877.3143024761528
0.06173832870592997   1839.4007983864608   1838.9670074671385
0.0635482153607709   1801.5549440858567   1800.9190542843764
0.06541115965050462   1763.7285906840536   1762.8724713871377
0.06732871698337338   1725.4960645223916   1724.4136998699419
0.06930248836510605   1686.41759696327   1685.1170707888455
0.07133412173562886   1646.0346947233982   1644.543812784895
0.07342531334496233   1603.839182923939   1602.2143963573517
0.07557780916945323   1559.3996696359043   1557.725610580556
0.07779340636952398   1512.4366510296798   1510.830419037025
0.08007395479015682   1462.7918734019233   1461.3997523300714
0.08242135850536496   1410.6349156265353   1409.6245151353148
0.08483757740794096   1356.3405161010066   1355.8924534322105
0.08732462884580919   1300.5705628421915   1300.8608127158293
0.08988458930634863   1244.1621576799803   1245.349337806085
0.09251959615009227   1188.0129778801836   1190.2280250968342
0.09523184939525078   1133.0121503302173   1136.352111142411
0.09802361355455057   1079.9964385945805   1084.5109192978064
0.10089721952591899   1029.7191741821255   1035.4054468118059
0.10385506653859616   982.8853604630986   989.6782673067481
0.10689962415629803   940.059352823232   947.8295933022816
0.11003343433910281   901.6466847024291   910.196675439663
0.11325911356578279   867.7379165475448   876.8261182112933
0.11657935501835284   837.9969892597363   847.3665248172495
0.11999693083066039   811.7218780638237   821.1311371073797
0.12351469440289359   787.8096810446656   797.0677314797936
0.12713558278394044   765.0298695905532   774.044889959593
0.13086261912358757   742.134631455373   750.942912030262
0.13469891519660646   718.0703201799223   726.8284143028988
0.13864767400083483   692.0745159726227   701.0555530900806
0.14271219243142114   663.7865353404329   673.3702888656693
0.14689586403346616   633.3637856938044   643.9522254638686
0.1512021818353596   601.4014946863898   613.3563578788488
0.15563474126517718   568.8542404873252   582.4533573575062
0.16019724315257297   536.829666916568   552.1974578573019
0.1648934968186736   506.47246821036975   523.5658128253367
0.1697274232565544   478.85271711676256   497.4319452930295
0.17470305840495237   454.7685523019011   474.3531739028768
0.17982455651794954   434.36267496533253   454.4402667385406
0.18509619363343993   416.99037351488283   437.0641382112848
0.19052237114327647   401.5055758140408   421.2259569860131
0.19610761946807834   386.7103157415207   405.9883870337011
0.20185660183976684   371.5951819089071   390.5590191535923
0.20777411819498756   355.3631343750117   374.3395305974254
0.21386510918267082   337.6750694059575   357.1387047459066
0.22013466028907505   318.9957104477391   339.3666510612035
0.22658800608375756   300.38802725343606   321.85099945699875
0.23323053459001789   282.8860204786905   305.3655145557004
0.2400677917834628   267.189147101229   290.3630481886803
0.24710548622244882   253.58669364826355   277.0065824239624
0.25434949381426813   241.80493924598292   265.05636350772426
0.2618058627210567   231.0942753055897   253.9329334468548
0.2694808184095226   220.61268389493637   243.08112826858175
0.27738076884870827   209.74467732720203   232.1113734713736
0.2855123098601282   198.35816467631153   220.9892685397627
0.29388223062474755   186.92878817069885   210.02550357402373
0.3024975193514008   176.10262269073226   199.64107628321196
0.31136536911138296   166.28118489563636   190.03082236103361
0.3204931838440838   157.56208556631847   181.227095157593
0.32988858453867975   149.63372545248612   173.03117849754244
0.3395594155970457   141.99318922019145   165.1339229978918
0.34951375138319807   134.35472650479014   157.40299139592537
0.3597599029647371   126.73371467838726   149.84579615166888
0.37030642505191835   119.39935706637583   142.62437798537704
0.3811621231401457   112.6281579499215   135.84479638870624
0.3923360608618501   106.43461123230043   129.4937229190884
0.4038375675538918   100.64742591446756   123.48704648490995
0.41567624604680364   95.06894908996867   117.72604966991292
0.42786198068238046   89.63097105980209   112.17740943837222
0.4404049455663077   84.42718632244444   106.88580062460798
0.4533156130627191   79.56301813550202   101.88100449178346
0.4666047625377753   75.03078224701285   97.14728680891896
0.4802834893595659   70.74652304718208   92.64871785672361
0.49436321416184764   66.64541647716167   88.35386149764368
0.5088556923793517   62.73600297678403   84.26122750162492
0.5237730240626238   59.055724021991814   80.3796601522216
0.5391276639805903   55.599753690567134   76.69713318971993
0.5549324320192869   52.33198443954844   73.19725429941934
0.5712005238854289   49.229777301291314   69.86677977881729
0.5879455221237613   46.296979848542904   66.70263476610967
0.6051814074573895   43.53554315242674   63.69898360404707
0.622922570460556   40.93084171537048   60.84581903508954
0.6411838235736077   38.46873205069387   58.13372557179255
0.6599804134701901   36.14477472964534   55.55746584592936
0.6793280337869897   33.95534408150035   53.11139721631764
0.6992428382266549   31.891258210880927   50.78747270974465
0.7197414540448374   29.94502479421597   48.57955966816233
0.7408409959326054   28.111613253099804   46.48240058951252
0.7625590803058332   26.384819234121668   44.49009317326949
0.7849138400134885   24.75877313437357   42.59709105536004
0.8079239394770964   23.227992084569276   40.79823172136006
0.8316085902740278   21.787263156553202   39.08862736269041
0.8559875671776167   20.431632030227522   37.46365039550889
0.8810812246675007   19.156392045283283   35.91891975627348
0.9069105139239728   17.957073584836937   34.45028789216939
0.9334970003205227   16.829433830579866   33.053827761859964
0.960862881429187   15.769451497260462   31.725742844108236
0.9890310055537336   14.773319993604087   30.462298540948495
1.0180248908061487   13.837428320752744   29.25996603715485
1.047868744742366   12.95835139491686   28.115427380332584
1.0785874845736239   12.132841860862113   27.02556191784809
1.1102067579703248   11.357822161859414   25.987433662759223
1.1427529644757777   10.630376866232428   24.99827952152215
1.1762532775476793   9.947744956743106   24.055491353267062
1.210735667245765   9.307308593535378   23.15650507471087
1.246228923584555   8.706588411391518   22.298830911494615
1.2827626805706884   8.143240821089767   21.48013750647672
1.3203674409449337   7.6150514067477815   20.698243163830593
1.3590746016495152   7.119928484112871   19.951105247170997
1.3989164800420282   6.655896930635161   19.236810398840728
1.4399263408778291   6.221092279465094   18.553565511856352
1.4821384240834183   5.813755002829722   17.89966776212806
1.525587973344019   5.432224872154686   17.273413579354894
1.5703112655292182   5.074936103350147   16.673180588054453
1.6163456409812174   4.740412533906003   16.09745741866293
1.6637295346910133   4.4272628997447425   15.544835531262168
1.7125025083885144   4.134176330868773   15.014001701821176
1.7627052835733923   3.8599180579246775   14.503731127321236
1.814379775514258   3.6033253197336097   14.01288090610571
1.8675691282445197   3.3633032275580126   13.540362270868691
1.922317750584177   3.1388209239638165   13.085118671648502
1.9786713532176083   2.9289085590228234   12.64616322886577
2.0366769868582977   2.732653968884925   12.222578727067729
2.0963830815323896   2.5491994617675897   11.813512719515812
2.1578394870138577   2.3777387668118903   11.41817303012249
2.2210975144450407   2.217514138742116   11.035823615414378
2.286209979177315   2.0678135760188296   10.665779572370655
2.3532312448676476   1.9279677331190177   10.30738672212656
2.4222172688678643   1.797347726544474   9.960024876616933
2.4932256489445366   1.6753632648107855   9.623120336002033
2.5663156713684585   1.561460407453967   9.296143223968798
2.641548360413907   1.4551194334240016   8.97860460869405
2.7189865293089923   1.355852826582636   8.670053830930115
2.798694832679631   1.2632033724430127   8.370076018407705
2.8807398205309562   1.1767425328196932   8.078304819503144
2.9651899938111903   1.0960693509596773   7.794477462986972
3.05211586160442   1.0208080539318776   7.5183708407282275
3.1415899999999994   0.9506062738305064   7.249774247691764
