0.01   10882.544056762395   10881.279336231724
0.010293154462191829   10991.765744737353   10990.418257752965
0.010594902878253955   11096.208095470227   11094.773682204554
0.010905497183778876   11195.531049953106   11194.002171970491
0.011225196699963396   11289.39448391885   11287.760182136362
0.011554268350120923   11377.448782840303   11375.696631408484
0.011892986882540897   11459.333042139371   11457.451702660472
0.012241635099881474   11534.68913445851   11532.668599117755
0.012600504095286909   11603.159538507953   11600.990620606588
0.012969893495426888   11664.372940973706   11662.044709110467
0.013350111710660605   11717.960500380339   11715.45956258063
0.013741476192534558   11763.56271722087   11760.873281987713
0.014144313698828986   11800.817062809743   11797.921889053558
0.01455896056637426   11829.360557246948   11826.241897568354
0.014985762991865008   11848.845789075593   11845.485519104412
0.01542507732090645   11858.937846119243   11855.317003362059
0.015877270345534218   11859.303115503362   11855.400170684436
0.016342719610456153   11849.627392691424   11845.418011788848
0.016821813728271667   11829.621838307858   11825.079096147214
0.017314952703931925   11799.01746632874   11794.112659715976
0.017822548268711737   11757.570172609503   11752.273493884904
0.01834502422397195   11705.06960186351   11699.350397096312
0.018882816794999403   11641.34358998594   11635.170131824123
0.019436374995219892   11566.263025421847   11559.60161711828
0.02000616100108813   11479.74018631222   11472.555350188775
0.020592650537967844   11381.73291825314   11373.988028134529
0.021196333277324068   11272.270744237163   11263.930604632656
0.02181771324555934   11151.44282446355   11142.475208122472
0.022457309244835088   11019.383638589321   11009.759605522935
0.02311565528622961   10876.30928846295   10866.004464960592
0.023793301035594242   10722.544642618222   10711.541205058953
0.024490812272480036   10558.460278266472   10546.747166899859
0.025208771362518027   10384.482088831082   10372.055434044822
0.0259477777436476   10201.192995359099   10188.059112608928
0.02670844842659881   10009.249101303276   9995.425296293977
0.027491418510046592   9809.324623311177   9794.838565555425
0.028297341710866907   9602.22194165888   9587.112962537904
0.029126890909937666   9388.8990625187   9373.219874534096
0.029980758713939952   9170.303531333211   9154.118987782647
0.030859658033628758   8947.407085567342   8930.792633903475
0.031764322679055976   8721.396992360662   8704.436924313603
0.03269550797224261   8493.46955272608   8476.25533993645
0.033653991377811755   8264.749022356547   8247.377648103242
0.03464057315210884   8036.4610574262215   8019.030667250814
0.03565607701135116   7809.916450316046   7792.522300346504
0.036701350819364466   7586.309164480235   7569.042875905656
0.03777726729548091   7366.772646156672   7349.718246949846
0.038884724743189276   7152.539484733027   7135.760960731024
0.04002464780014597   6944.745958390723   6928.286136255664
0.041197988210172884   6744.379899161863   6728.261298231142
0.04240572561788674   6552.20702604248   6536.4157837517605
0.04364886838662332   6368.813513364285   6353.289024561895
0.04492845444033957   6194.696834363197   6179.3364154984
0.04624555213019635   6030.275084851583   6014.93282344256
0.04760126112654554   5875.891639758734   5860.36789113583
0.04899671333706607   5731.838094538544   5715.881865118722
0.05043307385181555   5598.158531251179   5581.475771919643
0.05191154191598653   5473.523052085789   5455.808400340813
0.053433351931179485   5356.168054917107   5337.1173482634285
0.05499977448602865   5244.49511443255   5223.807588066641
0.05661211741704101   5137.185638203632   5114.575328371448
0.05827172690053434   5033.085196382409   5008.2857774197
0.05997998857658587   4930.93393359501   4903.719950973757
0.06173832870592997   4828.92113421297   4799.1774207112985
0.0635482153607709   4725.232930075857   4692.968603986031
0.06541115965050462   4617.834151189046   4583.252962718499
0.06732871698337338   4504.509942605938   4468.074400669143
0.06930248836510605   4383.323902704513   4345.7576539143665
0.07133412173562886   4252.712457787731   4215.031302059865
0.07342531334496233   4111.628178242329   4075.1039747661107
0.07557780916945323   3960.357748653451   3926.46385661335
0.07779340636952398   3799.871796578539   3770.210320148162
0.08007395479015682   3632.185487720508   3608.3624526906765
0.08242135850536496   3459.794768872758   3443.3259780166077
0.08483757740794096   3285.823701643422   3277.988318804409
0.08732462884580919   3113.4671798062654   3115.2369966360525
0.08988458930634863   2945.9470861714835   2957.883747420345
0.09251959615009227   2786.3016699305645   2808.5159032308616
0.09523184939525078   2637.5900511503614   2669.6458910137135
0.09802361355455057   2502.448312691791   2543.2684848244835
0.10089721952591899   2383.052514157941   2430.862805534761
0.10385506653859616   2280.2445918883545   2332.8342341350076
0.10689962415629803   2193.6835674612466   2248.609489375698
0.11003343433910281   2121.3563227872614   2176.2103802775873
0.11325911356578279   2060.061673222885   2112.6810151049235
0.11657935501835284   2005.647319529895   2054.5069238543592
0.11999693083066039   1953.689507404202   1998.1280149231131
0.12351469440289359   1899.8064443284595   1940.25010631733
0.12713558278394044   1840.2788041800768   1878.206522810863
0.13086261912358757   1772.4219390222843   1810.2124899211378
0.13469891519660646   1695.3075349902042   1735.9362220708547
0.13864767400083483   1609.7612807731882   1656.4376467474613
0.14271219243142114   1518.1897439408294   1573.8554792237708
0.14689586403346616   1424.1876592185308   1490.7806586447864
0.1512021818353596   1332.2233219227414   1410.441840242501
0.15563474126517718   1247.0888138663752   1335.9741503314276
0.16019724315257297   1172.9182985933783   1269.7493088627632
0.1648934968186736   1111.7266507009058   1212.9432099652709
0.1697274232565544   1062.6483538140417   1164.306346094837
0.17470305840495237   1022.8126409939115   1121.725269828986
0.17982455651794954   988.4978775895697   1082.7229438356603
0.18509619363343993   955.559192055597   1044.7863077176144
0.19052237114327647   919.7084192308103   1005.5224085950476
0.19610761946807834   877.9321615522701   963.5585887829682
0.20185660183976684   830.2295937827312   919.3981623381675
0.20777411819498756   779.2603509706805   874.5335940273727
0.21386510918267082   728.644705044783   831.0003061075369
0.22013466028907505   681.992984100457   790.5773562572538
0.22658800608375756   642.0322259985738   754.1640235715475
0.23323053459001789   609.4059664792534   722.0001703811513
0.2400677917834628   582.4731027977073   692.8502287420573
0.24710548622244882   558.2780230226131   665.3019899064195
0.25434949381426813   533.528966528729   638.0339495220445
0.2618058627210567   506.16873426249407   610.7226009076901
0.2694808184095226   476.6263274628281   583.2553754240153
0.27738076884870827   446.86306653612525   556.6775744942813
0.2855123098601282   419.1177536054272   531.5449831545197
0.29388223062474755   395.0638799648458   508.49021843147943
0.3024975193514008   374.61184721640177   487.0859681288621
0.31136536911138296   356.1770219366233   466.8762358168806
0.3204931838440838   338.0178214703745   447.4030481983922
0.32988858453867975   319.13470426898346   428.3337644256351
0.3395594155970457   299.95286468611766   409.936315829012
0.34951375138319807   281.7467900970542   392.454534101507
0.3597599029647371   265.3538328415946   375.96642483392094
0.37030642505191835   250.73333362416545   360.4313632071923
0.3811621231401457   237.09623862993334   345.633958505839
0.3923360608618501   223.67083910850906   331.4803815892167
0.4038375675538918   210.39607439590173   317.853568325393
0.41567624604680364   197.7581985507434   304.8775156239622
0.42786198068238046   186.1330356166193   292.5887963803868
0.4404049455663077   175.4283363906784   280.91592589420253
0.4533156130627191   165.27097712939246   269.7829174703927
0.4666047625377753   155.45003346791714   259.1351777228305
0.4802834893595659   146.09364084919187   248.98092167254654
0.49436321416184764   137.3587457997182   239.32649685096644
0.5088556923793517   129.20757276299176   230.1443369702134
0.5237730240626238   121.4851152237068   221.38121074100545
0.5391276639805903   114.1335433626936   213.01435371817215
0.5549324320192869   107.2044180292779   205.04527358270076
0.5712005238854289   100.70937868757336   197.45337637521132
0.5879455221237613   94.58889158274131   190.21185576715092
0.6051814074573895   88.79942194760629   183.29931598918677
0.622922570460556   83.34551751014354   176.70486906815017
0.6411838235736077   78.21789238115679   170.41100530208993
0.6599804134701901   73.39590297736764   164.40710176897898
0.6793280337869897   68.84362633720215   158.66201542276664
0.6992428382266549   64.56118479595516   153.1744375085805
0.7197414540448374   60.53529231544834   147.93183762173493
0.7408409959326054   56.75088487483029   142.92013168458053
0.7625590803058332   53.193787637066315   138.12615673164348
0.7849138400134885   49.85066074971599   133.5376042139334
0.8079239394770964   46.708948618289575   129.14295863628223
0.8316085902740278   43.756832417499666   124.93144106764889
0.8559875671776167   40.98318822589536   120.89295286143182
0.8810812246675007   38.37769423927571   117.01777607348599
0.9069105139239728   35.930824890114316   113.2964278090007
0.9334970003205227   33.63355739930829   109.72002267959854
0.960862881429187   31.477328459152144   106.28026481999754
0.9890310055537336   29.45401523864418   102.96940589977982
1.0180248908061487   27.555916812470944   99.78020655604922
1.047868744742366   25.77573603701282   96.70590094298718
1.0785874845736239   24.106560169354374   93.74014784767346
1.1102067579703248   22.541808194108963   90.87665015135131
1.1427529644757777   21.075226010731853   88.10917994325044
1.1762532775476793   19.700911986617665   85.43193830571853
1.210735667245765   18.4133002681596   82.83954218288567
1.246228923584555   17.207143045908126   80.32699634361884
1.2827626805706884   16.077493659901343   77.88966768070688
1.3203674409449337   15.019690512070053   75.52326161882264
1.3590746016495152   14.029342213789574   73.2237951108028
1.3989164800420282   13.102317458396957   70.9875224232287
1.4399263408778291   12.234727867789294   68.8109464552723
1.4821384240834183   11.422911253081327   66.69084301512292
1.525587973344019   10.663419367297202   64.62424496243905
1.5703112655292182   9.953006305193195   62.60842684892026
1.6163456409812174   9.288617464719492   60.64089062731629
1.6637295346910133   8.667379047917136   58.719352312145
1.7125025083885144   8.086587683024407   56.84176401141325
1.7627052835733923   7.54369898778655   55.00648492836508
1.814379775514258   7.036320725812526   53.21210721897883
1.8675691282445197   6.562205311478223   51.457348650918696
1.922317750584177   6.119241547308322   49.741044646857105
1.9786713532176083   5.705446794641053   48.06214092158625
2.0366769868582977   5.318959560471536   46.419686399047656
2.0963830815323896   4.958032480780886   44.812826381069186
2.1578394870138577   4.621025430652638   43.2408711984226
2.2210975144450407   4.3063986358742845   41.703491973855414
2.286209979177315   4.012707689957744   40.200454232893506
2.3532312448676476   3.738598162345743   38.73153577273324
2.4222172688678643   3.4828002395662025   37.29652419017815
2.4932256489445366   3.2441236673098213   35.8952145006422
2.5663156713684585   3.0214529778591155   34.527406850677664
2.641548360413907   2.813742990356515   33.192904865545536
2.7189865293089923   2.6200152541034365   31.891676694256972
2.798694832679631   2.439354722127917   30.624043778069062
2.8807398205309562   2.2709042356321234   29.390292902425
2.9651899938111903   2.1138607947299803   28.19061725132423
3.05211586160442   1.9674723066817241   27.025121179642
3.1415899999999994   1.8310345157360917   25.89382504343447
