0.01   4408.346241133547   4408.186705493386
0.010293154462191829   4453.333059101421   4453.171516657289
0.010594902878253955   4496.554900498934   4496.392450951681
0.010905497183778876   4537.880861907105   4537.718374066486
0.011225196699963396   4577.176105819833   4577.013752313282
0.011554268350120923   4614.30574829093   4614.142984161761
0.011892986882540897   4649.132320426518   4648.968314339268
0.012241635099881474   4681.514422773569   4681.348764516326
0.012600504095286909   4711.3116245243245   4711.144401478527
0.012969893495426888   4738.383742866044   4738.21545104949
0.013350111710660605   4762.58335872007   4762.414337299275
0.013741476192534558   4783.762722672454   4783.592949334905
0.014144313698828986   4801.777717120739   4801.606807976267
0.01455896056637426   4816.483794801536   4816.311201277934
0.014985762991865008   4827.736011418577   4827.561251178828
0.01542507732090645   4835.395310370606   4835.217983172542
0.015877270345534218   4839.3274231290425   4839.147122812551
0.016342719610456153   4839.396993381671   4839.2129546420765
0.016821813728271667   4835.4754714514265   4835.28648673892
0.017314952703931925   4827.444137706345   4827.248577261136
0.017822548268711737   4815.191121825271   4814.987158569041
0.01834502422397195   4798.613169961712   4798.398971021704
0.018882816794999403   4777.620196634595   4777.393940735396
0.019436374995219892   4752.136380845932   4751.896160930189
0.02000616100108813   4722.101074213522   4721.84461193616
0.020592650537967844   4687.469812619226   4687.194433320104
0.021196333277324068   4648.215930136051   4647.918624385839
0.02181771324555934   4604.338613606122   4604.016390508272
0.022457309244835088   4555.860071527099   4555.510178266182
0.02311565528622961   4502.821040388829   4502.440984469503
0.023793301035594242   4445.292611968335   4444.880379357784
0.024490812272480036   4383.386867664506   4382.941319084015
0.025208771362518027   4317.2353200258685   4316.756210599608
0.0259477777436476   4246.991806326408   4246.479839860978
0.02670844842659881   4172.869277948467   4172.326710145847
0.027491418510046592   4095.1111537433108   4094.54196820532
0.028297341710866907   4013.970464391985   4013.3802356453657
0.029126890909937666   3929.7497093361508   3929.145782755134
0.029980758713939952   3842.8128834883382   3842.204651108947
0.030859658033628758   3753.5233804072373   3752.9220629290435
0.031764322679055976   3662.2571818807087   3661.6755984055017
0.03269550797224261   3569.478254469346   3568.9307219749444
0.033653991377811755   3475.6578273016075   3475.1599309677217
0.03464057315210884   3381.241752861381   3380.810061738362
0.03565607701135116   3286.7180981554475   3286.3697110101593
0.036701350819364466   3192.609851017256   3192.36198882953
0.03777726729548091   3099.395644540707   3099.2654893935955
0.038884724743189276   3007.5416505171015   3007.5454807554934
0.04002464780014597   2917.5848846799263   2917.7355139855144
0.041197988210172884   2830.025474781839   2830.3320685852145
0.04240572561788674   2745.2968105399277   2745.765239468615
0.04364886838662332   2663.7140674544967   2664.345973081434
0.04492845444033957   2585.5015111617327   2586.2938369170242
0.04624555213019635   2510.8470712976095   2511.792662893659
0.04760126112654554   2439.9671283315874   2441.051948905154
0.04899671333706607   2373.190624949569   2374.3864108832217
0.05043307385181555   2310.8249113144707   2312.089578540514
0.05191154191598653   2253.0353424785576   2254.3156595571973
0.053433351931179485   2199.3426135205536   2200.582482976686
0.05499977448602865   2149.077933317209   2150.2211867210463
0.05661211741704101   2101.6372202055277   2102.627413608379
0.05827172690053434   2056.5126488491846   2057.292453521663
0.05997998857658587   2013.254381407031   2013.7654791652467
0.06173832870592997   1971.3748355443208   1971.5606779294787
0.0635482153607709   1930.1983459629407   1930.0122503896473
0.06541115965050462   1889.0519600242008   1888.4589246474086
0.06732871698337338   1847.1583317611066   1846.144885126363
0.06930248836510605   1803.6601310427159   1802.242982482266
0.07133412173562886   1757.7551533591359   1755.9858531221337
0.07342531334496233   1708.6616975528912   1706.640162985123
0.07557780916945323   1655.760763981227   1653.6332817484576
0.07779340636952398   1598.8316921025025   1596.788813297942
0.08007395479015682   1537.9063341497863   1536.1740942704946
0.08242135850536496   1473.4822170777088   1472.3070177379886
0.08483757740794096   1406.307673715479   1405.9418140271148
0.08732462884580919   1337.4939297180301   1338.174407962451
0.08988458930634863   1268.2554195085206   1270.190003423047
0.09251959615009227   1199.8931495931085   1203.2412924339035
0.09523184939525078   1133.6630862052991   1138.5245074493678
0.09802361355455057   1070.822822013827   1077.2194905185925
0.10089721952591899   1012.5539481071513   1020.410290086443
0.10385506653859616   959.9205166751019   969.0549322954054
0.10689962415629803   913.6050019082409   923.7460410545204
0.11003343433910281   873.9573081436985   884.755002977784
0.11325911356578279   840.6566390237706   851.7097304446049
0.11657935501835284   812.9054536349017   823.7886201532574
0.11999693083066039   789.3319835620828   799.6972067523903
0.12351469440289359   768.3266013807724   777.9445480562422
0.12713558278394044   748.0995283683758   756.8826337491013
0.13086261912358757   726.9524625590623   734.9962248256606
0.13469891519660646   703.41061656172   711.0174116365224
0.13864767400083483   676.4978772818515   684.132206542379
0.14271219243142114   645.8988786801738   654.132420318763
0.14689586403346616   612.0089495090765   621.4543323206398
0.1512021818353596   575.8761777721837   587.1031495467382
0.15563474126517718   539.0163185202774   552.4052925338661
0.16019724315257297   503.25963027582986   518.9146740217368
0.1648934968186736   470.5090496316639   488.2288290569594
0.1697274232565544   442.3051569826539   461.56735600279967
0.17470305840495237   419.2611335332394   439.30859832136474
0.17982455651794954   400.92499091171135   421.01365170138354
0.18509619363343993   386.10979239857926   405.59445422982526
0.19052237114327647   373.28519466660714   391.7509504912409
0.19610761946807834   360.73505054012327   378.15724416278374
0.20185660183976684   346.75846671846364   363.5187843323088
0.20777411819498756   330.30398812586026   347.0827290371102
0.21386510918267082   311.5334386862083   329.0542349103414
0.22013466028907505   291.61068232892063   310.4185355616907
0.22658800608375756   272.02859309114814   292.3143005987424
0.23323053459001789   254.24091652529725   275.74604215285086
0.2400677917834628   239.27287099826984   261.4215468304658
0.24710548622244882   227.23792684713496   249.25098399076163
0.25434949381426813   217.35743802599546   238.6881682281147
0.2618058627210567   208.35811298464827   228.80520980685876
0.2694808184095226   198.9102454818749   218.7347046517762
0.27738076884870827   188.30937121900632   208.06228621752368
0.2855123098601282   176.85074580920957   197.08802207558654
0.29388223062474755   165.39475641348824   186.34199254710097
0.3024975193514008   154.89552115136607   176.38347870388472
0.31136536911138296   145.9704420012284   167.5335342141292
0.3204931838440838   138.45716893418253   159.63895379434518
0.32988858453867975   131.64519069755187   152.26796994512168
0.3395594155970457   124.80435246228826   145.02597330525535
0.34951375138319807   117.59003939072005   137.76534702988408
0.3597599029647371   110.27563607904314   130.64542950450894
0.37030642505191835   103.41614145864419   123.9461112131395
0.3811621231401457   97.33495277162953   117.78452423696476
0.3923360608618501   91.95613978683728   112.07999320595503
0.4038375675538918   86.90047642855222   106.67578924244758
0.41567624604680364   81.86017305384912   101.42800188073463
0.42786198068238046   76.86104619884946   96.36080813258422
0.4404049455663077   72.1370673280343   91.56633491276129
0.4533156130627191   67.84082466279786   87.07695901587734
0.4666047625377753   63.89728706169528   82.85423448426589
0.4802834893595659   60.13398075295666   78.83622058364446
0.49436321416184764   56.47587689818504   74.98914286335865
0.5088556923793517   53.00263656129122   71.33791161287213
0.5237730240626238   49.782347540710916   67.89547161808566
0.5391276639805903   46.78480639927035   64.64050822815786
0.5549324320192869   43.936308533598776   61.5486423123388
0.5712005238854289   41.22218403887617   58.609310075224606
0.5879455221237613   38.6731814656964   55.826309685147386
0.6051814074573895   36.2912556846662   53.193887847091574
0.622922570460556   34.04628749472143   50.69752703866408
0.6411838235736077   31.922308057989184   48.32788984892967
0.6599804134701901   29.92595504266969   46.083483874070474
0.6793280337869897   28.053281505433574   43.95786696618913
0.6992428382266549   26.291190274022046   41.94216539104459
0.7197414540448374   24.63388241212842   40.03145432153901
0.7408409959326054   23.075870133363733   38.22031097017024
0.7625590803058332   21.611673382739344   36.50335286483391
0.7849138400134885   20.236074636435195   34.87549277651616
0.8079239394770964   18.944109627574875   33.33192286982534
0.8316085902740278   17.731058119114614   31.868099656974543
0.8559875671776167   16.592434752711878   30.479729719640883
0.8810812246675007   15.523979446683859   29.162754719968675
0.9069105139239728   14.521625337167974   27.91327653577879
0.9334970003205227   13.581488828146941   26.72753432554964
0.960862881429187   12.69989706156062   25.601985124451883
0.9890310055537336   11.87338008140274   24.533296930513636
1.0180248908061487   11.09866062343542   23.51833548182296
1.047868744742366   10.37264434848626   22.554151898782518
1.0785874845736239   9.692410504959616   21.637971132802438
1.1102067579703248   9.055203258137198   20.767175441843314
1.1427529644757777   8.458426739394321   19.93921005190174
1.1762532775476793   7.899634988779113   19.151607130784164
1.210735667245765   7.376520675156363   18.402055993997045
1.246228923584555   6.886907868243369   17.688394206195852
1.2827626805706884   6.42874523037998   17.008597147605727
1.3203674409449337   6.000099510057936   16.360768375169435
1.3590746016495152   5.599149327680977   15.74313071363497
1.3989164800420282   5.224179023512375   15.154006679760988
1.4399263408778291   4.873571647943851   14.591737319822794
1.4821384240834183   4.545804902581866   14.05473455894993
1.525587973344019   4.239446835594001   13.54151834660636
1.5703112655292182   3.9531508498292665   13.050708822270426
1.6163456409812174   3.685650954521008   12.581018880163718
1.6637295346910133   3.435757255646416   12.131247345146258
1.7125025083885144   3.2023516748342487   11.700272705269331
1.7627052835733923   2.984383786573145   11.287035621376207
1.814379775514258   2.780866696906525   10.890499117278589
1.8675691282445197   2.590873792279953   10.509685905897873
1.922317750584177   2.413535379624366   10.143687021500869
1.9786713532176083   2.2480353829256416   9.791656805524878
2.0366769868582977   2.0936082169094643   9.452808310226311
2.0963830815323896   1.9495358294302598   9.126409081434756
2.1578394870138577   1.8151449036563831   8.811777238658781
2.2210975144450407   1.6898040164908952   8.508266175008194
2.286209979177315   1.5729209622875093   8.215248142204302
2.3532312448676476   1.463940876057129   7.9321376583707615
2.4222172688678643   1.3623440487274472   7.658392445984672
2.4932256489445366   1.2676437953010784   7.393510434836296
2.5663156713684585   1.1793844451039737   7.137027001606909
2.641548360413907   1.0971394476609413   6.888512422967882
2.7189865293089923   1.0205095985831079   6.647570280765957
2.798694832679631   0.9491217565799355   6.4138651675706635
2.8807398205309562   0.8826272481684234   6.187125419249253
2.9651899938111903   0.820699772713858   5.967098734625433
3.05211586160442   0.763033999047336   5.753548042899366
3.1415899999999994   0.7093442838402116   5.546250546710752
