0.01   11820.911527739365   11816.524478531015
0.010293154462191829   11974.129337122657   11969.33441004823
0.010594902878253955   12124.26670768114   12119.025695887745
0.010905497183778876   12271.01039813128   12265.279100196825
0.011225196699963396   12414.037848284048   12407.7667699789
0.011554268350120923   12553.006634962412   12546.143884512077
0.011892986882540897   12687.566793111042   12680.058802315476
0.012241635099881474   12817.364212649432   12809.155654991551
0.012600504095286909   12942.030779594656   12933.061844570975
0.012969893495426888   13061.187910273426   13051.392194497948
0.013350111710660605   13174.456018641129   13163.760474212235
0.013741476192534558   13281.448830203315   13269.774218859708
0.014144313698828986   13381.764275579366   13369.026271862347
0.01455896056637426   13475.00042843992   13461.109953391751
0.014985762991865008   13560.758101766833   13545.621269883588
0.01542507732090645   13638.629541182556   13622.145283148773
0.015877270345534218   13708.206704850392   13690.265624211788
0.016342719610456153   13769.090760095507   13749.575450750646
0.016821813728271667   13820.88607235923   13799.671434442647
0.017314952703931925   13863.19639884028   13840.149975266468
0.017822548268711737   13895.63969157269   13870.622252370313
0.01834502422397195   13917.850630959381   13890.71647862603
0.018882816794999403   13929.476983286297   13900.072368839796
0.019436374995219892   13930.186483005651   13898.349605624844
0.02000616100108813   13919.672106352371   13885.234119472698
0.020592650537967844   13897.658454078994   13860.44439095522
0.021196333277324068   13863.904978580525   13823.73474938419
0.02181771324555934   13818.203551293554   13774.893297343107
0.022457309244835088   13760.387242386249   13713.751550554609
0.02311565528622961   13690.354025719074   13640.210519049855
0.023793301035594242   13608.046604097282   13554.218262545906
0.024490812272480036   13513.44893871149   13455.765725436748
0.025208771362518027   13406.635205663488   13344.9370003889
0.0259477777436476   13287.762471124655   13221.901698308793
0.02670844842659881   13157.02660141816   13086.869585092896
0.027491418510046592   13014.697629132785   12940.129422882144
0.028297341710866907   12861.186021936826   12782.121465532702
0.029126890909937666   12696.949041457327   12613.334643907161
0.029980758713939952   12522.482791397315   12434.296732188259
0.030859658033628758   12338.459203493612   12245.713433254212
0.031764322679055976   12145.655819361435   12048.396443797415
0.03269550797224261   11944.85208910136   11843.157720790901
0.033653991377811755   11736.902636090763   11630.887798363921
0.03464057315210884   11522.80546401961   11412.628379128273
0.03565607701135116   11303.54729440221   11189.40713586745
0.036701350819364466   11080.127006104929   10962.257771723373
0.03777726729548091   10853.845845659418   10732.498184880265
0.038884724743189276   10626.082027309692   10501.513284842296
0.04002464780014597   10398.119871376144   10270.591036587048
0.041197988210172884   10170.95575817378   10040.743924912409
0.04240572561788674   9945.236001494595   9812.652558527823
0.04364886838662332   9721.537667879198   9586.924979164156
0.04492845444033957   9500.589777378309   9364.294173980703
0.04624555213019635   9284.028930576562   9146.288575636003
0.04760126112654554   9073.639695468182   8934.556857671654
0.04899671333706607   8871.003208844075   8730.554240578782
0.05043307385181555   8676.679372586737   8534.763349810339
0.05191154191598653   8490.28536322694   8346.771049172521
0.053433351931179485   8311.418322833128   8166.1487031962215
0.05499977448602865   8139.50824917763   7992.31103196961
0.05661211741704101   7973.592594312507   7824.300957429211
0.05827172690053434   7812.717575848484   7661.174186363509
0.05997998857658587   7655.851285487444   7501.930759997272
0.06173832870592997   7501.695873634801   7345.354442682291
0.0635482153607709   7348.999156791201   7190.280391155646
0.06541115965050462   7196.444874113994   7035.530974974693
0.06732871698337338   7042.624178409081   6879.896617325871
0.06930248836510605   6886.180189276385   6722.2328374911085
0.07133412173562886   6725.479893364967   6561.244688949236
0.07342531334496233   6558.914639349493   6395.688443300727
0.07557780916945323   6385.0336309489885   6224.554114799799
0.07779340636952398   6202.562974198134   6047.075726539194
0.08007395479015682   6010.786093187274   5862.926363604913
0.08242135850536496   5809.833728009779   5672.457762534817
0.08483757740794096   5600.52312746725   5476.587651348675
0.08732462884580919   5384.946601487019   5277.366001045348
0.08988458930634863   5165.657000041413   5077.072504599017
0.09251959615009227   4945.922080680077   4878.280902034604
0.09523184939525078   4729.004317056549   4683.50485850281
0.09802361355455057   4518.144866346681   4495.218800385461
0.10089721952591899   4316.280072421247   4315.455133156407
0.10385506653859616   4126.009666062464   4145.821210670351
0.10689962415629803   3949.5545973749518   3987.6444825951785
0.11003343433910281   3788.62907156037   3841.867357353822
0.11325911356578279   3643.8488276734265   3708.2828385576154
0.11657935501835284   3514.9691210125184   3586.080210705504
0.11999693083066039   3399.8249291355187   3473.5970637102064
0.12351469440289359   3295.2889917472626   3368.6166269748096
0.12713558278394044   3196.9291640674446   3268.009398747594
0.13086261912358757   3100.239606181303   3168.8898222367648
0.13469891519660646   3000.9636402731553   3068.8616444737368
0.13864767400083483   2895.8752507526187   2966.3162842369547
0.14271219243142114   2783.057542139456   2860.5285917549245
0.14689586403346616   2662.2538137444208   2751.8355905393937
0.1512021818353596   2535.0885211363675   2641.6626075049467
0.15563474126517718   2404.631482763283   2532.019891202587
0.16019724315257297   2274.899895365449   2425.0652867673175
0.1648934968186736   2150.1575253003566   2322.7038726561805
0.1697274232565544   2034.4210096539439   2226.771336438427
0.17470305840495237   1930.9117795039167   2138.3188137395446
0.17982455651794954   1841.1957820466616   2057.4237681423206
0.18509619363343993   1764.2414989970325   1983.3937250020504
0.19052237114327647   1696.4142729213193   1914.0909241798463
0.19610761946807834   1632.96672140937   1847.4208411468928
0.20185660183976684   1569.6423530479076   1781.7189143110845
0.20777411819498756   1503.2470069117094   1716.2287646452537
0.21386510918267082   1431.942223071013   1650.8602819436528
0.22013466028907505   1356.2044043218807   1585.748796624026
0.22658800608375756   1279.2404767584615   1522.183698887315
0.23323053459001789   1205.3720408621507   1461.4863406548457
0.2400677917834628   1137.910002373883   1404.4262029852316
0.24710548622244882   1078.4634889980289   1350.7958786926388
0.25434949381426813   1026.7939576092979   1300.6236604973374
0.2618058627210567   980.5813313403729   1253.024607674608
0.2694808184095226   936.4761250548288   1207.2018508622389
0.27738076884870827   891.5965262397895   1162.4351389205306
0.2855123098601282   844.7606033369851   1118.9023660273806
0.29388223062474755   796.9439252043682   1076.5455063345953
0.3024975193514008   750.7348102783992   1036.1598419894117
0.31136536911138296   708.2854332614793   997.7610196974289
0.3204931838440838   670.3435244411396   961.1222005166874
0.32988858453867975   636.2288406366897   926.438489666868
0.3395594155970457   604.0277339099819   893.1166086570223
0.34951375138319807   572.0754713126462   861.0646571111382
0.3597599029647371   540.0547716719229   830.1064841818758
0.37030642505191835   508.7852169754474   800.5031073618972
0.3811621231401457   479.54321037321836   772.1826925241845
0.3923360608618501   452.86015097786645   745.1424163172779
0.4038375675538918   428.1757664929728   719.3621280589072
0.41567624604680364   404.5976843865043   694.6459988914677
0.42786198068238046   381.5916894188979   670.8870194092759
0.4404049455663077   359.36655555559133   648.0762891196968
0.4533156130627191   338.4620976042779   626.2788267063188
0.4666047625377753   319.0467686224828   605.4427248470414
0.4802834893595659   300.81508326363047   585.4896423949499
0.49436321416184764   283.388450876498   566.3487545571232
0.5088556923793517   266.7109745539925   547.9736342860787
0.5237730240626238   250.9436577987298   530.3503282170802
0.5391276639805903   236.17220284549444   513.479539149468
0.5549324320192869   222.2465941808303   497.29130428765325
0.5712005238854289   209.02424153489366   481.73576151273164
0.5879455221237613   196.4939746435268   466.78591296889584
0.6051814074573895   184.6952908714584   452.4358293654223
0.622922570460556   173.5857476057245   438.6445485394135
0.6411838235736077   163.0869303245015   425.3640124806904
0.6599804134701901   153.1700103490651   412.58219778213686
0.6793280337869897   143.82832535936285   400.27640187933474
0.6992428382266549   135.02913275915034   388.4111552054328
0.7197414540448374   126.73333172568492   376.96283550520553
0.7408409959326054   118.91752612132073   365.91460504926806
0.7625590803058332   111.5582274116421   355.2392679669901
0.7849138400134885   104.63070521095624   344.91404509124243
0.8079239394770964   98.11132823772506   334.918086831307
0.8316085902740278   91.97763962266542   325.23198649212816
0.8559875671776167   86.20830664722284   315.83768535998865
0.8810812246675007   80.78307208860708   306.7183855780997
0.9069105139239728   75.68270715759762   297.8584700775822
0.9334970003205227   70.88898396518162   289.24321869527193
0.960862881429187   66.38469204864849   280.85796752704425
0.9890310055537336   62.153516465096644   272.688867961756
1.0180248908061487   58.17997070329753   264.7231562340444
1.047868744742366   54.44936160226204   256.94908985695525
1.0785874845736239   50.9477552283005   249.3558888505983
1.1102067579703248   47.66194372046245   241.93368131876792
1.1427529644757777   44.579412686265826   234.6734600371378
1.1762532775476793   41.68829419125119   227.56730895573443
1.210735667245765   38.977336917225564   220.60840448367125
1.246228923584555   36.43590053843819   213.79059354710202
1.2827626805706884   34.05392773740543   207.10833104337246
1.3203674409449337   31.821915683785075   200.55664622440676
1.3590746016495152   29.730888654805998   194.1311105216324
1.3989164800420282   27.772371770542357   187.82780661262464
1.4399263408778291   25.938365354230978   181.643520768542
1.4821384240834183   24.221318720023174   175.57679487230166
1.525587973344019   22.614109495567703   169.62687921421195
1.5703112655292182   21.11002261288675   163.7931547349026
1.6163456409812174   19.70272903650921   158.07511797161374
1.6637295346910133   18.38626544932589   152.47236738232158
1.7125025083885144   17.155014866485573   146.9845899451274
1.7627052835733923   16.003688121406604   141.6115613743255
1.814379775514258   14.927304763223725   136.35398068391638
1.8675691282445197   13.921175906943573   131.213805740722
1.922317750584177   12.980890868405005   126.19281966158904
1.9786713532176083   12.10230203189981   121.29250314925497
2.0366769868582977   11.281510227257352   116.5140439364398
2.0963830815323896   10.514850839282728   111.858346735694
2.1578394870138577   9.798880618853518   107.32604363316456
2.2210975144450407   9.130364809733015   102.9175891574928
2.286209979177315   8.506263116988329   98.6338087884227
2.3532312448676476   7.923720606260764   94.47545649735953
2.4222172688678643   7.380058358177945   90.44289966271272
2.4932256489445366   6.872763196177482   86.53614166949399
2.5663156713684585   6.399477963558468   82.75484641728309
2.641548360413907   5.957992331124471   79.09836264513828
2.7189865293089923   5.546234125612662   75.56574891601511
2.798694832679631   5.162263058453624   72.15591594015763
2.8807398205309562   4.804264078707601   68.86773434556818
2.9651899938111903   4.470535932921287   65.69981644877028
3.05211586160442   4.159484002652626   62.650513753371435
3.1415899999999994   3.869614021260524   59.717944042156866
