0.01   16500.769664012038   16496.210696564493
0.010293154462191829   16686.23630907243   16681.265351541006
0.010594902878253955   16864.944142284403   16859.524034077243
0.010905497183778876   17036.346927772483   17030.43677643261
0.011225196699963396   17199.871346721156   17193.427258781925
0.011554268350120923   17354.9306842433   17347.906177942852
0.011892986882540897   17500.937999744143   17493.28409214118
0.012241635099881474   17637.28761957859   17628.952124688636
0.012600504095286909   17763.346299805613   17754.272718195578
0.012969893495426888   17878.484584721853   17868.612138855515
0.013350111710660605   17982.07570049613   17971.33927455831
0.013741476192534558   18073.47077251483   18061.79991100478
0.014144313698828986   18152.02517975331   18139.343955670774
0.01455896056637426   18217.111988868117   18203.33929226953
0.014985762991865008   18268.098465974865   18253.14770816101
0.01542507732090645   18304.349164531795   18288.12803969365
0.015877270345534218   18325.258061072378   18307.669054964874
0.016342719610456153   18330.245022049476   18311.185071184827
0.016821813728271667   18318.73863602212   18298.09665031061
0.017314952703931925   18290.20595992477   18267.863012047867
0.017822548268711737   18244.162971204194   18219.993205186795
0.01834502422397195   18180.167240031507   18154.038005996343
0.018882816794999403   18097.827000664736   18069.599442474042
0.019436374995219892   17996.815245119586   17966.345717664546
0.02000616100108813   17876.881381831095   17844.02348122738
0.020592650537967844   17737.863383357697   17702.470624959416
0.021196333277324068   17579.678177628954   17541.605863001998
0.02181771324555934   17402.331334837778   17361.438929216143
0.022457309244835088   17205.97675212638   17162.13414014816
0.02311565528622961   16990.88068993489   16943.9718336735
0.023793301035594242   16757.39211528805   16707.31657535857
0.024490812272480036   16506.029709750648   16452.708981454405
0.025208771362518027   16237.515783989329   16180.90134525974
0.0259477777436476   15952.645948949199   15892.719791558951
0.02670844842659881   15652.325483118357   15589.102402761158
0.027491418510046592   15337.76270173872   15271.302390025008
0.028297341710866907   15010.266691038407   14940.67510126221
0.029126890909937666   14671.167476565377   14598.593642107762
0.029980758713939952   14322.08208053419   14246.719497728684
0.030859658033628758   13964.874409856015   13886.961127947674
0.031764322679055976   13601.345447053685   13521.158333379852
0.03269550797224261   13233.344832988934   13151.194757775243
0.033653991377811755   12863.040605576602   12779.269905104149
0.03464057315210884   12492.523324052328   12407.499534781826
0.03565607701135116   12123.753395474178   12037.860447377052
0.036701350819364466   11759.072306340404   11672.67854540415
0.03777726729548091   11400.952146932268   11314.390080550742
0.038884724743189276   11051.5856636514   10965.151475047833
0.04002464780014597   10712.763110960153   10626.714655186315
0.041197988210172884   10385.76374161264   10300.316739421205
0.04240572561788674   10071.647318786661   9986.977351080852
0.04364886838662332   9771.462864304765   9687.68766388038
0.04492845444033957   9487.24992678509   9404.278591392362
0.04624555213019635   9221.302021787818   9138.785529999564
0.04760126112654554   8975.553050207227   8892.912563479138
0.04899671333706607   8749.872479474214   8666.395428176686
0.05043307385181555   8542.26520246338   8457.192670453715
0.05191154191598653   8350.834646948551   8263.366586028282
0.053433351931179485   8173.776390435035   8083.064584530876
0.05499977448602865   8009.358293583821   7914.499846349971
0.05661211741704101   7855.899216652322   7755.949052381225
0.05827172690053434   7710.987841911926   7605.057931931702
0.05997998857658587   7571.89249713935   7459.208338139938
0.06173832870592997   7435.7096169430915   7315.684752197074
0.0635482153607709   7298.809228785374   7171.235574674394
0.06541115965050462   7157.5850005895745   7022.68296137674
0.06732871698337338   7007.932686777317   6866.573446557253
0.06930248836510605   6845.75686184343   6699.552463954629
0.07133412173562886   6667.651552604841   6519.0622120033695
0.07342531334496233   6470.974065670236   6323.355761630082
0.07557780916945323   6254.495371987858   6111.863865747608
0.07779340636952398   6018.546602635858   5885.300406139698
0.08007395479015682   5765.1651302064765   5645.989479312243
0.08242135850536496   5498.0177553899985   5397.759162413965
0.08483757740794096   5221.8886213548785   5144.847247085058
0.08732462884580919   4942.215520648866   4891.67618960247
0.08988458930634863   4664.953431731217   4643.207991602871
0.09251959615009227   4396.128250785802   4404.299609704467
0.09523184939525078   4142.110602085143   4179.566245509224
0.09802361355455057   3908.4145389285736   3972.852655352618
0.10089721952591899   3700.0967692102613   3787.3911163287985
0.10385506653859616   3520.423791340036   3624.9511886949276
0.10689962415629803   3370.514810974003   3485.3637841552177
0.11003343433910281   3248.9255041614456   3366.7057004828675
0.11325911356578279   3151.8304391057536   3265.439782705135
0.11657935501835284   3073.169767026952   3176.7574759223717
0.11999693083066039   3005.6686056061303   3095.280548297734
0.12351469440289359   2941.0791677206953   3015.3685447386056
0.12713558278394044   2871.2735102115917   2932.0433255624034
0.13086261912358757   2789.0652498432646   2841.3481521366098
0.13469891519660646   2689.467827924662   2740.829607731787
0.13864767400083483   2570.7213765539977   2630.145626386935
0.14271219243142114   2434.4978189607264   2511.313928582377
0.14689586403346616   2285.7360005449254   2388.2713817027943
0.1512021818353596   2132.1512612648894   2265.556132178497
0.15563474126517718   1983.3566210509641   2148.603495616465
0.16019724315257297   1848.9398186460269   2041.8598176660055
0.1648934968186736   1735.906392500167   1948.0903240452365
0.1697274232565544   1646.7548857256284   1867.9379237538003
0.17470305840495237   1579.4208717597398   1799.1417553254034
0.17982455651794954   1528.6748521519166   1738.1928547635903
0.18509619363343993   1487.071659193653   1681.8389722126728
0.19052237114327647   1445.4091776903015   1625.678617914929
0.19610761946807834   1394.84215053192   1566.6414230537662
0.20185660183976684   1330.5991626931232   1504.3683648432398
0.20777411819498756   1253.8146050854714   1439.0965219870561
0.21386510918267082   1170.067315885565   1373.4715205847647
0.22013466028907505   1087.2726821354659   1310.7087670608632
0.22658800608375756   1013.4325977328847   1252.6848498811225
0.23323053459001789   953.7951719616087   1201.0837715505268
0.2400677917834628   908.7043836666213   1154.5311101496027
0.24710548622244882   874.0337241331549   1111.784742413601
0.25434949381426813   842.7187285618785   1070.96560076456
0.2618058627210567   807.5866027608449   1030.344785680317
0.2694808184095226   765.3076109840475   989.5510363609696
0.27738076884870827   717.464873095846   948.7981527236676
0.2855123098601282   668.8929995257355   910.0124799113112
0.29388223062474755   625.3701325513621   873.3044941584509
0.3024975193514008   590.1326476597491   839.5266336699298
0.31136536911138296   562.0189710844977   807.9366236823623
0.3204931838440838   536.9795412645524   777.8634202437764
0.32988858453867975   510.6254220042482   748.5137433520757
0.3395594155970457   481.17671355872136   720.1119707454097
0.34951375138319807   450.5447019083409   692.6140401325322
0.3597599029647371   422.0569005813161   666.5339990210642
0.37030642505191835   397.7774183122099   641.8130969892827
0.3811621231401457   377.09832761650665   618.5539672527877
0.3923360608618501   357.52896884442947   596.3092572585656
0.4038375675538918   337.2210201695414   574.8113486326489
0.41567624604680364   316.503867855192   554.1181050265672
0.42786198068238046   297.00575328139223   534.4124207956002
0.4404049455663077   279.7710284632685   515.7348735126584
0.4533156130627191   264.2200000522818   497.8992321702866
0.4666047625377753   249.1371409882728   480.82251492773656
0.4802834893595659   234.11974096937863   464.37283660943984
0.49436321416184764   219.8129350494241   448.63474185771594
0.5088556923793517   206.7598628373731   433.67986160685035
0.5237730240626238   194.70821148661184   419.4156638370495
0.5391276639805903   183.11724327644893   405.69578078987956
0.5549324320192869   171.94744237046683   392.52976122633197
0.5712005238854289   161.4982550285017   379.93705213565744
0.5879455221237613   151.80147894573744   367.9050556389161
0.6051814074573895   142.62040558564024   356.3518847397439
0.622922570460556   133.87259533473878   345.23157948220876
0.6411838235736077   125.6635597739053   334.58419832091334
0.6599804134701901   117.95869611197928   324.3656545112517
0.6793280337869897   110.6999617804108   314.5400250089398
0.6992428382266549   103.86322082363283   305.0851957283402
0.7197414540448374   97.42634887593113   295.9808312098932
0.7408409959326054   91.36816726165411   287.20787467698926
0.7625590803058332   85.66842122188001   278.7484614832962
0.7849138400134885   80.30775687670572   270.5858392598189
0.8079239394770964   75.26769713819726   262.704294196763
0.8316085902740278   70.53055467323445   255.088649627561
0.8559875671776167   66.07920594638661   247.72267479270005
0.8810812246675007   61.897333508657056   240.5906826034844
0.9069105139239728   57.969484220790555   233.67810403357882
0.9334970003205227   54.28102826613514   226.97141392172605
0.960862881429187   50.818119758992005   220.45806301775536
0.9890310055537336   47.56765892498915   214.1264157609636
1.0180248908061487   44.51725582412964   207.96569304924455
1.047868744742366   41.65520091483469   201.96583447259516
1.0785874845736239   38.970438108412246   196.11732808434894
1.1102067579703248   36.452518459103985   190.4113739979235
1.1427529644757777   34.09156779692598   184.83987937844913
1.1762532775476793   31.878258182764224   179.39541831918783
1.210735667245765   29.8037805554493   174.07119461638823
1.246228923584555   27.859818537641807   168.86100711185915
1.2827626805706884   26.038523315040624   163.75922272695783
1.3203674409449337   24.33248707429568   158.76102721457065
1.3590746016495152   22.734719723637106   153.8624902023221
1.3989164800420282   21.238631279197392   149.06010445782113
1.4399263408778291   19.838011062350322   144.35072692734923
1.4821384240834183   18.52700751451251   139.7315580374682
1.525587973344019   17.30010896447824   135.20012171664615
1.5703112655292182   16.152125312228808   130.75424603834816
1.6163456409812174   15.07817047919143   126.39209177230053
1.6637295346910133   14.07364399496766   122.1129226579614
1.7125025083885144   13.134216097659662   117.91684395465289
1.7627052835733923   12.255814643295105   113.8039999249413
1.814379775514258   11.434610773179228   109.7745404947623
1.8675691282445197   10.667005249105587   105.82861504288408
1.922317750584177   9.949615491445497   101.96636639318486
1.9786713532176083   9.279263288683488   98.1879250227262
2.0366769868582977   8.652962874223032   94.49350089123813
2.0963830815323896   8.067908034523631   90.88407383436446
2.1578394870138577   7.521463392167974   87.360852974636
2.2210975144450407   7.011155724736071   83.92482404734882
2.286209979177315   6.5346644644375305   80.57675380793239
2.3532312448676476   6.089812710717642   77.31719837237975
2.4222172688678643   5.674558739927877   74.14651185015317
2.4932256489445366   5.286987986886514   71.06485521949213
2.5663156713684585   4.925306245075204   68.07235333102899
2.641548360413907   4.587834819501812   65.16957807373133
2.7189865293089923   4.273000510175873   62.35697748942501
2.798694832679631   3.9793283212551045   59.63468830245384
2.8807398205309562   3.7054356604701115   57.00255849135908
2.9651899938111903   3.4500268549536433   54.460169630434635
3.05211586160442   3.2118879681978165   52.00685885680572
3.1415899999999994   2.9898818935845415   49.64173972387809
