0.01   6767.765953854764   6767.070531076194
0.010293154462191829   6853.854687548563   6853.114845438346
0.010594902878253955   6937.907648996863   6937.119441368935
0.010905497183778876   7019.731895050093   7018.890061841181
0.011225196699963396   7099.131451086138   7098.229446569317
0.011554268350120923   7175.900316253282   7174.931320279018
0.011892986882540897   7249.82473827347   7248.782451331335
0.012241635099881474   7320.689476250385   7319.568182270794
0.012600504095286909   7388.275577438067   7387.069646335832
0.012969893495426888   7452.356594242967   7451.059182577517
0.013350111710660605   7512.7055064241185   7511.308343141191
0.013741476192534558   7569.09551557776   7567.588967289182
0.014144313698828986   7621.291071016087   7619.664894293318
0.01455896056637426   7669.053506822521   7667.2972913397325
0.014985762991865008   7712.147941452006   7710.251150798497
0.01542507732090645   7750.339924604638   7748.291404765278
0.015877270345534218   7783.392932190594   7781.179994352837
0.016342719610456153   7811.076857047394   7808.685214213172
0.016821813728271667   7833.168824257034   7830.582664121285
0.017314952703931925   7849.447065088872   7846.649272996121
0.017822548268711737   7859.697514287982   7856.669819677234
0.01834502422397195   7863.71874005472   7860.441810985401
0.018882816794999403   7861.321613949766   7857.774994438761
0.019436374995219892   7852.330197025773   7848.492204912838
0.02000616100108813   7836.585503943861   7832.433363982302
0.020592650537967844   7813.948576254561   7809.458577015106
0.021196333277324068   7784.307146758844   7779.454777097237
0.02181771324555934   7747.572037814557   7742.332174442165
0.022457309244835088   7703.6771006091385   7698.024258678026
0.02311565528622961   7652.596033204509   7646.505323301968
0.023793301035594242   7594.34245361447   7587.790506957055
0.024490812272480036   7528.954600932692   7521.919791951922
0.025208771362518027   7456.50925603926   7448.972211611547
0.0259477777436476   7377.153917356615   7369.098735001369
0.02670844842659881   7291.067485620584   7282.482031559084
0.027491418510046592   7198.4543067938985   7189.330380230641
0.028297341710866907   7099.602684765169   7089.937693110322
0.029126890909937666   6994.862435455704   6984.66045104431
0.029980758713939952   6884.595182591047   6873.866688606285
0.030859658033628758   6769.2161223576795   6757.978092001574
0.031764322679055976   6649.250104567058   6637.526539325694
0.03269550797224261   6525.230706157672   6513.052196740229
0.033653991377811755   6397.694839991424   6385.097931310628
0.03464057315210884   6267.291460194135   6254.317897095185
0.03565607701135116   6134.709722611311   6121.4056859879165
0.036701350819364466   6000.604964963437   5987.020341636355
0.03777726729548091   5865.661870438906   5851.848229735352
0.038884724743189276   5730.635200607587   5716.642930660264
0.04002464780014597   5596.234766177734   5582.112517704474
0.041197988210172884   5463.127577238039   5448.920794036391
0.04240572561788674   5332.0151934534615   5317.758298291682
0.04364886838662332   5203.569999485184   5189.284073701462
0.04492845444033957   5078.396803158024   5064.090460012323
0.04624555213019635   4956.9680159588415   4942.6345184985485
0.04760126112654554   4839.6150318131295   4825.2286722119725
0.04899671333706607   4726.624983367584   4712.142410546112
0.05043307385181555   4618.243190140427   4603.601427835073
0.05191154191598653   4514.650662660385   4499.753023331134
0.053433351931179485   4415.995524152673   4400.709966825423
0.05499977448602865   4322.344613530715   4306.509283003096
0.05661211741704101   4233.012169868334   4216.47100199315
0.05827172690053434   4146.878439037056   4129.502998170832
0.05997998857658587   4062.9112674098897   4044.6001163793703
0.06173832870592997   3980.298097092403   3960.9780703670103
0.0635482153607709   3898.384414603365   3878.011034057052
0.06541115965050462   3816.514629372032   3795.077778049096
0.06732871698337338   3733.7675388152584   3711.3289292504437
0.06930248836510605   3649.191378388781   3625.8942907948017
0.07133412173562886   3561.7938872319805   3537.88963399777
0.07342531334496233   3470.475320073535   3446.3658793549653
0.07557780916945323   3374.302145984063   3350.5347271506103
0.07779340636952398   3272.669721970181   3249.9518067287227
0.08007395479015682   3165.2357994939275   3144.414436863933
0.08242135850536496   3052.3672524926233   3034.3782762067344
0.08483757740794096   2934.8747553000107   2920.6951854292097
0.08732462884580919   2814.1904423398773   2804.7438807655953
0.08988458930634863   2692.1256518738583   2688.215696124016
0.09251959615009227   2570.6227732305897   2572.8745907571256
0.09523184939525078   2451.6056819587793   2460.4338924652384
0.09802361355455057   2336.885029438918   2352.4336049635735
0.10089721952591899   2228.090797493614   2250.2158540416362
0.10385506653859616   2126.7477375105286   2154.9745807907566
0.10689962415629803   2034.0767791872868   2067.6025734066266
0.11003343433910281   1950.9562144411016   1988.6427953152972
0.11325911356578279   1877.5821940305334   1918.0845091512779
0.11657935501835284   1813.226757499298   1855.1477962653196
0.11999693083066039   1756.3705137024542   1798.4127098314743
0.12351469440289359   1704.6272542005402   1745.7671816138675
0.12713558278394044   1655.334623701089   1695.0455830626936
0.13086261912358757   1605.7927398518925   1644.174619499977
0.13469891519660646   1553.7213068912909   1591.448811268712
0.13864767400083483   1497.470537929788   1535.7564128152835
0.14271219243142114   1436.2606434186455   1476.7871514537917
0.14689586403346616   1370.432222252285   1414.9655560082322
0.1512021818353596   1301.2728737763318   1351.3806389374724
0.15563474126517718   1230.8478386491888   1287.7016711281842
0.16019724315257297   1161.5540358060355   1225.6274320650327
0.1648934968186736   1095.8682684472487   1166.8992947806462
0.1697274232565544   1036.105585919299   1112.9994632200244
0.17470305840495237   983.9929945631903   1064.6455674980446
0.17982455651794954   939.8395655476113   1022.0726657436702
0.18509619363343993   902.2499753632419   984.015552894377
0.19052237114327647   868.7444667412942   948.6678558233316
0.19610761946807834   836.7312504568782   914.56546493208
0.20185660183976684   804.0258716374774   880.4268030548687
0.20777411819498756   768.9037150675068   845.3159462805895
0.21386510918267082   730.631411026841   809.0513365401212
0.22013466028907505   690.2142685895467   772.3692652755769
0.22658800608375756   649.9521928182052   736.5659301056103
0.23323053459001789   612.0826075745626   702.8252263786006
0.2400677917834628   578.1188085220327   671.7032906450181
0.24710548622244882   548.6868282726525   643.3649400865139
0.25434949381426813   523.1944199531883   617.3881736061561
0.2618058627210567   500.01939228582535   592.8439309321127
0.2694808184095226   477.3401737133587   569.0044397728487
0.27738076884870827   453.8248728323846   545.3591121700425
0.2855123098601282   429.1876813292839   521.9379435756427
0.29388223062474755   404.457784351422   499.1267202122298
0.3024975193514008   381.032983016608   477.48841686084813
0.31136536911138296   359.7823466893084   457.1625083286297
0.3204931838440838   340.91671444077434   438.1678274238347
0.32988858453867975   323.7619903141823   420.2543407215632
0.3395594155970457   307.230170114442   403.00361669827123
0.34951375138319807   290.70276300484994   386.31238878589727
0.3597599029647371   274.21316994155467   370.1496448757052
0.37030642505191835   258.34376370873514   354.73694540919973
0.3811621231401457   243.69292319556195   340.122735845129
0.3923360608618501   230.29190613567488   326.26862449798614
0.4038375675538918   217.7701721505529   313.0927731529495
0.41567624604680364   205.7000365947366   300.4730609820931
0.42786198068238046   193.93386073165908   288.3538554393514
0.4404049455663077   182.67447279498418   276.7880227406375
0.4533156130627191   172.14989076735284   265.78400999917744
0.4666047625377753   162.34349747540048   255.30965567953302
0.4802834893595659   153.0736495371822   245.32381352596738
0.49436321416184764   144.2001111463493   235.77572581148345
0.5088556923793517   135.74131478243513   226.6539668787765
0.5237730240626238   127.77831140087497   217.96529718800954
0.5391276639805903   120.30063650704157   209.6823826008543
0.5549324320192869   113.23021151831982   201.77968481311854
0.5712005238854289   106.51798274315848   194.23002057780906
0.5879455221237613   100.17229228479619   187.02632739489255
0.6051814074573895   94.19740159132168   180.1547876379511
0.622922570460556   88.56162205192798   173.59518948881203
0.6411838235736077   83.2343821830965   167.32772262008305
0.6599804134701901   78.20606071865477   161.34233451653859
0.6793280337869897   73.46879945008936   155.62737860219264
0.6992428382266549   69.0027502610912   150.1643882970119
0.7197414540448374   64.79171132635238   144.94230060848062
0.7408409959326054   60.824777197298445   139.9494398158058
0.7625590803058332   57.08852834868604   135.17347400628427
0.7849138400134885   53.570267020088714   130.60249999044353
0.8079239394770964   50.25813008449955   126.22535728098985
0.8316085902740278   47.14083845422762   122.03157887463158
0.8559875671776167   44.2076725650102   118.01134362221735
0.8810812246675007   41.448448691177674   114.15543219934698
0.9069105139239728   38.853495978522304   110.45518638469952
0.9334970003205227   36.413634280222   106.90246853327288
0.960862881429187   34.12016272115523   103.48928241366905
0.9890310055537336   31.964844875584113   100.20747135594178
1.0180248908061487   29.93986753412243   97.04935381199596
1.047868744742366   28.037819773446202   94.0077679622434
1.0785874845736239   26.251675240112007   91.0760347796671
1.1102067579703248   24.574774989612507   88.24792413994984
1.1427529644757777   23.0008108809268   85.51762370112876
1.1762532775476793   21.523808892114157   82.87969305659905
1.210735667245765   20.13810482120736   80.32878598886361
1.246228923584555   18.8383341003398   77.85971732753468
1.2827626805706884   17.619425939287282   75.46767089309023
1.3203674409449337   16.476589038780414   73.1481811116954
1.3590746016495152   15.405297652551774   70.89710995738832
1.3989164800420282   14.401278237452043   68.7106257580514
1.4399263408778291   13.460496674633244   66.58518368125429
1.4821384240834183   12.579145903594858   64.51750223157104
1.525587973344019   11.75363373025229   62.504525226611044
1.5703112655292182   10.980572308556235   60.543428756870235
1.6163456409812174   10.25676770025386   58.63161630181892
1.6637295346910133   9.579209656289214   56.766705097665564
1.7125025083885144   8.945061871511463   54.94651340658467
1.7627052835733923   8.351652695653183   53.16904859317648
1.814379775514258   7.796466279014767   51.4324969631792
1.8675691282445197   7.277133619784956   49.735335434407446
1.922317750584177   6.791424250804059   48.07641396567806
1.9786713532176083   6.337239707237609   46.45470915712921
2.0366769868582977   5.912606340978634   44.8692883602806
2.0963830815323896   5.515668366267557   43.31930363692435
2.1578394870138577   5.144681257732998   41.803985931814914
2.2210975144450407   4.798005485569191   40.32263944157724
2.286209979177315   4.4741004960747075   38.87465052936465
2.3532312448676476   4.1715180275401815   37.45968730822841
2.4222172688678643   3.8888973647373892   36.07761202108687
2.4932256489445366   3.624961295657484   34.72828572621082
2.5663156713684585   3.378511262419321   33.4115615969536
2.641548360413907   3.14842274881575   32.12728372438692
2.7189865293089923   2.933640921279069   30.875286002722266
2.798694832679631   2.73317651057678   29.655391099243094
2.8807398205309562   2.5461022967733835   28.467480057121566
2.9651899938111903   2.371550746814914   27.31175614275211
3.05211586160442   2.208708817823558   26.18844724615044
3.1415899999999994   2.0568141052307443   25.0976862128232
