0.01   12955.906315202023   12952.752547850241
0.010293154462191829   13116.747461321085   13113.293890177092
0.010594902878253955   13273.482359379866   13269.700826706408
0.010905497183778876   13425.716400120677   13421.575977029119
0.011225196699963396   13573.030133991006   13568.497375877887
0.011554268350120923   13714.993383860196   13710.032424070267
0.011892986882540897   13851.171480030393   13845.744037698842
0.012241635099881474   13981.109988624032   13975.174843572542
0.012600504095286909   14104.335393719603   14097.847856204842
0.012969893495426888   14220.373082394088   14213.285026611644
0.013350111710660605   14328.742713583117   14321.002540181173
0.013741476192534558   14428.942346826507   14420.494671669821
0.014144313698828986   14520.469573667278   14511.255281008638
0.01455896056637426   14602.827570167039   14592.783903205831
0.014985762991865008   14675.5066055409   14664.56606145829
0.01542507732090645   14737.991853789963   14726.081434093638
0.015877270345534218   14789.782575056577   14776.824055145804
0.016342719610456153   14830.385984307939   14816.295787341656
0.016821813728271667   14859.306205873982   14843.994633029752
0.017314952703931925   14876.067621258942   14859.439175177584
0.017822548268711737   14880.22053736009   14862.174365554703
0.01834502422397195   14871.332483054117   14851.76164476314
0.018882816794999403   14848.997930354872   14827.789396097585
0.019436374995219892   14812.84956439627   14789.88510301601
0.02000616100108813   14762.563694268802   14737.720630520937
0.020592650537967844   14697.865120574934   14671.017002446046
0.021196333277324068   14618.52772614633   14589.545502086148
0.02181771324555934   14524.382676949328   14493.136410434168
0.022457309244835088   14415.35124033431   14381.714084765357
0.02311565528622961   14291.425149562394   14255.275744227047
0.023793301035594242   14152.655017185842   14113.878907010734
0.024490812272480036   13999.20398358402   13957.698363135678
0.025208771362518027   13831.363554265967   13787.042867529331
0.0259477777436476   13649.48405321457   13602.281032098681
0.02670844842659881   13454.003078168325   13403.871092174973
0.027491418510046592   13245.568386050414   13192.489931020069
0.028297341710866907   13024.91099351572   12968.899441898728
0.029126890909937666   12792.798931405769   12733.897723399567
0.029980758713939952   12550.195652862223   12488.483116945874
0.030859658033628758   12298.238522968912   12233.831572170659
0.031764322679055976   12038.058760881308   11971.109878040068
0.03269550797224261   11770.872051888082   11701.566620975385
0.033653991377811755   11498.204760596222   11426.759856759913
0.03464057315210884   11221.580013134562   11148.24030148732
0.03565607701135116   10942.448819608193   10867.481701036491
0.036701350819364466   10662.384699953178   10586.073597972185
0.03777726729548091   10382.999325373998   10305.637727498339
0.038884724743189276   10105.771545670243   10027.65894879472
0.04002464780014597   9832.17144383091   9753.600474517254
0.041197988210172884   9563.825465916616   9485.057415199228
0.04240572561788674   9302.229696347078   9223.49175266288
0.04364886838662332   9048.742262575466   8970.221905076614
0.04492845444033957   8804.8572351713   8726.641264368285
0.04624555213019635   8572.050059334591   8494.099285304435
0.04760126112654554   8351.60283379274   8273.76329756472
0.04899671333706607   8144.042304557351   8066.0599262837095
0.05043307385181555   7949.106903960809   7870.641655397631
0.05191154191598653   7766.491275157406   7687.124777649983
0.053433351931179485   7595.514899995406   7514.763692555271
0.05499977448602865   7435.066737442109   7352.3963111734965
0.05661211741704101   7284.051952752232   7198.884956895695
0.05827172690053434   7140.9497219899595   7052.716444269731
0.05997998857658587   7004.008370569702   6912.1798475885125
0.06173832870592997   6871.406822325019   6775.5277509006155
0.0635482153607709   6740.865058484388   6640.653059959763
0.06541115965050462   6610.100737334561   6505.474459331086
0.06732871698337338   6476.430208873215   6367.645776066169
0.06930248836510605   6337.049914336184   6224.773649051127
0.07133412173562886   6189.22463230614   6074.64479619468
0.07342531334496233   6030.330035205833   5915.259017391708
0.07557780916945323   5858.408321729421   5745.214343189409
0.07779340636952398   5672.328072129383   5563.842492944271
0.08007395479015682   5472.06517729355   5371.552613408933
0.08242135850536496   5258.85325766609   5169.969123076511
0.08483757740794096   5035.094097699901   4961.409640714087
0.08732462884580919   4804.139245633465   4748.746000991648
0.08988458930634863   4570.06135891101   4535.54819895438
0.09251959615009227   4337.240401151406   4325.559096881896
0.09523184939525078   4110.433247366182   4122.457187451007
0.09802361355455057   3894.037748218407   3929.5364711496727
0.10089721952591899   3692.5150273562585   3749.977302481972
0.10385506653859616   3509.5263577924657   3586.205253617531
0.10689962415629803   3347.8644961813116   3439.6249198741016
0.11003343433910281   3208.7215282088287   3310.4844471336455
0.11325911356578279   3091.5742850585243   3197.7953022757824
0.11657935501835284   2993.759848028884   3099.1442199033745
0.11999693083066039   2911.1364207609085   3011.136197212577
0.12351469440289359   2838.0677522818096   2929.438614512884
0.12713558278394044   2768.375950089002   2849.8443724903527
0.13086261912358757   2695.797177861924   2768.5265151185035
0.13469891519660646   2614.7589453546134   2682.196387456114
0.13864767400083483   2521.29736299453   2588.886128544612
0.14271219243142114   2413.718833479898   2488.2059763217335
0.14689586403346616   2293.059517753824   2381.4757618898693
0.1512021818353596   2162.9805128183043   2271.779610013041
0.15563474126517718   2029.187595387299   2162.4883567462443
0.16019724315257297   1898.6971057613212   2057.2972906399077
0.1648934968186736   1778.7211890219237   1960.065275302899
0.1697274232565544   1675.0635898259966   1873.3484103146886
0.17470305840495237   1590.433979314587   1797.29211032057
0.17982455651794954   1523.7476636331428   1730.8575211707305
0.18509619363343993   1470.8676591963629   1671.6465176764943
0.19052237114327647   1425.8263944840774   1616.3647916736127
0.19610761946807834   1381.6542411052317   1561.8241551988597
0.20185660183976684   1331.5470920644761   1505.752268229978
0.20777411819498756   1271.2143166066676   1446.8578424870504
0.21386510918267082   1200.9067475268178   1385.8080533729092
0.22013466028907505   1124.9801709435171   1324.6304821235908
0.22658800608375756   1049.7673801800092   1265.9708600520305
0.23323053459001789   981.6347828721572   1211.5275579024697
0.2400677917834628   925.0468210300288   1162.2750818581258
0.24710548622244882   880.6912784288036   1117.3426120909785
0.25434949381426813   845.346344923656   1076.104996123808
0.2618058627210567   813.3907976160557   1036.617782695678
0.2694808184095226   778.9431776605479   997.7415363223882
0.27738076884870827   738.7400776997774   958.5213795498782
0.2855123098601282   693.8963420017415   919.8522289807805
0.29388223062474755   648.4876922854878   882.6438529388529
0.3024975193514008   607.242684405801   847.4801213844349
0.31136536911138296   573.1193021335471   815.1103138322135
0.3204931838440838   545.4210759196778   784.2852375169708
0.32988858453867975   520.6589966371326   755.3054602774793
0.3395594155970457   495.04924808695847   727.2331283064091
0.34951375138319807   466.8663310626835   699.5580022976612
0.3597599029647371   437.5747727222492   673.0652112307863
0.37030642505191835   410.1894121162046   647.8352180773185
0.3811621231401457   386.61720840206254   624.0591582549791
0.3923360608618501   366.4150263167468   601.4720175146126
0.4038375675538918   347.38263195808537   579.9291710451959
0.41567624604680364   327.743861287799   559.0728424414541
0.42786198068238046   307.702396609922   538.9848748664324
0.4404049455663077   288.7868298771525   519.8482600715105
0.4533156130627191   272.01629428944614   501.6610262468402
0.4666047625377753   256.90217872105205   484.36704803933327
0.4802834893595659   242.2670702506623   467.8131790236192
0.49436321416184764   227.669869601036   451.8157289874621
0.5088556923793517   213.7348696511082   436.50532083868376
0.5237730240626238   201.02456152018357   421.9709553073343
0.5391276639805903   189.3109319468367   408.08117256521535
0.5549324320192869   178.03852975014254   394.7402463486521
0.5712005238854289   167.14826908911368   381.90390504335846
0.5879455221237613   156.95869206711947   369.6269558373414
0.6051814074573895   147.52067914852935   357.90642594648847
0.622922570460556   138.5838607824229   346.6473438517415
0.6411838235736077   130.05189130476865   335.80161218105815
0.6599804134701901   122.04166239142376   325.41319339494595
0.6793280337869897   114.55037392172015   315.4351712834863
0.6992428382266549   107.49275424027147   305.84798020567325
0.7197414540448374   100.83287803319553   296.62101368671017
0.7408409959326054   94.5539933933967   287.73453329589233
0.7625590803058332   88.6402805258277   279.1706137595333
0.7849138400134885   83.0758313904851   270.91242193729806
0.8079239394770964   77.8447554534516   262.94413955055035
0.8316085902740278   72.930269124809   255.249943906165
0.8559875671776167   68.31401660970128   247.81302421504057
0.8810812246675007   63.97841173813452   240.61749029057475
0.9069105139239728   59.90689331995725   233.64857142890583
0.9334970003205227   56.083864817793206   226.89254132738046
0.960862881429187   52.49463767837712   220.3366493633129
0.9890310055537336   49.12537809098459   213.9690576200621
1.0180248908061487   45.96307130722663   207.77876059757966
1.047868744742366   42.99566022708276   201.7552256651771
1.0785874845736239   40.211893335974594   195.8884640400059
1.1102067579703248   37.60110903902127   190.16925606284101
1.1427529644757777   35.153205638671906   184.58911259006766
1.1762532775476793   32.8586167330399   179.1402327343034
1.210735667245765   30.708287306529066   173.81546474274055
1.246228923584555   28.693650526971815   168.60826966236874
1.2827626805706884   26.80659395296559   163.51277029240302
1.3203674409449337   25.039406950710468   158.52396950703522
1.3590746016495152   23.384804969264   153.6374244653329
1.3989164800420282   21.835921133572786   148.84912128580783
1.4399263408778291   20.38628414575486   144.1554512886486
1.4821384240834183   19.02979722162521   139.55318827997576
1.525587973344019   17.760718023667167   135.03946673785524
1.5703112655292182   16.573639608043862   130.61177364110185
1.6163456409812174   15.463474766743069   126.26853528153173
1.6637295346910133   14.425438932449413   122.0092597794624
1.7125025083885144   13.455029646855786   117.83360045706142
1.7627052835733923   12.548010851486938   113.74127222518855
1.814379775514258   11.700398261476423   109.73204311070278
1.8675691282445197   10.908445456265953   105.80572597531975
1.922317750584177   10.168630658535887   101.9621704350821
1.9786713532176083   9.477643691505719   98.20134754847423
2.0366769868582977   8.832370641766953   94.52403379425759
2.0963830815323896   8.22988565961691   90.93128971669756
2.1578394870138577   7.667442515415172   87.4239969364546
2.2210975144450407   7.142464168837324   84.00285889040448
2.286209979177315   6.652532881708432   80.66840597299392
2.3532312448676476   6.195380868852838   77.42100097214514
2.4222172688678643   5.7688814629737255   74.2608451777637
2.4932256489445366   5.371042448577759   71.18827942030758
2.5663156713684585   5.000000384797285   68.20423188113419
2.641548360413907   4.65400835908173   65.3094373815996
2.7189865293089923   4.331428332209732   62.50430555778409
2.798694832679631   4.0307247699113855   59.78894294612243
2.8807398205309562   3.7504586132198092   57.16317495807087
2.9651899938111903   3.4892815722280734   54.62656760651458
3.05211586160442   3.245930325619139   52.178428297250136
3.1415899999999994   3.0192135018381827   49.817409184467365
