0.01   1136.5956479262109   1136.5613093686507
0.010293154462191829   1148.0173047294454   1147.9825113337185
0.010594902878253955   1158.9322082000292   1158.8969547245113
0.010905497183778876   1169.303709627947   1169.2680519199794
0.011225196699963396   1179.0943971713325   1179.058428620949
0.011554268350120923   1188.2645837889488   1188.2283572046438
0.011892986882540897   1196.7743372313305   1196.7378481389344
0.012241635099881474   1204.5839654284239   1204.5471560206784
0.012600504095286909   1211.6525719734218   1211.6154014224037
0.012969893495426888   1217.9387610207575   1217.9012553756727
0.013350111710660605   1223.4020116425058   1223.3642660398914
0.013741476192534558   1228.001555357695   1227.9636948275538
0.014144313698828986   1231.694870852292   1231.6569599586317
0.01455896056637426   1234.440581767061   1234.4026112296099
0.014985762991865008   1236.198872227179   1236.1607671390339
0.01542507732090645   1236.9296184189047   1236.8913149238858
0.015877270345534218   1236.593870397153   1236.5553553662205
0.016342719610456153   1235.1553846035088   1235.116695629505
0.016821813728271667   1232.5795947921881   1232.5407813775269
0.017314952703931925   1228.83303705495   1228.794096358656
0.017822548268711737   1223.8857851537143   1223.846656653518
0.01834502422397195   1217.711804641533   1217.6723755803446
0.018882816794999403   1210.288252790137   1210.2483849206935
0.019436374995219892   1201.5966023015758   1201.5561429091688
0.02000616100108813   1191.623442728396   1191.5822265767258
0.020592650537967844   1180.361357887893   1180.3192167438613
0.021196333277324068   1167.8093009631527   1167.7660747793227
0.02181771324555934   1153.9720743271234   1153.9276132632772
0.022457309244835088   1138.8615976877916   1138.8157620072266
0.02311565528622961   1122.500773787246   1122.4534288330171
0.023793301035594242   1104.9196425300408   1104.870658707754
0.024490812272480036   1086.1543311593707   1086.103588735075
0.025208771362518027   1066.2546229021375   1066.2020739335608
0.0259477777436476   1045.2825518474929   1045.228272452545
0.02670844842659881   1023.3043534346473   1023.2485371325556
0.027491418510046592   1000.395710003002   1000.3386611731896
0.028297341710866907   976.6532022988735   976.5953356422252
0.029126890909937666   952.1772190483024   952.1190481753748
0.029980758713939952   927.069328389641   927.0114545373253
0.030859658033628758   901.4536264451207   901.3967629193173
0.031764322679055976   875.4658928305385   875.4108724027838
0.03269550797224261   849.2349292610156   849.1826819808323
0.033653991377811755   822.8949435183964   822.8464703742246
0.03464057315210884   796.6000607177427   796.5564039702602
0.03565607701135116   770.4943306251392   770.456555603614
0.036701350819364466   744.7119724354205   744.6811394522373
0.03777726729548091   719.414240187505   719.3912772096763
0.038884724743189276   694.7634959496955   694.7491492438526
0.04002464780014597   670.8999207475514   670.8947749788067
0.041197988210172884   647.9352896172875   647.9397472111984
0.04240572561788674   625.9507432280358   625.9649807338252
0.04364886838662332   605.0119145968242   605.03591077033
0.04492845444033957   585.1835678155174   585.2170439144132
0.04624555213019635   566.5890522166899   566.6309481976383
0.04760126112654554   549.359561877772   549.4079332126473
0.04899671333706607   533.6003905718643   533.6525326260131
0.05043307385181555   519.2687202826238   519.3214261807268
0.05191154191598653   506.2108668294057   506.26061294517683
0.053433351931179485   494.28480861446644   494.32776941077225
0.05499977448602865   483.3594007009993   483.3914563985563
0.05661211741704101   473.31300362957097   473.3297463157734
0.05827172690053434   464.0264826749448   464.0232460201858
0.05997998857658587   455.32639027372807   455.2984582047478
0.06173832870592997   447.0213554000232   446.9640752465968
0.0635482153607709   438.9025199538073   438.8116560228492
0.06541115965050462   430.7089472820213   430.5814221438091
0.06732871698337338   422.18288020640136   422.0170215022995
0.06930248836510605   413.03658797320526   412.83306104132316
0.07133412173562886   402.99180052213245   402.7539456370757
0.07342531334496233   391.8317312349459   391.56559374916606
0.07557780916945323   379.4019812605993   379.1162007901044
0.07779340636952398   365.65265496718234   365.3585552603648
0.08007395479015682   350.63744326243494   350.3488762909652
0.08242135850536496   334.52551017213784   334.2574789398674
0.08483757740794096   317.58147778312184   317.3488061519275
0.08732462884580919   300.1371351718829   299.95352267773
0.08988458930634863   282.55562279331156   282.432837559537
0.09251959615009227   265.23598241577366   265.18253328847493
0.09523184939525078   248.581680030441   248.60170650035857
0.09802361355455057   233.01590549422488   233.1076680311541
0.10089721952591899   218.89267956106016   219.04822136845095
0.10385506653859616   206.5203031013332   206.7236325974481
0.10689962415629803   196.06906344343574   196.29831708590478
0.11003343433910281   187.56129455377572   187.79065780034276
0.11325911356578279   180.85088073338656   181.05184423470072
0.11657935501835284   175.6554285540979   175.79832114711616
0.11999693083066039   171.56078988477162   171.62140436854457
0.12351469440289359   168.08684404989125   168.0490110260578
0.12713558278394044   164.69719548834576   164.554003147354
0.13086261912358757   160.87028802690043   160.62874674903304
0.13469891519660646   156.15983705862647   155.84255902258587
0.13864767400083483   150.2760041829994   149.9180984184665
0.14271219243142114   143.1425595621622   142.78726420224675
0.14689586403346616   134.90275307784222   134.59603710711477
0.1512021818353596   125.91051744769528   125.69398815740497
0.15563474126517718   116.70536867197801   116.60704463987824
0.16019724315257297   107.93707111715786   107.96315125271774
0.1648934968186736   100.20031140104447   100.33114750507899
0.1697274232565544   93.86827715555927   94.06386874715832
0.17470305840495237   89.02084212883929   89.22976702546302
0.17982455651794954   85.49190044440557   85.65958030843822
0.18509619363343993   82.94250121013208   83.02301347840199
0.19052237114327647   80.87293197177398   80.83960666770737
0.19610761946807834   78.670577678665   78.52798163472146
0.20185660183976684   75.8093066893917   75.59927390886938
0.20777411819498756   72.07278191352611   71.85583896663375
0.21386510918267082   67.58704087439064   67.42530948316761
0.22013466028907505   62.72007285815234   62.660202061345785
0.22658800608375756   57.99002880664146   58.04602252202123
0.23323053459001789   53.891204684601306   54.03755847467207
0.2400677917834628   50.69226816410069   50.87607804853068
0.24710548622244882   48.36144102960139   48.51538326625026
0.25434949381426813   46.60521685636995   46.68647116131037
0.2618058627210567   44.959181328139636   44.960359213426315
0.2694808184095226   43.01287135390694   42.967814905635755
0.27738076884870827   40.62072489554503   40.58991276414175
0.2855123098601282   37.90980971640231   37.9424783818571
0.29388223062474755   35.20470936135806   35.32158433784262
0.3024975193514008   32.855483328936536   33.03195831930338
0.31136536911138296   31.007483213380265   31.193080164149997
0.3204931838440838   29.554656817468036   29.707050991793512
0.32988858453867975   28.236014503338534   28.343823853946958
0.3395594155970457   26.794948325206015   26.884274996556385
0.34951375138319807   25.167502442239606   25.281363609806128
0.3597599029647371   23.493714951119443   23.65585604510443
0.37030642505191835   21.97014581003324   22.170950477898117
0.3811621231401457   20.70122446347263   20.90839861318422
0.3923360608618501   19.62239760011057   19.810619950476333
0.4038375675538918   18.580167701488925   18.75257868605947
0.41567624604680364   17.483716193380626   17.663115737748484
0.42786198068238046   16.370497894647134   16.57461585318639
0.4404049455663077   15.340877278992274   15.565420183220326
0.4533156130627191   14.44106221974962   14.666642127951604
0.4666047625377753   13.626629486218341   13.843563422505376
0.4802834893595659   12.826268397999598   13.042858969748144
0.49436321416184764   12.030182383008635   12.257155354513113
0.5088556923793517   11.279177419017667   11.516674439586057
0.5237730240626238   10.59945889130838   10.838746529325928
0.5391276639805903   9.969792996223372   10.20645465442657
0.5549324320192869   9.361452160689574   9.600293823338633
0.5712005238854289   8.777345061803103   9.02184302060008
0.5879455221237613   8.23430901800593   8.48163727672452
0.6051814074573895   7.730921211953854   7.9779385013009625
0.622922570460556   7.2529794608702245   7.500454329726241
0.6411838235736077   6.799176005151989   7.0490388654072
0.6599804134701901   6.3745554609045705   6.625450709142549
0.6793280337869897   5.975901702417175   6.227185352402998
0.6992428382266549   5.6009726767413825   5.8523956956983945
0.7197414540448374   5.248456935180485   5.4997770488873545
0.7408409959326054   4.917109120494072   5.168089936023331
0.7625590803058332   4.605745407251496   4.856156575450265
0.7849138400134885   4.313241066247274   4.562858523352381
0.8079239394770964   4.038528077296331   4.287134340501401
0.8316085902740278   3.7805923957457015   4.027976840839234
0.8559875671776167   3.5384689163631196   3.7844276997031523
0.8810812246675007   3.3112417509832963   3.555577999065369
0.9069105139239728   3.098043886647782   3.3405681064372454
0.9334970003205227   2.898054907051264   3.1385853683416483
0.960862881429187   2.710498782088231   2.948861863428201
0.9890310055537336   2.5346417402616392   2.770672233683116
1.0180248908061487   2.369790147211492   2.603331726634758
1.047868744742366   2.215287782316256   2.4461955283990156
1.0785874845736239   2.0705144932417063   2.2986559011230088
1.1102067579703248   1.9348850053546116   2.160139229433783
1.1427529644757777   1.8078471407999426   2.0301043046468696
1.1762532775476793   1.6888801055211797   1.9080406928469757
1.210735667245765   1.5774928532710781   1.7934671660161743
1.246228923584555   1.473222517227182   1.685930248769196
1.2827626805706884   1.3756328184148312   1.5850035787526287
1.3203674409449337   1.284312696995027   1.4902861410137127
1.3590746016495152   1.1988750616527906   1.4014001364977968
1.3989164800420282   1.118955495177348   1.3179897453422282
1.4399263408778291   1.044211019468768   1.2397199667582302
1.4821384240834183   0.9743189208868833   1.1662755081471663
1.525587973344019   0.908975629063355   1.0973597407636033
1.5703112655292182   0.8478955508237838   1.032694119167439
1.6163456409812174   0.7908100905796226   0.9720171144236994
1.6637295346910133   0.7374668247540749   0.9150827538464732
1.7125025083885144   0.6876285907345683   0.8616597455567663
1.7627052835733923   0.6410726168225137   0.8115306693454551
1.814379775514258   0.5975896978674745   0.764491204950084
1.8675691282445197   0.556983414566937   0.7203493957450902
1.922317750584177   0.5190693979936788   0.6789249073770919
1.9786713532176083   0.48367462998414096   0.6400483588778091
2.0366769868582977   0.45063677527227697   0.6035607531189986
2.0963830815323896   0.41980355533072944   0.5693128777501449
2.1578394870138577   0.3910321567523262   0.5371647325367402
2.2210975144450407   0.36418867205018624   0.5069849867555697
2.286209979177315   0.3391475704991333   0.47865046440429293
2.3532312448676476   0.3157911354071149   0.4520455725932286
2.4222172688678643   0.294008968479642   0.4270618023306221
2.4932256489445366   0.27369766799275647   0.4035974544882339
2.5663156713684585   0.25476041439987773   0.38155723934519065
2.641548360413907   0.23710656721213305   0.3608518824185192
2.7189865293089923   0.22065128538874565   0.3413977531173368
2.798694832679631   0.2053151702525264   0.32311651193913676
2.8807398205309562   0.19102399636905895   0.3059340697286985
2.9651899938111903   0.17770845296894303   0.28977958894041106
3.05211586160442   0.16530368338260268   0.27458684533423056
3.1415899999999994   0.15374899062515954   0.2602941348052909
