0.01   12455.460599923661   12454.050535515977
0.010293154462191829   12584.039349321156   12582.518624964308
0.010594902878253955   12707.431354050002   12705.790307128891
0.010905497183778876   12825.242972706246   12823.470651660866
0.011225196699963396   12937.078967805131   12935.163140250186
0.011554268350120923   13042.531023957574   13040.45850125643
0.011892986882540897   13141.179395362482   13138.936363823057
0.012241635099881474   13232.606660113086   13230.17873223404
0.012600504095286909   13316.39086695665   13313.762895457941
0.012969893495426888   13392.086812162703   13389.242190403063
0.013350111710660605   13459.25109707364   13456.17165283653
0.013741476192534558   13517.448622742644   13514.114668772861
0.014144313698828986   13566.234766027701   13562.625097245602
0.01455896056637426   13605.163841315141   13601.255771516115
0.014985762991865008   13633.806859848117   13629.576327566538
0.01542507732090645   13651.742364218708   13647.163518719486
0.015877270345534218   13658.542821864987   13653.586909228836
0.016342719610456153   13653.802459128401   13648.43782118419
0.016821813728271667   13637.142202229568   13631.334465517511
0.017314952703931925   13608.193539758311   13601.905632446153
0.017822548268711737   13566.612407823583   13559.804734593698
0.01834502422397195   13512.094140851348   13504.724917254514
0.018882816794999403   13444.37191924214   13436.39680546983
0.019436374995219892   13363.216561064228   13354.587826005214
0.02000616100108813   13268.447839634291   13259.114768095138
0.020592650537967844   13159.940484894132   13149.850242310118
0.021196333277324068   13037.637745509475   13026.737701187145
0.02181771324555934   12901.545381381458   12889.784365427859
0.022457309244835088   12751.729478936297   12739.058432511498
0.02311565528622961   12588.352696468504   12574.726980996827
0.023793301035594242   12411.682659479224   12397.064693609793
0.024490812272480036   12222.047561121617   12206.40728679673
0.025208771362518027   12019.859454317113   12003.175854990091
0.0259477777436476   11805.702832173714   11787.969536430815
0.02670844842659881   11580.238004229346   11561.46434187744
0.027491418510046592   11344.16974295384   11324.380267385077
0.028297341710866907   11098.381550385324   11077.620127667675
0.029126890909937666   10843.908555053506   10822.241450873455
0.029980758713939952   10581.7885008658   10559.302379465573
0.030859658033628758   10313.14395130442   10289.944831971574
0.031764322679055976   10039.367196829733   10015.581845408084
0.03269550797224261   9761.844792527063   9737.61827563302
0.033653991377811755   9481.908280760788   9457.400688656222
0.03464057315210884   9201.075916125095   9176.459430511808
0.03565607701135116   8920.933458705438   8896.38934950546
0.036701350819364466   8642.927149243693   8618.64274300016
0.03777726729548091   8368.552953899905   8344.712156913642
0.038884724743189276   8099.5785047045   8076.344974900364
0.04002464780014597   7837.614870294344   7815.1307977022625
0.041197988210172884   7584.039986972956   7562.426080393495
0.04240572561788674   7339.858762514593   7319.203126926616
0.04364886838662332   7105.829641274234   7086.1847246018815
0.04492845444033957   6882.587734447016   6863.974082076298
0.04624555213019635   6671.0559870822735   6653.428611556567
0.04760126112654554   6472.680423489331   6455.874244153926
0.04899671333706607   6288.7714422747495   6272.509602198475
0.05043307385181555   6119.994115813538   6103.911469507579
0.05191154191598653   5965.052630598736   5948.748710681599
0.053433351931179485   5822.31272864084   5805.364779331898
0.05499977448602865   5690.287955514444   5672.249041925027
0.05661211741704101   5567.6029115682   5547.992545618748
0.05827172690053434   5452.991292684274   5431.294939417455
0.05997998857658587   5344.97987039247   5320.6809289957
0.06173832870592997   5241.559425466091   5214.203023983903
0.0635482153607709   5140.737382391576   5109.945591024843
0.06541115965050462   5040.06194328482   5005.63230215243
0.06732871698337338   4936.8678279541045   4898.834505397851
0.06930248836510605   4828.446502122854   4787.132173231821
0.07133412173562886   4711.877234892594   4667.986639749381
0.07342531334496233   4584.648070299483   4539.286937567173
0.07557780916945323   4445.016076026892   4399.7835617108785
0.07779340636952398   4291.940345368799   4248.853059655563
0.08007395479015682   4125.750325904252   4087.034897950696
0.08242135850536496   3947.6393501822854   3915.6105327851847
0.08483757740794096   3760.2184568843395   3737.2239974196323
0.08732462884580919   3566.668433901705   3554.9337415545456
0.08988458930634863   3370.826050610013   3372.1762689338816
0.09251959615009227   3176.674844229401   3192.4363950880147
0.09523184939525078   2988.352828561031   3019.2771035600063
0.09802361355455057   2810.1454333482216   2856.090894436601
0.10089721952591899   2645.998750433418   2705.863491872662
0.10385506653859616   2499.2056900261296   2571.001356178673
0.10689962415629803   2372.2908194582606   2453.261540924566
0.11003343433910281   2265.897522300456   2352.608557767568
0.11325911356578279   2179.3848461152925   2267.927674721977
0.11657935501835284   2109.969117668579   2196.6722809269886
0.11999693083066039   2053.823515798165   2135.5191219805074
0.12351469440289359   2005.9120391352558   2080.2290221476464
0.12713558278394044   1960.7469075604222   2026.6678170027299
0.13086261912358757   1912.7926989712619   1970.9714970450832
0.13469891519660646   1857.100039118334   1909.746273869403
0.13864767400083483   1790.2072696958458   1841.0439035905033
0.14271219243142114   1710.6481806149304   1764.4160458705708
0.14689586403346616   1619.334427295598   1680.8431536106016
0.1512021818353596   1519.3696905866843   1593.296279329685
0.15563474126517718   1415.7254528860283   1505.2370471052184
0.16019724315257297   1314.6739264497357   1420.4082637533393
0.1648934968186736   1222.7159544807487   1342.9460840777965
0.1697274232565544   1144.8037640591597   1275.398145387372
0.17470305840495237   1082.8393300457979   1218.1031075630558
0.17982455651794954   1035.682265723666   1170.2076815516969
0.18509619363343993   1000.0759595807441   1128.8892447288233
0.19052237114327647   971.2831053184194   1091.2662082103311
0.19610761946807834   943.3317504291113   1054.462012721644
0.20185660183976684   910.2521072729497   1015.4339498114068
0.20777411819498756   868.5319579437586   972.8125155274572
0.21386510918267082   818.5030996084769   927.5270860824645
0.22013466028907505   763.55660775015   881.4555567280024
0.22658800608375756   708.6057722177505   836.747169462151
0.23323053459001789   658.9724861452962   795.7479349670598
0.2400677917834628   618.3479907091378   759.381636011435
0.24710548622244882   587.313886272948   727.5558539888589
0.25434949381426813   563.532759264778   699.017482359536
0.2618058627210567   542.6285656408766   671.987237287833
0.2694808184095226   519.8684365846316   645.0019192294257
0.27738076884870827   492.7542250925782   617.4545680636841
0.2855123098601282   461.94824466888076   589.7390527507717
0.29388223062474755   430.28760069706226   562.8528625948281
0.3024975193514008   401.4514426915259   537.7850251612762
0.31136536911138296   377.78520832843924   514.7249881865681
0.3204931838440838   358.8714718155041   493.6613722030784
0.32988858453867975   342.3391119410051   473.66422708262473
0.3395594155970457   325.37629643416534   454.28092572606124
0.34951375138319807   306.58162319489895   435.24466850411324
0.3597599029647371   286.8886537739743   416.78788889653066
0.37030642505191835   268.3204279124819   399.3206062933807
0.3811621231401457   252.30361691824308   382.9831498649909
0.3923360608618501   238.68884355705666   367.57484123118564
0.4038375675538918   226.02917488842428   352.93713481681334
0.41567624604680364   213.07228216445515   338.78975270332114
0.42786198068238046   199.84100267312908   325.1518173816944
0.4404049455663077   187.2612657336869   312.19101343061647
0.4533156130627191   176.05853345446323   299.9438657682606
0.4666047625377753   165.99941577589874   288.3386154371086
0.4802834893595659   156.36494867847634   277.2598707162518
0.49436321416184764   146.812530746086   266.6111165027675
0.5088556923793517   137.66700759401397   256.44381325732286
0.5237730240626238   129.28297376995013   246.80823381755988
0.5391276639805903   121.57252517740046   237.637473191655
0.5549324320192869   114.21093329475343   228.87139221630386
0.5712005238854289   107.12515217624805   220.47294668969556
0.5879455221237613   100.47675949481749   212.46746694514397
0.6051814074573895   94.31122306940529   204.84817069026147
0.622922570460556   88.50061589526527   197.56537180536253
0.6411838235736077   82.97385075192852   190.58576298037437
0.6599804134701901   77.78273987340116   183.92415716345047
0.6793280337869897   72.92700292124053   177.56626009516162
0.6992428382266549   68.35751610586406   171.48223793623322
0.7197414540448374   64.05693900696645   165.65615105600867
0.7408409959326054   60.01154556341074   160.07427610015267
0.7625590803058332   56.208097360273285   154.72372404696878
0.7849138400134885   52.63384791319332   149.59238419142306
0.8079239394770964   49.27654416333771   144.66887226093053
0.8316085902740278   46.1244254682723   139.9424823339371
0.8559875671776167   43.1662083535437   135.40310908157426
0.8810812246675007   40.390796160991215   131.04038576739467
0.9069105139239728   37.78734471435245   126.84371290808298
0.9334970003205227   35.34561028545182   122.80318341874555
0.960862881429187   33.05593444663999   118.90957850392938
0.9890310055537336   30.90921207010956   115.15431837066079
1.0180248908061487   28.896860997761408   111.52941708133176
1.047868744742366   27.010793298478717   108.02744116012568
1.0785874845736239   25.243391998477023   104.64145084440067
1.1102067579703248   23.58752820813559   101.36472836250564
1.1427529644757777   22.036507511021675   98.19086275149141
1.1762532775476793   20.58401011725198   95.1139117995437
1.210735667245765   19.22407138630461   92.12837465061008
1.246228923584555   17.9510638955792   89.2291630068663
1.2827626805706884   16.75968025807221   86.41157460784497
1.3203674409449337   15.644916670006019   83.67126875764538
1.3590746016495152   14.60205565507501   81.00424852358161
1.3989164800420282   13.626642700874793   78.40686816943976
1.4399263408778291   12.71448057709551   75.87578988748425
1.4821384240834183   11.861620412764237   73.407949686675
1.525587973344019   11.064347989478422   71.00054072873459
1.5703112655292182   10.319170699341525   68.65099775529298
1.6163456409812174   9.622805160899125   66.35698242592952
1.6637295346910133   8.97216546476375   64.11636946662668
1.7125025083885144   8.364351995021496   61.92732366227357
1.7627052835733923   7.796640780052321   59.78855996594528
1.814379775514258   7.266473573294724   57.699002193538064
1.8675691282445197   6.771448379854523   55.65766386857595
1.922317750584177   6.309310449699039   53.66364150989703
1.9786713532176083   5.8779437495181295   51.71610814570228
2.0366769868582977   5.475362890817135   49.8143070402684
2.0963830815323896   5.0997054913885975   47.95754590136861
2.1578394870138577   4.749224371766153   46.14532463983764
2.2210975144450407   4.422280049315532   44.377512477707526
2.286209979177315   4.117335852133729   42.65400641963004
2.3532312448676476   3.8329520033041486   40.97466982895828
2.4222172688678643   3.567779773107197   39.33933231208553
2.4932256489445366   3.320555964590267   37.74778970911605
2.5663156713684585   3.090097714926004   36.199804189990545
2.641548360413907   2.8752976113075452   34.695107573084705
2.7189865293089923   2.675120066882376   33.23360768516198
2.798694832679631   2.488597222564971   31.815472512790667
2.8807398205309562   2.314823058304705   30.440776506704722
2.9651899938111903   2.152949483202909   29.109473966186073
3.05211586160442   2.002182813497665   27.821407154684422
3.1415899999999994   1.8617804499729007   26.57631435285794
