0.01   2684.0632227882807   2684.00429334628
0.010293154462191829   2716.724804348243   2716.6659648033633
0.010594902878253955   2748.562624965331   2748.5040987377283
0.010905497183778876   2779.499535551254   2779.4415701826724
0.011225196699963396   2809.455301639002   2809.398054879028
0.011554268350120923   2838.348791739498   2838.2923247213926
0.011892986882540897   2866.0963359678417   2866.0406508737456
0.012241635099881474   2892.609522942638   2892.5546544601607
0.012600504095286909   2917.7990638885667   2917.745093052333
0.012969893495426888   2941.57517128282   2941.5222213318343
0.013350111710660605   2963.8443213357596   2963.7925139462586
0.013741476192534558   2984.51159558828   2984.461028711738
0.014144313698828986   3003.482926050961   3003.4336728857247
0.01455896056637426   3020.6625859553383   3020.6147041085555
0.014985762991865008   3035.9520711407263   3035.9056171824727
0.01542507732090645   3049.2546319756457   3049.2096624083297
0.015877270345534218   3060.475208388423   3060.43175489674
0.016342719610456153   3069.517049833159   3069.474993672098
0.016821813728271667   3076.285544655118   3076.244575351402
0.017314952703931925   3080.6902421387904   3080.649861589018
0.017822548268711737   3082.6427573709393   3082.602393294742
0.01834502422397195   3082.0573441489746   3082.0164673410113
0.018882816794999403   3078.854322794419   3078.812455033803
0.019436374995219892   3072.960541747467   3072.917187198526
0.02000616100108813   3064.3092638500098   3064.263678288286
0.020592650537967844   3052.841724386635   3052.792874024354
0.021196333277324068   3038.5082301475954   3038.454815855449
0.02181771324555934   3021.2714615958453   3021.212113508499
0.022457309244835088   3001.1060730017593   3001.0394873285263
0.02311565528622961   2977.997173789374   2977.9221234874394
0.023793301035594242   2951.945606358816   2951.8610006415965
0.024490812272480036   2922.9737895688545   2922.878790812579
0.025208771362518027   2891.1163199044763   2891.0103570237293
0.0259477777436476   2856.42142911093   2856.304232223693
0.02670844842659881   2818.969724653131   2818.8416161752875
0.027491418510046592   2778.8612713116017   2778.7232765614226
0.028297341710866907   2736.205020422837   2736.058828305571
0.029126890909937666   2691.139241998534   2690.9872827511313
0.029980758713939952   2643.8389118765185   2643.6844759793566
0.030859658033628758   2594.484173482453   2594.3313432986292
0.031764322679055976   2543.2679465768765   2543.1215710087095
0.03269550797224261   2490.4375770513475   2490.303484918552
0.033653991377811755   2436.2509523631024   2436.1359203773477
0.03464057315210884   2380.958921490675   2380.870532874845
0.03565607701135116   2324.843293241034   2324.7896918686697
0.036701350819364466   2268.2109925347986   2268.2006570698472
0.03777726729548091   2211.350700947371   2211.3923431913295
0.038884724743189276   2154.558103306844   2154.660362325881
0.04002464780014597   2098.19226620766   2098.3629718763
0.041197988210172884   2042.5963449448298   2042.8424329482152
0.04240572561788674   1988.0753541821368   1988.4028662970309
0.04364886838662332   1934.8520283335956   1935.2652430593248
0.04492845444033957   1883.0905434325855   1883.591524259374
0.04624555213019635   1832.934916719193   1833.5237418365662
0.04760126112654554   1784.591021358402   1785.2646594358519
0.04899671333706607   1738.4063761591208   1739.1562452725702
0.05043307385181555   1694.7097786566608   1695.5220546611836
0.05191154191598653   1653.718680580809   1654.5752673809225
0.053433351931179485   1615.252076267912   1616.132885781214
0.05499977448602865   1579.025963929995   1579.9096324422446
0.05661211741704101   1544.7748165605683   1545.6384752583488
0.05827172690053434   1512.2309986771727   1513.0488345393355
0.05997998857658587   1481.1397756469164   1481.882762030532
0.06173832870592997   1451.219901700569   1451.8572390509696
0.0635482153607709   1422.0917564364822   1422.5941610006917
0.06541115965050462   1393.379556567385   1393.7200901183073
0.06732871698337338   1364.6464554907343   1364.805466070622
0.06930248836510605   1335.4183290955782   1335.3871944181208
0.07133412173562886   1305.2189094872233   1305.0028932318507
0.07342531334496233   1273.5229773183062   1273.147835220409
0.07557780916945323   1239.8618446207072   1239.374165603321
0.07779340636952398   1203.864525274295   1203.3342438121897
0.08007395479015682   1165.2766261319575   1164.794732698356
0.08242135850536496   1124.1175788306223   1123.791299169903
0.08483757740794096   1080.580368698353   1080.527999945697
0.08732462884580919   1035.1491667148127   1035.4945596998682
0.08988458930634863   988.4426593024484   989.3081185530127
0.09251959615009227   941.253400548016   942.7476281697186
0.09523184939525078   894.4022293083578   896.614098928749
0.09802361355455057   848.7357512342752   851.7279918922305
0.10089721952591899   805.0919456809486   808.8859277002593
0.10385506653859616   764.2510205366448   768.8195404647549
0.10689962415629803   726.8825165786538   732.1499420241317
0.11003343433910281   693.5334999526838   699.3776349453628
0.11325911356578279   664.4265262860296   670.6751222788291
0.11657935501835284   639.5243192624341   645.9639928605604
0.11999693083066039   618.3245685277732   624.7532190941256
0.12351469440289359   600.0653351918119   606.3106192124781
0.12713558278394044   583.681166552105   589.6125620871488
0.13086261912358757   568.0191261200281   573.5794322909381
0.13469891519660646   551.9280387982506   557.1572875542629
0.13864767400083483   534.4010038440942   539.439068686187
0.14271219243142114   514.7301671124789   519.8097335906723
0.14689586403346616   492.6117802114784   498.03890470497475
0.1512021818353596   468.2449543762572   474.3601059145841
0.15563474126517718   442.28854229051865   449.39031779149735
0.16019724315257297   415.74033190287116   424.0485827785271
0.1648934968186736   389.80809468827636   399.42547304654465
0.1697274232565544   365.75693774588234   376.59871892792694
0.17470305840495237   344.66169497787746   356.4477587105553
0.17982455651794954   327.073164115244   339.4435006374922
0.18509619363343993   312.8326044784776   325.34651002526596
0.19052237114327647   301.1775080883854   313.45853326713154
0.19610761946807834   291.0234863985166   302.84814295033397
0.20185660183976684   281.1774980025818   292.49641421207076
0.20777411819498756   270.4832697563825   281.4685113870287
0.21386510918267082   258.142476416667   269.1533550478093
0.22013466028907505   244.12092282829684   255.58207575665247
0.22658800608375756   229.16127242710814   241.41102495627575
0.23323053459001789   214.36146608485328   227.51591299093766
0.2400677917834628   200.78377433585118   214.72851982713001
0.24710548622244882   189.1956428877788   203.56244548177955
0.25434949381426813   179.76966363327247   194.1503288325002
0.2618058627210567   172.00500247253154   186.01115784747196
0.2694808184095226   164.96057393952123   178.44744011474336
0.27738076884870827   157.66944058287024   170.77849646178424
0.2855123098601282   149.53684053916743   162.59801072644277
0.29388223062474755   140.69025933182712   154.0540112113692
0.3024975193514008   131.787904575809   145.60334458881619
0.31136536911138296   123.56863385264185   137.76729042553526
0.3204931838440838   116.52768106785447   130.7919953856154
0.32988858453867975   110.61413870477733   124.65504859349937
0.3395594155970457   105.28811790338781   118.96956362339705
0.34951375138319807   99.95412605832286   113.36721675901244
0.3597599029647371   94.31375673483635   107.67264849834673
0.37030642505191835   88.54047096366249   102.05070521435212
0.3811621231401457   83.08856253766976   96.7319865667249
0.3923360608618501   78.25868069754831   91.85904726181145
0.4038375675538918   74.00736739327178   87.40018591258624
0.41567624604680364   70.03018136528418   83.1805019901906
0.42786198068238046   66.05024877007745   79.05404677891201
0.4404049455663077   62.066743406441475   75.03730234283195
0.4533156130627191   58.28495794822489   71.23042843138663
0.4666047625377753   54.85287145505861   67.68234808119881
0.4802834893595659   51.72125948551826   64.36094479840848
0.49436321416184764   48.72896122692967   61.19440317132046
0.5088556923793517   45.80279339430109   58.14642802315211
0.5237730240626238   43.00958775695322   55.24870204593976
0.5391276639805903   40.425115831055436   52.52233770414968
0.5549324320192869   38.0267771123376   49.94980741287657
0.5712005238854289   35.74329552621838   47.50254524093927
0.5879455221237613   33.556778868620775   45.17235140158768
0.6051814074573895   31.500840687238803   42.96639822939416
0.622922570460556   29.583403078301384   40.882816942686325
0.6411838235736077   27.774734815687562   38.906257552082046
0.6599804134701901   26.058350019062427   37.02956042764474
0.6793280337869897   24.44350627538892   35.252595810240074
0.6992428382266549   22.929602858542736   33.57022878572736
0.7197414540448374   21.504456971593676   31.97609102965813
0.7408409959326054   20.162031114246684   30.46524107387356
0.7625590803058332   18.898219034374875   29.033404043164143
0.7849138400134885   17.70904826016271   27.67650864567165
0.8079239394770964   16.59068274355982   26.390679413189407
0.8316085902740278   15.539424755372906   25.172229091053325
0.8559875671776167   14.55171591548301   24.01765114602391
0.8810812246675007   13.624119785566666   22.923598609512783
0.9069105139239728   12.753213854357003   21.886789745867354
0.9334970003205227   11.935693444056854   20.90407604625586
0.960862881429187   11.168436086211944   19.972487334010395
0.9890310055537336   10.448492454159027   19.089221889752775
1.0180248908061487   9.773077339143061   18.251636833753864
1.047868744742366   9.13956106314541   17.457239051216522
1.0785874845736239   8.545461316901875   16.703676606122936
1.1102067579703248   7.988441828695217   15.988709472904581
1.1427529644757777   7.466313943893438   15.31016907986802
1.1762532775476793   6.977011091566961   14.666008302525459
1.210735667245765   6.518579490678069   14.05430440919136
1.246228923584555   6.089172747604664   13.473251015321166
1.2827626805706884   5.687046654188712   12.921150586720895
1.3203674409449337   5.310554183481561   12.396407452414607
1.3590746016495152   4.958140589311789   11.897519553632964
1.3989164800420282   4.628336412082733   11.423025305500778
1.4399263408778291   4.319753550578401   10.971501051439926
1.4821384240834183   4.031084122581653   10.541614102330628
1.525587973344019   3.761096353539232   10.132119180644299
1.5703112655292182   3.508630489815705   9.741852109442018
1.6163456409812174   3.272594905933464   9.369723997020692
1.6637295346910133   3.0519623984671105   9.01471587539959
1.7125025083885144   2.845766651260828   8.675868494569562
1.7627052835733923   2.653098832622486   8.352244472106808
1.814379775514258   2.4731044554246813   8.042951424663114
1.8675691282445197   2.3049803767317867   7.747157586505614
1.922317750584177   2.1479719164851145   7.464087401878279
1.9786713532176083   2.0013701222954436   7.193017377033328
2.0366769868582977   1.8645091742475062   6.933272271590093
2.0963830815323896   1.7367639233459533   6.684221580197057
2.1578394870138577   1.6175473448368414   6.4452613386749755
2.2210975144450407   1.506308040203893   6.215787637925758
2.286209979177315   1.402528755982415   5.995233274381204
2.3532312448676476   1.3057244823909433   5.783072305094236
2.4222172688678643   1.2154405425184973   5.578816981640255
2.4932256489445366   1.131250787329492   5.3820149449288825
2.5663156713684585   1.0527558911709556   5.192246655714551
2.641548360413907   0.9795817612030566   5.009123655372356
2.7189865293089923   0.9113784934457334   4.832302927004918
2.798694832679631   0.8478188271798306   4.661484014922297
2.8807398205309562   0.7885961746743838   4.49638694303314
2.9651899938111903   0.7334233600122242   4.336749822796994
3.05211586160442   0.6820314595080528   4.182327670892224
3.1415899999999994   0.6341687057360507   4.032891308533677
