0.01   2467.592618538605   2467.451908137724
0.010293154462191829   2484.1396795968512   2483.997805402126
0.010594902878253955   2499.2440848725223   2499.101127321231
0.010905497183778876   2512.8287072674157   2512.684738696457
0.011225196699963396   2524.816586463289   2524.6716697893894
0.011554268350120923   2535.13272207172   2534.986910508754
0.011892986882540897   2543.7014980923486   2543.5548347312774
0.012241635099881474   2550.444393460886   2550.2969107336503
0.012600504095286909   2555.2854622464038   2555.137181861553
0.012969893495426888   2558.151770948842   2558.0027108801255
0.013350111710660605   2558.9695665482577   2558.8197917053963
0.013741476192534558   2557.6675955130486   2557.517240300735
0.014144313698828986   2554.1798375291773   2554.0291039346253
0.01455896056637426   2548.443308966235   2548.292372013417
0.014985762991865008   2540.3972492915673   2540.2461163703047
0.01542507732090645   2529.9876518383903   2529.836153405453
0.015877270345534218   2517.1676500345347   2517.015463476551
0.016342719610456153   2501.8955092445813   2501.7422753408823
0.016821813728271667   2484.1373251576706   2483.982690536599
0.017314952703931925   2463.8687167952335   2463.7123362781726
0.017822548268711737   2441.0758222791737   2440.917338368458
0.01834502422397195   2415.7558361434903   2415.594854907852
0.018882816794999403   2387.9168164343505   2387.7529115864513
0.019436374995219892   2357.5797085845907   2357.412447542493
0.02000616100108813   2324.7842886309804   2324.6133235997568
0.020592650537967844   2289.58337297112   2289.4084647120453
0.021196333277324068   2252.041256479307   2251.86227356121
0.02181771324555934   2212.24612457294   2212.063058494811
0.022457309244835088   2170.3082729664675   2170.12124995542
0.02311565528622961   2126.3466009590456   2126.1558748920106
0.023793301035594242   2080.4969826695665   2080.3029869876823
0.024490812272480036   2032.9331385857024   2032.7366746645216
0.025208771362518027   1983.8375379545294   1983.6397804532874
0.0259477777436476   1933.3956671583908   1933.1981208854536
0.02670844842659881   1881.8317465206878   1881.6362150332436
0.027491418510046592   1829.393893744203   1829.2024414622856
0.028297341710866907   1776.320053843575   1776.1349558890959
0.029126890909937666   1722.8594472856237   1722.6831546981539
0.029980758713939952   1669.3064939818537   1669.1416230769812
0.030859658033628758   1615.9411374706526   1615.7904262479212
0.031764322679055976   1563.0230146225535   1562.8892626113593
0.03269550797224261   1510.8459273403296   1510.7318016250622
0.033653991377811755   1459.706460599147   1459.6143929299596
0.03464057315210884   1409.86397368891   1409.7961699754364
0.03565607701135116   1361.561177487439   1361.519404168508
0.036701350819364466   1315.044356966758   1315.0295207789145
0.03777726729548091   1270.526278306004   1270.538490662985
0.038884724743189276   1228.185689269163   1228.224296128819
0.04002464780014597   1188.179760160981   1188.2427008120576
0.041197988210172884   1150.6423800252421   1150.7260204211887
0.04240572561788674   1115.6828690807479   1115.78221526059
0.04364886838662332   1083.3352659067355   1083.4438715080357
0.04492845444033957   1053.5324883973756   1053.6421693387385
0.04624555213019635   1026.2033195217161   1026.304271968271
0.04760126112654554   1001.2253640847879   1001.3064678244356
0.04899671333706607   978.2637533600874   978.3133708423037
0.05043307385181555   956.9596245431836   956.9657841708208
0.05191154191598653   936.9842054528307   936.9346855477627
0.053433351931179485   918.0320908176384   917.9147482379866
0.05499977448602865   899.8201039207505   899.6229897182833
0.05661211741704101   882.0048716557229   881.7171628062902
0.05827172690053434   864.1002811737825   863.7141690159036
0.05997998857658587   845.6301515391956   845.1413117335273
0.06173832870592997   826.0616845567822   825.4717924327002
0.0635482153607709   804.855282475048   804.1734608389517
0.06541115965050462   781.5847704307118   780.8279519341914
0.06732871698337338   755.9780897515394   755.1716123299129
0.06930248836510605   727.9196856639642   727.0958236767749
0.07133412173562886   697.6052257552429   696.8005823934604
0.07342531334496233   665.368465823484   664.6219438848792
0.07557780916945323   631.7774954820065   631.128389502581
0.07779340636952398   597.4506637155736   596.9361307704802
0.08007395479015682   563.0468003160051   562.6969708928862
0.08242135850536496   529.2277079304642   529.0637548491623
0.08483757740794096   496.74352919618207   496.7754568966947
0.08732462884580919   466.3152681191787   466.5389990727436
0.08988458930634863   438.6397368489759   439.03316178786815
0.09251959615009227   414.2494289088106   414.7716865516406
0.09523184939525078   393.51827707687374   394.11124534319555
0.09802361355455057   376.4306930689463   377.023983956709
0.10089721952591899   362.72608796351835   363.24061426508393
0.10385506653859616   351.7968330601984   352.15934802078795
0.10689962415629803   342.871178266503   343.0215959838734
0.11003343433910281   335.0179495828719   334.9162870571403
0.11325911356578279   327.28463929293287   326.9182388415096
0.11657935501835284   318.7367181456201   318.130033666483
0.11999693083066039   308.6330528464415   307.84520171745413
0.12351469440289359   296.5055093113358   295.624345984946
0.12713558278394044   282.28561976701565   281.4188571909735
0.13086261912358757   266.2547512528421   265.52022107281624
0.13469891519660646   249.0114057287384   248.51756962855714
0.13864767400083483   231.44880032362505   231.2653498971644
0.14271219243142114   214.6974112445693   214.83877618663465
0.14689586403346616   199.8185454471095   200.23627821010672
0.1512021818353596   187.48817506933813   188.0805867615469
0.15563474126517718   177.7978885618615   178.43690698813342
0.16019724315257297   170.38371007469001   170.93962325998118
0.1648934968186736   164.66524092532669   165.03109940598722
0.1697274232565544   159.82518091310538   159.9389400681868
0.17470305840495237   154.8448126952964   154.7172757264766
0.17982455651794954   148.82928104283886   148.55124698518318
0.18509619363343993   141.43293307560901   141.15363839414147
0.19052237114327647   132.91090190840328   132.77772445568192
0.19610761946807834   123.85985708900527   123.97281431949294
0.20185660183976684   115.06334487117951   115.45380719538949
0.20777411819498756   107.29658693968997   107.91550892163797
0.21386510918267082   100.98256548778708   101.7015899206478
0.22013466028907505   96.06763751367707   96.75622080597907
0.22658800608375756   92.11831840892502   92.67867968532839
0.23323053459001789   88.42785505870567   88.84019375824562
0.2400677917834628   84.35805190200784   84.68872731766241
0.24710548622244882   79.71198468788225   80.08274203538116
0.25434949381426813   74.6796465127693   75.18736255649507
0.2618058627210567   69.6867663686107   70.37534630150412
0.2694808184095226   65.22993478189413   66.05534562716652
0.27738076884870827   61.52135455127845   62.38417950005751
0.2855123098601282   58.4114918407844   59.23462946129961
0.29388223062474755   55.5624610142091   56.31581788369645
0.3024975193514008   52.629410598668066   53.35982820263436
0.31136536911138296   49.514215845460704   50.29320324796909
0.3204931838440838   46.39515470032273   47.264609839953046
0.32988858453867975   43.5037619943414   44.44665636582149
0.3395594155970457   40.9669567269173   41.93279750558991
0.34951375138319807   38.716657632052254   39.66390457406165
0.3597599029647371   36.57288318613843   37.500742185445006
0.37030642505191835   34.42618889457359   35.36794284817367
0.3811621231401457   32.312647642028786   33.29333931910724
0.3923360608618501   30.332362388104304   31.345580431245256
0.4038375675538918   28.53442146171145   29.55536152428327
0.41567624604680364   26.875301434220237   27.889239658186746
0.42786198068238046   25.282623990901374   26.29642043356474
0.4404049455663077   23.74177219650539   24.768627726894938
0.4533156130627191   22.28596963305101   23.326483863953452
0.4666047625377753   20.93688235647893   21.980208037592337
0.4802834893595659   19.676145927055373   20.716493992608637
0.49436321416184764   18.477022701380783   19.5177445471909
0.5088556923793517   17.338233821189217   18.38228627662953
0.5237730240626238   16.27034287904034   17.31487886759136
0.5391276639805903   15.27074143758427   16.31183218954277
0.5549324320192869   14.327548358502664   15.36534130139769
0.5712005238854289   13.436845597039088   14.471982278533075
0.5879455221237613   12.600042644895174   13.631110528947108
0.6051814074573895   11.814373646630235   12.839719897844153
0.622922570460556   11.07487986691104   12.09411937993515
0.6411838235736077   10.37876259423541   11.39170150930466
0.6599804134701901   9.724794072089956   10.730482725280899
0.6793280337869897   9.110615010889388   10.108143495181443
0.6992428382266549   8.533851572339167   9.522434208711534
0.7197414540448374   7.992271838055269   8.971229646245957
0.7408409959326054   7.483777104444259   8.452522694629268
0.7625590803058332   7.006393734922159   7.964418326010525
0.7849138400134885   6.558265532445441   7.505127833809442
0.8079239394770964   6.137658253090298   7.07296872981497
0.8316085902740278   5.742977682363134   6.666371251717279
0.8559875671776167   5.372722568821939   6.28385477393888
0.8810812246675007   5.02547025005482   5.924018969637346
0.9069105139239728   4.6998732296499695   5.585540058473278
0.9334970003205227   4.394655846237524   5.267167170014503
0.960862881429187   4.108611037203034   4.967718825382168
0.9890310055537336   3.840595603335847   4.686079377105398
1.0180248908061487   3.589520175485065   4.421195008490964
1.047868744742366   3.35435442794227   4.172071376801535
1.0785874845736239   3.134127764721307   3.9377709398530087
1.1102067579703248   2.927926070699019   3.717409999714502
1.1427529644757777   2.73488861913237   3.5101558698733064
1.1762532775476793   2.55420513499603   3.3152241643286136
1.210735667245765   2.385113117686393   3.1318762466267307
1.246228923584555   2.226896141084034   2.9594171084971848
1.2827626805706884   2.078880581089557   2.797192746759858
1.3203674409449337   1.9404325255485306   2.6445876521212686
1.3590746016495152   1.810955578484291   2.501022682143281
1.3989164800420282   1.6898887832254186   2.3659530392535864
1.4399263408778291   1.5767046497901624   2.2388663469336967
1.4821384240834183   1.4709072722460605   2.119280745457251
1.525587973344019   1.3720303756178744   2.0067417821454225
1.5703112655292182   1.2796357039044692   1.900821233334293
1.6163456409812174   1.1933116156758883   1.801117016910902
1.6637295346910133   1.1126715613103142   1.70725168516466
1.7125025083885144   1.037352633937602   1.6188709469245561
1.7627052835733923   0.9670141980402119   1.5356422736149364
1.814379775514258   0.9013365903983045   1.457253539491395
1.8675691282445197   0.8400198184615626   1.3834096118139831
1.922317750584177   0.7827823932330308   1.3138307654668906
1.9786713532176083   0.7293603542886657   1.2482549931248474
2.0366769868582977   0.6795062357350496   1.186437103594397
2.0963830815323896   0.6329880804828167   1.1281476131140602
2.1578394870138577   0.589588510047232   1.0731717109481014
2.2210975144450407   0.5491038467689963   1.0213082891294392
2.286209979177315   0.5113432319494542   0.9723677920831767
2.3532312448676476   0.47612779707864267   0.926170091515349
2.4222172688678643   0.44329006058376147   0.8825465967139169
2.4932256489445366   0.41267324677574696   0.8413398661435844
2.5663156713684585   0.3841306253720736   0.8024028253050975
2.641548360413907   0.35752488999360266   0.7655980422968587
2.7189865293089923   0.33272757346488885   0.7307970566269715
2.798694832679631   0.3096185586535291   0.6978785730739979
2.8807398205309562   0.2880856992913755   0.6667249670202674
2.9651899938111903   0.2680241086856482   0.6372258158415276
3.05211586160442   0.24933565430265997   0.609278432044758
3.1415899999999994   0.23192854160619847   0.5827872700118942
