0.01   9442.292190248007   9440.458157680636
0.010293154462191829   9573.602491403599   9571.59981928727
0.010594902878253955   9702.267698032421   9700.080953385652
0.010905497183778876   9827.987021300452   9825.59849893487
0.011225196699963396   9950.451871491667   9947.841668759427
0.011554268350120923   10069.334742877278   10066.481502277838
0.011892986882540897   10184.298359370217   10181.179569460897
0.012241635099881474   10295.001308900672   10291.593324037081
0.012600504095286909   10401.087652716202   10397.365266027642
0.012969893495426888   10502.185739000148   10498.121673552587
0.013350111710660605   10597.922048277158   10593.48695993692
0.013741476192534558   10687.918831773777   10683.081173135475
0.014144313698828986   10771.782858223307   10766.508241975787
0.01455896056637426   10849.119796611467   10843.37089893747
0.014985762991865008   10919.538977892   10913.275599934306
0.01542507732090645   10982.640390514222   10975.81911993356
0.015877270345534218   11038.019999536891   11030.59400149374
0.016342719610456153   11085.283860275158   11077.203048053087
0.016821813728271667   11124.044665459924   11115.255567240305
0.017314952703931925   11153.915462814404   11144.36063167728
0.017822548268711737   11174.52478624242   11164.142983256916
0.01834502422397195   11185.520802746947   11174.247258506539
0.018882816794999403   11186.568391768513   11174.334339614015
0.019436374995219892   11177.35503235409   11164.087738223252
0.02000616100108813   11157.596941877497   11143.22025763816
0.020592650537967844   11127.046639225746   11111.481686837924
0.021196333277324068   11085.49832098953   11068.66427331981
0.02181771324555934   11032.783284624542   11014.59812063613
0.022457309244835088   10968.77835028367   10949.160039832967
0.02311565528622961   10893.437160773483   10872.30652530576
0.023793301035594242   10806.766704361775   10784.048875004517
0.024490812272480036   10708.818420785117   10684.443685240043
0.025208771362518027   10599.74263457212   10573.649166929494
0.0259477777436476   10479.789063635399   10451.92557644961
0.02670844842659881   10349.248147048838   10319.574389300358
0.027491418510046592   10208.486062746799   10176.974782195044
0.028297341710866907   10058.032322910743   10024.674833890012
0.029126890909937666   9898.466477401209   9863.27330950935
0.029980758713939952   9730.399163179254   9693.39945025177
0.030859658033628758   9554.626654998452   9515.868863734368
0.031764322679055976   9372.061576436305   9331.61326623901
0.03269550797224261   9183.601980492926   9141.548154083015
0.033653991377811755   8990.218490107998   8946.661309897052
0.03464057315210884   8793.04982656876   8748.109679922794
0.03565607701135116   8593.202841079803   8547.016160458255
0.036701350819364466   8391.764319068561   8344.479315553894
0.03777726729548091   8190.086898135523   8141.8484123132175
0.038884724743189276   7989.57131854376   7940.5136254581275
0.04002464780014597   7791.495356676518   7741.741454568859
0.041197988210172884   7596.9002473516475   7546.561458785629
0.04240572561788674   7406.55875793235   7355.734678206128
0.04364886838662332   7221.150146684679   7169.928727752521
0.04492845444033957   7041.435475121642   6989.879154114263
0.04624555213019635   6868.831657196934   6816.9122871669015
0.04760126112654554   6704.825435572186   6652.411749571318
0.04899671333706607   6550.66090553224   6497.5288848251275
0.05043307385181555   6406.315434442959   6352.187276310458
0.05191154191598653   6270.980755696968   6215.550895369511
0.053433351931179485   6143.88407666599   6086.821665771295
0.05499977448602865   6024.152873117331   5965.105432472167
0.05661211741704101   5910.867277674206   5849.463869286643
0.05827172690053434   5803.090199881053   5738.950062953597
0.05997998857658587   5699.460158493785   5632.235809355171
0.06173832870592997   5598.521294592895   5527.915367941898
0.0635482153607709   5498.678296065017   5424.489433548767
0.06541115965050462   5398.041871446686   5320.240823064986
0.06732871698337338   5294.73338753366   5213.488021197417
0.06930248836510605   5186.55769006335   5102.344227698632
0.07133412173562886   5071.371100388932   4985.001059448052
0.07342531334496233   4947.2317328748495   4859.903901414348
0.07557780916945323   4812.486899531117   4725.794497463778
0.07779340636952398   4666.316234118435   4582.226494015582
0.08007395479015682   4508.659582980072   4429.45966511346
0.08242135850536496   4340.550448177187   4268.662449809581
0.08483757740794096   4163.865559801752   4101.682833315913
0.08732462884580919   3981.3629485409824   3931.0796825221014
0.08988458930634863   3796.2162867761963   3759.699627298598
0.09251959615009227   3611.965960242078   3590.5663702122765
0.09523184939525078   3432.2023486590692   3426.62836057382
0.09802361355455057   3260.5670508211647   3270.7547075747734
0.10089721952591899   3100.332749464699   3125.386883368121
0.10385506653859616   2954.56119754506   2992.590774951781
0.10689962415629803   2825.3577011754837   2873.6893875592077
0.11003343433910281   2713.84009244275   2769.2086624504154
0.11325911356578279   2619.4340224046555   2678.163735239791
0.11657935501835284   2540.226753403376   2598.493355643733
0.11999693083066039   2472.624995499405   2527.358018423129
0.12351469440289359   2412.2337166136826   2461.402418665392
0.12713558278394044   2354.02651460821   2396.784328933274
0.13086261912358757   2293.0654215477425   2330.2272475675845
0.13469891519660646   2225.0377118424526   2259.1502820203527
0.13864767400083483   2146.869564146265   2181.8445911718427
0.14271219243142114   2057.436144993008   2097.9582481820225
0.14689586403346616   1957.7385395511744   2008.661120363532
0.1512021818353596   1850.7738620168784   1916.3740830056156
0.15563474126517718   1741.098299809603   1824.1730016638014
0.16019724315257297   1634.251331546659   1735.494185939159
0.1648934968186736   1535.9330437400981   1653.3814333889595
0.1697274232565544   1450.7376719427587   1580.196989864909
0.17470305840495237   1380.7937194442327   1516.7211494352007
0.17982455651794954   1325.1173039440155   1461.6300504107676
0.18509619363343993   1280.198610350799   1412.539421026852
0.19052237114327647   1241.1646866238552   1366.6807912294485
0.19610761946807834   1202.5464288583871   1321.2911032501627
0.20185660183976684   1159.07385536129   1274.4363217375474
0.20777411819498756   1107.4328173386264   1224.6055049140186
0.21386510918267082   1047.966384237597   1172.3661554365917
0.22013466028907505   984.3363685787336   1119.9365683442238
0.22658800608375756   921.6273791580176   1069.511865854316
0.23323053459001789   864.7610206665864   1022.8500695690971
0.2400677917834628   817.1356010194287   980.8240647653172
0.24710548622244882   779.1823189158882   942.8515010457071
0.25434949381426813   748.2228400632213   908.0972708510487
0.2618058627210567   719.8267612223316   874.7900915955099
0.2694808184095226   689.3800713149133   841.6702734411514
0.27738076884870827   654.4928057782929   808.2633387302998
0.2855123098601282   616.1819739025378   774.9317933660561
0.29388223062474755   577.7312932770435   742.8292652919752
0.3024975193514008   542.7195845901578   712.6439138787908
0.31136536911138296   513.3370779092313   684.6186309926065
0.3204931838440838   488.95099413536457   658.5781384209204
0.32988858453867975   466.7933065257057   633.7524169328019
0.3395594155970457   444.0196520995612   609.4798270691437
0.34951375138319807   419.4166130751598   585.8734717252662
0.3597599029647371   394.1652698371572   562.9586134211866
0.37030642505191835   370.5660409186869   541.2215461157488
0.3811621231401457   349.96659099340235   520.6861423031748
0.3923360608618501   331.9538450070491   501.28016502798846
0.4038375675538918   314.877828607105   482.69898510963606
0.41567624604680364   297.46149567085627   464.7397610822953
0.42786198068238046   279.91019703912843   447.44229291486045
0.4404049455663077   263.35223181912517   430.96216634137625
0.4533156130627191   248.4767400779054   415.2663829744471
0.4666047625377753   234.89364210942506   400.33903106160807
0.4802834893595659   221.76017510515675   386.0395738647683
0.49436321416184764   208.79018871165297   372.2554829746448
0.5088556923793517   196.43345365436414   359.0747880425613
0.5237730240626238   185.0593458335528   346.5333964506095
0.5391276639805903   174.48737623747033   334.54718795506506
0.5549324320192869   164.33664267255224   323.0542493951191
0.5712005238854289   154.57575706436634   312.01198846614443
0.5879455221237613   145.41359544760223   301.45320042028334
0.6051814074573895   136.86822093421233   291.36751960594137
0.622922570460556   128.7683230933508   281.68878323111244
0.6411838235736077   121.0516780936469   272.38508976541357
0.6599804134701901   113.79249299319726   263.470260957506
0.6793280337869897   106.97011977493364   254.9339858274887
0.6992428382266549   100.52937922740509   246.73442831983985
0.7197414540448374   94.44995317746947   238.85250169095116
0.7408409959326054   88.71459175348159   231.2718738912966
0.7625590803058332   83.30657367138915   223.97718838303314
0.7849138400134885   78.20971938402495   216.95400044898435
0.8079239394770964   73.40840044577912   210.18871812894
0.8316085902740278   68.8875438645786   203.66854280264914
0.8559875671776167   64.63236970460866   197.3806078988559
0.8810812246675007   60.628184008271255   191.31114296019598
0.9069105139239728   56.86097495581304   185.44711947066295
0.9334970003205227   53.317461551610975   179.77642590006158
0.960862881429187   49.9850587366321   174.28780491744922
0.9890310055537336   46.85184396948712   168.9707958193743
1.0180248908061487   43.90652522596708   163.81568167688073
1.047868744742366   41.138414120759265   158.81342237278295
1.0785874845736239   38.53744579952128   153.9553573243963
1.1102067579703248   36.0941229695969   149.2332636208556
1.1427529644757777   33.79944274215166   144.6395428262769
1.1762532775476793   31.644873253500577   140.16718789449598
1.210735667245765   29.622332294979298   135.80974698856812
1.246228923584555   27.724166666653176   131.56128995823897
1.2827626805706884   25.94313224941754   127.41637719246954
1.3203674409449337   24.272371452604947   123.37008278371262
1.3590746016495152   22.705385462786946   119.4181260115677
1.3989164800420282   21.23602981825699   115.55665723025662
1.4399263408778291   19.85850086383704   111.78217176622606
1.4821384240834183   18.56731855800105   108.09148941132996
1.525587973344019   17.357310022681002   104.48173491166943
1.5703112655292182   16.223593812781527   100.95031933663822
1.6163456409812174   15.161564866987803   97.4949312035812
1.6637295346910133   14.166879434793548   94.11395002815527
1.7125025083885144   13.235441296402511   90.80654584086315
1.7627052835733923   12.363389835506764   87.57200642059006
1.814379775514258   11.54708758816294   84.40967603951577
1.8675691282445197   10.78310828866461   81.31894864299987
1.922317750584177   10.06822548598565   78.29926123847636
1.9786713532176083   9.399401708659374   75.35008749617232
2.0366769868582977   8.773777833679796   72.47099655896385
2.0963830815323896   8.188660970105147   69.66213664627683
2.1578394870138577   7.641517228465711   66.92386452316637
2.2210975144450407   7.129964436085007   64.25641482592341
2.286209979177315   6.651763571274144   61.65990107779718
2.3532312448676476   6.204810630773005   59.13431987258098
2.4222172688678643   5.787128924911159   56.679555218284655
2.4932256489445366   5.396861782371799   54.295383292379995
2.5663156713684585   5.0322670755417835   51.981684822976355
2.641548360413907   4.691712606289243   49.73876327554643
2.7189865293089923   4.373665823844988   47.566790118626095
2.798694832679631   4.0766874253558365   45.465711307266844
2.8807398205309562   3.799426045542799   43.43526398818775
2.9651899938111903   3.5406132199087503   41.47499298417553
3.05211586160442   3.299058609663902   39.58426696964945
3.1415899999999994   3.073645115490568   37.762279286466374
