0.01   2379.6215071486977   2379.5260572564493
0.010293154462191829   2406.2269072640247   2406.130143792636
0.010594902878253955   2431.841953534584   2431.7439147758982
0.010905497183778876   2456.386604930958   2456.2873755157743
0.011225196699963396   2479.7797794395506   2479.679476832877
0.011554268350120923   2501.937185282418   2501.83589088202
0.011892986882540897   2522.773746198579   2522.6714836743167
0.012241635099881474   2542.2046076739125   2542.1013431038464
0.012600504095286909   2560.1413380766635   2560.03702441146
0.012969893495426888   2576.4923825095066   2576.387003689043
0.013350111710660605   2591.1674148605657   2591.0609886213256
0.013741476192534558   2604.0765260615653   2603.9690963953494
0.014144313698828986   2615.127562780651   2615.0191738361254
0.01455896056637426   2624.230257403609   2624.1209482425134
0.014985762991865008   2631.297282188131   2631.187081617481
0.01542507732090645   2636.2401470332   2636.129008508063
0.015877270345534218   2638.971357947142   2638.859114636432
0.016342719610456153   2639.4084724546115   2639.294836886531
0.016821813728271667   2637.4731750783167   2637.357751087841
0.017314952703931925   2633.089959351129   2632.972267522735
0.017822548268711737   2626.190034295386   2626.0695186419734
0.01834502422397195   2616.7123516396555   2616.588387801321
0.018882816794999403   2604.603084404269   2604.475014577862
0.019436374995219892   2589.8170258040827   2589.684178849719
0.02000616100108813   2572.318949498451   2572.1806462883983
0.020592650537967844   2552.0862425347964   2551.941759258908
0.021196333277324068   2529.1105169534503   2528.959026587521
0.02181771324555934   2503.395032707767   2503.2356109534353
0.022457309244835088   2474.95701593617   2474.788699917084
0.02311565528622961   2443.837845779233   2443.659894460778
0.023793301035594242   2410.0944747567314   2409.906452323037
0.024490812272480036   2373.7955965587503   2373.597366710036
0.025208771362518027   2335.0380066171333   2334.8297866449725
0.0259477777436476   2293.946979238658   2293.729393122622
0.02670844842659881   2250.6563303075027   2250.4303842974077
0.027491418510046592   2205.3175534330967   2205.0846717709646
0.028297341710866907   2158.127924023609   2157.8901600890836
0.029126890909937666   2109.2946156209046   2109.054642778583
0.029980758713939952   2059.0261626065967   2058.7872004995165
0.030859658033628758   2007.5761916747279   2007.3419809470722
0.031764322679055976   1955.2272647797247   1955.0020237029535
0.03269550797224261   1902.2484206713568   1902.0367560530115
0.033653991377811755   1848.9172810349992   1848.7240772205862
0.03464057315210884   1795.5545844552444   1795.3848641801196
0.03565607701135116   1742.463578958338   1742.322431611213
0.036701350819364466   1689.926727146084   1689.8191966059712
0.03777726729548091   1638.2749215724152   1638.2053755626903
0.038884724743189276   1587.8451196318404   1587.8169696819239
0.04002464780014597   1538.9331035081957   1538.9489079678083
0.041197988210172884   1491.7765871266279   1491.8378779188542
0.04240572561788674   1446.5452805292443   1446.652189543603
0.04364886838662332   1403.3794110829447   1403.5308072437892
0.04492845444033957   1362.4154924893305   1362.6087714392222
0.04624555213019635   1323.891392926095   1324.120121225472
0.04760126112654554   1288.0629058422653   1288.316258325651
0.04899671333706607   1255.1401378238104   1255.40344232119
0.05043307385181555   1225.0173002805261   1225.2735959053327
0.05191154191598653   1197.3333575028084   1197.5646193708023
0.053433351931179485   1171.7508665199293   1171.9380460677178
0.05499977448602865   1147.96870477602   1148.0915823775783
0.05661211741704101   1125.716972601945   1125.7540463200894
0.05827172690053434   1104.7310650323002   1104.6598145827954
0.05997998857658587   1084.6307337510814   1084.4294625888838
0.06173832870592997   1064.9934963130047   1064.6423042052222
0.0635482153607709   1045.3645784508583   1044.8470234205959
0.06541115965050462   1025.1818571387325   1024.4886398496026
0.06732871698337338   1003.8972621119425   1003.027369808699
0.06930248836510605   980.9287355124883   979.8942634709643
0.07133412173562886   955.7295935711766   954.5572893583395
0.07342531334496233   927.9254478616544   926.6561926890274
0.07557780916945323   897.3066273748736   895.9941610116374
0.07779340636952398   863.900744144648   862.6105958816429
0.08007395479015682   827.9690453296572   826.7766177367034
0.08242135850536496   790.0010203642119   788.984584030835
0.08483757740794096   750.6727507032347   749.9068246964279
0.08732462884580919   710.7643487226745   710.3141116821391
0.08988458930634863   671.0921472922246   671.0093431992864
0.09251959615009227   632.5225503461444   632.8388748212355
0.09523184939525078   595.9033670387629   596.6258928649244
0.09802361355455057   562.0977920741278   563.2017650999643
0.10089721952591899   531.7945415595068   533.22362821461
0.10385506653859616   505.52119507560553   507.1798619402183
0.10689962415629803   483.49556392379236   485.2611403251798
0.11003343433910281   465.5536209847544   467.28982378688823
0.11325911356578279   451.18558989337447   452.7532784206742
0.11657935501835284   439.57781488585397   440.8467990023185
0.11999693083066039   429.68880953967584   430.56704560451635
0.12351469440289359   420.38259564611604   420.8296542776685
0.12713558278394044   410.490803381452   410.52324908395724
0.13086261912358757   398.98958714785914   398.69859088079727
0.13469891519660646   385.1276315978763   384.6789420396924
0.13864767400083483   368.5948812852614   368.20065517145207
0.14271219243142114   349.57143825133073   349.4616255035273
0.14689586403346616   328.6839803513565   329.074091306716
0.1512021818353596   306.9410339646712   307.99623347861075
0.15563474126517718   285.6497407553556   287.4449514758767
0.16019724315257297   266.18876673428224   268.67739098120546
0.1648934968186736   249.62356381904544   252.6361206400377
0.1697274232565544   236.4019051419672   239.69334120471314
0.17470305840495237   226.30565496892527   229.611803647227
0.17982455651794954   218.64976431468733   221.7272065511002
0.18509619363343993   212.4556641545909   215.14643585263607
0.19052237114327647   206.48848627532078   208.759502952788
0.19610761946807834   199.47910977833126   201.46098181594795
0.20185660183976684   190.6468040616552   192.61940516900873
0.20777411819498756   180.03832116544913   182.300569024211
0.21386510918267082   168.35477302200877   171.14666511243186
0.22013466028907505   156.6179319894917   160.0498440668202
0.22658800608375756   145.94588032042242   149.94506677587165
0.23323053459001789   137.14030212529184   141.47676761750725
0.2400677917834628   130.35707660720666   134.7474133213713
0.24710548622244882   125.12653560007834   129.29566338360536
0.25434949381426813   120.54647800388346   124.39048437945968
0.2618058627210567   115.61289522288362   119.2362721707102
0.2694808184095226   109.7704508364598   113.39433003526817
0.27738076884870827   103.14358161850669   107.02546761793116
0.2855123098601282   96.30922950642861   100.56274673142191
0.29388223062474755   90.03190749966141   94.6187086202497
0.3024975193514008   84.82827324848289   89.53820421617525
0.31136536911138296   80.63384265479884   85.2503091158003
0.3204931838440838   76.96446807620738   81.38755940396132
0.32988858453867975   73.2350449207724   77.51876428426871
0.3395594155970457   69.1327148427539   73.44449545055689
0.34951375138319807   64.83431283678753   69.30844708415886
0.3597599029647371   60.75821758558428   65.396193584436
0.37030642505191835   57.20640553050332   61.889044515444404
0.3811621231401457   54.16466918319469   58.76945419747707
0.3923360608618501   51.34189993191455   55.83844105657172
0.4038375675538918   48.47277927932518   52.932886097905076
0.41567624604680364   45.55085843943066   50.05471686827537
0.42786198068238046   42.76072097909586   47.31867187199667
0.4404049455663077   40.25573161431783   44.807836458156956
0.4533156130627191   37.99584447391037   42.48351793352006
0.4666047625377753   35.83773839986147   40.26718813411074
0.4802834893595659   33.704854138877046   38.12109780487217
0.49436321416184764   31.659125042936715   36.07372651224483
0.5088556923793517   29.77265154722662   34.16112145426278
0.5237730240626238   28.032016523587597   32.3691364742233
0.5391276639805903   26.372395678172985   30.66353263944002
0.5549324320192869   24.776060325123375   29.03781480540678
0.5712005238854289   23.273662140536544   27.501765889330613
0.5879455221237613   21.875387195670957   26.05656037455662
0.6051814074573895   20.55691564266349   24.68938304410805
0.622922570460556   19.30290756404681   23.391550507530077
0.6411838235736077   18.121945933965094   22.165167048961166
0.6599804134701901   17.014872490947816   21.007794076320653
0.6793280337869897   15.973248649874602   19.913982625998617
0.6992428382266549   14.990978997741118   18.879460614234485
0.7197414540448374   14.065208562426012   17.90118878850607
0.7408409959326054   13.193200535992096   16.976273098486697
0.7625590803058332   12.372296731338206   16.101946590389442
0.7849138400134885   11.59992114125543   15.275566203851934
0.8079239394770964   10.87358269318014   14.494609392585998
0.8316085902740278   10.190877269350883   13.756670604505851
0.8559875671776167   9.54946712656781   13.059447661492824
0.8810812246675007   8.946984212250134   12.400692390617454
0.9069105139239728   8.381142048627053   11.778255252079017
0.9334970003205227   7.8497848997577275   11.1901043623668
0.960862881429187   7.350880504155731   10.634319532258006
0.9890310055537336   6.8825131241101545   10.10908652205608
1.0180248908061487   6.442876984296163   9.612691550460616
1.047868744742366   6.030270077856092   9.143516049972876
1.0785874845736239   5.643094102798464   8.700030001775199
1.1102067579703248   5.279861412703064   8.280783377894005
1.1427529644757777   4.939169405455557   7.884407165052365
1.1762532775476793   4.619691297338218   7.5096103323599985
1.210735667245765   4.320172523979977   7.155175507701316
1.246228923584555   4.0394272734447725   6.819954878234607
1.2827626805706884   3.7763351496838276   6.502866305068111
1.3203674409449337   3.5298379559883646   6.202889593957711
1.3590746016495152   3.2989349598492077   5.919053174201201
1.3989164800420282   3.0826785591902133   5.650421377274043
1.4399263408778291   2.8801753223326685   5.396113248608102
1.4821384240834183   2.690583617802801   5.1553020957610975
1.525587973344019   2.5131108102917934   4.9272119932712135
1.5703112655292182   2.347010594013918   4.711114520930216
1.6163456409812174   2.1915804577530977   4.506325719438735
1.6637295346910133   2.0461592785712623   4.312202992319235
1.7125025083885144   1.910125141927776   4.128131133242952
1.7627052835733923   1.7828931751846937   3.953517698194117
1.814379775514258   1.6639133147511114   3.787807661141818
1.8675691282445197   1.5526683472149816   3.6304820199015326
1.922317750584177   1.4486720636123054   3.481055255042908
1.9786713532176083   1.351467508761581   3.3390729812168267
2.0366769868582977   1.2606253213987302   3.2041097754022796
2.0963830815323896   1.175742144890549   3.07576631064108
2.1578394870138577   1.0964388647087504   2.9536524555838297
2.2210975144450407   1.0223593197928762   2.83739009649407
2.286209979177315   0.9531692590072166   2.726626922029591
2.3532312448676476   0.8885550640084833   2.621034974691647
2.4222172688678643   0.8282225322473636   2.5203087978227887
2.4932256489445366   0.771895727597155   2.424163737492176
2.5663156713684585   0.7193158951504044   2.3323343852759817
2.641548360413907   0.6702404793379413   2.2445728361292687
2.7189865293089923   0.6244425041308571   2.160644681134762
2.798694832679631   0.5817093696174046   2.0803295953702614
2.8807398205309562   0.5418417377643743   2.0034221198217517
2.9651899938111903   0.5046527456895241   1.929730591406283
3.05211586160442   0.4699672650918356   1.8590761383127616
3.1415899999999994   0.4376212024426715   1.79129175647264
