0.01   540.219665220089   540.2185009428034
0.010293154462191829   542.976727189999   542.9755435875657
0.010594902878253955   545.3973271235806   545.3961351705723
0.010905497183778876   547.466226621637   547.4650388042363
0.011225196699963396   549.1660174450633   549.164844365694
0.011554268350120923   550.4794289201785   550.4782786906079
0.011892986882540897   551.3898548373368   551.3887326584997
0.012241635099881474   551.8814589935445   551.8803634110408
0.012600504095286909   551.9392872160571   551.9382079105799
0.012969893495426888   551.5493708142471   551.5482886744347
0.013350111710660605   550.697659633679   550.6965552196764
0.013741476192534558   549.3690339964662   549.3679038068151
0.014144313698828986   547.5494878074376   547.5483460237214
0.01455896056637426   545.226418211495   545.2252925175005
0.014985762991865008   542.3880464954365   542.3869491254407
0.01542507732090645   539.0240328919299   539.0229481637886
0.015877270345534218   535.1259726309789   535.1248579985403
0.016342719610456153   530.6867296564886   530.6855365756346
0.016821813728271667   525.700213906484   525.6989173777523
0.017314952703931925   520.1626455676272   520.1612458229328
0.017822548268711737   514.0727358086176   514.0712519010856
0.01834502422397195   507.4316352024646   507.43007521981974
0.018882816794999403   500.2431648265825   500.24151690456273
0.019436374995219892   492.5139838828165   492.51221773334
0.02000616100108813   484.2543858119935   484.252463524362
0.020592650537967844   475.47835519639943   475.47624256780813
0.021196333277324068   466.20268715083563   466.2003544112352
0.02181771324555934   456.4478040217266   456.44522750456287
0.022457309244835088   446.24018943553284   446.23735755038075
0.02311565528622961   435.60932258282884   435.60623654852026
0.023793301035594242   424.58690976512327   424.5835828011764
0.024490812272480036   413.2116759934722   413.20813524583247
0.025208771362518027   401.52772822758584   401.52401575664186
0.0259477777436476   389.57946576456095   389.5756366594266
0.02670844842659881   377.41491972265993   377.41104177106445
0.027491418510046592   365.09188392061014   365.08804014969365
0.028297341710866907   352.6674028601275   352.66368940164085
0.029126890909937666   340.1965029841016   340.1930264417311
0.029980758713939952   327.74377122922056   327.7406505539733
0.030859658033628758   315.376477560548   315.37384364556374
0.031764322679055976   303.1550703946486   303.1530624171962
0.03269550797224261   291.14051594229795   291.13927357036937
0.033653991377811755   279.4014610132553   279.4011129776166
0.03464057315210884   267.9983195366656   267.9989825189548
0.03565607701135116   256.9834115885173   256.9851890726058
0.036701350819364466   246.4144356734327   246.41740471747286
0.03777726729548091   236.34521975048628   236.34942824320967
0.038884724743189276   226.81865740826308   226.82412915787566
0.04002464780014597   217.8671159048607   217.87383636902635
0.041197988210172884   209.51347534688418   209.52136840854456
0.04240572561788674   201.77423516885816   201.78317148044331
0.04364886838662332   194.66109461894035   194.67089279358575
0.04492845444033957   188.18253411376236   188.19291984225157
0.04624555213019635   182.34482886630136   182.35542918012186
0.04760126112654554   177.149739749046   177.16009623046517
0.04899671333706607   172.5413287250485   172.5509512394819
0.05043307385181555   168.42216246682588   168.43056755520033
0.05191154191598653   164.70406455416656   164.7107703705104
0.053433351931179485   161.31786988050038   161.3223612159748
0.05499977448602865   158.20964496622494   158.21134617430596
0.05661211741704101   155.32413554433325   155.322427636009
0.05827172690053434   152.56338656815566   152.55772716013843
0.05997998857658587   149.81437615718576   149.80435678690085
0.06173832870592997   146.95945438484023   146.9448422772305
0.0635482153607709   143.86409354101306   143.84491551929048
0.06541115965050462   140.4046978214962   140.38126461692673
0.06732871698337338   136.48157934496356   136.45457020920296
0.06930248836510605   132.01900102607678   131.98946710991288
0.07133412173562886   126.99614509788508   126.96543715733057
0.07342531334496233   121.43760658382966   121.40728576199147
0.07557780916945323   115.41616296053736   115.38789727329478
0.07779340636952398   109.04370731752279   109.01916800385223
0.08007395479015682   102.44619388760867   102.42700169802359
0.08242135850536496   95.75759046923972   95.7452479226662
0.08483757740794096   89.14107333666486   89.1366988178033
0.08732462884580919   82.7660709777329   82.77025588394552
0.08988458930634863   76.80971670032086   76.82236773335786
0.09251959615009227   71.42687607568605   71.44716658444888
0.09523184939525078   66.74990304455812   66.77615304922932
0.09802361355455057   62.85202084754553   62.88189303988845
0.10089721952591899   59.739229851158186   59.769795754233414
0.10385506653859616   57.36362807181594   57.3916617444721
0.10689962415629803   55.613195379693764   55.63550886782902
0.11003343433910281   54.33929736226159   54.35305291045863
0.11325911356578279   53.36086733775068   53.36390933712912
0.11657935501835284   52.47211537922423   52.46332742630418
0.11999693083066039   51.46661375355647   51.44624936782359
0.12351469440289359   50.15864802546026   50.128623707968195
0.12713558278394044   48.41998559939775   48.3837156184466
0.13086261912358757   46.19172485104369   46.153736458330634
0.13469891519660646   43.49548370320328   43.46084271966697
0.13864767400083483   40.44049116265878   40.41404170244935
0.14271219243142114   37.22403511010327   37.20938747419132
0.14689586403346616   34.100956050500145   34.09948887559917
0.1512021818353596   31.317121271295875   31.32738833124882
0.15563474126517718   29.02482993290503   29.0432184120132
0.16019724315257297   27.27061474444322   27.291953083962685
0.1648934968186736   26.022094195215033   26.040594405950074
0.1697274232565544   25.18647718844098   25.196809260320208
0.17470305840495237   24.59922590291957   24.597662630971207
0.17982455651794954   24.03104812192075   24.01694579712547
0.18509619363343993   23.273882980830166   23.250051704806
0.19052237114327647   22.221993423959105   22.19378602502358
0.19610761946807834   20.878434493297146   20.852378087973367
0.20185660183976684   19.33782295088329   19.319895099261597
0.20777411819498756   17.772821908306806   17.765477224987293
0.21386510918267082   16.36952146062472   16.37162381582365
0.22013466028907505   15.24726210999505   15.254302708381491
0.22658800608375756   14.43390150361234   14.439502735834544
0.23323053459001789   13.861231851890892   13.860193897496885
0.2400677917834628   13.380577349298484   13.370547855717502
0.24710548622244882   12.845537252277621   12.828274845659019
0.25434949381426813   12.178858434403221   12.159289693511006
0.2618058627210567   11.382124037023125   11.365666839456695
0.2694808184095226   10.541240050620234   10.531227298513807
0.27738076884870827   9.776267458267398   9.771983307241593
0.2855123098601282   9.15671224049505   9.154348613357419
0.29388223062474755   8.679702634969088   8.674616323316107
0.3024975193514008   8.279943806504674   8.269767315669489
0.31136536911138296   7.870045460101331   7.85584325342581
0.3204931838440838   7.408112308503965   7.393605621343088
0.32988858453867975   6.91430865219256   6.902516682811829
0.3395594155970457   6.442258049473872   6.433628287661035
0.34951375138319807   6.037309529712962   6.029717053798365
0.3597599029647371   5.699172390606297   5.689957613030905
0.37030642505191835   5.390262424023258   5.378560348440808
0.3811621231401457   5.076259918659084   5.06355068227793
0.3923360608618501   4.7529304033537345   4.741227007849616
0.4038375675538918   4.4433306582974   4.433046031299101
0.41567624604680364   4.166652105099683   4.156672391730992
0.42786198068238046   3.9209556767019333   3.9100582930293766
0.4404049455663077   3.6876761146026964   3.675944943991558
0.4533156130627191   3.45766926947981   3.446109202739383
0.4666047625377753   3.2365025573144153   3.2256031465285524
0.4802834893595659   3.0332490590795227   3.0225314542381314
0.49436321416184764   2.846995194988471   2.835957936088808
0.5088556923793517   2.6705221666869896   2.6592917074572826
0.5237730240626238   2.501238145746243   2.49022709095161
0.5391276639805903   2.3420887355665307   2.331344315855002
0.5549324320192869   2.1946024270742615   2.1838606530089892
0.5712005238854289   2.0562126466816983   2.0454575104732955
0.5879455221237613   1.9251165261364382   1.9145291989571724
0.6051814074573895   1.8019001560255694   1.7915112027949418
0.622922570460556   1.6869112670659294   1.6766466777415443
0.6411838235736077   1.5788207611355274   1.5686994188324672
0.6599804134701901   1.4772509551251694   1.467306747325782
0.6793280337869897   1.3819774903649267   1.3722290410567668
0.6992428382266549   1.2926278806754052   1.283091919198965
0.7197414540448374   1.2088497312354785   1.1995411492915429
0.7408409959326054   1.130310487015232   1.1212423528246804
0.7625590803058332   1.0566963930377822   1.0478799850802534
0.7849138400134885   0.9877115039453663   0.9791563607716236
0.8079239394770964   0.9230767721566927   0.9147907863204632
0.8316085902740278   0.8625297032823445   0.8545197757394947
0.8559875671776167   0.8058232698947405   0.7980957398621027
0.8810812246675007   0.7527244920949567   0.7452849687759449
0.9069105139239728   0.7030136860746393   0.6958669064069304
0.9334970003205227   0.6564837693092643   0.6496334983795358
0.960862881429187   0.6129395972682398   0.6063885649018105
0.9890310055537336   0.5721973297022616   0.5659471960914033
1.0180248908061487   0.5340837428700701   0.5281349556055872
1.047868744742366   0.498435613673295   0.492787221154872
1.0785874845736239   0.4650993415855172   0.4597490930943399
1.1102067579703248   0.4339304366288192   0.4288749108063038
1.1427529644757777   0.40479301387405303   0.40002774288940696
1.1762532775476793   0.3775593133979745   0.3730789021479481
1.210735667245765   0.35210924460473797   0.34790748444137687
1.246228923584555   0.328329940205651   0.3243998726360737
1.2827626805706884   0.3061153126937679   0.30244917874419097
1.3203674409449337   0.2853657176564544   0.28195506970558437
1.3590746016495152   0.2659875974931571   0.2628234442195219
1.3989164800420282   0.24789312934988028   0.24496606467025067
1.4399263408778291   0.23099989194491033   0.2283002092956928
1.4821384240834183   0.21523055037985475   0.21274834360156802
1.525587973344019   0.20051255726865053   0.19823780839084132
1.5703112655292182   0.18677786521811285   0.18470051481655855
1.6163456409812174   0.1739626657193263   0.17207267886074704
1.6637295346910133   0.16200714143505435   0.1602945687148783
1.7125025083885144   0.15085522815107852   0.14931025796360187
1.7627052835733923   0.14045439001728208   0.13906739288647518
1.814379775514258   0.13075540743577518   0.12951697320808678
1.8675691282445197   0.12171217678998097   0.12061314352453348
1.922317750584177   0.11328151814396596   0.11231295155224562
1.9786713532176083   0.1054229983301046   0.10457617889505245
2.0366769868582977   0.09809876762494997   0.09736522750734658
2.0963830815323896   0.0912734015531056   0.09064495605835998
2.1578394870138577   0.08491375166705847   0.08438252352512353
2.2210975144450407   0.07898880503383893   0.07854724242581959
2.286209979177315   0.07346955189601943   0.0731104413957991
2.3532312448676476   0.0683288508626082   0.06804538280933328
2.4222172688678643   0.06354130414605728   0.0633271764417542
2.4932256489445366   0.059083171132578105   0.05893255831372275
2.5663156713684585   0.05493226657498064   0.054839775891759715
2.641548360413907   0.05106786179873557   0.05102849439661427
2.7189865293089923   0.04747059195005625   0.04747970852378425
2.798694832679631   0.044122368933660075   0.04417565929730612
2.8807398205309562   0.04100630615436765   0.041099747680189605
2.9651899938111903   0.03810666166255031   0.03823643591444448
3.05211586160442   0.03540873815741622   0.035571213412639774
3.1415899999999994   0.032898807388572975   0.03309054185114305
