0.01   5837.6116361066   5837.364691514292
0.010293154462191829   5907.66644534297   5907.408315328529
0.010594902878253955   5975.422562003118   5975.152333267943
0.010905497183778876   6040.670123915569   6040.386757917631
0.011225196699963396   6103.196797690793   6102.899130508699
0.011554268350120923   6162.7862150926385   6162.472976003937
0.011892986882540897   6219.208807863548   6218.878706443109
0.012241635099881474   6272.2313345956645   6271.883090033815
0.012600504095286909   6321.620870986532   6321.253210751713
0.012969893495426888   6367.136956195049   6366.748460722535
0.013350111710660605   6408.532924900741   6408.121876546692
0.013741476192534558   6445.565460899539   6445.129838648701
0.014144313698828986   6477.991521740943   6477.528995725944
0.01455896056637426   6505.559375951548   6505.067285889411
0.014985762991865008   6528.0219407323075   6527.497299668833
0.01542507732090645   6545.1404970559615   6544.579988595925
0.015877270345534218   6556.67638841427   6556.076182895443
0.016342719610456153   6562.396016097712   6561.751651772896
0.016821813728271667   6562.080022063448   6561.3864286190355
0.017314952703931925   6555.521645446152   6554.773118179591
0.017822548268711737   6542.5240480455495   6541.714156244789
0.01834502422397195   6522.909524354239   6522.031146434062
0.018882816794999403   6496.522673935912   6495.568061962556
0.019436374995219892   6463.232836660647   6462.1936964301085
0.02000616100108813   6422.935589296592   6421.803167237646
0.020592650537967844   6375.554273454592   6374.319454521339
0.021196333277324068   6321.050984071426   6319.704701092101
0.02181771324555934   6259.433424646229   6257.967249605612
0.022457309244835088   6190.741337074206   6189.14760372102
0.02311565528622961   6115.05351625735   6113.325518297963
0.023793301035594242   6032.52479347058   6030.657569125226
0.024490812272480036   5943.354884946365   5941.3454799688225
0.025208771362518027   5847.772614359352   5845.6200951184655
0.0259477777436476   5746.086590140427   5743.793334831827
0.02670844842659881   5638.689032161158   5636.262119066297
0.027491418510046592   5525.990135119924   5523.441090616476
0.028297341710866907   5408.445371006191   5405.789869974208
0.029126890909937666   5286.651008101446   5283.908793863409
0.029980758713939952   5161.227393251012   5158.421857111613
0.030859658033628758   5032.7850099687075   5029.9427140660455
0.031764322679055976   4902.031870307332   4899.183028700592
0.03269550797224261   4769.740325071146   4766.919020377007
0.033653991377811755   4636.63595557267   4633.879429949373
0.03464057315210884   4503.481822985274   4500.828655949003
0.03565607701135116   4371.229112572677   4368.715570341898
0.036701350819364466   4240.778178105002   4238.437615154095
0.03777726729548091   4112.925440462097   4110.788230384771
0.038884724743189276   3988.307548402954   3986.3994668058335
0.04002464780014597   3867.4397368247432   3865.7812756501794
0.041197988210172884   3750.7686118828715   3749.3754893009923
0.04240572561788674   3638.9096103891475   3637.7859583678883
0.04364886838662332   3532.86010254896   3531.9851515960263
0.04492845444033957   3433.5454389936012   3432.87487650358
0.04624555213019635   3341.613859343213   3341.0834288317574
0.04760126112654554   3256.8535500741496   3256.3848319671847
0.04899671333706607   3178.8334712507985   3178.336140020398
0.05043307385181555   3107.133590682399   3106.5053217263257
0.05191154191598653   3041.227701159181   3040.3506480132755
0.053433351931179485   2980.591046282902   2979.33130251194
0.05499977448602865   2924.613975868462   2922.824704344543
0.05661211741704101   2872.4045616390154   2869.9328267796404
0.05827172690053434   2823.066091107391   2819.755381636107
0.05997998857658587   2775.484906471629   2771.193022879345
0.06173832870592997   2728.3992045915793   2723.012400218206
0.0635482153607709   2680.465970321108   2673.913602912046
0.06541115965050462   2630.0855844749562   2622.3712565292035
0.06732871698337338   2575.721685213438   2566.930017645812
0.06930248836510605   2515.9018168823113   2506.2145788337552
0.07133412173562886   2449.3675281381174   2439.066145228048
0.07342531334496233   2375.3554868412675   2364.836613504094
0.07557780916945323   2293.53176079482   2283.2948662753092
0.07779340636952398   2204.356921194677   2194.9669545142274
0.08007395479015682   2108.7797014932644   2100.834039654989
0.08242135850536496   2008.38670288333   2002.4823010446505
0.08483757740794096   1905.0602491940715   1901.7580358316363
0.08732462884580919   1800.9814895004108   1800.7670152327823
0.08988458930634863   1698.558924517085   1701.7796536753876
0.09251959615009227   1600.1919955615315   1607.0254479494372
0.09523184939525078   1508.2578107772288   1518.6453060671113
0.09802361355455057   1424.9509190599165   1438.5768694037433
0.10089721952591899   1351.893220087504   1368.211086530349
0.10385506653859616   1290.1258301050386   1308.3884600780075
0.10689962415629803   1239.58729192461   1258.8539464119008
0.11003343433910281   1199.4400986741475   1218.6799273894246
0.11325911356578279   1167.824723727081   1186.120052064866
0.11657935501835284   1142.237266164462   1158.8381297461644
0.11999693083066039   1119.6916260344892   1134.0926181043058
0.12351469440289359   1096.9207043809768   1109.0340641382331
0.12713558278394044   1070.8091121285759   1081.048814891301
0.13086261912358757   1038.7669973048728   1048.043478865684
0.13469891519660646   999.2371803314414   1008.8332505505975
0.13864767400083483   952.0142582027385   963.4425722632444
0.14271219243142114   898.2841993987582   913.0895542254226
0.14689586403346616   840.5250842604187   859.9842163411226
0.1512021818353596   782.2456292528366   807.0104943959998
0.15563474126517718   727.4450110685833   757.3729604924525
0.16019724315257297   679.629755445684   713.8043659477843
0.1648934968186736   640.8523315410916   677.6917785098328
0.1697274232565544   611.343385623406   648.9552405219345
0.17470305840495237   589.7887337715389   626.3897294874575
0.17982455651794954   573.7256616759198   607.9054239024
0.18509619363343993   559.7268197937116   590.843714994176
0.19052237114327647   543.9028520189778   572.4500282887458
0.19610761946807834   523.210683593133   550.669144023415
0.20185660183976684   496.71620871983004   525.0015200153049
0.20777411819498756   465.69976083874025   496.67890773010373
0.21386510918267082   432.9591823721828   467.8116101259839
0.22013466028907505   401.999525873014   440.6675011944526
0.22658800608375756   375.8766027550583   417.07776927335914
0.23323053459001789   355.91211038055786   397.7462933090681
0.2400677917834628   341.4072461122524   382.0057247856918
0.24710548622244882   329.9804452236955   368.1571870841266
0.25434949381426813   318.40320098433455   354.3991623049663
0.2618058627210567   304.1838921907597   339.32740690250216
0.2694808184095226   286.8218485663346   322.82303445222544
0.27738076884870827   267.69537167494866   305.7489195351038
0.2855123098601282   249.30363206528534   289.565020230213
0.29388223062474755   233.88144947847474   275.2733557789647
0.3024975193514008   221.99266779691035   262.9869414337944
0.31136536911138296   212.45686317490703   252.02897236016165
0.3204931838440838   203.2313655251899   241.4180986953256
0.32988858453867975   192.71007374350086   230.53437149756544
0.3395594155970457   180.88348623538474   219.36158509498637
0.34951375138319807   169.07900966480977   208.5706978679829
0.3597599029647371   158.71871137275406   198.6806801366197
0.37030642505191835   150.2516719664185   189.74995392795162
0.3811621231401457   142.8737195851283   181.45202991379577
0.3923360608618501   135.40066755883572   173.37573300808168
0.4038375675538918   127.39688372315962   165.37485928782436
0.41567624604680364   119.4126253795896   157.66182754486945
0.42786198068238046   112.24256676830504   150.47116992240234
0.4404049455663077   106.03976333011653   143.79513869041105
0.4533156130627191   100.28364626583564   137.45207919910354
0.4666047625377753   94.46936648030311   131.31359102816646
0.4802834893595659   88.69483292079033   125.42055085675214
0.49436321416184764   83.35230053821454   119.85158437001327
0.5088556923793517   78.55189357891298   114.6214148067661
0.5237730240626238   74.02862630381841   109.6408939048102
0.5391276639805903   69.59377606732214   104.86572246383258
0.5549324320192869   65.35850067943673   100.32640724341073
0.5712005238854289   61.45695948010412   96.03168021120138
0.5879455221237613   57.81848608702754   91.95721913887614
0.6051814074573895   54.32778696188464   88.06782363888591
0.622922570460556   51.01097688189565   84.36405839711085
0.6411838235736077   47.92070694627611   80.85540744158183
0.6599804134701901   45.01514048575949   77.51751286218928
0.6793280337869897   42.27074067513404   74.34102403905075
0.6992428382266549   39.68105270801963   71.31998611202297
0.7197414540448374   37.2394526866334   68.44642817046321
0.7408409959326054   34.93935160066958   65.71276692252825
0.7625590803058332   32.774231018850266   63.111825000290004
0.7849138400134885   30.737655668352954   60.63680290195994
0.8079239394770964   28.822849086352697   58.281079415942735
0.8316085902740278   27.022785312796106   56.038197198673366
0.8559875671776167   25.330804352996125   53.902070667168616
0.8810812246675007   23.74062493302617   51.86697469120976
0.9069105139239728   22.246323066212316   49.927521567052736
0.9334970003205227   20.84231184825944   48.07863955990593
0.960862881429187   19.52332240862476   46.31555290214444
0.9890310055537336   18.28439288682828   44.63374066995154
1.0180248908061487   17.120911877741417   43.02871466569551
1.047868744742366   16.02855505038893   41.496131936475315
1.0785874845736239   15.003224499252095   40.03192687339426
1.1102067579703248   14.041038029895093   38.63229341926592
1.1427529644757777   13.138319414959053   37.29366675239088
1.1762532775476793   12.291588964341473   36.01270638696794
1.210735667245765   11.497554409735988   34.786280572077445
1.246228923584555   10.753098946660009   33.6114063874174
1.2827626805706884   10.055262724125265   32.48507950168964
1.3203674409449337   9.401248295572131   31.404437792462247
1.3590746016495152   8.788416940309238   30.366814182315046
1.3989164800420282   8.214280325710975   29.36972235167321
1.4399263408778291   7.676492559026647   28.410843631866587
1.4821384240834183   7.172842614626097   27.488014980356795
1.525587973344019   6.701247124495349   26.599217766610547
1.5703112655292182   6.259744013339914   25.74252992688987
1.6163456409812174   5.846486392988601   24.916076451767786
1.6637295346910133   5.459735162394627   24.11810291148318
1.7125025083885144   5.097852991743983   23.34697871163701
1.7627052835733923   4.759298770236221   22.601188546774825
1.814379775514258   4.442622326807261   21.879324551532353
1.8675691282445197   4.146459412571165   21.180079083350254
1.922317750584177   3.869526896846858   20.502236980100893
1.9786713532176083   3.610617249183933   19.844638913179676
2.0366769868582977   3.368594445490886   19.206176270559567
2.0963830815323896   3.1423911984455213   18.585823587515193
2.1578394870138577   2.9310050734357924   17.98263523175117
2.2210975144450407   2.733494741747379   17.395740350176762
2.286209979177315   2.5489764360905314   16.82433817929212
2.3532312448676476   2.3766205985488056   16.267693681261026
2.4222172688678643   2.215648862798127   15.72514657995233
2.4932256489445366   2.065332328383482   15.196223948640489
2.5663156713684585   1.9249876841642688   14.680562671551318
2.641548360413907   1.7939735908999355   14.177822887191594
2.7189865293089923   1.6716882433716285   13.687685470516504
2.798694832679631   1.5575670735905307   13.209850661473322
2.8807398205309562   1.4510805762848211   12.744036752134217
2.9651899938111903   1.3517322510271754   12.289978829113723
3.05211586160442   1.259055700614177   11.847396596997447
3.1415899999999994   1.1726098829489635   11.415890302933384
