0.01   26014.939587825924   26010.993947054638
0.010293154462191829   26183.944948648692   26179.681359411396
0.010594902878253955   26337.929005892813   26333.327150613943
0.010905497183778876   26476.035617709276   26471.071216173466
0.011225196699963396   26597.420230164276   26592.064687665687
0.011554268350120923   26701.24664343972   26695.467400492136
0.011892986882540897   26786.6335836138   26780.395936934765
0.012241635099881474   26852.703167496522   26845.971054204878
0.012600504095286909   26898.609805414846   26891.345947794805
0.012969893495426888   26923.498042439824   26915.662685651667
0.013350111710660605   26926.499981996207   26918.049412271288
0.013741476192534558   26906.79616755333   26897.68290444012
0.014144313698828986   26863.6042604147   26853.777010603255
0.01455896056637426   26796.123840321525   26785.526380011397
0.014985762991865008   26703.60751461995   26692.178811789305
0.01542507732090645   26585.385711452418   26573.060343710808
0.015877270345534218   26440.819631304566   26427.525806803384
0.016342719610456153   26269.320450810945   26254.978655758536
0.016821813728271667   26070.404751287177   26054.928674184943
0.017314952703931925   25843.684213114677   25826.980744645225
0.017822548268711737   25588.841742924877   25570.809324066187
0.01834502422397195   25305.68354571096   25286.213244274826
0.018882816794999403   24994.154075367132   24973.131516387475
0.019436374995219892   24654.3381317968   24631.647384385975
0.02000616100108813   24286.46777087557   24261.994373832084
0.020592650537967844   23890.92908154783   23864.561967927883
0.021196333277324068   23468.305302920107   23439.943165688477
0.02181771324555934   23019.40780489214   22988.968686407483
0.022457309244835088   22545.2035678904   22512.626500696446
0.02311565528622961   22046.837004902707   22012.08473765592
0.023793301035594242   21525.801690416512   21488.874792349456
0.024490812272480036   20983.784603654454   20944.725321866914
0.025208771362518027   20422.57133482087   20381.461429179017
0.0259477777436476   19844.27949898348   19801.25430118059
0.02670844842659881   19251.380534137097   19206.644734043704
0.027491418510046592   18646.350425169334   18600.1705538795
0.028297341710866907   18031.784679585202   17984.48272619991
0.029126890909937666   17410.86104018586   17362.817154110184
0.029980758713939952   16786.752302519133   16738.395940325157
0.030859658033628758   16162.445432287568   16114.24351258752
0.031764322679055976   15541.280611720485   15493.736974117826
0.03269550797224261   14926.781885198221   14880.434219860814
0.033653991377811755   14322.08009210882   14277.486790102663
0.03464057315210884   13730.301019683751   13688.014802395594
0.03565607701135116   13155.251548437445   13115.770812473187
0.036701350819364466   12600.315548517821   12564.078846446606
0.03777726729548091   12068.258490606904   12035.646856568694
0.038884724743189276   11561.20850504117   11532.526284636258
0.04002464780014597   11080.765356947077   11056.23560439304
0.041197988210172884   10628.12944941436   10607.906477683577
0.04240572561788674   10204.993390525073   10189.07120214851
0.04364886838662332   9814.277565105138   9802.314507903442
0.04492845444033957   9458.524996736525   9449.87688751033
0.04624555213019635   9139.079232272554   9132.860125574907
0.04760126112654554   8853.55227126488   8848.725341538413
0.04899671333706607   8598.809966188548   8594.216721513894
0.05043307385181555   8372.060822779049   8366.422964819862
0.05191154191598653   8170.654991862095   8162.563909330023
0.053433351931179485   7992.1892989898115   7980.102130140311
0.05499977448602865   7833.90058737262   7816.178211657608
0.05661211741704101   7691.721204730523   7666.726419711475
0.05827172690053434   7561.585085647452   7527.710275830542
0.05997998857658587   7438.35106046852   7394.246253713318
0.06173832870592997   7316.137644439524   7260.892529644538
0.0635482153607709   7188.837955449224   7122.144146675858
0.06541115965050462   7049.520363925481   6972.005491758127
0.06732871698337338   6891.743652443723   6805.030584810232
0.06930248836510605   6710.025851506291   6616.851752450125
0.07133412173562886   6500.179348986403   6404.345345918049
0.07342531334496233   6260.8644013064695   6167.214259409997
0.07557780916945323   5992.632900753793   5906.806311808336
0.07779340636952398   5698.4149606284345   5626.416234462551
0.08007395479015682   5382.790689871785   5330.577129372465
0.08242135850536496   5052.646714993619   5025.70087211616
0.08483757740794096   4715.761280973522   4718.704300479728
0.08732462884580919   4380.7004632801   4416.911885704826
0.08988458930634863   4057.0204286851244   4128.010309455284
0.09251959615009227   3753.977745744118   3859.234073746381
0.09523184939525078   3479.999112715424   3616.564869907204
0.09802361355455057   3242.1195732472615   3404.6564180687533
0.10089721952591899   3044.1197667448128   3225.5427293509683
0.10385506653859616   2887.3398851228158   3079.2573149536693
0.10689962415629803   2769.2206983662813   2962.2627174583686
0.11003343433910281   2685.1200856601627   2869.7921592490497
0.11325911356578279   2627.588172153015   2796.0545665670757
0.11657935501835284   2587.395776191638   2733.798775377205
0.11999693083066039   2553.8327802412628   2674.902535763204
0.12351469440289359   2515.4123442426185   2611.8979376660923
0.12713558278394044   2461.6219046968376   2538.6458007756783
0.13086261912358757   2384.293503903345   2450.8793602616065
0.13469891519660646   2279.188691976106   2346.9192073392373
0.13864767400083483   2146.8117567806125   2228.3951582950976
0.14271219243142114   1992.975095277892   2100.2280885391374
0.14689586403346616   1828.5147138821396   1969.6884029842183
0.1512021818353596   1667.4637945295424   1844.6657394423162
0.15563474126517718   1523.194952739662   1732.0106532426962
0.16019724315257297   1404.6907406224802   1636.172579571916
0.1648934968186736   1315.58336294642   1557.3455179722641
0.1697274232565544   1255.0705176997012   1493.622109544188
0.17470305840495237   1218.3455305366012   1442.005899565956
0.17982455651794954   1196.0871476729735   1396.9281802878727
0.18509619363343993   1175.6154072812046   1352.412268711909
0.19052237114327647   1144.8620315481135   1304.0530585845652
0.19610761946807834   1096.5804698095144   1249.6633422756859
0.20185660183976684   1029.815994037109   1189.5779437280933
0.20777411819498756   949.8508375033268   1127.260572763388
0.21386510918267082   867.1051593796495   1067.0605994841246
0.22013466028907505   792.9856807151536   1012.2561877626091
0.22658800608375756   735.23930186723   964.1704797657999
0.23323053459001789   696.0333058146114   922.9719635216327
0.2400677917834628   671.4658465174269   886.9213461138595
0.24710548622244882   652.7583533578622   852.6708941704561
0.25434949381426813   630.6206204529873   818.762372237837
0.2618058627210567   599.2681172819322   784.0825772186854
0.2694808184095226   558.4072658683334   748.6404568609996
0.27738076884870827   513.7021525467735   713.8692876010871
0.2855123098601282   473.1484078335009   681.7244716680461
0.29388223062474755   441.8361079283756   652.4047658909109
0.3024975193514008   419.94844476210505   625.7058654056885
0.31136536911138296   403.0529826977649   600.7264125367705
0.3204931838440838   385.0468999475355   576.382061074356
0.32988858453867975   362.5982922304612   552.7498550057927
0.3395594155970457   336.88606376373104   529.4071639488386
0.34951375138319807   312.0655019854855   507.3293188867014
0.3597599029647371   291.7570694107329   486.74123166434754
0.37030642505191835   276.1220956343047   467.5410895366823
0.3811621231401457   262.31699732580216   449.3411319846798
0.3923360608618501   247.45381145564528   431.8263697957939
0.4038375675538918   231.07347857693463   414.81740538594426
0.41567624604680364   215.14509349360708   398.6004990071136
0.42786198068238046   201.50507243307268   383.39351127792634
0.4404049455663077   190.03430572602815   369.0973351426023
0.4533156130627191   179.10528991969045   355.4072710437574
0.4666047625377753   167.7853923518067   342.19373270559254
0.4802834893595659   156.6458858547486   329.53977447646116
0.49436321416184764   146.66415299358297   317.5925062205921
0.5088556923793517   137.81482553703952   306.3121856298755
0.5237730240626238   129.35694963396355   295.4918041112769
0.5391276639805903   121.01276645050024   285.09241906419027
0.5549324320192869   113.16544337924883   275.1829866239361
0.5712005238854289   106.04687536580141   265.7951939966023
0.5879455221237613   99.38929739514066   256.8317007273393
0.6051814074573895   92.98006480852555   248.2122976575159
0.622922570460556   86.9682819890926   239.98546959749132
0.6411838235736077   81.39405540357036   232.13405729438773
0.6599804134701901   76.16178148535514   224.62058049295158
0.6793280337869897   71.24441337654048   217.4238034795897
0.6992428382266549   66.62606899844744   210.52611181170295
0.7197414540448374   62.29132377501081   203.91100481518083
0.7408409959326054   58.22523704486104   197.5630176552671
0.7625590803058332   54.41337267267174   191.46764946539793
0.7849138400134885   50.841814378499706   185.61129702556087
0.8079239394770964   47.49717146071213   179.98118477310314
0.8316085902740278   44.36619370712741   174.56456949476203
0.8559875671776167   41.4356195858976   169.34824171299158
0.8810812246675007   38.69292556243449   164.31977825695202
0.9069105139239728   36.126358295224755   159.4676190801303
0.9334970003205227   33.72488754365859   154.78100595501084
0.960862881429187   31.478161971010632   150.2499264490032
0.9890310055537336   29.376467661734907   145.86506268275247
1.0180248908061487   27.410691080295813   141.61773791770935
1.047868744742366   25.57234241158932   137.49965854992354
1.0785874845736239   23.853514445668775   133.50285472875964
1.1102067579703248   22.246765754133037   129.61992518226492
1.1427529644757777   20.745090733520485   125.8440181925648
1.1762532775476793   19.341896299726056   122.16879739088353
1.210735667245765   18.030979653362092   118.58841032851953
1.246228923584555   16.806507080666073   115.0974595384374
1.2827626805706884   15.662993067517027   111.69097971224467
1.3203674409449337   14.595270168109261   108.3644779400267
1.3590746016495152   13.598476030250387   105.11389218696176
1.3989164800420282   12.668047381330528   101.9355062193682
1.4399263408778291   11.79970293915795   98.82592828761118
1.4821384240834183   10.989426869820086   95.78207316163045
1.525587973344019   10.233453150074794   92.80114518741624
1.5703112655292182   9.528250789626181   89.88062223925377
1.6163456409812174   8.870509939025016   87.01828275621345
1.6637295346910133   8.257129317554744   84.21259256126349
1.7125025083885144   7.685203277548724   81.4624517745981
1.7627052835733923   7.152009582975074   78.76688420903824
1.814379775514258   6.654998367369814   76.12502466520787
1.8675691282445197   6.191781721596805   73.53611081022976
1.922317750584177   5.760123872051057   70.99947524190509
1.9786713532176083   5.357931918720092   68.51453772701348
2.0366769868582977   4.983246880927684   66.08086702248914
2.0963830815323896   4.634234296080773   63.69856457719293
2.1578394870138577   4.309177742096362   61.367912814222684
2.2210975144450407   4.006472199195776   59.089149623133416
2.286209979177315   3.7246170804375835   56.862466478497026
2.3532312448676476   3.462209676300241   54.68800754322088
2.4222172688678643   3.2179389926149904   52.565868926337885
2.4932256489445366   2.9905799595929032   50.49609809698569
2.5663156713684585   2.7789884031006133   48.47881292919307
2.641548360413907   2.5820971939601347   46.51459808220876
2.7189865293089923   2.3989096562884424   44.60403248257448
2.798694832679631   2.228494544017602   42.747522014940586
2.8807398205309562   2.0699819258932184   40.94530890623971
2.9651899938111903   1.9225593145721596   39.19748123095828
3.05211586160442   1.785468026458226   37.50398245792654
3.1415899999999994   1.6579997589308664   35.86462093154114
