0.01   5560.213032242179   5560.024848027741
0.010293154462191829   5624.922591197828   5624.727423752565
0.010594902878253955   5687.461044108084   5687.258034618857
0.010905497183778876   5747.636979467474   5747.425325249696
0.011225196699963396   5805.255032100584   5805.034056658435
0.011554268350120923   5860.118349684789   5859.887505485748
0.011892986882540897   5912.020827944558   5911.779603826903
0.012241635099881474   5960.748561007783   5960.496396744757
0.012600504095286909   6006.088155850137   6005.824440031184
0.012969893495426888   6047.824015353496   6047.548016132556
0.013350111710660605   6085.731088216549   6085.441736749048
0.013741476192534558   6119.585462897842   6119.281308443657
0.014144313698828986   6149.16692194044   6148.846143571776
0.01455896056637426   6174.249146569661   6173.909730184986
0.014985762991865008   6194.60440000912   6194.244269277002
0.01542507732090645   6210.013095201071   6209.6301245818
0.015877270345534218   6220.260551722831   6219.852414602771
0.016342719610456153   6225.13173858223   6224.6955314201205
0.016821813728271667   6224.422946812967   6223.955149019494
0.017314952703931925   6217.944416959623   6217.4409031789955
0.017822548268711737   6205.515243131857   6204.971213426713
0.01834502422397195   6186.968593274731   6186.378556767411
0.018882816794999403   6162.1577083421225   6161.515531700658
0.019436374995219892   6130.957740028863   6130.256776036465
0.02000616100108813   6093.267461073403   6092.500744501022
0.020592650537967844   6049.010754366106   6048.171085342616
0.021196333277324068   5998.140245393622   5997.2203049180325
0.02181771324555934   5940.651824576669   5939.644539409535
0.022457309244835088   5876.576302362253   5875.475037994433
0.02311565528622961   5805.973711629502   5804.772348327009
0.023793301035594242   5728.957441511472   5727.6510308953275
0.024490812272480036   5645.703864564475   5644.289510203537
0.025208771362518027   5556.417818203327   5554.894696524044
0.0259477777436476   5461.34277856585   5459.712309114278
0.02670844842659881   5360.818935006124   5359.085955854823
0.027491418510046592   5255.226686610092   5253.3996412758925
0.028297341710866907   5144.960759478729   5143.051416201672
0.029126890909937666   5030.508120090912   5028.531982248671
0.029980758713939952   4912.449095382332   4910.425812351645
0.030859658033628758   4791.355663313102   4789.308532710184
0.031764322679055976   4667.817292612762   4665.772805762618
0.03269550797224261   4542.540846944927   4540.528544108872
0.033653991377811755   4416.226834800714   4414.2788038264625
0.03464057315210884   4289.536438258864   4287.686636138782
0.03565607701135116   4163.259621918342   4161.541667176522
0.036701350819364466   4038.2743690192065   4036.7197788817903
0.03777726729548091   3915.372168129071   3914.0103010179455
0.038884724743189276   3795.2323485517804   3794.089860790569
0.04002464780014597   3678.3827401933722   3677.48187211596
0.041197988210172884   3565.2682417574783   3564.626905102876
0.04240572561788674   3456.2993411633706   3455.930718525512
0.04364886838662332   3352.2113985507694   3352.1122356106616
0.04492845444033957   3253.9147261927906   3254.058729314825
0.04624555213019635   3162.2010079255033   3162.54168073552
0.04760126112654554   3077.365352043438   3077.8410935565744
0.04899671333706607   2999.0404678115447   2999.58023792461
0.05043307385181555   2926.8356407648157   2927.359977547353
0.05191154191598653   2860.3256457231246   2860.7436450352034
0.053433351931179485   2799.009856403755   2799.214120406974
0.05499977448602865   2742.408515464733   2742.275886968169
0.05661211741704101   2689.839132551047   2689.237937741746
0.05827172690053434   2640.4557952976534   2639.2520283022877
0.05997998857658587   2593.3944200651263   2591.45636739708
0.06173832870592997   2547.5431477064185   2544.7594943070317
0.0635482153607709   2501.766554869504   2498.0523370877877
0.06541115965050462   2454.7360873956286   2450.0521721449268
0.06732871698337338   2405.011551573547   2399.3795819165107
0.06930248836510605   2351.2286306494157   2344.749212765496
0.07133412173562886   2292.1081996411076   2284.9843918342303
0.07342531334496233   2226.678076950679   2219.2062383992998
0.07557780916945323   2154.4034100303284   2146.957123690728
0.07779340636952398   2075.2500946134824   2068.270207432378
0.08007395479015682   1989.840538426046   1983.8268825820517
0.08242135850536496   1899.2768450898177   1894.7520926058285
0.08483757740794096   1805.1100942805842   1802.5812513286903
0.08732462884580919   1709.1910900662244   1709.1161877692334
0.08988458930634863   1613.5306685671244   1616.2859556388137
0.09251959615009227   1520.3815769785085   1526.1985521323707
0.09523184939525078   1431.8257326817616   1440.780766882235
0.09802361355455057   1350.0133901307847   1361.973141376957
0.10089721952591899   1276.7067244695095   1291.3355637893073
0.10385506653859616   1213.1766710770005   1229.9002059770028
0.10689962415629803   1159.982507495002   1178.0640864427635
0.11003343433910281   1116.7942760714266   1135.4291749060544
0.11325911356578279   1082.431096782231   1100.783906011631
0.11657935501835284   1055.0213633695616   1072.2830659950478
0.11999693083066039   1032.057792486874   1047.6499924232164
0.12351469440289359   1010.751090930775   1024.396652665901
0.12713558278394044   988.178530926928   999.9477917517817
0.13086261912358757   961.6819355249131   972.0980656045302
0.13469891519660646   929.2878292227892   939.2546939342244
0.13864767400083483   890.046205096583   900.7395442500032
0.14271219243142114   844.2727380333284   857.0952694209749
0.14689586403346616   793.5111672992948   809.7210245690336
0.1512021818353596   740.3775278871963   760.8656276203159
0.15563474126517718   688.2302356469905   713.3300796891587
0.16019724315257297   640.5540617787672   669.8583145112145
0.1648934968186736   600.0647018474183   632.5273920363118
0.1697274232565544   567.9623056633103   602.134470860735
0.17470305840495237   543.8478140142043   577.995488242051
0.17982455651794954   526.1048603653965   558.8058902622741
0.18509619363343993   512.1856829624586   542.4618382155522
0.19052237114327647   498.80036565449666   526.477846454746
0.19610761946807834   482.63048630798994   508.4413004511914
0.20185660183976684   461.61440718876537   487.05822952568013
0.20777411819498756   435.7398239683237   462.5539620391849
0.21386510918267082   406.7563124084988   436.34381152926534
0.22013466028907505   377.47686781782943   410.4101406253525
0.22658800608375756   350.97194559113336   386.77371035325683
0.23323053459001789   329.4596036357226   366.8134286094493
0.2400677917834628   313.37620682387404   350.571403006978
0.24710548622244882   301.47315213850226   337.00992447233074
0.25434949381426813   291.2358977218802   324.60778995475385
0.2618058627210567   279.8851312757237   311.68925251427333
0.2694808184095226   265.8429490465894   297.44371334908277
0.27738076884870827   249.37245440471006   282.0738212228787
0.2855123098601282   232.17244826520155   266.8089430610853
0.29388223062474755   216.51557770558412   252.68652505775628
0.3024975193514008   203.89076608651422   240.47991978830936
0.31136536911138296   194.1349209879303   229.90435175140965
0.3204931838440838   185.80535059207068   220.2110000467941
0.32988858453867975   177.10763531239246   210.51569851077022
0.3395594155970457   167.10933156456423   200.49949942646606
0.34951375138319807   156.35694266303182   190.48933670167514
0.3597599029647371   146.1768733674191   181.04592054585356
0.37030642505191835   137.56400518315007   172.45963322185307
0.3811621231401457   130.45500595977876   164.67543921201457
0.3923360608618501   123.89052867905528   157.3176368165343
0.4038375675538918   116.99918026647212   150.06372442829962
0.41567624604680364   109.76961972811941   142.9282802627826
0.42786198068238046   102.86239068849184   136.15082317213015
0.4404049455663077   96.81925937216167   129.88610794898415
0.4533156130627191   91.49645624754226   124.01558322443837
0.4666047625377753   86.36278457328297   118.39826242553134
0.4802834893595659   81.16031569793635   112.9775254658216
0.49436321416184764   76.13548811594075   107.79696979865918
0.5088556923793517   71.58042130668781   102.93295196540966
0.5237730240626238   67.4374631850243   98.34922394680696
0.5391276639805903   63.450958836681544   93.96770895838516
0.5549324320192869   59.56306037427089   89.78277348206603
0.5712005238854289   55.91689803895999   85.81371561190517
0.5879455221237613   52.562656136951894   82.06196386840071
0.6051814074573895   49.39510442218101   78.49537411777442
0.622922570460556   46.35751678885285   75.09241029236448
0.6411838235736077   43.50363089021863   71.86304598166488
0.6599804134701901   40.838054590214696   68.80338528705687
0.6793280337869897   38.32542381892458   65.89466325858733
0.6992428382266549   35.956488687492204   63.128635843220074
0.7197414540448374   33.72460021091853   60.4984589490634
0.7408409959326054   31.62324359474257   57.99759506112156
0.7625590803058332   29.646056011705156   55.61980273365531
0.7849138400134885   27.78684153175757   53.35912614439967
0.8079239394770964   26.039501174200122   51.20978632825393
0.8316085902740278   24.397724747772518   49.16576884015615
0.8559875671776167   22.855388751321495   47.22124114652072
0.8810812246675007   21.406710802416306   45.37072577791678
0.9069105139239728   20.04623146163372   43.60907709846807
0.9334970003205227   18.7687968730942   41.931459563935775
0.960862881429187   17.569542307292384   40.333327502565375
0.9890310055537336   16.44387660179327   38.81040614855976
1.0180248908061487   15.387485019974687   37.358605037588696
1.047868744742366   14.396335722391786   35.97390904421496
1.0785874845736239   13.466619770018594   34.652533128786466
1.1102067579703248   12.594732861716162   33.390934523019034
1.1427529644757777   11.777265723880193   32.18579561758442
1.1762532775476793   11.010994844861226   31.03400816937266
1.210735667245765   10.292873550226876   29.932658718920308
1.246228923584555   9.620023259466578   28.879012034210827
1.2827626805706884   8.98971981631027   27.870386748852034
1.3203674409449337   8.399385831145747   26.904130639364105
1.3590746016495152   7.846590990969912   25.977763437753
1.3989164800420282   7.329044796116846   25.088973998269886
1.4399263408778291   6.844589109128833   24.235607864289364
1.4821384240834183   6.391191057624668   23.415655865226682
1.525587973344019   5.966936277446232   22.62724365015872
1.5703112655292182   5.570022516439346   21.868616666140838
1.6163456409812174   5.1987538617128015   21.138073395963954
1.6637295346910133   4.85153467808219   20.43398823464706
1.7125025083885144   4.526863797240083   19.754849473569422
1.7627052835733923   4.223329288571752   19.099252027854657
1.814379775514258   3.9396034967915954   18.46588998272813
1.8675691282445197   3.6744383298704273   17.853549743980576
1.922317750584177   3.4266607865232035   17.26110373578213
1.9786713532176083   3.1951684726364413   16.687496582053175
2.0366769868582977   2.9789246859825944   16.13170745728836
2.0963830815323896   2.7769557403039786   15.592778657974613
2.1578394870138577   2.588347758423629   15.069825609122073
2.2210975144450407   2.412243176481134   14.562032060400757
2.286209979177315   2.24783743914982   14.068645629033242
2.3532312448676476   2.0943758766182694   13.588973663223284
2.4222172688678643   1.9511507556952659   13.122379514875883
2.4932256489445366   1.8174990459459273   12.668326080643679
2.5663156713684585   1.6928003874102548   12.226433873041103
2.641548360413907   1.5764731581059224   11.796364077883046
2.7189865293089923   1.467971972224819   11.377797294035945
2.798694832679631   1.3667855500948756   10.970432270243732
2.8807398205309562   1.272434703127015   10.5739847012719
2.9651899938111903   1.1844704283444707   10.18818607991974
3.05211586160442   1.1024720410282915   9.81278054817439
3.1415899999999994   1.0260432675535769   9.44745278119022
