0.01   13127.071565761384   13125.719162520303
0.010293154462191829   13244.229662991273   13242.78162207778
0.010594902878253955   13355.547687636474   13353.997433386032
0.010905497183778876   13460.64146212972   13458.979064228359
0.011225196699963396   13559.12760795985   13557.339819522314
0.011554268350120923   13650.610564642477   13648.683076099323
0.011892986882540897   13734.68452359122   13732.604177777674
0.012241635099881474   13810.948619501503   13808.70358263185
0.012600504095286909   13879.001035108797   13876.579964220971
0.012969893495426888   13938.42338162561   13935.812651414572
0.013350111710660605   13988.803054482083   13985.986234345391
0.013741476192534558   14029.738670206192   14026.696650300102
0.014144313698828986   14060.823395089094   14057.535543234393
0.01455896056637426   14081.653985621515   14078.098976424124
0.014985762991865008   14091.846829235723   14088.002767876516
0.01542507732090645   14091.029693104394   14086.87345792208
0.015877270345534218   14078.831833113025   14074.337554698184
0.016342719610456153   14054.907727975133   14050.04675219697
0.016821813728271667   14018.941240817418   14013.682279137756
0.017314952703931925   13970.636051030868   13964.944959427823
0.017822548268711737   13909.72638781601   13903.56623993906
0.01834502422397195   13835.98672206755   13829.318147793445
0.018882816794999403   13749.234168853396   13742.015902881338
0.019436374995219892   13649.330936025555   13641.520482730417
0.02000616100108813   13536.18744296695   13527.74153477534
0.020592650537967844   13409.77009957312   13400.64539437805
0.021196333277324068   13270.12573156086   13260.280478135146
0.02181771324555934   13117.362799349987   13106.757654447916
0.022457309244835088   12951.645019504056   12940.243559678485
0.02311565528622961   12773.240802404875   12761.012251212627
0.023793301035594242   12582.522600351022   12569.4444804815
0.024490812272480036   12379.912278916321   12365.970549468131
0.025208771362518027   12165.915917458136   12151.106460438232
0.0259477777436476   11941.214383656139   11925.548043842675
0.02670844842659881   11706.545002987943   11690.04792446863
0.027491418510046592   11462.678605814626   11445.39146567764
0.028297341710866907   11210.572955186582   11192.553368074521
0.029126890909937666   10951.30755762116   10932.631032871248
0.029980758713939952   10685.944375411813   10666.702349759958
0.030859658033628758   10415.6360790554   10395.935030072787
0.031764322679055976   10141.765922510125   10121.727890598697
0.03269550797224261   9865.677973732092   9845.438291683633
0.033653991377811755   9588.659977739488   9568.364246403124
0.03464057315210884   9312.175651389873   9291.973905985955
0.03565607701135116   9037.700657214755   9017.743681230582
0.036701350819364466   8766.5715371597   8747.009193836879
0.03777726729548091   8500.169433896437   8481.140149173656
0.038884724743189276   8240.017644752077   8221.633511399506
0.04002464780014597   7987.479473942874   7969.827111962326
0.041197988210172884   7743.703853588599   7726.844790737426
0.04240572561788674   7509.475557154851   7493.4367567920035
0.04364886838662332   7285.38589422926   7270.15943976165
0.04492845444033957   7071.935954564902   7057.481914395325
0.04624555213019635   6869.814435097625   6856.023393744112
0.04760126112654554   6679.921899532291   6666.575253148729
0.04899671333706607   6503.0536307158745   6489.832707778419
0.05043307385181555   6339.228568253035   6325.7485165132875
0.05191154191598653   6186.687174393289   6172.565743711283
0.053433351931179485   6043.542699400193   6028.409651150255
0.05499977448602865   5908.122294559561   5891.6176125327975
0.05661211741704101   5779.028921173274   5760.8004960441285
0.05827172690053434   5654.992417128273   5634.696919719667
0.05997998857658587   5534.459826892082   5511.804380496164
0.06173832870592997   5415.453884140375   5390.253572962975
0.0635482153607709   5296.040099057997   5268.232175519706
0.06541115965050462   5173.866476373726   5143.609370028651
0.06732871698337338   5046.5461250729495   5014.253996785083
0.06930248836510605   4911.820394478758   4878.218346017135
0.07133412173562886   4767.568471321429   4733.753241700502
0.07342531334496233   4612.353446642028   4579.770630783591
0.07557780916945323   4445.855197676379   4416.291385440194
0.07779340636952398   4268.515593563882   4243.973363685555
0.08007395479015682   4082.096606612912   4064.5740036192137
0.08242135850536496   3888.978987400882   3880.37091241654
0.08483757740794096   3692.518558466679   3694.5496740026165
0.08732462884580919   3496.2108310120057   3510.297442981308
0.08988458930634863   3303.696061435311   3330.7422131471867
0.09251959615009227   3118.5332980352664   3158.873891526033
0.09523184939525078   2944.1557951002974   2997.513972875506
0.09802361355455057   2783.8424902010365   2849.1101689884745
0.10089721952591899   2640.2994849922725   2715.5831790689617
0.10385506653859616   2515.0611550122485   2597.830393716192
0.10689962415629803   2408.685791040462   2495.936384614232
0.11003343433910281   2319.6086492843433   2408.176202593948
0.11325911356578279   2245.1731320510607   2332.0098116155696
0.11657935501835284   2181.1413824996753   2263.8788671939815
0.11999693083066039   2122.810394478041   2199.9923899675855
0.12351469440289359   2065.1815859315825   2136.499192167728
0.12713558278394044   2003.6281098190484   2070.164558650624
0.13086261912358757   1934.4218084968188   1998.5865697889062
0.13469891519660646   1855.3246172799081   1920.5034026194544
0.13864767400083483   1766.1566443855274   1836.1835937088551
0.14271219243142114   1668.6436434672746   1747.2869264542028
0.14689586403346616   1566.1439838659312   1656.550178790128
0.1512021818353596   1463.2188030119155   1567.165828480353
0.15563474126517718   1365.1786271600129   1482.682552945984
0.16019724315257297   1277.1432714920759   1405.9040421767656
0.1648934968186736   1202.6889391593431   1338.5786918715212
0.1697274232565544   1142.5826578391416   1281.208559202822
0.17470305840495237   1094.741946619659   1231.194223210816
0.17982455651794954   1055.4584803391776   1186.586170713999
0.18509619363343993   1020.3108018365609   1144.6510940985463
0.19052237114327647   984.4187956719508   1102.7651786107283
0.19610761946807834   943.3827610947786   1058.7510185143628
0.20185660183976684   895.279080498495   1011.8791925002149
0.20777411819498756   841.6054067723951   963.4924541859142
0.21386510918267082   786.0662411249145   915.8957195754604
0.22013466028907505   732.8009494942911   870.54614410866
0.22658800608375756   685.6371558092336   829.1622210221991
0.23323053459001789   646.7016790829928   792.2154667588532
0.2400677917834628   615.4385726245114   759.1633304215846
0.24710548622244882   589.1499709670383   728.7292892721123
0.25434949381426813   564.1161007867945   699.4103810504143
0.2618058627210567   536.9871738050452   670.0167378629209
0.2694808184095226   506.69958499799293   640.5440615821915
0.27738076884870827   474.7309512723714   611.438763307403
0.2855123098601282   443.629207464346   583.8043979406008
0.29388223062474755   415.887280142889   557.9697923494463
0.3024975193514008   392.5901555752551   534.1783485880294
0.31136536911138296   372.66601134081765   511.98458820462696
0.3204931838440838   354.0118132743044   490.77712834517956
0.32988858453867975   334.8429778705604   470.2550872002115
0.3395594155970457   314.73199557694187   450.1890750880099
0.34951375138319807   294.83960272085113   430.9891303879441
0.3597599029647371   276.5885781990091   412.9173018431304
0.37030642505191835   260.53338917617225   395.8750118700664
0.3811621231401457   246.13905765925773   379.7526184569595
0.3923360608618501   232.30750022723683   364.36279700466764
0.4038375675538918   218.4528325529003   349.5427042377629
0.41567624604680364   204.9044016588379   335.38895129484575
0.42786198068238046   192.29715232848852   321.9651187711863
0.4404049455663077   180.87008199474332   309.2427798585309
0.4533156130627191   170.26118922323235   297.12596043049575
0.4666047625377753   160.04630941776622   285.5583329390501
0.4802834893595659   150.1642774869536   274.50631496523346
0.49436321416184764   140.87474735541383   263.9802330367165
0.5088556923793517   132.28320999388947   253.9907726052824
0.5237730240626238   124.23875358782949   244.4725165659423
0.5391276639805903   116.57130351971787   235.37556862433155
0.5549324320192869   109.29877991864556   226.70345271822637
0.5712005238854289   102.49632119054337   218.44333755764876
0.5879455221237613   96.12997357927915   210.5707292514023
0.6051814074573895   90.1183531755946   203.0550726216371
0.622922570460556   84.4433321061667   195.87524996043186
0.6411838235736077   79.12003247404874   189.02602265396564
0.6599804134701901   74.12526166913796   182.4885776246124
0.6793280337869897   69.4256629834668   176.23457808160398
0.6992428382266549   65.00904293371215   170.25793101270588
0.7197414540448374   60.86055901799172   164.5444418672379
0.7408409959326054   56.964981917726526   159.07891091984703
0.7625590803058332   53.307864654933994   153.84713671845626
0.7849138400134885   49.875508741641845   148.83584354725176
0.8079239394770964   46.65493131003236   144.03261473633975
0.8316085902740278   43.63383323408533   139.42583130939528
0.8559875671776167   40.80056670241508   135.0045826551468
0.8810812246675007   38.14408519240214   130.75816531592534
0.9069105139239728   35.653926272616175   126.6762138845366
0.9334970003205227   33.320202698582946   122.74905439196995
0.960862881429187   31.133574510054967   118.96766439643525
0.9890310055537336   29.085221769883894   115.3236265640358
1.0180248908061487   27.16681843774663   111.8090860914735
1.047868744742366   25.370507347947164   108.41671162283373
1.0785874845736239   23.68887634111759   105.13959302705666
1.1102067579703248   22.114935816924593   101.97080386591942
1.1427529644757777   20.642096362533817   98.90369731070751
1.1762532775476793   19.26414755926018   95.93210672244408
1.210735667245765   17.975238039959226   93.05031451232458
1.246228923584555   16.769856457556404   90.25302260000655
1.2827626805706884   15.642813332224392   87.5353253165933
1.3203674409449337   14.589223746383897   84.89268450934867
1.3590746016495152   13.604490151108434   82.32090028063723
1.3989164800420282   12.684284935683351   79.81607241269757
1.4399263408778291   11.824538181574315   77.37460240922096
1.4821384240834183   11.02142408006817   74.99318183257375
1.525587973344019   10.271347263942538   72.66877522980404
1.5703112655292182   9.57092983091315   70.3986042244887
1.6163456409812174   8.916999029323902   68.1801326449384
1.6637295346910133   8.306575574151104   66.01105325626865
1.7125025083885144   7.73686196475504   63.889408012364584
1.7627052835733923   7.205231510782083   61.81371063459472
1.814379775514258   6.709219807086017   59.78264850787524
1.8675691282445197   6.246515434548257   57.79503229547982
1.922317750584177   5.814950967869419   55.84978811791192
1.9786713532176083   5.412494473508338   53.94595000174726
2.0366769868582977   5.037241473916333   52.082652572384
2.0963830815323896   4.687407333851263   50.25913004643015
2.1578394870138577   4.361319375519825   48.47492150655617
2.2210975144450407   4.057410174708091   46.7298831504813
2.286209979177315   3.7742122066504176   45.02389150416521
2.3532312448676476   3.5103518113186447   43.35682161723892
2.4222172688678643   3.2645434401556646   41.7285449055248
2.4932256489445366   3.035584236491897   40.13892709592241
2.5663156713684585   2.8223489316966406   38.58782627718535
2.641548360413907   2.6237851443818054   37.07511784710493
2.7189865293089923   2.4389101213657867   35.60103216962098
2.798694832679631   2.266805669455338   34.16598979052581
2.8807398205309562   2.106612996248811   32.77030007654044
2.9651899938111903   1.9575290271456989   31.414159912051176
3.05211586160442   1.8188029614957049   30.09765979488313
3.1415899999999994   1.6897330276117557   28.820789982701257
