0.01   7287.883207822593   7287.278444786478
0.010293154462191829   7379.131474558986   7378.480435362756
0.010594902878253955   7468.309165544002   7467.6069861483375
0.010905497183778876   7555.218787463855   7554.460190389101
0.011225196699963396   7639.655276805264   7638.834580510155
0.011554268350120923   7721.400107084222   7720.511252489255
0.011892986882540897   7800.23098075793   7799.267539658029
0.012241635099881474   7875.922975021432   7874.878128806494
0.012600504095286909   7948.242117412038   7947.108425067045
0.012969893495426888   8016.949902563882   8015.719185137878
0.013350111710660605   8081.80783497403   8080.471179477333
0.013741476192534558   8142.57059653263   8141.118340031466
0.014144313698828986   8198.982326426505   8197.404030842516
0.01455896056637426   8250.788576257977   8249.073046717467
0.014985762991865008   8297.736504322907   8295.871762443126
0.01542507732090645   8339.567202796808   8337.540219526876
0.015877270345534218   8376.023894747668   8373.820526914305
0.016342719610456153   8406.85655132975   8404.461578330258
0.016821813728271667   8431.814700549774   8429.211576976333
0.017314952703931925   8450.647945594616   8447.81853551541
0.017822548268711737   8463.116698026353   8460.041341723803
0.01834502422397195   8468.992125510445   8465.649661392275
0.018882816794999403   8468.052121163364   8464.419717709727
0.019436374995219892   8460.089023766363   8456.142256399797
0.02000616100108813   8444.913100933085   8440.626111747411
0.020592650537967844   8422.354410299673   8417.700020962293
0.021196333277324068   8392.264389110871   8387.21425420528
0.02181771324555934   8354.517301170046   8349.042140992402
0.022457309244835088   8309.01729903281   8303.08746010195
0.02311565528622961   8255.70768817317   8249.294151612738
0.023793301035594242   8194.560226258673   8187.634973567855
0.024490812272480036   8125.577696054726   8118.114061012792
0.025208771362518027   8048.824307285895   8040.798095844608
0.0259477777436476   7964.409344845511   7955.799499421344
0.02670844842659881   7872.4694001559965   7863.2581905931265
0.027491418510046592   7773.203641343091   7763.37853180958
0.028297341710866907   7666.895638188543   7656.4521691433465
0.029126890909937666   7553.854499294957   7542.796336329355
0.029980758713939952   7434.424762818204   7422.763642539819
0.030859658033628758   7309.0686244997905   7296.82543655834
0.031764322679055976   7178.29155116589   7165.496268239316
0.03269550797224261   7042.602929167714   7029.293933833085
0.033653991377811755   6902.608812445108   6888.833451438221
0.03464057315210884   6759.017119960817   6744.832271701308
0.03565607701135116   6612.516425298051   6597.987423468006
0.036701350819364466   6463.80307031311   6449.002316910421
0.03777726729548091   6313.682698949862   6298.687679497416
0.038884724743189276   6162.9450270775615   6147.8370269604275
0.04002464780014597   6012.333582146075   5997.196283008775
0.041197988210172884   5862.69603164879   5847.607866513507
0.04240572561788674   5714.938223274128   5699.9667342679195
0.04364886838662332   5569.88431466692   5555.086523201562
0.04492845444033957   5428.208071735943   5413.630627043338
0.04624555213019635   5290.3347542720285   5276.013414667555
0.04760126112654554   5156.6118814907095   5142.572194179848
0.04899671333706607   5027.379979585273   5013.634849167853
0.05043307385181555   4903.2935615777   4889.811325602797
0.05191154191598653   4785.13808679748   4771.827830868216
0.053433351931179485   4673.598781358631   4660.316178514382
0.05499977448602865   4568.593743415083   4555.167653766063
0.05661211741704101   4469.165129697631   4455.427497460613
0.05827172690053434   4374.375243982353   4360.162799777525
0.05997998857658587   4283.383026806893   4268.540873703883
0.06173832870592997   4195.442209946386   4179.828416534137
0.0635482153607709   4109.845020904972   4093.332374506635
0.06541115965050462   4025.6790392171133   4008.1790617366937
0.06732871698337338   3941.919753536986   3923.3983031003
0.06930248836510605   3857.5350623288805   3838.0266572078945
0.07133412173562886   3771.294663413522   3750.953537888236
0.07342531334496233   3682.01672018678   3661.1237722229084
0.07557780916945323   3588.493141335609   3567.499997893039
0.07779340636952398   3489.5856242970367   3469.129896712232
0.08007395479015682   3384.510796121912   3365.4102544697275
0.08242135850536496   3272.8701286813252   3256.112037027869
0.08483757740794096   3154.8473623203654   3141.5491243463466
0.08732462884580919   3031.33879437597   3022.7046677653793
0.08988458930634863   2903.7268331284586   2900.921506300014
0.09251959615009227   2773.911171634217   2777.921023495303
0.09523184939525078   2643.9913258091246   2655.5891171355142
0.09802361355455057   2516.160699097531   2535.884102759418
0.10089721952591899   2392.562250090696   2420.6197462500704
0.10385506653859616   2275.1857347743858   2311.4123493039415
0.10689962415629803   2165.924025629984   2209.716181554249
0.11003343433910281   2066.2937534089506   2116.654190160631
0.11325911356578279   1977.3408241174357   2032.8625247607465
0.11657935501835284   1899.4702081020018   1958.4454500134489
0.11999693083066039   1832.0028180924785   1892.5917155318493
0.12351469440289359   1773.4349344402783   1833.8847625234964
0.12713558278394044   1721.314672314934   1780.2307760887986
0.13086261912358757   1672.7421811254446   1729.2899970358349
0.13469891519660646   1624.6808357647853   1678.720795200827
0.13864767400083483   1574.3360238486882   1626.5081960851462
0.14271219243142114   1519.5307543123342   1571.154568509905
0.14689586403346616   1458.956024072691   1511.9082915408014
0.1512021818353596   1392.5372452914976   1449.2067243453582
0.15563474126517718   1321.4170964455493   1384.0520773266144
0.16019724315257297   1247.730519980114   1317.9575570220595
0.1648934968186736   1174.258970132664   1252.9957176081866
0.1697274232565544   1104.0675849243514   1191.1830414269286
0.17470305840495237   1040.1061005457475   1134.3627365669097
0.17982455651794954   984.5738845298827   1083.6700125005502
0.18509619363343993   938.181549237495   1039.2284354760661
0.19052237114327647   899.7650983299721   1000.1627851878543
0.19610761946807834   866.7723058758123   964.4798331974868
0.20185660183976684   836.2122226408549   930.4509118244877
0.20777411819498756   805.2102752887611   896.4042561482457
0.21386510918267082   771.3143595436704   861.4691885303
0.22013466028907505   733.2843846642254   824.9505859677307
0.22658800608375756   691.9282211629458   787.4644899157712
0.23323053459001789   649.7218098633365   750.4804737120288
0.2400677917834628   609.4717809171826   715.4358410789787
0.24710548622244882   573.41664226657   683.081874268623
0.25434949381426813   542.7735824968621   653.9524737248199
0.2618058627210567   517.1874558477105   627.4371929004577
0.2694808184095226   494.8454358116709   602.7639480903161
0.27738076884870827   473.3046836607783   578.8772971019799
0.2855123098601282   450.5862269038528   555.1429364504777
0.29388223062474755   425.97135259666527   531.3035296901447
0.3024975193514008   400.4864927336749   508.1125267968711
0.31136536911138296   375.95004902685605   485.8581595534023
0.3204931838440838   353.84406822738424   465.03449814172416
0.32988858453867975   334.7724322606331   445.74817582909265
0.3395594155970457   318.03136516782706   427.60968368377513
0.34951375138319807   302.1431390844556   410.2752215451196
0.3597599029647371   285.9980540942281   393.31144941826307
0.37030642505191835   269.406745099217   376.9898451309342
0.3811621231401457   253.13571289858447   361.2902275062503
0.3923360608618501   238.1668532842239   346.38963235911217
0.4038375675538918   224.7974291280542   332.361816594754
0.41567624604680364   212.59499973616536   319.04891833010686
0.42786198068238046   200.837772814865   306.2876402009111
0.4404049455663077   189.16141979265294   294.01110522204806
0.4533156130627191   177.81895405340725   282.27200918606025
0.4666047625377753   167.25376188241768   271.11002964591677
0.4802834893595659   157.57695522189846   260.51002707334516
0.49436321416184764   148.525017831276   250.4190414105593
0.5088556923793517   139.80490222834317   240.74813469870355
0.5237730240626238   131.4034120893005   231.49498377838782
0.5391276639805903   123.50016454022236   222.68629531708623
0.5549324320192869   116.1518893169733   214.29195212008858
0.5712005238854289   109.23836318604202   206.28418057977552
0.5879455221237613   102.64676165506654   198.63223559410073
0.6051814074573895   96.39632071348754   191.31864072930904
0.622922570460556   90.53573397579436   184.3456522191509
0.6411838235736077   85.03222481684759   177.68931532718432
0.6599804134701901   79.82643364623613   171.32289662792888
0.6793280337869897   74.90803018118693   165.2395512249275
0.6992428382266549   70.28628216899834   159.42731229158355
0.7197414540448374   65.93955252699166   153.86715805037127
0.7408409959326054   61.844164546978064   148.54871453125244
0.7625590803058332   57.98890764895   143.4583013679473
0.7849138400134885   54.36114606566345   138.58328579190456
0.8079239394770964   50.94858325013496   133.91194328309305
0.8316085902740278   47.7394935404926   129.433281963617
0.8559875671776167   44.72270327369727   125.13699215211939
0.8810812246675007   41.88757188368164   121.01339975494734
0.9069105139239728   39.223973052036605   117.05342317832692
0.9334970003205227   36.72225593276769   113.24834676098979
0.960862881429187   34.373171741854186   109.58922403840687
0.9890310055537336   32.16793520885048   106.06751216194792
1.0180248908061487   30.098227739477803   102.67525327293394
1.047868744742366   28.15617543801684   99.40503281270335
1.0785874845736239   26.334327964984976   96.24994127880295
1.1102067579703248   24.625638212865343   93.20353911305007
1.1427529644757777   23.023442916006633   90.25982012256178
1.1762532775476793   21.52144999692315   87.41297848010262
1.210735667245765   20.1137211340027   84.65732484963665
1.246228923584555   18.794644742916837   81.98756475556974
1.2827626805706884   17.558919262672763   79.39879537478113
1.3203674409449337   16.401537873916514   76.8864796703405
1.3590746016495152   15.317773831092701   74.44642259038592
1.3989164800420282   14.303166394441837   72.07474912598887
1.4399263408778291   13.353506838867593   69.76788574005859
1.4821384240834183   12.464821940572117   67.52255438984916
1.525587973344019   11.633364888631482   65.33574600038847
1.5703112655292182   10.855605890257447   63.204695979503036
1.6163456409812174   10.128220629742174   61.12686919503615
1.6637295346910133   9.448079245168808   59.09994597508014
1.7125025083885144   8.8122358261439   57.121808954979024
1.7627052835733923   8.217918412568636   55.19053083267677
1.814379775514258   7.662519069244529   53.30447399253996
1.8675691282445197   7.1435842945616415   51.46245120906523
1.922317750584177   6.658807566342261   49.66342495982714
1.9786713532176083   6.2060213127458095   47.906443906206896
2.0366769868582977   5.783189078335274   46.19063666683283
2.0963830815323896   5.388398091272534   44.51520581091034
2.1578394870138577   5.019852214118279   42.87942205767063
2.2210975144450407   4.675865211897759   41.28262867225262
2.286209979177315   4.354853450354025   39.724440660734
2.3532312448676476   4.055330263296701   38.20469550682477
2.4222172688678643   3.7759013962297208   36.72322168014586
2.4932256489445366   3.515259591963837   35.279828167471834
2.5663156713684585   3.272179427927892   33.87430386628712
2.641548360413907   3.0455124399377285   32.50641707157971
2.7189865293089923   2.834182517991226   31.175915056236427
2.798694832679631   2.6371819285080806   29.88259012418426
2.8807398205309562   2.453568672200922   28.626559996288993
2.9651899938111903   2.2824607929477714   27.4079692611562
3.05211586160442   2.123032033716307   26.226854214676504
3.1415899999999994   1.9745085190347245   25.08314971870075
