0.01   3449.0379028501834   3448.8985696568025
0.010293154462191829   3469.8888889304035   3469.7483948608424
0.010594902878253955   3488.5648284379176   3488.4233856099104
0.010905497183778876   3504.949745959954   3504.8075653055525
0.011225196699963396   3518.92767114559   3518.7849459182407
0.011554268350120923   3530.375511030009   3530.232358265587
0.011892986882540897   3539.171850174586   3539.0282961364483
0.012241635099881474   3545.199625159332   3545.055610805132
0.012600504095286909   3548.3392202565133   3548.1947020242
0.012969893495426888   3548.470964333555   3548.3259952612134
0.013350111710660605   3545.4824391240363   3545.3371712546623
0.013741476192534558   3539.265128741339   3539.1197627718034
0.014144313698828986   3529.7081081929873   3529.562761915907
0.01455896056637426   3516.709133319668   3516.5638209919493
0.014985762991865008   3500.1767689969065   3500.0313961256056
0.01542507732090645   3480.0229017967713   3479.8771961325997
0.015877270345534218   3456.1679549700184   3456.0214301685787
0.016342719610456153   3428.547682410724   3428.3996475152458
0.016821813728271667   3397.110482683727   3396.9601149752657
0.017314952703931925   3361.815043462963   3361.661516581236
0.017822548268711737   3322.6382673042976   3322.4807728371607
0.01834502422397195   3279.5769349991033   3279.4146692749528
0.018882816794999403   3232.64754139079   3232.479562572079
0.019436374995219892   3181.8877022227834   3181.712884085287
0.02000616100108813   3127.3573357817595   3127.174396648657
0.020592650537967844   3069.1450585362677   3068.952738071641
0.021196333277324068   3007.3703166327414   3007.1676024135645
0.02181771324555934   2942.174459141446   2941.9606027638656
0.022457309244835088   2873.7255756036893   2873.5001254715994
0.02311565528622961   2802.2411570244444   2802.0041290331756
0.023793301035594242   2727.9633086914096   2727.715209376759
0.024490812272480036   2651.148557862935   2650.8903507826813
0.025208771362518027   2572.1041639150676   2571.8374773258174
0.0259477777436476   2491.1827873223388   2490.910094060633
0.02670844842659881   2408.7356870768213   2408.4601906635517
0.027491418510046592   2325.1336914346107   2324.8592577336667
0.028297341710866907   2240.8258449885434   2240.5570833106312
0.029126890909937666   2156.253570304411   2155.9957090356347
0.029980758713939952   2071.832231209801   2071.5909498156043
0.030859658033628758   1988.0386163688722   1987.8199802594302
0.031764322679055976   1905.372020328947   1905.1823931025617
0.03269550797224261   1824.2705336366591   1824.1164227538043
0.033653991377811755   1745.16330094808   1745.0510488864818
0.03464057315210884   1668.5447175185534   1668.4799878661838
0.03565607701135116   1594.8426239252792   1594.8303786798142
0.036701350819364466   1524.4085184115502   1524.4529988936486
0.03777726729548091   1457.5911159755517   1457.694973378699
0.038884724743189276   1394.7013695699993   1394.8654086803776
0.04002464780014597   1335.9755481597117   1336.1990943516778
0.041197988210172884   1281.6107362689575   1281.8909112709628
0.04240572561788674   1231.7941942619798   1232.1243969312497
0.04364886838662332   1186.6711190764474   1187.0414858618462
0.04492845444033957   1146.2975372823364   1146.6953460329084
0.04624555213019635   1110.4666539409181   1110.8760731255406
0.04760126112654554   1078.9292127324006   1079.3313883999192
0.04899671333706607   1051.4277372610616   1051.8010205147625
0.05043307385181555   1027.5363918052476   1027.8567918462988
0.05191154191598653   1006.8211917927102   1007.0624142026837
0.053433351931179485   988.8330197578066   988.9668591423139
0.05499977448602865   973.0148519844194   973.0123203069406
0.05661211741704101   958.8156842501254   958.6473669021376
0.05827172690053434   945.494991054194   945.1343991669713
0.05997998857658587   932.1848106554855   931.6111294516179
0.06173832870592997   917.9867271730304   917.1873571780101
0.0635482153607709   901.9037352694453   900.8790747047666
0.06541115965050462   883.0142476133196   881.7792210189109
0.06732871698337338   860.5556358995929   859.1422784633855
0.06930248836510605   833.9602155164582   832.4170824908441
0.07133412173562886   803.0781861110858   801.4676729730079
0.07342531334496233   768.0271814188055   766.4229112297829
0.07557780916945323   729.2371338698763   727.7245597467173
0.07779340636952398   687.3694047325845   686.0391312002224
0.08007395479015682   643.4121717290723   642.3469882716098
0.08242135850536496   598.4877911115357   597.7583340560748
0.08483757740794096   553.8352861780951   553.4985061444037
0.08732462884580919   510.8460181640738   510.9318989654938
0.08988458930634863   470.84921327383296   471.35619707663415
0.09251959615009227   435.02496939467466   435.91183343127085
0.09523184939525078   404.32374546588653   405.5108066840616
0.09802361355455057   379.208320817473   380.58498011359904
0.10089721952591899   359.8010497910166   361.23205323665445
0.10385506653859616   345.6994597011887   347.03285786649866
0.10689962415629803   336.23362872714296   337.3122270580555
0.11003343433910281   330.35889611573003   331.0441594522949
0.11325911356578279   326.7761707392877   326.9580587681538
0.11657935501835284   323.9705693363466   323.584144622171
0.11999693083066039   320.31828956229515   319.3720052676826
0.12351469440289359   314.33824524429673   312.9202361885135
0.12713558278394044   304.88404015017574   303.15838831315216
0.13086261912358757   291.36020344090963   289.555056035214
0.13469891519660646   273.8656091159887   272.24444930775775
0.13864767400083483   253.30699707911174   252.12150201046387
0.14271219243142114   231.33287716890763   230.76645094225475
0.14689586403346616   209.9895910173806   210.108544457556
0.1512021818353596   191.1116585031298   191.84529928756317
0.15563474126517718   175.8628109837177   177.03273318033285
0.16019724315257297   164.7080699869417   166.063908128202
0.1648934968186736   157.53523482427852   158.78556766377497
0.1697274232565544   153.63915163930633   154.5083955108174
0.17470305840495237   151.61977163145644   151.92195464857204
0.17982455651794954   149.64871644220878   149.34228305694495
0.18509619363343993   146.09535040738461   145.3328293817526
0.19052237114327647   139.98827636677444   139.06323045509666
0.19610761946807834   131.20605649364174   130.4521484668816
0.20185660183976684   120.5688196038005   120.28590973352046
0.20777411819498756   109.6251567605472   109.95436504496466
0.21386510918267082   99.97078061069143   100.83694314632713
0.22013466028907505   92.65306361681291   93.81817623552458
0.22658800608375756   87.92917861027861   89.04518890920082
0.23323053459001789   85.16774388784913   85.96843095114018
0.2400677917834628   83.10389325328887   83.46819400001465
0.24710548622244882   80.46727787750055   80.490691362054
0.25434949381426813   76.45541192439318   76.40284441716696
0.2618058627210567   71.07788865055073   71.26895791171293
0.2694808184095226   65.21234624153351   65.81025496057373
0.27738076884870827   59.976044668923564   60.92410984778136
0.2855123098601282   56.04882915415439   57.12914376261729
0.29388223062474755   53.417563571901226   54.36947469463805
0.3024975193514008   51.40974224877277   52.10513965163962
0.31136536911138296   49.1754366494887   49.68322790037432
0.3204931838440838   46.28540256338447   46.8171408850326
0.32988858453867975   42.936481207326075   43.666194687264316
0.3395594155970457   39.73995290614782   40.68202581963998
0.34951375138319807   37.18575403667848   38.204198922595666
0.3597599029647371   35.26026276590059   36.19469226760196
0.37030642505191835   33.54799686301405   34.35336573737812
0.3811621231401457   31.654579264675792   32.42484358428808
0.3923360608618501   29.541545021345375   30.39724377512351
0.4038375675538918   27.499877975665314   28.457327450052148
0.41567624604680364   25.78060788138322   26.763988872660452
0.42786198068238046   24.34391953440554   25.276043913522948
0.4404049455663077   22.960481872293794   23.847053665206296
0.4533156130627191   21.50953549483313   22.41905011067109
0.4666047625377753   20.08416856637772   21.042435451441094
0.4802834893595659   18.818639459590063   19.787466319437005
0.49436321416184764   17.69950919388825   18.644487769901023
0.5088556923793517   16.621861685187977   17.552927480335317
0.5237730240626238   15.554167938461104   16.498056829446483
0.5391276639805903   14.553635166486723   15.509354934689096
0.5549324320192869   13.648558823420162   14.594754163771125
0.5712005238854289   12.798128348019468   13.733592642341804
0.5879455221237613   11.981123213382316   12.916311616255609
0.6051814074573895   11.207972178539162   12.145173186691114
0.622922570460556   10.487135418406028   11.422191213839733
0.6411838235736077   9.814534048043088   10.744156855110143
0.6599804134701901   9.186024514784584   10.107901745453024
0.6793280337869897   8.597907019451789   9.510514222803414
0.6992428382266549   8.046874799653507   8.949316371966825
0.7197414540448374   7.529969656119886   8.421843283847032
0.7408409959326054   7.044544614752723   7.925825085496626
0.7625590803058332   6.588456406272363   7.45927215987949
0.7849138400134885   6.1601786032226205   7.020528277250302
0.8079239394770964   5.758286811535845   6.60804041099108
0.8316085902740278   5.381398207786582   6.220328664761655
0.8559875671776167   5.028174049183955   5.855984332269215
0.8810812246675007   4.697321623687126   5.513667836761855
0.9069105139239728   4.387595691713679   5.192106575389598
0.9334970003205227   4.097780071420311   4.890084536260185
0.960862881429187   3.8266340991484835   4.606416715380028
0.9890310055537336   3.5729715606957106   4.339979054694739
1.0180248908061487   3.335681660862742   4.0897151737943185
1.047868744742366   3.1137241513171876   3.8546324833063
1.0785874845736239   2.906124781950014   3.6337985009435005
1.1102067579703248   2.7119710538589894   3.4263373618128727
1.1427529644757777   2.5304094465306095   3.2314272459217204
1.1762532775476793   2.3606513252886234   3.048303249556818
1.210735667245765   2.2019613850892075   2.8762497445696336
1.246228923584555   2.0536474387025283   2.7145932987314976
1.2827626805706884   1.9150580393726087   2.5627003354576807
1.3203674409449337   1.7855802947541146   2.4199749497789766
1.3590746016495152   1.66463778096245   2.2858568247840085
1.3989164800420282   1.5516884932351633   2.159819182275151
1.4399263408778291   1.4462213359779452   2.041365159780658
1.4821384240834183   1.3477546520651993   1.930026244216096
1.525587973344019   1.2558366429426513   1.8253627965254464
1.5703112655292182   1.1700437030524948   1.7269624364478893
1.6163456409812174   1.089978731516414   1.6344383961805005
1.6637295346910133   1.0152695398113327   1.5474279673606663
1.7125025083885144   0.9455673510701751   1.465591031805843
1.7627052835733923   0.8805455657043121   1.3886074304761824
1.814379775514258   0.8198985924000642   1.3161743905538452
1.8675691282445197   0.7633401460254369   1.2480082539431658
1.922317750584177   0.7106020219463035   1.1838436624787625
1.9786713532176083   0.6614330057721137   1.1234323579529404
2.0366769868582977   0.6155978448630485   1.0665420610643945
2.0963830815323896   0.5728762784006742   1.0129554241620684
2.1578394870138577   0.5330620695425975   0.9624685565474219
2.2210975144450407   0.49596195827469847   0.9148882975618365
2.286209979177315   0.4613950961181343   0.8700335004908641
2.3532312448676476   0.42919236295609475   0.8277350253880333
2.4222172688678643   0.3991956308719214   0.7878349048464791
2.4932256489445366   0.37125707234562044   0.7501855697469427
2.5663156713684585   0.3452385103026816   0.7146491308318927
2.641548360413907   0.3210108258766872   0.6810963870854013
2.7189865293089923   0.298453567131219   0.6494028453909555
2.798694832679631   0.27745427517494553   0.619450201700563
2.8807398205309562   0.2579078290750433   0.5911284723193262
2.9651899938111903   0.2397159843156115   0.5643353981380048
3.05211586160442   0.222786941173914   0.5389758530973374
3.1415899999999994   0.20703493870290635   0.5149613014396173
