0.01   17049.753731919576   17044.04260073245
0.010293154462191829   17232.99001215659   17226.754678330322
0.010594902878253955   17409.86970723578   17403.062987612117
0.010905497183778876   17579.889053254232   17572.457919850967
0.011225196699963396   17742.535084831623   17734.421096665672
0.011554268350120923   17897.27082146661   17888.411817121338
0.011892986882540897   18043.553913160777   18033.88448882837
0.012241635099881474   18180.84184342779   18170.293390011582
0.012600504095286909   18308.569539786855   18297.06863410136
0.012969893495426888   18426.156016092762   18413.623154388795
0.013350111710660605   18533.02674116623   18519.37648491496
0.013741476192534558   18628.60663954974   18613.74749819939
0.014144313698828986   18712.304676205284   18696.138416571368
0.01455896056637426   18783.539856900716   18765.961691695855
0.014985762991865008   18841.746791460242   18822.645644548462
0.01542507732090645   18886.35354334716   18865.610650036175
0.015877270345534218   18916.794887506327   18894.283162994732
0.016342719610456153   18932.533420468382   18908.11812603487
0.016821813728271667   18933.053522004215   18906.592097520956
0.017314952703931925   18917.85344580906   18889.194346127988
0.017822548268711737   18886.468525024575   18855.452018198106
0.01834502422397195   18838.477492490834   18804.936733659095
0.018882816794999403   18773.50183406602   18737.26304207486
0.019436374995219892   18691.21237706437   18652.09575273782
0.02000616100108813   18591.33594742405   18549.15734810108
0.020592650537967844   18473.67198142348   18428.245571146414
0.021196333277324068   18338.104671676097   18289.246245020393
0.02181771324555934   18184.585048322322   18132.11409968644
0.022457309244835088   18013.142626655936   17956.885189474913
0.02311565528622961   17823.949564996747   17763.7456442968
0.023793301035594242   17617.274052122433   17552.98145138033
0.024490812272480036   17393.452069042334   17324.94800797564
0.025208771362518027   17152.977403161254   17080.165762318604
0.0259477777436476   16896.527162554834   16819.34710582093
0.02670844842659881   16624.835972320296   16543.262378380543
0.027491418510046592   16338.731261043355   16252.776864611174
0.028297341710866907   16039.315725385364   15949.042833797308
0.029126890909937666   15727.779633988674   15633.301367233615
0.029980758713939952   15405.324686288093   15306.80173682607
0.030859658033628758   15073.394034946772   14971.035601037085
0.031764322679055976   14733.66058025643   14627.72443892359
0.03269550797224261   14387.745003367105   14278.531855687153
0.033653991377811755   14037.288622521826   13925.13726730614
0.03464057315210884   13684.202046523296   13569.48745278056
0.03565607701135116   13330.350586691093   13213.47784219253
0.036701350819364466   12977.479887536178   12858.875824129605
0.03777726729548091   12627.594778632827   12507.675305023782
0.038884724743189276   12282.85621950509   12162.000394125625
0.04002464780014597   11945.214357272207   11823.763020044244
0.041197988210172884   11616.28316427566   11494.538095790305
0.04240572561788674   11297.127626048488   11175.349850618468
0.04364886838662332   10988.611048794766   10867.022189532072
0.04492845444033957   10691.544814603618   10570.318540787119
0.04624555213019635   10407.456930905226   10286.58719177729
0.04760126112654554   10138.254509578455   10017.479581555546
0.04899671333706607   9885.610319512713   9764.435333418822
0.05043307385181555   9649.605039226168   9527.400601820143
0.05191154191598653   9428.185369441919   9304.317747482806
0.053433351931179485   9219.295224775165   9093.137393703064
0.05499977448602865   9021.053651623513   8891.988528980206
0.05661211741704101   8831.739596671065   8699.165012961052
0.05827172690053434   8649.730240519915   8513.066159107802
0.05997998857658587   8472.92887449553   8331.712121802162
0.06173832870592997   8298.89367370085   8152.854131480227
0.0635482153607709   8125.1756039181555   7974.280215420635
0.06541115965050462   7948.791559811716   7793.428693228157
0.06732871698337338   7766.816060492717   7607.83554312804
0.06930248836510605   7576.1879857732165   7415.107926335251
0.07133412173562886   7373.901567620152   7213.022288921724
0.07342531334496233   7157.650949542954   7000.001417668806
0.07557780916945323   6925.957822209633   6775.226834123004
0.07779340636952398   6678.579776672845   6538.943975643631
0.08007395479015682   6416.974243555151   6292.893819783256
0.08242135850536496   6143.753498008974   6039.659219882756
0.08483757740794096   5862.920601593626   5782.845501702341
0.08732462884580919   5579.081428854262   5526.3272371341
0.08988458930634863   5297.28292342138   5274.134901469984
0.09251959615009227   5022.61402337403   5030.158315317336
0.09523184939525078   4759.951698200749   4797.975679595115
0.09802361355455057   4514.134345284247   4580.831505103062
0.10089721952591899   4289.200122543253   4381.2804199669345
0.10385506653859616   4088.319993989557   4200.803452079416
0.10689962415629803   3913.3023673244998   4039.9263029958493
0.11003343433910281   3763.5602282171635   3897.5551294797
0.11325911356578279   3636.6175805216235   3771.341467159827
0.11657935501835284   3527.6081181190416   3657.3477931526445
0.11999693083066039   3430.326212758457   3551.1191169643243
0.12351469440289359   3337.8080670472755   3448.060590600474
0.12713558278394044   3243.1127073492676   3343.960003058129
0.13086261912358757   3140.223051112319   3235.604675546233
0.13469891519660646   3024.6997137825865   3121.064080398237
0.13864767400083483   2894.705557688414   2999.872304758094
0.14271219243142114   2751.285347552469   2873.4891044498486
0.14689586403346616   2598.159993208548   2744.744012114747
0.1512021818353596   2441.133089738042   2616.850474295562
0.15563474126517718   2287.3090638460644   2493.8162097936497
0.16019724315257297   2144.1998748596307   2378.8511656612504
0.1648934968186736   2018.2740494063473   2274.5067636880485
0.1697274232565544   1913.1002068447374   2181.9794505555546
0.17470305840495237   1827.9986710918313   2099.4523888004323
0.17982455651794954   1758.5451623050415   2024.623450450259
0.18509619363343993   1698.4253668703677   1954.5301171073613
0.19052237114327647   1640.7209355295668   1886.3108824084713
0.19610761946807834   1578.594692928312   1817.56086273179
0.20185660183976684   1507.0800024530467   1746.9793524658692
0.20777411819498756   1425.617985905401   1674.9986138084519
0.21386510918267082   1338.341664214091   1603.9633012550562
0.22013466028907505   1251.5804500014856   1535.4099041010331
0.22658800608375756   1171.5170928504594   1471.0651732614426
0.23323053459001789   1102.7542997617345   1411.490881505705
0.2400677917834628   1046.6599081095003   1357.199413559858
0.24710548622244882   1000.4602480981769   1306.4471075471038
0.25434949381426813   958.9886670613613   1258.0790802453419
0.2618058627210567   916.6057310306011   1210.8936363478097
0.2694808184095226   869.6220236137277   1164.2725414543852
0.27738076884870827   818.4620876628857   1118.6700691584601
0.2855123098601282   766.7285791477291   1074.942312205586
0.29388223062474755   718.5959203743055   1033.2030162224487
0.3024975193514008   677.0386414406587   994.0959803636928
0.31136536911138296   642.0537982868088   957.3219343586397
0.3204931838440838   610.7415709852473   922.1740210316831
0.32988858453867975   579.7294429849472   888.3695428410865
0.3395594155970457   547.1623018385907   855.8406222019637
0.34951375138319807   513.7757422481402   824.2353475855524
0.3597599029647371   482.04346137488477   794.1930814791144
0.37030642505191835   453.7338900679528   765.73145125824
0.3811621231401457   428.75964141223653   738.6683003134859
0.3923360608618501   405.542783856487   712.8718150113266
0.4038375675538918   382.4961622460511   688.0514181543587
0.41567624604680364   359.4713044524493   664.1404711697395
0.42786198068238046   337.52053465404214   641.3075664602151
0.4404049455663077   317.4904098447384   619.594493177931
0.4533156130627191   299.2097805840813   598.8674613403787
0.4666047625377753   281.83181565059465   579.0303043512613
0.4802834893595659   264.9067136518995   559.9686824152486
0.49436321416184764   248.72355079464742   541.690854855779
0.5088556923793517   233.69806545849895   524.2505298150008
0.5237730240626238   219.7524231742336   507.59427139503157
0.5391276639805903   206.51923013542256   491.5976660585581
0.5549324320192869   193.8674016232048   476.2481319727839
0.5712005238854289   181.95208424696273   461.5222959861449
0.5879455221237613   170.82810742156738   447.42253443488124
0.6051814074573895   160.35096367338585   433.884467364211
0.622922570460556   150.42123152990374   420.85347928462863
0.6411838235736077   141.07234320782217   408.33148310620095
0.6599804134701901   132.3059073382922   396.2987673290807
0.6793280337869897   124.04997545097454   384.72089872186393
0.6992428382266549   116.27332325935723   373.5394314278492
0.7197414540448374   108.96181962914677   362.76703348339265
0.7408409959326054   102.08952100666446   352.3790399537369
0.7625590803058332   95.63123093901659   342.35046632953225
0.7849138400134885   89.56313569211538   332.65808878171043
0.8079239394770964   83.86273131716857   323.28032046920595
0.8316085902740278   78.50875469909509   314.1970988905883
0.8559875671776167   73.48121914471224   305.38980057300273
0.8810812246675007   68.76146765957263   296.8411713470791
0.9069105139239728   64.3318478581998   288.53519909736974
0.9334970003205227   60.17562394728511   280.4570284233696
0.960862881429187   56.27693663556314   272.59288929463975
0.9890310055537336   52.620764212466696   264.93003158088226
1.0180248908061487   49.1928848098692   257.456664866718
1.047868744742366   45.97983886295889   250.16189593872335
1.0785874845736239   42.968865916367754   243.0354699879876
1.1102067579703248   40.147875216907465   236.067717398492
1.1427529644757777   37.505450158860576   229.2497691187868
1.1762532775476793   35.030816230930796   222.57352822556544
1.210735667245765   32.713808202906925   216.03162909159215
1.246228923584555   30.54483874643772   209.6173991388497
1.2827626805706884   28.514868445057886   203.32482284420828
1.3203674409449337   26.615377292345062   197.14860701381562
1.3590746016495152   24.838338434988618   191.08494912392445
1.3989164800420282   23.176191131580094   185.1309684650725
1.4399263408778291   21.62181511085221   179.28413768743766
1.4821384240834183   20.168506933981813   173.54225640222327
1.525587973344019   18.809957479953415   167.90343085651986
1.5703112655292182   17.54023050440224   162.36605400897983
1.6163456409812174   16.353742231429237   156.92878595239677
1.6637295346910133   15.24524098273888   151.59094253753517
1.7125025083885144   14.209786488239835   146.35353440427625
1.7627052835733923   13.242735904362977   141.21786962206534
1.814379775514258   12.339727942047583   136.1851426993279
1.8675691282445197   11.496666839519966   131.2564319732762
1.922317750584177   10.709707168303733   126.4326973424962
1.9786713532176083   9.975239435019974   121.71477834900037
2.0366769868582977   9.289876423751926   117.10339993495602
2.0963830815323896   8.650438912548127   112.59971631257747
2.1578394870138577   8.053943016082206   108.20557677690731
2.2210975144450407   7.497591177461615   103.92256544337285
2.286209979177315   6.978761327127408   99.75191731521875
2.3532312448676476   6.494996393970137   95.69453431141369
2.4222172688678643   6.043994404403062   91.75100167039587
2.4932256489445366   5.623599139300982   87.92160462335801
2.5663156713684585   5.231791524004934   84.2063773434489
2.641548360413907   4.86668407472474   80.60557141149737
2.7189865293089923   4.526511458817344   77.11947450704105
2.798694832679631   4.209620438145212   73.74800384766965
2.8807398205309562   3.9144630742087068   70.49072368191878
2.9651899938111903   3.6395903827853924   67.34687432546087
3.05211586160442   3.383646341476009   64.31540055671002
3.1415899999999994   3.145362232885516   61.394979236699484
