0.01   2732.080067915439   2731.9941724537625
0.010293154462191829   2768.487400545027   2768.400983229033
0.010594902878253955   2804.194858523438   2804.107927290205
0.010905497183778876   2839.1288558417373   2839.041302391307
0.011225196699963396   2873.2121232672175   2873.12382289329
0.011554268350120923   2906.3636594498657   2906.2745808299787
0.011892986882540897   2938.5012867489704   2938.4115016736646
0.012241635099881474   2969.541034512034   2969.450668917771
0.012600504095286909   2999.3950375472054   2999.3040911709613
0.012969893495426888   3027.9742365690204   3027.882538919261
0.013350111710660605   3055.1890932092692   3055.096309319268
0.013741476192534558   3080.9468155330774   3080.852602456145
0.014144313698828986   3105.1524958785963   3105.0566206920735
0.01455896056637426   3127.7117481047976   3127.6140947586728
0.014985762991865008   3148.5297136910885   3148.430209331242
0.01542507732090645   3167.5095937028336   3167.4080332252115
0.015877270345534218   3184.5558399473825   3184.4518591105916
0.016342719610456153   3199.574698663904   3199.4677713959404
0.016821813728271667   3212.4719873072368   3212.3614190137737
0.017314952703931925   3223.155094195389   3223.040019134713
0.017822548268711737   3231.5349896594275   3231.414373569822
0.01834502422397195   3237.525981309985   3237.3986891865643
0.018882816794999403   3241.045811356928   3240.9107127446814
0.019436374995219892   3242.017367903505   3241.873351521608
0.02000616100108813   3240.369755270603   3240.2157026779514
0.020592650537967844   3236.0405804433567   3235.8751980793672
0.021196333277324068   3228.9750611349345   3228.7968305269815
0.02181771324555934   3219.126004659617   3218.9332013598923
0.022457309244835088   3206.4589996130953   3206.2499185218103
0.02311565528622961   3190.953125629443   3190.726319515063
0.023793301035594242   3172.596217769328   3172.3505144597543
0.024490812272480036   3151.389408032434   3151.123930625541
0.025208771362518027   3127.3585826321378   3127.072808123002
0.0259477777436476   3100.541625447426   3100.2353937022813
0.02670844842659881   3070.986247060089   3070.659777487829
0.027491418510046592   3038.7691529471294   3038.423370948917
0.028297341710866907   3003.989566590847   3003.626323558493
0.029126890909937666   2966.7531185779117   2966.375149504874
0.029980758713939952   2927.1875996741446   2926.798493972287
0.030859658033628758   2885.4637633347243   2885.067962844098
0.031764322679055976   2841.7588312091802   2841.361565458569
0.03269550797224261   2796.253747878336   2795.8609757563986
0.033653991377811755   2749.1631068965125   2748.7816063665796
0.03464057315210884   2700.7145144362653   2700.351874159121
0.03565607701135116   2651.1292800391643   2650.793790090472
0.036701350819364466   2600.6661796954745   2600.366235145614
0.03777726729548091   2549.643829658657   2549.3870889839013
0.038884724743189276   2498.3683733873286   2498.161706826584
0.04002464780014597   2447.1104943651876   2446.9601494738235
0.041197988210172884   2396.0364651638733   2395.948821687249
0.04240572561788674   2345.2717046394823   2345.253486927353
0.04364886838662332   2294.938476955742   2294.9965772788223
0.04492845444033957   2245.3114700650417   2245.4495165468466
0.04624555213019635   2196.81987539884   2197.034796966097
0.04760126112654554   2149.864645187069   2150.1471018088278
0.04899671333706607   2104.725619044091   2105.0610613355875
0.05043307385181555   2061.3464562136364   2061.717297867746
0.05191154191598653   2019.6023487076845   2019.9886056607338
0.053433351931179485   1979.3670978567807   1979.7466967822374
0.05499977448602865   1940.4377860888562   1940.7877840519661
0.05661211741704101   1902.5797836079437   1902.8770228346286
0.05827172690053434   1865.5673278529534   1865.788754256353
0.05997998857658587   1829.1221981199037   1829.2473442943221
0.06173832870592997   1792.948777021969   1792.9610186335324
0.0635482153607709   1756.7621605211416   1756.6493812305946
0.06541115965050462   1720.24586196011   1720.0040046787778
0.06732871698337338   1683.0948739795328   1682.728645584635
0.06930248836510605   1644.976709906327   1644.504001938653
0.07133412173562886   1605.5184804314472   1604.9759742804279
0.07342531334496233   1564.3890634145557   1563.8325952331177
0.07557780916945323   1521.3058092148035   1520.815248168692
0.07779340636952398   1476.0612435087419   1475.7393365497946
0.08007395479015682   1428.665473099946   1428.6392736629887
0.08242135850536496   1379.2677383924047   1379.6847351015579
0.08483757740794096   1328.2964144475875   1329.305526247119
0.08732462884580919   1276.341380334233   1278.0808544829247
0.08988458930634863   1224.1352945808908   1226.7275123222
0.09251959615009227   1172.4509930197949   1175.998178976317
0.09523184939525078   1122.0468263121163   1126.6152637512266
0.09802361355455057   1073.6116168088747   1079.2277794423137
0.10089721952591899   1027.75777255189   1034.4069032972557
0.10385506653859616   984.9951543069052   992.6140768658203
0.10689962415629803   945.7353101676177   954.2024095116011
0.11003343433910281   910.1775304471324   919.3293720453477
0.11325911356578279   878.2809454664766   887.9294009141262
0.11657935501835284   849.6562536283404   859.610512582208
0.11999693083066039   823.587255091015   833.675384310677
0.12351469440289359   799.0979219374186   809.2089971066584
0.12713558278394044   775.1186641154248   785.2282745494215
0.13086261912358757   750.6495998931168   760.8390706998807
0.13469891519660646   724.9061624501779   735.3596871256475
0.13864767400083483   697.4038995410887   708.3924364638527
0.14271219243142114   668.0638304936651   679.8989526586082
0.14689586403346616   637.2030634350192   650.1918569818683
0.1512021818353596   605.5092814206885   619.9104297380135
0.15563474126517718   573.9125240031028   589.8889070865648
0.16019724315257297   543.3941752445163   560.9674570148275
0.1648934968186736   514.8752485844591   533.9137107200985
0.1697274232565544   489.1175085004012   509.34555452232615
0.17470305840495237   466.5536535038949   487.5412027165351
0.17982455651794954   447.0395981333135   468.35367431754133
0.18509619363343993   429.8100295315817   451.089887332053
0.19052237114327647   413.7545005622014   434.79578173476705
0.19610761946807834   397.83264830629537   418.65930355991605
0.20185660183976684   381.29420447527565   402.1141829898479
0.20777411819498756   363.7029632162069   384.84065446605376
0.21386510918267082   345.083641155716   366.89976261280344
0.22013466028907505   326.08668380274344   348.84168222663345
0.22658800608375756   307.7229005239824   331.459799124612
0.23323053459001789   290.8199742448449   315.3322846755072
0.2400677917834628   275.7778466504163   300.7246667513057
0.24710548622244882   262.58013680280754   287.58107611991414
0.25434949381426813   250.7565747791946   275.5125435817804
0.2618058627210567   239.5367478222805   263.97000502673023
0.2694808184095226   228.2437953099559   252.49621947019483
0.27738076884870827   216.55015798018474   240.91653511092125
0.2855123098601282   204.61323895829514   229.33207993102326
0.29388223062474755   193.00168719869524   218.15145551698808
0.3024975193514008   182.2547640162047   207.69628459368434
0.31136536911138296   172.56568818633755   198.06341353838283
0.3204931838440838   163.81186184703452   189.11266379162964
0.32988858453867975   155.58941595181906   180.6391170365486
0.3395594155970457   147.4861970215723   172.36301882883427
0.34951375138319807   139.3970359465842   164.2742205100598
0.3597599029647371   131.48552497941776   156.44825679215558
0.37030642505191835   124.03283073096561   149.0369893707903
0.3811621231401457   117.19276541806461   142.0973449773371
0.3923360608618501   110.85686008358526   135.55191351518405
0.4038375675538918   104.82161877601513   129.30222641720675
0.41567624604680364   98.95560329626802   123.28576084248711
0.42786198068238046   93.28472326282048   117.51417451972912
0.4404049455663077   87.92744703451227   112.03292520249964
0.4533156130627191   82.93475383063192   106.85037579025985
0.4666047625377753   78.24387025685125   101.93126902069108
0.4802834893595659   73.76925456401432   97.23926304181514
0.49436321416184764   69.48712456942633   92.75816348236042
0.5088556923793517   65.43040011331951   88.49589937769021
0.5237730240626238   61.620253812666206   84.45325356814386
0.5391276639805903   58.02703149238612   80.61089008087475
0.5549324320192869   54.61651076982124   76.95471735109243
0.5712005238854289   51.382101049497194   73.47486806661182
0.5879455221237613   48.33127798837206   70.16933948805
0.6051814074573895   45.45587780649599   67.02927680036917
0.622922570460556   42.73779956269555   64.04337879484682
0.6411838235736077   40.16849390692192   61.204414771952
0.6599804134701901   37.745397095726275   58.50725309914441
0.6793280337869897   35.461280336640556   55.94488014751089
0.6992428382266549   33.30633848477044   53.50922470002103
0.7197414540448374   31.274275971781194   51.19415377560832
0.7408409959326054   29.359389952467918   48.9941087360632
0.7625590803058332   27.555524275440696   46.903371190857385
0.7849138400134885   25.856672682455766   44.91628161284024
0.8079239394770964   24.25712497608944   43.02747980332323
0.8316085902740278   22.751454309506673   41.23188927209753
0.8559875671776167   21.33450490154072   39.52470239835303
0.8810812246675007   20.00138017062874   37.901366337305745
0.9069105139239728   18.74743387358417   36.35755853933687
0.9334970003205227   17.5682828118923   34.889068582209916
0.960862881429187   16.45977824381787   33.491852324007745
0.9890310055537336   15.417977176813531   32.162099080497406
1.0180248908061487   14.439133791287649   30.8962183829832
1.047868744742366   13.519691344365127   29.690826454914554
1.0785874845736239   12.656274270095192   28.542733563087307
1.1102067579703248   11.84568047573249   27.448932063413665
1.1427529644757777   11.084870462554367   26.40652519184674
1.1762532775476793   10.370955953335272   25.41263336587372
1.210735667245765   9.701201958227161   24.464534990146756
1.246228923584555   9.073021080083349   23.559681245852374
1.2827626805706884   8.483966438204732   22.695684003318448
1.3203674409449337   7.931724866153386   21.8703046555699
1.3590746016495152   7.41411037786238   21.081443797425546
1.3989164800420282   6.929057870349331   20.327124447512567
1.4399263408778291   6.474616788035637   19.60538887619133
1.4821384240834183   6.048945550009444   18.914332061384112
1.525587973344019   5.650306321711127   18.25217654196319
1.5703112655292182   5.277059710824042   17.61726493879821
1.6163456409812174   4.927659687738826   17.00805116376696
1.6637295346910133   4.600648731074736   16.42309234939453
1.7125025083885144   4.294653190985233   15.861041430183267
1.7627052835733923   4.0083786559522965   15.320623103862177
1.814379775514258   3.7406053594975495   14.800592625956027
1.8675691282445197   3.490184827295056   14.299780930301099
1.922317750584177   3.256036158136669   13.817100656570986
1.9786713532176083   3.037142333252264   13.351540341384252
2.0366769868582977   2.832546705828267   12.902159083732279
2.0963830815323896   2.641349663509229   12.468081640636495
2.1578394870138577   2.4627054237816712   12.048492186502761
2.2210975144450407   2.2958184443112097   11.642598587571486
2.286209979177315   2.1399408144463417   11.24963660918346
2.3532312448676476   1.994370172751329   10.868898950919
2.4222172688678643   1.8584471067424246   10.499732560728486
2.4932256489445366   1.7315526677449575   10.141535002713509
2.5663156713684585   1.6131060190703423   9.7937510997819
2.641548360413907   1.5025622111239503   9.455869823230374
2.7189865293089923   1.399410362143826   9.12744297454682
2.798694832679631   1.3031723919365208   8.808143141112831
2.8807398205309562   1.2134000284777333   8.497685174787259
2.9651899938111903   1.1296727633459627   8.195800806436019
3.05211586160442   1.0515962399857253   7.902237573030632
3.1415899999999994   0.9788007268408104   7.616757798901714
