0.01   14547.05314447913   14541.697543771965
0.010293154462191829   14741.10941616293   14735.230394190177
0.010594902878253955   14930.704223450604   14924.253673832975
0.010905497183778876   15115.351431091172   15108.277181927711
0.011225196699963396   15294.547874856575   15286.793339727234
0.011554268350120923   15467.78279121506   15459.286961170103
0.011892986882540897   15634.52231859392   15625.219350878073
0.012241635099881474   15794.205311897878   15784.02400686854
0.012600504095286909   15946.265519335293   15935.129355697933
0.012969893495426888   16090.128477786635   16077.955516463753
0.013350111710660605   16225.18995864894   16211.892038043792
0.013741476192534558   16350.8391672438   16336.321820505234
0.014144313698828986   16466.468671799594   16450.631299816545
0.01455896056637426   16571.45365265184   16554.188252303215
0.014985762991865008   16665.155332181148   16646.34532893845
0.01542507732090645   16746.946843245893   16726.467453708057
0.015877270345534218   16816.208133094442   16793.926395291037
0.016342719610456153   16872.307853629558   16848.081654417532
0.016821813728271667   16914.632177663843   16888.310676288213
0.017314952703931925   16942.594011917787   16914.018337695612
0.017822548268711737   16955.61967001458   16924.621472030427
0.01834502422397195   16953.15881058624   16919.55966626481
0.018882816794999403   16934.702584161107   16898.315316306227
0.019436374995219892   16899.78746922505   16860.417104930737
0.02000616100108813   16847.99833808288   16805.442480517646
0.020592650537967844   16778.975513476656   16733.02607779456
0.021196333277324068   16692.422860631046   16642.868497892116
0.02181771324555934   16588.13793090127   16534.76907227198
0.022457309244835088   16466.001148892465   16408.61377353557
0.02311565528622961   16325.963802056012   16264.361827866318
0.023793301035594242   16168.097614456165   16102.098270407043
0.024490812272480036   15992.62847894192   15922.06958174965
0.025208771362518027   15799.860481374819   15724.602754581425
0.0259477777436476   15590.194397400865   15510.125125750732
0.02670844842659881   15364.266553920255   15279.31326288854
0.027491418510046592   15122.833137667525   15032.9683705204
0.028297341710866907   14866.702692973215   14771.94351004202
0.029126890909937666   14596.903647255287   14497.317689615376
0.029980758713939952   14314.71146837008   14210.42349916806
0.030859658033628758   14021.415386814075   13912.60391692036
0.031764322679055976   13718.381166037401   13605.276086908372
0.03269550797224261   13407.328911934777   13290.215198099564
0.033653991377811755   13090.014905371127   12969.228105267302
0.03464057315210884   12768.125530251224   12644.044153960695
0.03565607701135116   12443.592247550247   12316.625302863682
0.036701350819364466   12118.52864873362   11989.103493621835
0.03777726729548091   11794.888460654522   11663.443834715012
0.038884724743189276   11474.511495694242   11341.487071394138
0.04002464780014597   11159.248246410654   11025.065927178965
0.041197988210172884   10850.792615332717   10715.850803940077
0.04240572561788674   10550.696845372717   10415.361457199917
0.04364886838662332   10260.948684883166   10125.4613535566
0.04492845444033957   9983.730899078006   9848.154357508298
0.04624555213019635   9720.966742588853   9585.198269306356
0.04760126112654554   9473.757605857485   9337.5416805058
0.04899671333706607   9242.15900524746   9105.098899400187
0.05043307385181555   9026.11903097083   8887.688072982972
0.05191154191598653   8825.186259659968   8684.736336925023
0.053433351931179485   8638.320784647183   8495.089653610516
0.05499977448602865   8464.479653837434   8317.601605270616
0.05661211741704101   8302.099902056127   8150.669206534874
0.05827172690053434   8149.2132895296345   7992.337574948767
0.05997998857658587   8003.793989385087   7840.627719643428
0.06173832870592997   7863.20057843629   7693.071061907634
0.0635482153607709   7724.727776156898   7547.176338543691
0.06541115965050462   7585.159180003743   7400.09263153689
0.06732871698337338   7440.972203710371   7248.776562831538
0.06930248836510605   7288.594511942218   7090.327633320062
0.07133412173562886   7124.345052692177   6921.986981476483
0.07342531334496233   6945.09652267127   6741.486438648638
0.07557780916945323   6748.495949222274   6547.218357877292
0.07779340636952398   6533.332375141809   6338.670708344701
0.08007395479015682   6299.925603457242   6116.835735524059
0.08242135850536496   6050.048385860105   5883.74129741745
0.08483757740794096   5786.932137740686   5642.411794591767
0.08732462884580919   5514.947004645299   5396.680242606098
0.08988458930634863   5239.179626198677   5150.822008153767
0.09251959615009227   4965.5259400812065   4909.513461875979
0.09523184939525078   4699.666205139848   4677.100959732874
0.09802361355455057   4447.694338715913   4457.837986199076
0.10089721952591899   4214.991123543448   4255.272448716752
0.10385506653859616   4006.286296660255   4072.0508736582115
0.10689962415629803   3824.6672567748165   3909.6935315367027
0.11003343433910281   3671.298528344862   3768.3695140001005
0.11325911356578279   3544.7747004412086   3646.086312180518
0.11657935501835284   3441.603704950749   3539.349189841618
0.11999693083066039   3355.9441660187185   3443.957809812243
0.12351469440289359   3280.6982917623995   3355.0964216961993
0.12713558278394044   3207.876791415235   3267.559202925726
0.13086261912358757   3129.463488560378   3176.800073863474
0.13469891519660646   3038.5265972418742   3078.9221492072184
0.13864767400083483   2930.237320620084   2971.862281380816
0.14271219243142114   2802.9268902949466   2856.639978836287
0.14689586403346616   2658.525911952943   2734.3668999432703
0.1512021818353596   2502.2892238163836   2608.6523158657455
0.15563474126517718   2342.172875122853   2484.399091747137
0.16019724315257297   2187.735926372208   2365.9189498337787
0.1648934968186736   2048.3552260056326   2257.5907996509377
0.1697274232565544   1930.8378696465252   2162.307499320993
0.17470305840495237   1837.566658966553   2078.3856282496936
0.17982455651794954   1766.339377199108   2005.3759842098088
0.18509619363343993   1711.4841261544184   1939.8749269304135
0.19052237114327647   1664.9048257916447   1878.0455714593318
0.19610761946807834   1617.0291770653412   1816.134300711673
0.20185660183976684   1559.093285700431   1751.8312393153087
0.20777411819498756   1486.6254459918468   1684.193432962605
0.21386510918267082   1401.2376005369536   1614.3191635637666
0.22013466028907505   1309.3178790420586   1544.9646400176134
0.22658800608375756   1219.5743675238489   1478.8066694965241
0.23323053459001789   1140.4864842662282   1417.9998865745106
0.2400677917834628   1077.1959833026858   1362.6639125793738
0.24710548622244882   1029.4525895595318   1312.677859200491
0.25434949381426813   992.1207412888234   1266.1368260846516
0.2618058627210567   957.1764164320936   1221.2633547353062
0.2694808184095226   916.9373867011174   1176.4417224630795
0.27738076884870827   868.2661253178768   1131.5127389178722
0.2855123098601282   813.6605720355736   1087.6030341098754
0.29388223062474755   759.1950175966829   1045.2513461877982
0.3024975193514008   711.3926538111111   1005.6703674971402
0.31136536911138296   673.373998253082   968.4926744684766
0.3204931838440838   643.1294583507099   933.904507605101
0.32988858453867975   615.4363656400586   900.788338769819
0.3395594155970457   585.2376518077326   868.2734907746587
0.34951375138319807   551.0687641236063   836.6829469887998
0.3597599029647371   515.833343983821   806.2367422432583
0.37030642505191835   483.7854793415868   777.3637117592987
0.3811621231401457   457.1010291015472   750.1469199614776
0.3923360608618501   434.4157434350082   724.2424273003497
0.4038375675538918   412.34528099857783   699.4444452173238
0.41567624604680364   388.8292522108258   675.3319782021065
0.42786198068238046   364.7951079409418   652.1260530059119
0.4404049455663077   342.60603553164356   630.0435367343975
0.4533156130627191   323.37798432941685   608.9949631415584
0.4666047625377753   305.96181655616505   588.9908171811095
0.4802834893595659   288.65249406746307   569.7048118279963
0.49436321416184764   271.2104213630824   551.0779715534106
0.5088556923793517   254.76748811534432   533.247216485786
0.5237730240626238   239.99492432645465   516.3126494031743
0.5391276639805903   226.30506971902227   500.0766385440896
0.5549324320192869   212.92192222565404   484.44156808288255
0.5712005238854289   199.97890216697175   469.346128404133
0.5879455221237613   187.99160288627016   454.9074165678542
0.6051814074573895   176.90394004597593   441.100919591481
0.622922570460556   166.30622808348812   427.7690995528907
0.6411838235736077   156.16610713139002   414.89564371001205
0.6599804134701901   146.69882795857185   402.525000931686
0.6793280337869897   137.84031151471825   390.66665037378505
0.6992428382266549   129.46165125219343   379.21530845802766
0.7197414540448374   121.54153369730129   368.1473719769727
0.7408409959326054   114.06607178286616   357.4471943460481
0.7625590803058332   107.02025727313594   347.09986729334383
0.7849138400134885   100.38822036736643   337.0911821546167
0.8079239394770964   94.15204651409249   327.40591297651054
0.8316085902740278   88.28931760439691   318.02420468071756
0.8559875671776167   82.77792434455246   308.9264962778659
0.8810812246675007   77.59709636468989   300.0946591200399
0.9069105139239728   72.72731673521405   291.51190400761914
0.9334970003205227   68.15024230445385   283.1626963131943
0.960862881429187   63.84862943694901   275.03267830791225
0.9890310055537336   59.80627618836033   267.1086021468285
1.0180248908061487   56.00827187470127   259.378384900878
1.047868744742366   52.44088277547211   251.83104994654803
1.0785874845736239   49.091078633352595   244.4565220258139
1.1102067579703248   45.94648198535347   237.24556875604512
1.1427529644757777   42.99534238029048   230.18975427131363
1.1762532775476793   40.22651103499984   223.28139591316
1.210735667245765   37.62941597709679   216.51352360534324
1.246228923584555   35.19402444360807   209.87994394795973
1.2827626805706884   32.91075079437115   203.37576859441177
1.3203674409449337   30.770506627058353   196.9968914031001
1.3590746016495152   28.764716178175757   190.73964995498213
1.3989164800420282   26.885289690416922   184.60079882419757
1.4399263408778291   25.124597887910493   178.57748466960163
1.4821384240834183   23.47544765064548   172.6672220066024
1.525587973344019   21.931058868957056   166.86787310416793
1.5703112655292182   20.485047425736404   161.17829785291437
1.6163456409812174   19.1314082005195   155.598996660385
1.6637295346910133   17.864483402213096   150.13063859083917
1.7125025083885144   16.6789425575907   144.77384335485476
1.7627052835733923   15.56976505278983   139.52917554275768
1.814379775514258   14.53222349489817   134.39713915837595
1.8675691282445197   13.561867863388844   129.37817246845916
1.922317750584177   12.654510055457168   124.47270557446082
1.9786713532176083   11.806204608737424   119.6820293555067
2.0366769868582977   11.013237860010703   115.00792236132503
2.0963830815323896   10.272119687061096   110.451837722261
2.1578394870138577   9.579570910274738   106.01489458795693
2.2210975144450407   8.932511228958484   101.69789261768993
2.286209979177315   8.328047797462109   97.50132684943985
2.3532312448676476   7.763464410764417   93.42540285710953
2.4222172688678643   7.236212665688222   89.4702268058184
2.4932256489445366   6.743906218646828   85.63635108903469
2.5663156713684585   6.284305882256712   81.9241229721406
2.641548360413907   5.855309421180861   78.33348583876163
2.7189865293089923   5.454943710417885   74.86400989140495
2.798694832679631   5.081357300029742   71.51492239306206
2.8807398205309562   4.732813368542921   68.28513728022239
2.9651899938111903   4.4076828711742095   65.17327455045253
3.05211586160442   4.104429681231078   62.17721887077797
3.1415899999999994   3.8216036904567137   59.2940370833034
