0.01   354.182957107718   354.1829358361912
0.010293154462191829   358.97163714875376   358.9716146148975
0.010594902878253955   363.6575916863577   363.65756701283846
0.010905497183778876   368.22916663439383   368.22913928120244
0.011225196699963396   372.67429222477057   372.67426309961036
0.011554268350120923   376.98070505131363   376.9806765811255
0.011892986882540897   381.1357267781474   381.1357015819352
0.012241635099881474   385.12605777786604   385.1260360328245
0.012600504095286909   388.9382416590836   388.9382207011333
0.012969893495426888   392.55861654847934   392.5585914270529
0.013350111710660605   395.97251501654   395.97248281889546
0.013741476192534558   399.1648777967545   399.1648395256756
0.014144313698828986   402.1207037624691   402.12066437279367
0.01455896056637426   404.8248447382447   404.82480964072676
0.014985762991865008   407.26199468192397   407.2619651458763
0.01542507732090645   409.4171002471809   409.417072991538
0.015877270345534218   411.2752277473193   411.27519570199553
0.016342719610456153   412.8208692553615   412.82082511494536
0.016821813728271667   414.0387725810756   414.03870978624786
0.017314952703931925   414.9142927808092   414.91420539039314
0.017822548268711737   415.4331981608166   415.4330778089668
0.01834502422397195   415.58182076996064   415.58165403233363
0.018882816794999403   415.34743416463755   415.3472025326619
0.019436374995219892   414.718320989347   414.71800184622475
0.02000616100108813   413.68379085613793   413.68335998814126
0.020592650537967844   412.2344173293154   412.2338494934082
0.021196333277324068   410.3622337240881   410.36150273129226
0.02181771324555934   408.06140375345905   408.0604816207684
0.022457309244835088   405.3280386660678   405.3268952541191
0.02311565528622961   402.15991736200635   402.1585206976062
0.023793301035594242   398.55759294552035   398.5559125100825
0.024490812272480036   394.52524622227986   394.523258493788
0.025208771362518027   390.0689472964881   390.0666362865765
0.0259477777436476   385.19706123984116   385.1944189951067
0.02670844842659881   379.9233906958269   379.9204209016494
0.027491418510046592   374.2645946696317   374.2613135828952
0.028297341710866907   368.23869412289497   368.23512995459674
0.029126890909937666   361.8691596610895   361.8653559455788
0.029980758713939952   355.18537331834494   355.1813927181837
0.030859658033628758   348.2171792174968   348.21310200466723
0.031764322679055976   340.99640301173423   340.9923257970217
0.03269550797224261   333.5625675970121   333.55860399346903
0.033653991377811755   325.9558840862508   325.9521629933442
0.03464057315210884   318.2154791872263   318.21214187943974
0.03565607701135116   310.3889088005495   310.3860990880319
0.036701350819364466   302.5290655659489   302.5269222848483
0.03777726729548091   294.6849895952048   294.68364590280066
0.038884724743189276   286.90154686958056   286.9011290108792
0.04002464780014597   279.21945762051917   279.22008250829373
0.041197988210172884   271.6754074383821   271.677182761367
0.04240572561788674   264.304356524849   264.30737603569946
0.04364886838662332   257.1579574954173   257.1622508456721
0.04492845444033957   250.29336232031508   250.2988741451373
0.04624555213019635   243.76081258560586   243.76741217549824
0.04760126112654554   237.58879167687334   237.59627363303844
0.04899671333706607   231.78294042052536   231.79102255707795
0.05043307385181555   226.34638119796804   226.3547110896874
0.05191154191598653   221.27068884495245   221.2788406557606
0.053433351931179485   216.5342553382903   216.54172366217452
0.05499977448602865   212.11509485168472   212.12130048060556
0.05661211741704101   207.97734942582403   207.98166183186382
0.05827172690053434   204.07712082643553   204.07887348813804
0.05997998857658587   200.36781444686787   200.36632126033095
0.06173832870592997   196.78795920556487   196.7825618616226
0.0635482153607709   193.2750488974312   193.26513322902582
0.06541115965050462   189.7533157638319   189.73837472229596
0.06732871698337338   186.1414741131513   186.12115084901038
0.06930248836510605   182.35468161064722   182.3288841957316
0.07133412173562886   178.304949410542   178.27397057067668
0.07342531334496233   173.91571714154568   173.8802222551824
0.07557780916945323   169.12496355361145   169.08596510755604
0.07779340636952398   163.89777832230283   163.85668046255157
0.08007395479015682   158.23194061829898   158.19058369865962
0.08242135850536496   152.1620598987293   152.12252976832806
0.08483757740794096   145.7561995655084   145.7206367074776
0.08732462884580919   139.11342166539552   139.08393585396965
0.08988458930634863   132.35159602150588   132.33012518665538
0.09251959615009227   125.60962343640915   125.59764989362756
0.09523184939525078   119.02313585871698   119.02158122923554
0.09802361355455057   112.73912458591224   112.74811594791372
0.10089721952591899   106.88921728856205   106.90798760089217
0.10385506653859616   101.5935664813265   101.62016196684098
0.10689962415629803   96.93469655801466   96.96620070805434
0.11003343433910281   92.95453127430686   92.9872821426936
0.11325911356578279   89.6322934968505   89.66195696907104
0.11657935501835284   86.8979696623726   86.91982529240846
0.11999693083066039   84.62165333737835   84.63154393209673
0.12351469440289359   82.63924040373048   82.63403479122337
0.12713558278394044   80.76188226771829   80.73992595104302
0.13086261912358757   78.79473744690814   78.75640569639725
0.13469891519660646   76.56339603991663   76.51113847150864
0.13864767400083483   73.9381176490696   73.8766301033342
0.14271219243142114   70.8601212525656   70.7963635906122
0.14689586403346616   67.35679358336729   67.29798298856403
0.1512021818353596   63.538054149184454   63.49122689005452
0.15563474126517718   59.58294849034405   59.55358442357602
0.16019724315257297   55.71552567736172   55.70572815880834
0.1648934968186736   52.166353220404496   52.17454946841138
0.1697274232565544   49.11814152127531   49.13895540768306
0.17470305840495237   46.65523412391282   46.67957556422398
0.17982455651794954   44.74828346196049   44.76682266960168
0.18509619363343993   43.275328675469446   43.27955782048478
0.19052237114327647   42.05047147488078   42.03487639050989
0.19610761946807834   40.846994010035985   40.81057734026397
0.20185660183976684   39.442652528668475   39.39077154531241
0.20777411819498756   37.70019709617796   37.64303609131158
0.21386510918267082   35.62617634399312   35.575212154918866
0.22013466028907505   33.355673754643796   33.32047017910795
0.22658800608375756   31.093595927995867   31.07843318863078
0.23323053459001789   29.052914288807365   29.05504439323238
0.2400677917834628   27.382177779552652   27.391910056759446
0.24710548622244882   26.1047133530931   26.11031764306272
0.25434949381426813   25.117126917254247   25.108400805216384
0.2618058627210567   24.232255793112284   24.20578750303492
0.2694808184095226   23.25318418705837   23.214040922159946
0.27738076884870827   22.073607268274973   22.033057759477323
0.2855123098601282   20.726296673857725   20.69595349907748
0.29388223062474755   19.348950003739038   19.334757799232857
0.3024975193514008   18.10688033808039   18.105875030297966
0.31136536911138296   17.10119379445526   17.10312795703192
0.3204931838440838   16.307667817797665   16.30226204788942
0.32988858453867975   15.607095521511658   15.590286023435313
0.3395594155970457   14.86606834807148   14.842268558963301
0.34951375138319807   14.024723227969828   14.003956798309975
0.3597599029647371   13.136208098133963   13.125911129566864
0.37030642505191835   12.307746142795867   12.307379416930115
0.3811621231401457   11.609298746459604   11.611530755265951
0.3923360608618501   11.024549583515217   11.021905344761047
0.4038375675538918   10.472613815285522   10.464655143955834
0.41567624604680364   9.888965716585405   9.881446123709566
0.42786198068238046   9.282217736213232   9.281035028518737
0.4404049455663077   8.710450409047448   8.715722468921468
0.4533156130627191   8.212709689967143   8.219117897106335
0.4666047625377753   7.7697689319443315   7.773726290571891
0.4802834893595659   7.336248143240318   7.339550089978884
0.49436321416184764   6.8961068975640005   6.902682399543004
0.5088556923793517   6.47482719497274   6.485513759895614
0.5237730240626238   6.095243845801412   6.107341062295966
0.5391276639805903   5.747866130710098   5.7593761956667375
0.5549324320192869   5.410358759395478   5.422756432905508
0.5712005238854289   5.081220641720451   5.09626684636483
0.5879455221237613   4.774400004102172   4.791345148442981
0.6051814074573895   4.492136719136571   4.509589546195838
0.622922570460556   4.223842324115915   4.242051008264695
0.6411838235736077   3.9660278899377164   3.985906125817704
0.6599804134701901   3.7243785848072952   3.7456202233355955
0.6793280337869897   3.4991104192462963   3.521078078028184
0.6992428382266549   3.285681440645284   3.3085161637196383
0.7197414540448374   3.084191935811553   3.1079610817901586
0.7408409959326054   2.8943301472878176   2.9190483224263972
0.7625590803058332   2.715521178193226   2.7411652814900362
0.7849138400134885   2.5472083093305122   2.57372531922488
0.8079239394770964   2.3888391875504715   2.4161621645143416
0.8316085902740278   2.239861599604425   2.267927688577297
0.8559875671776167   2.0997495079901807   2.12850045779092
0.8810812246675007   1.9680043029584602   1.9973855073672409
0.9069105139239728   1.8441535025982536   1.8741132180853415
0.9334970003205227   1.7277495064482176   1.758238222731405
0.960862881429187   1.6183684009223174   1.6493383430361561
0.9890310055537336   1.5156090655388426   1.5470136714357834
1.0180248908061487   1.4190939998962384   1.450886445390507
1.047868744742366   1.3284666360829434   1.3605993417034241
1.0785874845736239   1.243388984028603   1.2758139272985165
1.1102067579703248   1.163540787280334   1.19620980545205
1.1427529644757777   1.0886187204724123   1.1214837938347129
1.1762532775476793   1.0183356134110073   1.051349128000456
1.210735667245765   0.9524197011913561   0.9855346906522313
1.246228923584555   0.8906136662401857   0.923784279696452
1.2827626805706884   0.8326736546049514   0.8658559053208726
1.3203674409449337   0.7783692411646231   0.8115210623435453
1.3590746016495152   0.7274828638724992   0.7605640585911819
1.3989164800420282   0.6798091705052635   0.7127813749711628
1.4399263408778291   0.6351543938600143   0.6679810505668413
1.4821384240834183   0.5933357545042715   0.625982092399818
1.525587973344019   0.5541808916309909   0.5866139158061809
1.5703112655292182   0.5175273406176122   0.5497159012124035
1.6163456409812174   0.48322200207063754   0.5151368282281553
1.6637295346910133   0.4511206228673085   0.4827342781247853
1.7125025083885144   0.42108732442109525   0.45237416374501144
1.7627052835733923   0.39299415381329816   0.42393028347465306
1.814379775514258   0.36672065618795113   0.3972838952784842
1.8675691282445197   0.34215346761015464   0.372323310245083
1.922317750584177   0.31918589290622784   0.3489437430924561
1.9786713532176083   0.2977174404078276   0.32704761534247756
2.0366769868582977   0.277653613023109   0.30654324705052216
2.0963830815323896   0.25890561299729864   0.28734426047594613
2.1578394870138577   0.24139001745121164   0.26936931324826696
2.2210975144450407   0.2250284709781168   0.25254184094390825
2.286209979177315   0.20974739450444932   0.23678980915664752
2.3532312448676476   0.19547771216017787   0.2220454582931604
2.4222172688678643   0.18215468465766813   0.20824443949689864
2.4932256489445366   0.1697176600805545   0.19532558947265294
2.5663156713684585   0.15810969805564415   0.1832316677502346
2.641548360413907   0.14727734843974935   0.17190916734238706
2.7189865293089923   0.1371704513128149   0.16130807215572412
2.798694832679631   0.1277419473151764   0.15138162995579155
2.8807398205309562   0.11894769788225672   0.14208613991331834
2.9651899938111903   0.11074625931906704   0.13338104251679966
3.05211586160442   0.10309841579402586   0.12523034632681077
3.1415899999999994   0.09596735003734282   0.11760083103152452
