0.01   594.4173831651432   594.4150332042404
0.010293154462191829   601.565410816314   601.5630303028944
0.010594902878253955   608.5055607298751   608.5031650486745
0.010905497183778876   615.21892357309   615.2165274185778
0.011225196699963396   621.6863653289353   621.6839818630164
0.011554268350120923   627.8884544438649   627.8860941627831
0.011892986882540897   633.8041097826648   633.801770211582
0.012241635099881474   639.4112776810579   639.4089370258262
0.012600504095286909   644.6878704961913   644.6854871345639
0.012969893495426888   649.6115162015532   649.6090475175162
0.013350111710660605   654.1593369526129   654.1567755893911
0.013741476192534558   658.3086221963641   658.3060010744181
0.014144313698828986   662.0368077501228   662.0341927128298
0.01455896056637426   665.3203926504575   665.317825519454
0.014985762991865008   668.1358421388344   668.1333157221479
0.01542507732090645   670.4602885349175   670.4577464434934
0.015877270345534218   672.271079185612   672.26844997569
0.016342719610456153   673.5456844237813   673.5429296318985
0.016821813728271667   674.2626282669538   674.2597464137261
0.017314952703931925   674.4015495823985   674.3985672715853
0.017822548268711737   673.9427339081817   673.9396609686969
0.01834502422397195   672.8678322982254   672.8646480748127
0.018882816794999403   671.1602821688203   671.1569362822371
0.019436374995219892   668.805654456609   668.8020792706219
0.02000616100108813   665.7918180271012   665.7879415464449
0.020592650537967844   662.1089049784662   662.1046519721382
0.021196333277324068   657.749899207706   657.7451934181872
0.02181771324555934   652.7118902781991   652.7066606260721
0.022457309244835088   646.994889760114   646.9890720098047
0.02311565528622961   640.6017726818925   640.5953105163635
0.023793301035594242   633.5413720956492   633.5342280176508
0.024490812272480036   625.8276037772675   625.8197669240799
0.025208771362518027   617.4769050021841   617.4683904131566
0.0259477777436476   608.5109399618215   608.5017851741046
0.02670844842659881   598.9606376825236   598.9508958672958
0.027491418510046592   588.8595971501875   588.8493350767636
0.028297341710866907   578.2436991959023   578.2330002208828
0.029126890909937666   567.1594648980828   567.1484690644576
0.029980758713939952   555.6589079536948   555.6478304530771
0.030859658033628758   543.7934985318346   543.78262196083
0.031764322679055976   531.6216437955254   531.6112623637331
0.03269550797224261   519.2142879202094   519.2046160676072
0.033653991377811755   506.64028298705716   506.6314511087426
0.03464057315210884   493.9660331510162   493.95813773562924
0.03565607701135116   481.2645370341778   481.25793975840674
0.036701350819364466   468.6076791960199   468.60310164404336
0.03777726729548091   456.06136439603426   456.05983722176376
0.038884724743189276   443.6947290368732   443.69709226510844
0.04002464780014597   431.5826399275901   431.5889313165516
0.041197988210172884   419.7927507135074   419.8022456714178
0.04240572561788674   408.38777544359175   408.3992216353438
0.04364886838662332   397.4366070698859   397.4490102499404
0.04492845444033957   387.0040178632   387.0168378908044
0.04624555213019635   377.1443470156577   377.1574314254675
0.04760126112654554   367.8704476231767   367.88371032494143
0.04899671333706607   359.16870122763953   359.1819188916914
0.05043307385181555   351.0239474045443   351.0367575292766
0.05191154191598653   343.3989137817522   343.4106872866674
0.053433351931179485   336.24264328705283   336.2524057272753
0.05499977448602865   329.50353761705674   329.5099864978941
0.05661211741704101   323.1074486975513   323.10893637896686
0.05827172690053434   316.9753473790185   316.9698944008665
0.05997998857658587   311.0197338924778   311.0052629823286
0.06173832870592997   305.134751028349   305.1094635611889
0.0635482153607709   299.21433366322486   299.17682618343986
0.06541115965050462   293.1311061049804   293.0808087696148
0.06732871698337338   286.7579357399541   286.69523314346634
0.06930248836510605   279.9690604820044   279.8953132093506
0.07133412173562886   272.64808981554046   272.5655977011579
0.07342531334496233   264.7147353594761   264.62643666415244
0.07557780916945323   256.1246491986357   256.0338605971498
0.07779340636952398   246.89279886986722   246.80326689721403
0.08007395479015682   237.0840656250263   236.99991896840982
0.08242135850536496   226.822543282387   226.7478907934543
0.08483757740794096   216.26647265277248   216.205248821662
0.08732462884580919   205.60767770696853   205.56398261512422
0.08988458930634863   195.0504357601734   195.02790851285846
0.09251959615009227   184.81011560706023   184.81082176508372
0.09523184939525078   175.08885760598977   175.11284786888407
0.09802361355455057   166.08666810858736   166.13133867426112
0.10089721952591899   157.96243192719322   158.02271912523338
0.10385506653859616   150.83415630491004   150.90271452355677
0.10689962415629803   144.73449678325576   144.80263382353112
0.11003343433910281   139.624482018519   139.68289397589845
0.11325911356578279   135.36083177316075   135.40068286439845
0.11657935501835284   131.7390719012757   131.75262165906366
0.11999693083066039   128.49461971959946   128.4760349862405
0.12351469440289359   125.33989707084477   125.28662174077773
0.12713558278394044   121.99341669961494   121.90715631663493
0.13086261912358757   118.21097334639413   118.098164828015
0.13469891519660646   113.83083817645402   113.70223791919774
0.13864767400083483   108.8027219175758   108.67258075789346
0.14271219243142114   103.20020399451796   103.08439677064781
0.14689586403346616   97.21237145396748   97.12538841218726
0.1512021818353596   91.11731867316777   91.06970567684488
0.15563474126517718   85.24528040832591   85.2401185989395
0.16019724315257297   79.9207925106359   79.95156049806506
0.1648934968186736   75.38377798760294   75.4364257715576
0.1697274232565544   71.72005491588837   71.77691505225678
0.17470305840495237   68.84558940430632   68.88797778896581
0.17982455651794954   66.54958433975924   66.56114992659349
0.18509619363343993   64.54644794523198   64.51705347807146
0.19052237114327647   62.51129562995314   62.441696471795325
0.19610761946807834   60.14586245765225   60.0503844649672
0.20185660183976684   57.294238370750385   57.19558746337821
0.20777411819498756   54.0149712836883   53.93453275729265
0.21386510918267082   50.535103635602205   50.491053355243636
0.22013466028907505   47.151609260401386   47.149477317755775
0.22658800608375756   44.146739191908146   44.17799180039331
0.23323053459001789   41.69343342885196   41.73680722756379
0.2400677917834628   39.781548665289016   39.814830831944775
0.24710548622244882   38.23301732308538   38.23781889786582
0.25434949381426813   36.778639675345225   36.751073586463995
0.2618058627210567   35.1608216707527   35.11613868535556
0.2694808184095226   33.2737851165283   33.23364338944569
0.27738076884870827   31.205777997011594   31.19100447191978
0.2855123098601282   29.15832143445688   29.176768298258136
0.29388223062474755   27.341462599685133   27.38433400074876
0.3024975193514008   25.858448538250368   25.90525199865867
0.31136536911138296   24.64209918732869   24.67515220711361
0.3204931838440838   23.519834991369052   23.534758909910742
0.32988858453867975   22.329907441474084   22.337904580481833
0.3395594155970457   21.024263715858474   21.04377080091073
0.34951375138319807   19.695717049043406   19.737235972394142
0.3597599029647371   18.480195002672776   18.53988760816845
0.37030642505191835   17.44417533207855   17.507221388610333
0.3811621231401457   16.54463856443822   16.600004354462545
0.3923360608618501   15.67552159915628   15.725153355044663
0.4038375675538918   14.772091623621217   14.826689398293125
0.41567624604680364   13.862651189754617   13.93011323008385
0.42786198068238046   13.0189958324225   13.097141643708468
0.4404049455663077   12.274468576885825   12.354557567613064
0.4533156130627191   11.594029510234805   11.671030175987944
0.4666047625377753   10.926556494378131   11.004535460922758
0.4802834893595659   10.263755200453904   10.348581341059456
0.49436321416184764   9.638792174164964   9.730119375728625
0.5088556923793517   9.070632077144673   9.163874665222778
0.5237730240626238   8.542185927397457   8.63517422170986
0.5391276639805903   8.030657864701856   8.125833723243382
0.5549324320192869   7.5392284311437265   7.638745590717746
0.5712005238854289   7.081974961550584   7.184071841931236
0.5879455221237613   6.6570288617798115   6.759870008980885
0.6051814074573895   6.252809329924346   6.3571066277461545
0.622922570460556   5.867857255018376   5.974518863510271
0.6411838235736077   5.507485190685215   5.6157669485866775
0.6599804134701901   5.169832913498053   5.278976940332338
0.6793280337869897   4.85148985832198   4.961458945965885
0.6992428382266549   4.55106414659707   4.661973061486263
0.7197414540448374   4.267840631971975   4.37970814349063
0.7408409959326054   4.001104623656201   4.113869288532986
0.7625590803058332   3.7501372951961347   3.863674807333705
0.7849138400134885   3.5142194449151845   3.628358137234011
0.8079239394770964   3.292575449814723   3.407128980998621
0.8316085902740278   3.084371167775654   3.199170710056522
0.8559875671776167   2.8888138046049674   3.003707458154656
0.8810812246675007   2.705156902002524   2.8200070411822273
0.9069105139239728   2.5326975931969593   2.647378628906352
0.9334970003205227   2.3707740266452317   2.4851705309506027
0.960862881429187   2.2187629470392682   2.332768092134481
0.9890310055537336   2.076078716199644   2.189592695021575
1.0180248908061487   1.942180332403267   2.0551069991157087
1.047868744742366   1.8165612024120554   1.928806857246561
1.0785874845736239   1.6987411113426938   1.810214833544495
1.1102067579703248   1.588265031396945   1.698878996000044
1.1427529644757777   1.4847020178214454   1.5943717809643954
1.1762532775476793   1.3876441356687192   1.4962888869935569
1.210735667245765   1.2967054168745606   1.4042481991390177
1.246228923584555   1.2115200608160428   1.3178885492732944
1.2827626805706884   1.1317404115719383   1.2368684398208911
1.3203674409449337   1.0570382365975415   1.1608656119990362
1.3590746016495152   0.9871041130104156   1.0895761781137896
1.3989164800420282   0.9216464323901628   1.022713685494201
1.4399263408778291   0.8603904522594085   0.9600082175599866
1.4821384240834183   0.8030773924828838   0.9012055315602191
1.525587973344019   0.7494635821882654   0.8460662528685154
1.5703112655292182   0.6993197844590243   0.7943654880754343
1.6163456409812174   0.6524303640699289   0.7458919323630955
1.6637295346910133   0.6085923810338298   0.7004466867699812
1.7125025083885144   0.5676148916598338   0.6578425795242315
1.7627052835733923   0.5293182904631646   0.6179035358687407
1.814379775514258   0.49353368431059214   0.5804639755895256
1.8675691282445197   0.46010229751170084   0.5453682376379462
1.922317750584177   0.42887486894176724   0.5124702622975091
1.9786713532176083   0.3997109661208762   0.48163400083488506
2.0366769868582977   0.37247866071404556   0.45273181343165536
2.0963830815323896   0.3470541161944861   0.42564355347652044
2.1578394870138577   0.3233211175073727   0.40025617825559473
2.2210975144450407   0.30117062608532696   0.37646337485987436
2.286209979177315   0.28050035906086107   0.35416520084684777
2.3532312448676476   0.26121439262811097   0.3332677297532995
2.4222172688678643   0.24322289134193154   0.313681799822669
2.4932256489445366   0.22644179983890847   0.2953222314301418
2.5663156713684585   0.21079229735453198   0.27810932276596784
2.641548360413907   0.19620047057842666   0.2619686753582142
2.7189865293089923   0.1825970268485191   0.24683083660824917
2.798694832679631   0.16991702259046035   0.2326309665086286
2.8807398205309562   0.15809960631268902   0.21930852691674635
2.9651899938111903   0.14708773640947678   0.2068072421193224
3.05211586160442   0.13682755374977817   0.19507742762718241
3.1415899999999994   0.12726845513993015   0.18407402950675913
