0.01   17663.02175393888   17654.897199487314
0.010293154462191829   17866.39317362527   17857.50639733368
0.010594902878253955   18063.555004227714   18053.838346246423
0.010905497183778876   18253.981873004206   18243.36182085527
0.011225196699963396   18437.13327139619   18425.52956226937
0.011554268350120923   18612.465190436797   18599.79082292353
0.011892986882540897   18779.417444680028   18765.578565369455
0.012241635099881474   18937.40880530482   18922.304567778334
0.012600504095286909   19085.857859553696   19069.38056719368
0.012969893495426888   19224.180196185178   19206.215118394113
0.013350111710660605   19351.763665693983   19332.187270278693
0.013741476192534558   19467.99312315401   19446.672738040346
0.014144313698828986   19572.262763713163   19549.056911674586
0.01455896056637426   19663.95815434352   19638.715899777064
0.014985762991865008   19742.45773651464   19715.01805868644
0.01542507732090645   19807.157826435563   19777.350228063293
0.015877270345534218   19857.468481548523   19825.112887340532
0.016342719610456153   19892.79421275094   19857.698685742962
0.016821813728271667   19912.562169871988   19874.523247401703
0.017314952703931925   19916.232169153467   19875.03594123275
0.017822548268711737   19903.28464759709   19858.705950357587
0.01834502422397195   19873.22854840639   19825.030829549243
0.018882816794999403   19825.618831767097   19773.555911927026
0.019436374995219892   19760.06119852405   19703.878865908417
0.02000616100108813   19676.21640239577   19615.65355152008
0.020592650537967844   19573.803873177258   19508.594759160704
0.021196333277324068   19452.608503065247   19382.485585929873
0.02181771324555934   19312.51259899406   19237.211635272215
0.022457309244835088   19153.48467242362   19072.74885634303
0.02311565528622961   18975.563488604068   18889.146329670493
0.023793301035594242   18778.90506929062   18686.577570331185
0.024490812272480036   18563.822110686902   18465.3834253158
0.025208771362518027   18330.703980669263   18225.98430123955
0.0259477777436476   18080.030463576782   17968.894577126488
0.02670844842659881   17812.51419807538   17694.87525386862
0.027491418510046592   17528.990386340127   17404.81512122356
0.028297341710866907   17230.340267201922   17099.64837925559
0.029126890909937666   16917.645193368346   16780.517708348838
0.029980758713939952   16592.230949506797   16448.82060735332
0.030859658033628758   16255.435736147589   16105.963119552522
0.031764322679055976   15908.663192345904   15753.413293531641
0.03269550797224261   15553.67250031925   15392.997961195328
0.033653991377811755   15192.270421348638   15026.586206849577
0.03464057315210884   14826.187497734509   14655.962222662556
0.03565607701135116   14457.331593414323   14283.07983439111
0.036701350819364466   14087.761483152686   13910.035472920137
0.03777726729548091   13719.389421074453   13538.76969734855
0.038884724743189276   13354.108088928797   13171.182044550189
0.04002464780014597   12994.12871688166   12809.439250528221
0.041197988210172884   12641.545354164156   12455.579202336012
0.04240572561788674   12298.204778513582   12111.391699066633
0.04364886838662332   11965.434578628741   11778.139046026625
0.04492845444033957   11644.164429448365   11456.681620572646
0.04624555213019635   11335.194180508375   11147.753639473753
0.04760126112654554   11039.51890695954   10852.214179704362
0.04899671333706607   10758.774763084695   10571.38722654244
0.05043307385181555   10494.526852190826   10306.523896996847
0.05191154191598653   10247.74253825561   10058.336590755825
0.053433351931179485   10016.669869061505   9825.04480741105
0.05499977448602865   9798.70654976228   9604.100065626859
0.05661211741704101   9591.485951899243   9393.187938763074
0.05827172690053434   9392.994800632383   9190.344213927538
0.05997998857658587   9201.438419968614   8993.822958314717
0.06173832870592997   9014.894547878528   8801.804784668031
0.0635482153607709   8830.751193061873   8611.94772179804
0.06541115965050462   8646.409476531664   8421.955578371073
0.06732871698337338   8458.893679055313   8229.346453784972
0.06930248836510605   8264.928136308255   8031.5059638867
0.07133412173562886   8061.407891813854   7826.062427854678
0.07342531334496233   7845.200718278973   7610.862001150325
0.07557780916945323   7613.753513192626   7384.259731972816
0.07779340636952398   7365.9485270693585   7145.9067256764365
0.08007395479015682   7101.637309074751   6896.224134594741
0.08242135850536496   6822.597281239762   6637.228194328734
0.08483757740794096   6531.681002970917   6371.704315594671
0.08732462884580919   6233.346416098653   6103.440408070298
0.08988458930634863   5932.568775173929   5836.454094915345
0.09251959615009227   5634.757038700374   5574.911210586366
0.09523184939525078   5345.134155028825   5322.642081949275
0.09802361355455057   5068.853138374393   5083.10365701928
0.10089721952591899   4810.749384785312   4859.252407001582
0.10385506653859616   4575.207866299762   4653.549006797289
0.10689962415629803   4365.241850229171   4467.39741983648
0.11003343433910281   4182.623198326163   4301.209188761927
0.11325911356578279   4026.443162356575   4153.413657247108
0.11657935501835284   3893.7780899573795   4021.0587005061843
0.11999693083066039   3779.1171179087837   3900.2961723440785
0.12351469440289359   3675.8093189678875   3786.8548875154415
0.12713558278394044   3576.3365715886766   3675.9812007986493
0.13086261912358757   3473.570462028766   3563.7473245514975
0.13469891519660646   3361.316575966155   3447.309019401193
0.13864767400083483   3235.3930880859766   3324.935029164293
0.14271219243142114   3094.3206105104546   3196.562110165885
0.14689586403346616   2939.6095201131566   3063.957413594663
0.1512021818353596   2775.6172820097468   2930.3676972275334
0.15563474126517718   2608.607234141578   2798.8010263709343
0.16019724315257297   2446.017417098608   2672.4605477657815
0.1648934968186736   2295.596891419811   2554.7936204151224
0.1697274232565544   2163.9710410223233   2447.8220271630566
0.17470305840495237   2054.3526830548312   2351.7670970063177
0.17982455651794954   1965.3537012374577   2265.5685114216035
0.18509619363343993   1891.9051357241792   2186.194842677135
0.19052237114327647   1827.2436701715524   2110.64080976422
0.19610761946807834   1764.206082610051   2037.0255315645697
0.20185660183976684   1695.880569533296   1963.4582789874898
0.20777411819498756   1617.5477324445583   1888.7303712751398
0.21386510918267082   1529.3069915295034   1813.1477908576853
0.22013466028907505   1435.9797982739262   1738.903970791183
0.22658800608375756   1344.2069440433488   1667.9690928341365
0.23323053459001789   1260.1352008239257   1601.125920475024
0.2400677917834628   1188.19950012562   1539.4005148220438
0.24710548622244882   1129.1103364831997   1481.723563673589
0.25434949381426813   1079.6993060101938   1427.7301236277376
0.2618058627210567   1034.499147979714   1376.0023364914136
0.2694808184095226   987.8958193318389   1325.6636153404975
0.27738076884870827   936.5623701196605   1276.0425782144985
0.2855123098601282   881.49405402017   1228.0676261568162
0.29388223062474755   826.5575925759823   1182.02363012571
0.3024975193514008   775.8242465170518   1138.147218354541
0.31136536911138296   731.976039100339   1096.6683803081537
0.3204931838440838   694.5851215734295   1057.562633749843
0.32988858453867975   660.5406337996094   1020.0847308717239
0.3395594155970457   626.619441602429   984.0645550488134
0.34951375138319807   591.2800656668853   949.2278286988958
0.3597599029647371   555.5362394070709   915.7315102719024
0.37030642505191835   521.8570727097729   883.8155386262814
0.3811621231401457   491.73507891599826   853.4583955974782
0.3923360608618501   464.8505348595927   824.4429525947606
0.4038375675538918   439.59451045157556   796.7674307702548
0.41567624604680364   414.5619588909485   770.1144475836061
0.42786198068238046   389.79359095511296   744.4904954210572
0.4404049455663077   366.3310405464561   719.9907387581773
0.4533156130627191   344.85532521116096   696.5942532840975
0.4666047625377753   325.08203768167385   674.2522138873481
0.4802834893595659   306.2190338890315   652.8235914098822
0.49436321416184764   287.9300281436647   632.2008638055197
0.5088556923793517   270.5310714046766   612.4099574278889
0.5237730240626238   254.34748991369773   593.4822805299403
0.5391276639805903   239.24835829612647   575.3381964657534
0.5549324320192869   224.90368615856397   557.8993113221137
0.5712005238854289   211.23138180432676   541.0962858612838
0.5879455221237613   198.36629802995887   524.9579920333407
0.6051814074573895   186.3222872215231   509.4618924161416
0.622922570460556   174.96069065489306   494.53494874026876
0.6411838235736077   164.20490433282754   480.12965303429803
0.6599804134701901   154.08185621663654   466.25217068746537
0.6793280337869897   144.57237313653556   452.87265991420253
0.6992428382266549   135.6155022177243   439.94853717440867
0.7197414540448374   127.17087830665945   427.4481879260499
0.7408409959326054   119.22750916144336   415.3568512781141
0.7625590803058332   111.75967187118498   403.65058085904786
0.7849138400134885   104.7398765558463   392.30489269252246
0.8079239394770964   98.14218800901466   381.29704645024924
0.8316085902740278   91.94213807936245   370.6059318190349
0.8559875671776167   86.11664307500037   360.21196461952684
0.8810812246675007   80.64392589307184   350.09699171582804
0.9069105139239728   75.50345297499663   340.2441903006709
0.9334970003205227   70.67610978405814   330.6376538174231
0.960862881429187   66.1440725559306   321.2623405650425
0.9890310055537336   61.89044176857931   312.1043937838929
1.0180248908061487   57.89918836116711   303.1510941336738
1.047868744742366   54.15511667084493   294.3907973903554
1.0785874845736239   50.64382832322363   285.8128766358145
1.1102067579703248   47.351687106332946   277.4076684039733
1.1427529644757777   44.265772605866964   269.16655514877635
1.1762532775476793   41.373795337372336   261.08252586946327
1.210735667245765   38.66412615319827   253.14955029608882
1.246228923584555   36.12579083006148   245.36224168660496
1.2827626805706884   33.748436350398734   237.71582174532833
1.3203674409449337   31.522298657186347   230.2060871751472
1.3590746016495152   29.438171870785794   222.8293772558325
1.3989164800420282   27.487378947599925   215.5825519417638
1.4399263408778291   25.66174636353886   208.46383726236138
1.4821384240834183   23.953578571501854   201.47334070598828
1.525587973344019   22.355627283853423   194.61142131300673
1.5703112655292182   20.861066975827573   187.87849557432614
1.6163456409812174   19.463472113171473   181.27502432207964
1.6637295346910133   18.156795464473763   174.8014998911124
1.7125025083885144   16.935347457093503   168.458433577031
1.7627052835733923   15.793776176522236   162.24649214342287
1.814379775514258   14.727045408239938   156.1679097893456
1.8675691282445197   13.730419441127895   150.2255991756538
1.922317750584177   12.799448760564742   144.422062185149
1.9786713532176083   11.929953818459834   138.75938710823823
2.0366769868582977   11.118009609984584   133.2392630602231
2.0963830815323896   10.35993105958069   127.86299508797364
2.1578394870138577   9.652259178741653   122.63151996941667
2.2210975144450407   8.991747199420766   117.54566509300304
2.286209979177315   8.37534691280331   112.60661199863542
2.3532312448676476   7.800199332168821   107.81519822440707
2.4222172688678643   7.263623978967117   103.17178631851252
2.4932256489445366   6.763108255188521   98.67629534563021
2.5663156713684585   6.296297409806507   94.32823223886932
2.641548360413907   5.860985068911234   90.1267228182149
2.7189865293089923   5.455104417677205   86.07054745390792
2.798694832679631   5.076722332390423   82.1582868000145
2.8807398205309562   4.724030605829698   78.38832805476848
2.9651899938111903   4.395335339297028   74.75875695620583
3.05211586160442   4.089049974497734   71.26738284854852
3.1415899999999994   3.8036888535658595   67.9117690777372
