0.01   14868.621891661145   14860.927271153007
0.010293154462191829   15066.675624040823   15058.243341695843
0.010594902878253955   15260.222495574168   15250.98394941617
0.010905497183778876   15448.795395616648   15438.676834091728
0.011225196699963396   15631.913217592677   15620.83530077013
0.011554268350120923   15809.070354445028   15796.946977936914
0.011892986882540897   15979.752708509513   15966.490823611679
0.012241635099881474   16143.440101610948   16128.93967609647
0.012600504095286909   16299.586062975177   16283.73908827492
0.012969893495426888   16447.627609215528   16430.31753487965
0.013350111710660605   16587.001749776166   16568.103648517394
0.013741476192534558   16717.137138136157   16696.517456818856
0.014144313698828986   16837.443354607985   16814.95914806451
0.01455896056637426   16947.33354693716   16922.832729158294
0.014985762991865008   17046.2275679183   17019.549018898695
0.01542507732090645   17133.533268923435   17104.504031962464
0.015877270345534218   17208.660893662367   17177.09506953323
0.016342719610456153   17271.03875473942   17236.738263617284
0.016821813728271667   17320.1065511024   17282.861441968515
0.017314952703931925   17355.310770780896   17314.899207495484
0.017822548268711737   17376.125024738743   17332.314466042924
0.01834502422397195   17382.05532928033   17334.603602839095
0.018882816794999403   17372.640783073777   17321.29491321312
0.019436374995219892   17347.459685807295   17291.95656691219
0.02000616100108813   17306.13529998376   17246.20380707011
0.020592650537967844   17248.353038021713   17183.717029091735
0.021196333277324068   17173.870142107196   17104.251942083923
0.02181771324555934   17082.50021254379   17007.623303661116
0.022457309244835088   16974.126707517447   16893.719345151563
0.02311565528622961   16848.760666940656   16762.56346444335
0.023793301035594242   16706.496188857524   16614.266380353663
0.024490812272480036   16547.490177588024   16449.00431543638
0.025208771362518027   16372.050028092808   16267.111857192001
0.0259477777436476   16180.647692323899   16069.096540015456
0.02670844842659881   15973.81153500484   15855.523914678186
0.027491418510046592   15752.166214518595   15627.059675756002
0.028297341710866907   15516.595307013098   15384.64162427023
0.029126890909937666   15268.06677359293   15129.29414191043
0.029980758713939952   15007.573645698785   14862.064772441941
0.030859658033628758   14736.350449726997   14584.244820068965
0.031764322679055976   14455.847612782065   14297.342217509251
0.03269550797224261   14167.485858178654   14002.830180152643
0.033653991377811755   13872.729550810815   13702.221701777211
0.03464057315210884   13573.3058391193   13397.292076807338
0.03565607701135116   13270.91804418769   13089.786554011367
0.036701350819364466   12967.18523276707   12781.357029847988
0.03777726729548091   12663.994567980595   12473.890014838868
0.038884724743189276   12363.394773649608   12169.406655935423
0.04002464780014597   12067.265816021334   11869.75537887789
0.041197988210172884   11777.18519054068   11576.480841554763
0.04240572561788674   11494.207091171545   11290.606682408394
0.04364886838662332   11219.209834254381   11012.980499612802
0.04492845444033957   10953.040291215393   10744.406496298583
0.04624555213019635   10697.266339833712   10486.267017683036
0.04760126112654554   10453.848754586084   10240.251527339919
0.04899671333706607   10224.542664294087   10007.86128037187
0.05043307385181555   10009.568987457995   9789.171651841112
0.05191154191598653   9807.07911248222   9582.33789287549
0.053433351931179485   9615.197483562572   9385.502112845808
0.05499977448602865   9432.187092243457   9196.951613199137
0.05661211741704101   9256.43502100498   9015.10717117133
0.05827172690053434   9086.407558982344   8838.477741752318
0.05997998857658587   8920.116546922924   8665.221940473442
0.06173832870592997   8755.241135807102   8493.250200584445
0.0635482153607709   8589.443629991752   8320.504762797738
0.06541115965050462   8419.889629815572   8144.626077072673
0.06732871698337338   8243.788012063376   7963.343044110126
0.06930248836510605   8058.194129618826   7774.453288027076
0.07133412173562886   7860.194789312541   7575.910065137592
0.07342531334496233   7647.528544309735   7366.259294160482
0.07557780916945323   7418.710335189259   7144.745185240366
0.07779340636952398   7173.459782276887   6911.630949195381
0.08007395479015682   6913.1711953553295   6668.625766392335
0.08242135850536496   6640.411850487737   6418.255549007942
0.08483757740794096   6359.181688019857   6164.046641775515
0.08732462884580919   6074.122613026098   5909.804101345805
0.08988458930634863   5790.35980605973   5659.502178592921
0.09251959615009227   5513.055383932704   5416.945263616683
0.09523184939525078   5247.159285905271   5185.616087366657
0.09802361355455057   4997.541215144835   4968.635538807496
0.10089721952591899   4768.310185816397   4768.472578107786
0.10385506653859616   4562.712650242099   4586.535431141418
0.10689962415629803   4382.657422025138   4423.324455112151
0.11003343433910281   4227.636484542048   4277.788522409701
0.11325911356578279   4095.1814030659048   4147.639098252174
0.11657935501835284   3980.311817820296   4029.005150921653
0.11999693083066039   3876.6153912922505   3917.494684871063
0.12351469440289359   3776.8750544766417   3808.5886644409898
0.12713558278394044   3673.9597064879713   3698.2217840137587
0.13086261912358757   3561.7606854169885   3583.3651153437954
0.13469891519660646   3435.8672297469493   3462.287441172154
0.13864767400083483   3294.596720462626   3334.6850110085143
0.14271219243142114   3139.2729024525734   3202.165685168432
0.14689586403346616   2973.9994187048214   3067.6672174227842
0.1512021818353596   2805.0055850490257   2934.3944336938243
0.15563474126517718   2639.7346279114345   2806.280280135417
0.16019724315257297   2485.9328279293104   2686.3321182148134
0.1648934968186736   2350.250241136752   2576.921220048621
0.1697274232565544   2236.362355517385   2479.1802098358385
0.17470305840495237   2143.450691746315   2391.1497670987433
0.17982455651794954   2066.579820021997   2310.5120734937536
0.18509619363343993   1998.7529910066094   2234.231344369269
0.19052237114327647   1932.5718166805364   2159.5656914024385
0.19610761946807834   1861.0373946577479   2084.3044256185094
0.20185660183976684   1779.2052534663007   2007.3300549436706
0.20777411819498756   1686.752728586931   1929.1961013401287
0.21386510918267082   1588.4220005824561   1852.3497591306195
0.22013466028907505   1491.279733891414   1778.2658083200301
0.22658800608375756   1401.9171064272791   1708.600486457765
0.23323053459001789   1324.9899714684448   1643.7416671053254
0.2400677917834628   1261.5969204966673   1584.0956142715067
0.24710548622244882   1208.5993436151414   1528.006728264949
0.25434949381426813   1160.0424241999115   1474.190815744861
0.2618058627210567   1109.9918617945796   1421.609983427162
0.2694808184095226   1054.7445082945687   1369.763697709702
0.27738076884870827   995.0988133408805   1319.0724492340116
0.2855123098601282   935.3031153421146   1270.5108821795122
0.29388223062474755   879.924594839239   1224.05956574745
0.3024975193514008   831.9187832062768   1180.35359538002
0.31136536911138296   791.0055922427198   1139.0437608368115
0.3204931838440838   753.792890542353   1099.4455854535033
0.32988858453867975   716.5947723163245   1061.260549306921
0.3395594155970457   677.6574529173643   1024.4675113913218
0.34951375138319807   638.0420804059825   988.7366903917465
0.3597599029647371   600.5637357487041   954.7045992948962
0.37030642505191835   567.0494050453113   922.3852496515733
0.3811621231401457   537.1607924287524   891.5475068300274
0.3923360608618501   509.0595929223961   862.0906581472018
0.4038375675538918   481.0812569576918   833.6715697920663
0.41567624604680364   453.2364479737706   806.2785217954932
0.42786198068238046   426.7737357012409   780.0879732066151
0.4404049455663077   402.552929066282   755.1218500651272
0.4533156130627191   380.26235427067866   731.2250888662281
0.4666047625377753   358.93652097942993   708.297784814478
0.4802834893595659   338.1654901754599   686.2323531560183
0.49436321416184764   318.32994386428504   665.0429067472255
0.5088556923793517   299.87150865992203   644.7886557124973
0.5237730240626238   282.6379604386264   625.3889876178159
0.5391276639805903   266.2186891027774   606.7146571862838
0.5549324320192869   250.50979868500605   588.770384835576
0.5712005238854289   235.69826818866085   571.521634778826
0.5879455221237613   221.81836674149687   554.9669612410348
0.6051814074573895   208.69540440221147   539.0330138001932
0.622922570460556   196.23558123610252   523.6658569583037
0.6411838235736077   184.48303044046938   508.8679724953512
0.6599804134701901   173.42558053228493   494.6157311504095
0.6793280337869897   162.988162773012   480.8550371940153
0.6992428382266549   153.13988209079136   467.5671415919003
0.7197414540448374   143.85189247528857   454.7252574777795
0.7408409959326054   135.09546209571198   442.30226560192176
0.7625590803058332   126.84306728559486   430.27286107395514
0.7849138400134885   119.06836372116612   418.6134330170382
0.8079239394770964   111.74615631953527   407.30195427592963
0.8316085902740278   104.8523672582928   396.31787645498474
0.8559875671776167   98.36386641716705   385.64138150171965
0.8810812246675007   92.2583328815114   375.25265010749746
0.9069105139239728   86.51453119833269   365.1331308257393
0.9334970003205227   81.11230534654953   355.2656462397146
0.960862881429187   76.03253072308094   345.63431323983133
0.9890310055537336   71.25706779233289   336.22446990157533
1.0180248908061487   66.76871737462237   327.0226082670092
1.047868744742366   62.55117907008979   318.016315017411
1.0785874845736239   58.58903423132878   309.1942585236695
1.1102067579703248   54.86769473529278   300.5461236577653
1.1427529644757777   51.373338982316774   292.06251888335794
1.1762532775476793   48.09287586332352   283.7349289047997
1.210735667245765   45.01391087176817   275.5556715510211
1.246228923584555   42.1247134381136   267.5178570122512
1.2827626805706884   39.414185469223135   259.6153490853621
1.3203674409449337   36.87182864140281   251.84299209075562
1.3590746016495152   34.48770538703775   244.19773798378165
1.3989164800420282   32.25242285994943   236.67747470576947
1.4399263408778291   30.15711086563509   229.280438856374
1.4821384240834183   28.19339538850708   222.00519279923705
1.525587973344019   26.353373264174035   214.85060265318046
1.5703112655292182   24.629587966654732   207.8158164956575
1.6163456409812174   23.015006466408888   200.90024851697365
1.6637295346910133   21.502995861562795   194.10450811836256
1.7125025083885144   20.087301363382444   187.43125447891546
1.7627052835733923   18.762029056917097   180.88318466154354
1.814379775514258   17.521626957028385   174.46275467283144
1.8675691282445197   16.36086658708267   168.17217982702945
1.922317750584177   15.274825445549673   162.01343570544017
1.9786713532176083   14.258870325330317   155.98825969859868
2.0366769868582977   13.30864125970446   150.09821025735818
2.0963830815323896   12.420033422413276   144.3456063218211
2.1578394870138577   11.589184271425037   138.7332143046408
2.2210975144450407   10.812463087027322   133.2633144873361
2.286209979177315   10.086457915810524   127.93769270798839
2.3532312448676476   9.40796309644179   122.75766455731664
2.4222172688678643   8.773967445022041   117.72410005555281
2.4932256489445366   8.181643068857435   112.83744864172998
2.5663156713684585   7.628335845790225   108.09787166886287
2.641548360413907   7.11155966354606   103.50572200546715
2.7189865293089923   6.628981687781265   99.06108535346024
2.798694832679631   6.178411365410213   94.76358654146328
2.8807398205309562   5.757792291086245   90.61242603871878
2.9651899938111903   5.365194497368492   86.6064159708762
3.05211586160442   4.998807147718922   82.74401522420256
3.1415899999999994   4.656931568502324   79.02336051398643
