0.01   285.2773684054021   285.27697896851413
0.010293154462191829   288.46936411546045   288.4689517598903
0.010594902878253955   291.5534592006933   291.55304241213463
0.010905497183778876   294.5206658060145   294.52025573810374
0.011225196699963396   297.3618118745099   297.36140571914825
0.011554268350120923   300.067682937648   300.0672639054208
0.011892986882540897   302.6289122299476   302.6284634228264
0.012241635099881474   305.0359970388107   305.0355171444249
0.012600504095286909   307.27948388715106   307.2789884895671
0.012969893495426888   309.34973583497646   309.3492520041896
0.013350111710660605   311.2362160588138   311.2357609582253
0.013741476192534558   312.928304010227   312.92787960258
0.014144313698828986   314.41557200314816   314.4151654124574
0.01455896056637426   315.68771503997215   315.687309636654
0.014985762991865008   316.7346349293998   316.7342193314578
0.01542507732090645   317.5466029982175   317.54617144497576
0.015877270345534218   318.1139696902764   318.1135213448334
0.016342719610456153   318.4266643549192   318.42620131346155
0.016821813728271667   318.47503394857216   318.47456092502347
0.017314952703931925   318.2500383931894   318.24956188459805
0.017822548268711737   317.7431002410133   317.74262032412724
0.01834502422397195   316.9462894277405   316.94579510368845
0.018882816794999403   315.8525425652896   315.85201192800344
0.019436374995219892   314.45562222979197   314.4550297435784
0.02000616100108813   312.75009313785114   312.7494227117968
0.020592650537967844   310.7315929786112   310.7308392698571
0.021196333277324068   308.3969902229096   308.39615648060914
0.02181771324555934   305.7448178486793   305.7439026232762
0.022457309244835088   302.77505309298357   302.7740450829181
0.02311565528622961   299.48899679897136   299.4878754931363
0.023793301035594242   295.89016042860743   295.8889047333714
0.024490812272480036   291.9845252893215   291.98312440184355
0.025208771362518027   287.7794086661544   287.77786242801716
0.0259477777436476   283.2839845035797   283.28230144028015
0.02670844842659881   278.5114344224874   278.50962462301123
0.027491418510046592   273.476681601266   273.4747546944406
0.028297341710866907   268.1956019796136   268.19356743240377
0.029126890909937666   262.6881434903608   262.68601717027906
0.029980758713939952   256.97779495068227   256.97560481966775
0.030859658033628758   251.08808213604502   251.0858672794094
0.031764322679055976   245.0443962726564   245.04220574554793
0.03269550797224261   238.8782408868382   238.87613286079588
0.033653991377811755   232.62103809668366   232.61907851967078
0.03464057315210884   226.30298830816898   226.3012489706752
0.03565607701135116   219.9584361017375   219.95698677844752
0.036701350819364466   213.62326949431434   213.62217295772945
0.03777726729548091   207.3303474811131   207.32965965566655
0.038884724743189276   201.11356655465954   201.11334793721488
0.04002464780014597   195.01256067233643   195.01290027365584
0.041197988210172884   189.06362991481296   189.0646449483943
0.04240572561788674   183.29800535831515   183.299820342511
0.04364886838662332   177.7380752774965   177.74067476990862
0.04492845444033957   172.4006461964237   172.40381818538162
0.04624555213019635   167.30000373424429   167.30336496498845
0.04760126112654554   162.45667322001268   162.4598406838995
0.04899671333706607   157.90199998252257   157.9048343431974
0.05043307385181555   153.66454779145715   153.6671488168439
0.05191154191598653   149.75779093360046   149.76040944745588
0.053433351931179485   146.14947064327205   146.15225553730974
0.05499977448602865   142.79981106938337   142.80276294588208
0.05661211741704101   139.6727379496191   139.67570533864867
0.05827172690053434   136.73593655340287   136.73856092434485
0.05997998857658587   133.9598064647521   133.96152246433257
0.06173832870592997   131.3098476126764   131.30996799255897
0.0635482153607709   128.73963469927236   128.737500156996
0.06541115965050462   126.20326776587535   126.19828016580506
0.06732871698337338   123.64479959836231   123.6365998056281
0.06930248836510605   121.00419020066619   120.99276048290041
0.07133412173562886   118.2214203636704   118.20706618674173
0.07342531334496233   115.2335473159674   115.21687415688406
0.07557780916945323   111.9884345956327   111.97026141921432
0.07779340636952398   108.45449715456031   108.43562799029664
0.08007395479015682   104.61694762191875   104.59811752454215
0.08242135850536496   100.49364809071335   100.47551713236635
0.08483757740794096   96.12136883378336   96.10456163651506
0.08732462884580919   91.5680602710518   91.5533518126473
0.08988458930634863   86.91227579630235   86.90058764611335
0.09251959615009227   82.24467182177501   82.23700061655914
0.09523184939525078   77.65708964193617   77.65432867333331
0.09802361355455057   73.24286804313127   73.24557653527695
0.10089721952591899   69.09618570487599   69.10423324989883
0.10385506653859616   65.30217454674107   65.31464136607205
0.10689962415629803   61.92732269983252   61.94274141150642
0.11003343433910281   59.01902380465444   59.03556392521676
0.11325911356578279   56.578160115999836   56.59385192964505
0.11657935501835284   54.57557208399574   54.588454180715594
0.11999693083066039   52.933322769012904   52.94174868839024
0.12351469440289359   51.551876726926956   51.554494005994044
0.12713558278394044   50.30829572355814   50.30396408028759
0.13086261912358757   49.075213237392695   49.06345309871339
0.13469891519660646   47.73085393166321   47.712165678374916
0.13864767400083483   46.17540067229069   46.15126779251612
0.14271219243142114   44.35002674289842   44.32275107784186
0.14689586403346616   42.24528022775023   42.21783406894583
0.1512021818353596   39.905423179508986   39.881299689691694
0.15563474126517718   37.419834298878534   37.40226269264082
0.16019724315257297   34.913192547768915   34.904185452385256
0.1648934968186736   32.53024730942396   32.529882478313766
0.1697274232565544   30.409348498049553   30.4156367108272
0.17470305840495237   28.64120294522494   28.65081787566821
0.17982455651794954   27.240839292084257   27.25052592446621
0.18509619363343993   26.15626652480175   26.16232609229794
0.19052237114327647   25.294057710710824   25.292938733052424
0.19610761946807834   24.534426139834846   24.524248163103387
0.20185660183976684   23.740178990493323   23.721825606555537
0.20777411819498756   22.79211750470278   22.768853265718775
0.21386510918267082   21.64357969767767   21.619622821345235
0.22013466028907505   20.336475131972048   20.316014329119298
0.22658800608375756   18.969176558665527   18.95551795514117
0.23323053459001789   17.658196042977856   17.652092959911442
0.2400677917834628   16.512344157433823   16.511677481137433
0.24710548622244882   15.588701577020032   15.58901698189016
0.25434949381426813   14.870097558675154   14.867286372796087
0.2618058627210567   14.280991882064091   14.271713140848554
0.2694808184095226   13.714483067810285   13.698637756316849
0.27738076884870827   13.077667141228321   13.058270272342629
0.2855123098601282   12.344466301295212   12.325460017183559
0.29388223062474755   11.556036057454634   11.541081912722172
0.3024975193514008   10.78706285884594   10.777266418789779
0.31136536911138296   10.112246548354852   10.105608796689154
0.3204931838440838   9.56000718009678   9.552652746577701
0.32988858453867975   9.097957275878718   9.087213157864248
0.3395594155970457   8.66462253682673   8.649915284852831
0.34951375138319807   8.206572201226923   8.19016030915815
0.3597599029647371   7.714070153706491   7.698937961081168
0.37030642505191835   7.223319190332986   7.21112921087422
0.3811621231401457   6.777008454108679   6.766864269798334
0.3923360608618501   6.39253257933596   6.3819445128757035
0.4038375675538918   6.052059021102742   6.039515167143496
0.41567624604680364   5.721435686583795   5.707420929885333
0.42786198068238046   5.38368201315693   5.369954770312585
0.4404049455663077   5.050250809079902   5.038022532316749
0.4533156130627191   4.7419382764788605   4.730743162253287
0.4666047625377753   4.466128631668568   4.454671318451204
0.4802834893595659   4.2109469288476955   4.198700758062747
0.49436321416184764   3.9623977294770123   3.950086494018615
0.5088556923793517   3.719760368847519   3.708174546993445
0.5237730240626238   3.4919695080260564   3.4810695130293166
0.5391276639805903   3.282858280219003   3.2720252899847275
0.5549324320192869   3.0871202767144723   3.0761639273565105
0.5712005238854289   2.899242800574685   2.8885768777062166
0.5879455221237613   2.720400654136127   2.7102773997390663
0.6051814074573895   2.553566625930816   2.543789060345515
0.622922570460556   2.397667255748339   2.3880643600164966
0.6411838235736077   2.2499183650459225   2.2406246709366884
0.6599804134701901   2.1101134678485614   2.101254392739823
0.6793280337869897   1.9789996917250274   1.9705158363596698
0.6992428382266549   1.856090100166977   1.847910645096518
0.7197414540448374   1.7403413223781994   1.7324965192662083
0.7408409959326054   1.6313360065924372   1.6238586660181369
0.7625590803058332   1.5287428922180157   1.5216568662238286
0.7849138400134885   1.432240484711113   1.4255618737508409
0.8079239394770964   1.3415174720537573   1.3352557152219304
0.8316085902740278   1.2562730431722928   1.2504318993582353
0.8559875671776167   1.1762171169445061   1.1707955444603224
0.8810812246675007   1.1010700264893654   1.096063046198883
0.9069105139239728   1.03055270231265   1.0259538292314379
0.9334970003205227   0.9643897612563341   0.960192836275156
0.960862881429187   0.9023212486667548   0.898520219616512
0.9890310055537336   0.8441022900592916   0.8406909662114321
1.0180248908061487   0.7895022343025115   0.7864740986068915
1.047868744742366   0.7383038449967644   0.7356519156820049
1.0785874845736239   0.6903025373300594   0.6880192714371045
1.1102067579703248   0.6453058551705309   0.6433830319671634
1.1427529644757777   0.6031344948865641   0.6015626506011134
1.1762532775476793   0.5636203051611304   0.5623885763548421
1.210735667245765   0.526604397797685   0.5257007461705162
1.246228923584555   0.4919366815136748   0.4913481049763466
1.2827626805706884   0.4594754310819981   0.45918815669907
1.3203674409449337   0.429086873163834   0.42908653278833
1.3590746016495152   0.4006447885393831   0.40091657798732155
1.3989164800420282   0.3740300512431134   0.3745588692570505
1.4399263408778291   0.3491299580195411   0.3499005121637754
1.4821384240834183   0.3258382584809327   0.3268351782765318
1.525587973344019   0.3040549620585741   0.3052629075244291
1.5703112655292182   0.2836859936097409   0.2850897506323543
1.6163456409812174   0.2646428660722523   0.2662274295937945
1.6637295346910133   0.2468423695717201   0.2485930155496046
1.7125025083885144   0.23020627627986048   0.23210862337168284
1.7627052835733923   0.21466106684420938   0.21670118673768574
1.814379775514258   0.20013767454310946   0.2023022819702283
1.8675691282445197   0.18657121373363314   0.1888476743057645
1.922317750584177   0.17390073813171508   0.17627704279425715
1.9786713532176083   0.1620690156205029   0.16453375794097477
2.0366769868582977   0.15102231487670076   0.1535646705856449
2.0963830815323896   0.14071020327295533   0.1433199115698031
2.1578394870138577   0.13108535520418502   0.13375270121899027
2.2210975144450407   0.12210334803166828   0.12481913210948178
2.286209979177315   0.11372248380627858   0.1164779868578118
2.3532312448676476   0.10590366968171674   0.10869064504398525
2.4222172688678643   0.09861026628079621   0.101420933032329
2.4932256489445366   0.09180794047387938   0.09463497559880482
2.5663156713684585   0.08546452648800347   0.08830105597188052
2.641548360413907   0.07954989491204555   0.08238948385935134
2.7189865293089923   0.07403583095337753   0.07687247371543854
2.798694832679631   0.06889595278931314   0.07172408004849387
2.8807398205309562   0.06410558862415969   0.06692006775996297
2.9651899938111903   0.059641632980754644   0.06243774753484254
3.05211586160442   0.05548245082273157   0.058255879972982205
3.1415899999999994   0.05160778871518962   0.05435458756493732
