0.01   12375.284081908534   12374.102098492125
0.010293154462191829   12487.217615469704   12485.95921534633
0.010594902878253955   12593.22163119878   12591.879850524272
0.010905497183778876   12692.909371577576   12691.475975060748
0.011225196699963396   12785.881910692618   12784.348054983748
0.011554268350120923   12871.732503879151   12870.089281793236
0.011892986882540897   12950.05903851922   12948.297529852602
0.012241635099881474   13020.455454534469   13018.566527885892
0.012600504095286909   13082.496558993516   13080.470297254391
0.012969893495426888   13135.762958640358   13133.588595812615
0.013350111710660605   13179.84547934377   13177.511373304824
0.013741476192534558   13214.327240524077   13211.820231208916
0.014144313698828986   13238.795417611025   13236.10048193845
0.01455896056637426   13252.85667134943   13249.956990646384
0.014985762991865008   13256.126750173977   13253.003875970115
0.01542507732090645   13248.221473304664   13244.855580237254
0.015877270345534218   13228.782389532978   13225.152425912724
0.016342719610456153   13197.480074615834   13193.563726783717
0.016821813728271667   13154.001353916054   13149.77389187883
0.017314952703931925   13098.063354318076   13093.497288119586
0.017822548268711737   13029.424638223478   13024.489989513735
0.01834502422397195   12947.885851240047   12942.55064242418
0.018882816794999403   12853.291728459899   12847.522575042554
0.019436374995219892   12745.537189440345   12739.299685993745
0.02000616100108813   12624.57473335665   12617.833999395205
0.020592650537967844   12490.434585919038   12483.156418848055
0.021196333277324068   12343.20979021573   12335.361287909946
0.02181771324555934   12183.052103969476   12174.602146752533
0.022457309244835088   12010.2189115229   12001.140795128302
0.02311565528622961   11825.072231469088   11815.346213543284
0.023793301035594242   11628.027514397012   11617.640950942072
0.024490812272480036   11419.587384858038   11408.535888371736
0.025208771362518027   11200.43151673245   11188.722948085213
0.0259477777436476   10971.300107670559   10958.954833370211
0.02670844842659881   10732.969689469759   10720.019957148546
0.027491418510046592   10486.406492516782   10472.898858748524
0.028297341710866907   10232.70602549625   10218.702515891311
0.029126890909937666   9972.94756014526   9958.523918598336
0.029980758713939952   9708.299363069507   9693.544077919167
0.030859658033628758   9440.175990557214   9425.19053306143
0.031764322679055976   9169.954653469471   9154.851469680043
0.03269550797224261   8898.948855845174   8883.848822032005
0.033653991377811755   8628.658450546522   8613.686570647875
0.03464057315210884   8360.60950678274   8345.891907345575
0.03565607701135116   8096.176005656651   8081.838413223076
0.036701350819364466   7836.7660211619805   7822.9248708800515
0.03777726729548091   7583.960841783007   7570.709146140135
0.038884724743189276   7339.172300535788   7326.580288356723
0.04002464780014597   7103.593168246673   7091.708917998963
0.041197988210172884   6878.08780171619   6866.92740015576
0.04240572561788674   6663.317214829995   6652.863552497336
0.04364886838662332   6459.832351426561   6450.03866216331
0.04492845444033957   6268.333153368689   6259.093298778984
0.04624555213019635   6089.750030945013   6080.859433029858
0.04760126112654554   5924.910375898517   5916.07344239696
0.04899671333706607   5773.973800104804   5764.82804930578
0.05043307385181555   5635.279706617093   5625.450137281954
0.05191154191598653   5506.966963421551   5496.07571509209
0.053433351931179485   5387.37245181777   5375.0374681667745
0.05499977448602865   5275.07707021153   5260.909564690926
0.05661211741704101   5168.7920867385355   5152.397151077511
0.05827172690053434   5066.952937447301   5047.961254372786
0.05997998857658587   4967.467200096827   4945.588233233546
0.06173832870592997   4868.2680361667735   4843.303710336617
0.0635482153607709   4766.815296948079   4738.746763128105
0.06541115965050462   4660.4416667761425   4629.4719964869455
0.06732871698337338   4546.583974822125   4513.1936527652315
0.06930248836510605   4422.7555643205   4387.779953390294
0.07133412173562886   4287.105710761353   4251.711986142814
0.07342531334496233   4138.944754428361   4104.605537705267
0.07557780916945323   3978.3610682922795   3946.7818467332786
0.07779340636952398   3806.82200611186   3779.846932799114
0.08007395479015682   3626.4950219108077   3605.9843528935644
0.08242135850536496   3440.6563821108944   3428.29477134784
0.08483757740794096   3252.8382849735162   3250.054083516988
0.08732462884580919   3066.859824252454   3074.7658888545234
0.08988458930634863   2886.5470096504882   2905.7976117877274
0.09251959615009227   2715.731595054664   2746.372176330664
0.09523184939525078   2558.18259261644   2599.5183032967448
0.09802361355455057   2417.136050108827   2467.777893754956
0.10089721952591899   2294.6716191687133   2352.55866254058
0.10385506653859616   2191.885614219714   2254.3832686277215
0.10689962415629803   2107.709148917427   2171.91808024585
0.11003343433910281   2039.9075034617204   2102.8998215694023
0.11325911356578279   1984.497956838475   2043.8321442263598
0.11657935501835284   1936.859667537815   1990.799139152361
0.11999693083066039   1891.7691249536754   1939.5340770065209
0.12351469440289359   1844.0794931679136   1886.1179643805629
0.12713558278394044   1789.2461212463086   1827.3039274217533
0.13086261912358757   1724.0542713249   1760.981360306917
0.13469891519660646   1647.3049390793574   1686.6207508902585
0.13864767400083483   1559.8717925824155   1605.4322433327613
0.14271219243142114   1464.5970686840005   1520.1682416761214
0.14689586403346616   1365.9829325528544   1433.9012938282758
0.1512021818353596   1269.770655389149   1350.6960119372254
0.15563474126517718   1181.9326756732776   1274.580502691488
0.16019724315257297   1107.1514499063649   1208.191261631415
0.1648934968186736   1047.2786238968267   1152.443825857231
0.1697274232565544   1001.1527858870112   1105.93547080508
0.17470305840495237   965.684296735978   1066.1899807460215
0.17982455651794954   936.5908414818963   1030.4144070628338
0.18509619363343993   908.5297939461032   995.487179150408
0.19052237114327647   876.0488254548729   958.3847328894727
0.19610761946807834   835.8459548760223   917.5281452510885
0.20185660183976684   788.2645325953209   873.4955799317867
0.20777411819498756   736.3326021675449   828.409814358745
0.21386510918267082   684.44598355872   784.7664984642093
0.22013466028907505   637.2929924237903   744.5053364212695
0.22658800608375756   598.2199479439253   709.1728209896831
0.23323053459001789   567.7942575328007   678.3454278557172
0.2400677917834628   543.9796387199841   651.0774591692608
0.24710548622244882   522.9776161662857   625.4098095387353
0.25434949381426813   500.5825791566672   599.6479787596221
0.2618058627210567   474.5327706248829   573.1534122116561
0.2694808184095226   445.4096369402458   546.4197555812644
0.27738076884870827   415.603574130099   520.4225287494128
0.2855123098601282   388.22447981421277   496.08770658615515
0.29388223062474755   365.3578207936612   473.97798518599035
0.3024975193514008   346.6945216435172   453.73826577892993
0.31136536911138296   330.24310368518445   434.6699569558901
0.3204931838440838   313.6547209643959   416.21098263108684
0.32988858453867975   295.68007111120187   397.98839055046955
0.3395594155970457   277.0500200704769   380.3209877444896
0.34951375138319807   259.4239877968174   363.5983279552618
0.3597599029647371   243.96553535179842   347.99783318245073
0.37030642505191835   230.6011887191575   333.2864511665016
0.3811621231401457   218.1827791531811   319.3248170575328
0.3923360608618501   205.68008346451916   305.88997506457673
0.4038375675538918   193.07663706230625   292.96803506581006
0.41567624604680364   181.0747012753531   280.6701072282603
0.42786198068238046   170.24729984457574   269.07734300660513
0.4404049455663077   160.42906143360426   258.08010104399057
0.4533156130627191   151.08049711759742   247.5954656449619
0.4666047625377753   141.91185761547956   237.55401450649163
0.4802834893595659   133.15178882169428   227.98248416236922
0.49436321416184764   125.05603578547972   218.90491263388975
0.5088556923793517   117.56944396960522   210.28896579581294
0.5237730240626238   110.45308891380164   202.0576726820104
0.5391276639805903   103.64014997613386   194.2045038380623
0.5549324320192869   97.23507925041244   186.73064549423992
0.5712005238854289   91.26768627626006   179.6200677290089
0.5879455221237613   85.6490569674222   172.84418807015894
0.6051814074573895   80.32210649791332   166.37249327638153
0.622922570460556   75.31218258005231   160.20587667800842
0.6411838235736077   70.61557132397306   154.32647813747687
0.6599804134701901   66.20310622716129   148.71713621877743
0.6793280337869897   62.04955378017966   143.36227263890845
0.6992428382266549   58.141358216219984   138.2480599881874
0.7197414540448374   54.46598801055215   133.36155769362207
0.7408409959326054   51.011346904104435   128.69060966998978
0.7625590803058332   47.76578015971216   124.22379191582742
0.7849138400134885   44.71807795522644   119.950363914543
0.8079239394770964   41.85747054436177   115.86021433974813
0.8316085902740278   39.17335215824746   111.9433564287321
0.8559875671776167   36.65524103929369   108.18974841272667
0.8810812246675007   34.29322406610302   104.58996517000207
0.9069105139239728   32.07796113552975   101.13520939520929
0.9334970003205227   30.000652951070695   97.81726617608204
0.960862881429187   28.05301058476103   94.62846127023894
0.9890310055537336   26.22722708027589   91.56162091130705
1.0180248908061487   24.515988175262915   88.60983771334503
1.047868744742366   22.91246648496611   85.76629471374277
1.0785874845736239   21.410219852091657   83.02461040589573
1.1102067579703248   20.00316363468799   80.37885019734651
1.1427529644757777   18.685553071197017   77.82349496404089
1.1762532775476793   17.451966343154734   75.3534122148919
1.210735667245765   16.297288300031795   72.9638294248887
1.246228923584555   15.216687801528568   70.65024286001656
1.2827626805706884   14.20559540814608   68.40831044613333
1.3203674409449337   13.259707188004954   66.23398766724559
1.3590746016495152   12.374973003482511   64.1235329833574
1.3989164800420282   11.547582488141437   62.07348816235048
1.4399263408778291   10.773951730091847   60.080660130679576
1.4821384240834183   10.050710631258223   58.14210419700702
1.525587973344019   9.374691485605801   56.25513264409178
1.5703112655292182   8.742918603884101   54.41734857410855
1.6163456409812174   8.152595678973793   52.6265618329692
1.6637295346910133   7.601095245490909   50.88076050367368
1.7125025083885144   7.085949092022837   49.17809996420766
1.7627052835733923   6.604839172141418   47.516892580595716
1.814379775514258   6.155588991625573   45.89559796859706
1.8675691282445197   5.7361552868626084   44.31287294980803
1.922317750584177   5.3446198575222965   42.76773951245375
1.9786713532176083   4.9791829133765   41.25936122217025
2.0366769868582977   4.638156325954318   39.78696578604581
2.0963830815323896   4.319957046119431   38.34984027564015
2.1578394870138577   4.023100883492852   36.94732652346906
2.2210975144450407   3.746196629779277   35.578816683144915
2.286209979177315   3.4879402905843055   34.243786469983135
2.3532312448676476   3.2471089727614952   32.94195239011414
2.4222172688678643   3.0225570217107114   31.673101203939442
2.4932256489445366   2.813211773981336   30.437008478734207
2.5663156713684585   2.6180690846799126   29.233437807804332
2.641548360413907   2.436189115282274   28.06214019249874
2.7189865293089923   2.266692368111595   26.922853501241388
2.798694832679631   2.1087561705899263   25.815338575039675
2.8807398205309562   1.9616124164617965   24.739602313273107
2.9651899938111903   1.8245429670173943   23.695703706941686
3.05211586160442   1.6968757927667741   22.68362101993965
3.1415899999999994   1.577982149787495   21.703256236548594
