0.01   16552.400647953586   16544.16751349788
0.010293154462191829   16745.44904642995   16736.47521619665
0.010594902878253955   16932.6668815386   16922.88322957788
0.010905497183778876   17113.580726855886   17102.90994937538
0.011225196699963396   17287.701689969956   17276.060230376563
0.011554268350120923   17454.523499116196   17441.824075205026
0.011892986882540897   17613.53770117987   17599.68963969057
0.012241635099881474   17764.230991838795   17749.1394447877
0.012600504095286909   17906.0680754181   17889.629683349962
0.012969893495426888   18038.510180555586   18020.611918760325
0.013350111710660605   18161.0230929277   18141.542445990726
0.013741476192534558   18273.061815275585   18251.867005856366
0.014144313698828986   18374.072356084507   18351.02266612452
0.01455896056637426   18463.511714209315   18438.457928385084
0.014985762991865008   18540.844562117734   18513.62886939312
0.01542507732090645   18605.528060880046   18575.98239086009
0.015877270345534218   18657.03376530563   18624.97999679927
0.016342719610456153   18694.855340982067   18660.1059666809
0.016821813728271667   18718.496385008268   18680.852441546136
0.017314952703931925   18727.47653317486   18686.726208120974
0.017822548268711737   18721.347981667   18677.267830272503
0.01834502422397195   18699.69782078598   18652.05426995986
0.018882816794999403   18662.148594287577   18610.69968585347
0.019436374995219892   18608.36534463621   18552.862581923127
0.02000616100108813   18538.061008572648   18478.251208459576
0.020592650537967844   18451.014350301433   18386.639994161844
0.021196333277324068   18347.067270262327   18277.867618756194
0.02181771324555934   18226.11662801779   18151.830209386295
0.022457309244835088   18088.141525909483   18008.512001336672
0.02311565528622961   17933.237110610648   17848.023250504946
0.023793301035594242   17761.563907961514   17670.54290502228
0.024490812272480036   17573.351802972502   17476.321788636622
0.025208771362518027   17368.998169390663   17265.783296224377
0.0259477777436476   17149.011686596987   17039.46535779722
0.02670844842659881   16913.94908031333   16797.95530347905
0.027491418510046592   16664.507884908395   16541.99059816119
0.028297341710866907   16401.599233600733   16272.53755384208
0.029126890909937666   16126.173275181152   15990.601500147559
0.029980758713939952   15839.230308160753   15697.236367977841
0.030859658033628758   15542.041567420245   15393.768752115211
0.031764322679055976   15235.974074065236   15081.61890281592
0.03269550797224261   14922.362595776429   14762.170198321715
0.033653991377811755   14602.688206866776   14436.951574406112
0.03464057315210884   14278.649143556515   14107.709287371457
0.03565607701135116   13951.871442223393   13776.110727354115
0.036701350819364466   13623.934243145699   13443.766515299865
0.03777726729548091   13296.617557806365   13112.465551149484
0.038884724743189276   12971.66927133054   12783.953471210998
0.04002464780014597   12650.689165578598   12459.822588165063
0.041197988210172884   12335.217767857088   12141.583170965034
0.04240572561788674   12026.751934228492   11830.67717087705
0.04364886838662332   11726.640313959037   11528.39766839373
0.04492845444033957   11436.053670599957   11235.847478373567
0.04624555213019635   11155.88727923114   10953.796040140172
0.04760126112654554   10886.889538999114   10682.85789105426
0.04899671333706607   10629.698886436483   10423.547607313401
0.05043307385181555   10384.452269848214   10175.891089208651
0.05191154191598653   10150.83298590318   9939.473252346079
0.053433351931179485   9928.513847437978   9713.876876601478
0.05499977448602865   9716.507846355133   9498.093676599123
0.05661211741704101   9512.393876795399   9289.82384454046
0.05827172690053434   9313.73465058172   9086.767327354448
0.05997998857658587   9118.410033476073   8886.949438428031
0.06173832870592997   8924.761937656218   8688.879236058146
0.0635482153607709   8731.296447497318   8491.23074646607
0.06541115965050462   8536.086623125126   8292.39501369349
0.06732871698337338   8336.692659498074   8090.424276480471
0.06930248836510605   8130.813020894176   7883.521721565007
0.07133412173562886   7915.938284575473   7669.889792825418
0.07342531334496233   7689.752495002264   7447.936777202144
0.07557780916945323   7450.841042238562   7216.930611419639
0.07779340636952398   7198.705918755755   6976.991901475515
0.08007395479015682   6934.079836888167   6729.1257354475165
0.08242135850536496   6659.638401583111   6475.771980766731
0.08483757740794096   6378.645851044405   6219.77521574502
0.08732462884580919   6095.371056374948   5964.778239185113
0.08988458930634863   5814.115022329441   5714.241262508021
0.09251959615009227   5539.387517234064   5471.3927257024125
0.09523184939525078   5275.272704542475   5239.03853407866
0.09802361355455057   5025.46450908677   5019.59445513683
0.10089721952591899   4793.347100475351   4814.980737013756
0.10385506653859616   4581.871074357954   4626.611342386988
0.10689962415629803   4392.667658437665   4455.06835616268
0.11003343433910281   4226.328178533074   4300.245658167192
0.11325911356578279   4080.5972515143753   4159.814544627576
0.11657935501835284   3951.856177568656   4030.6081232255437
0.11999693083066039   3834.313928248462   3908.8632249698744
0.12351469440289359   3721.8035150763353   3790.8441916917236
0.12713558278394044   3608.207796268541   3672.982574310071
0.13086261912358757   3488.455943109406   3552.6134831440477
0.13469891519660646   3358.9155357223194   3428.2006769732575
0.13864767400083483   3218.2309956933836   3299.6514407738428
0.14271219243142114   3067.3023697385415   3168.0739791346737
0.14689586403346616   2909.405693101286   3035.715579760424
0.1512021818353596   2749.283115757383   2905.344564771761
0.15563474126517718   2592.316288900055   2779.6158035099807
0.16019724315257297   2444.0447051047827   2660.740319675312
0.1648934968186736   2309.8243086738694   2550.5468745507283
0.1697274232565544   2193.2896929538706   2450.2596859366854
0.17470305840495237   2094.7264413159533   2359.2291626024603
0.17982455651794954   2010.5831652170118   2275.0331034499513
0.18509619363343993   1935.057286167379   2195.391297889063
0.19052237114327647   1862.5627452678978   2118.1016154412646
0.19610761946807834   1788.346569132697   2041.7159757044776
0.20185660183976684   1708.535446755384   1965.062984655676
0.20777411819498756   1621.7897991136147   1888.5684903351616
0.21386510918267082   1530.8116279648266   1813.3984359008894
0.22013466028907505   1440.8776340900454   1740.9681216307126
0.22658800608375756   1356.619247828243   1672.3144388545666
0.23323053459001789   1281.1664494726078   1607.7984473499012
0.2400677917834628   1215.7837998652758   1547.5930590306843
0.24710548622244882   1158.9273647525094   1490.690270987148
0.25434949381426813   1106.8937967969075   1436.4497977890233
0.2618058627210567   1055.8171339333328   1383.969777891307
0.2694808184095226   1002.889558693478   1333.0192339804453
0.27738076884870827   947.740862976737   1283.3166420206462
0.2855123098601282   892.8271113772629   1235.5303653268404
0.29388223062474755   841.0164380927147   1190.0469001651616
0.3024975193514008   794.026631483244   1146.7769020728688
0.31136536911138296   752.2021185079725   1105.767837736245
0.3204931838440838   713.9337844724521   1066.4857022056804
0.32988858453867975   676.9631700779577   1028.9281076007487
0.3395594155970457   640.1214238143741   992.6014510378806
0.34951375138319807   603.549626293534   957.8473206416853
0.3597599029647371   568.5272904584804   924.503929306244
0.37030642505191835   536.2088659962172   892.7618678090752
0.3811621231401457   506.5364721924242   862.4271917049264
0.3923360608618501   478.73091300154914   833.4282260428403
0.4038375675538918   451.9357892836251   805.6270882330956
0.41567624604680364   425.91222424058066   778.9335279916271
0.42786198068238046   401.0954757032481   753.3516670952056
0.4404049455663077   377.8953924322232   728.9210083997631
0.4533156130627191   356.23504931803103   705.5287143816785
0.4666047625377753   335.73485757903103   683.1105519510256
0.4802834893595659   316.1513515228341   661.6180571875934
0.49436321416184764   297.5202515239606   640.9833571998644
0.5088556923793517   279.992950782378   621.2238475769442
0.5237730240626238   263.51641132372356   602.2730740531249
0.5391276639805903   247.93774063396882   584.0812245533238
0.5549324320192869   233.16679862757408   566.599264855429
0.5712005238854289   219.21647881030256   549.80108431892
0.5879455221237613   206.08035236509784   533.6615132195714
0.6051814074573895   193.68928421024333   518.1360449616484
0.622922570460556   181.98518034861615   503.1856481880954
0.6411838235736077   170.94468980995097   488.7792208699518
0.6599804134701901   160.5443761852485   474.9046110961761
0.6793280337869897   150.74260241393804   461.50521071340535
0.6992428382266549   141.50497958657095   448.5669321464865
0.7197414540448374   132.80524254743457   436.0686238874964
0.7408409959326054   124.61473319972784   423.9818274727007
0.7625590803058332   116.90483068826393   412.27860867240076
0.7849138400134885   109.6491225574912   400.93485684144156
0.8079239394770964   102.82255983965334   389.92825479332015
0.8316085902740278   96.40135089930916   379.2380445044724
0.8559875671776167   90.36290712349727   368.8449285435882
0.8810812246675007   84.68579034024454   358.73097974563245
0.9069105139239728   79.34966195526263   348.87955833279375
0.9334970003205227   74.33523771715788   339.27514751256194
0.960862881429187   69.62427168246228   329.90253266077207
0.9890310055537336   65.19948438797726   320.74720813448783
1.0180248908061487   61.044496059456826   311.79582977550945
1.047868744742366   57.14378591710216   303.0361574912816
1.0785874845736239   53.482653093957204   294.4569966568849
1.1102067579703248   50.04717888428758   286.0481437505943
1.1427529644757777   46.82419031145117   277.80033570444056
1.1762532775476793   43.80121764549167   269.7054480045823
1.210735667245765   40.966443311340555   261.75709392462824
1.246228923584555   38.30869644848409   253.94977028851784
1.2827626805706884   35.81742777936557   246.2785826481405
1.3203674409449337   33.48267809428363   238.73921337673966
1.3590746016495152   31.295048111248292   231.32789077224575
1.3989164800420282   29.245669666919245   224.04135900086345
1.4399263408778291   27.326178204774855   216.87686332020087
1.4821384240834183   25.528687129791287   209.83309419523238
1.525587973344019   23.84576290448222   202.9106071153916
1.5703112655292182   22.270399995634577   196.11016225561676
1.6163456409812174   20.795998030492957   189.43255196041963
1.6637295346910133   19.416340131757934   182.87858894561325
1.7125025083885144   18.125572279495273   176.4490947449777
1.7627052835733923   16.918183660975554   170.14488842899434
1.814379775514258   15.788987767045327   163.9668871350324
1.8675691282445197   14.733102161496763   157.91749696210704
1.922317750584177   13.74593310733695   151.99994098818146
1.9786713532176083   12.823161706361983   146.2170248082344
2.0366769868582977   11.960728492431828   140.5711215461855
2.0963830815323896   11.154818765779549   135.06418699299255
2.1578394870138577   10.401848687816408   129.69777548382868
2.2210975144450407   9.698452102028705   124.47305639929392
2.286209979177315   9.041467491469435   119.39096963876662
2.3532312448676476   8.427924162235163   114.45277239846189
2.4222172688678643   7.855033639595318   109.65946667952909
2.4932256489445366   7.320179966382216   105.01157669923366
2.5663156713684585   6.820909517890137   100.50917995859082
2.641548360413907   6.354921381664161   96.15193831668775
2.7189865293089923   5.92005827391248   91.93912876438111
2.798694832679631   5.514297975004877   87.86967397179254
2.8807398205309562   5.135746907559855   83.94221279783275
2.9651899938111903   4.78263373092469   80.15516522203465
3.05211586160442   4.45329832513877   76.50667176288091
3.1415899999999994   4.146184706322748   72.99461035438283
