0.01   3130.4250005921444   3130.388427584826
0.010293154462191829   3174.4671423811596   3174.43035823712
0.010594902878253955   3217.8095917444134   3217.7725306106495
0.010905497183778876   3260.3639566347765   3260.326550890683
0.011225196699963396   3302.037987004214   3302.0001571910216
0.011554268350120923   3342.7324283838716   3342.694055746757
0.011892986882540897   3382.3453562246546   3382.3062767110086
0.012241635099881474   3420.7728553144257   3420.732858362793
0.012600504095286909   3457.90561873163   3457.864449947252
0.012969893495426888   3493.6307594289224   3493.5881219850735
0.013350111710660605   3527.834404492123   3527.7899587491697
0.013741476192534558   3560.3991232834082   3560.3525130762646
0.014144313698828986   3591.201580910432   3591.1524845419135
0.01455896056637426   3620.117853858292   3620.0659922233717
0.014985762991865008   3647.0237755779285   3646.968883032917
0.01542507732090645   3671.7909467408804   3671.732554830556
0.015877270345534218   3694.2902422220136   3694.2275845797094
0.016342719610456153   3714.394512954536   3714.326522752222
0.016821813728271667   3731.9756891332518   3731.901083778905
0.017314952703931925   3746.904128462622   3746.8215285674896
0.017822548268711737   3759.053884677802   3758.9618274455984
0.01834502422397195   3768.3031146761305   3768.2000333981873
0.018882816794999403   3774.532178283074   3774.416283782937
0.019436374995219892   3777.626886466366   3777.4961383673144
0.02000616100108813   3777.4803801410403   3777.3324936031995
0.020592650537967844   3773.994215104459   3773.82659069455
0.021196333277324068   3767.079216063593   3766.888874983929
0.02181771324555934   3756.656105717257   3756.4397077850203
0.022457309244835088   3742.6584972335572   3742.4124887122534
0.02311565528622961   3725.0385367773883   3724.7595736730755
0.023793301035594242   3703.761808976469   3703.446858689337
0.024490812272480036   3678.807625244187   3678.4539934846125
0.025208771362518027   3650.1836909416784   3649.7891481959427
0.0259477777436476   3617.9214968813476   3617.4843652883897
0.02670844842659881   3582.065577020584   3581.584735314222
0.027491418510046592   3542.6871064437005   3542.1623261263044
0.028297341710866907   3499.9007175247907   3499.3334055123605
0.029126890909937666   3453.8355250780332   3453.22875447366
0.029980758713939952   3404.6357963325017   3403.994230301864
0.030859658033628758   3352.5039945627705   3351.8339391456566
0.031764322679055976   3297.6719885105877   3296.9813390975974
0.03269550797224261   3240.373577182959   3239.6716707772216
0.033653991377811755   3180.876564280143   3180.174347112821
0.03464057315210884   3119.4996816255893   3118.810046258915
0.03565607701135116   3056.5567866384004   3055.8943808342055
0.036701350819364466   2992.3676665606404   2991.7484741905846
0.03777726729548091   2927.3393718819857   2926.7794824052726
0.038884724743189276   2861.890475350964   2861.4056101746305
0.04002464780014597   2796.410251998698   2796.0156986454494
0.041197988210172884   2731.246349494153   2730.9567668078944
0.04240572561788674   2666.7040371009834   2666.533267500068
0.04364886838662332   2603.0614950453123   2603.0225805626287
0.04492845444033957   2540.617013833478   2540.7209009548487
0.04624555213019635   2479.821057978609   2480.0714904091074
0.04760126112654554   2421.124481879073   2421.517436824116
0.04899671333706607   2364.913692116917   2365.4381185269654
0.05043307385181555   2311.3406097512807   2311.978165144093
0.05191154191598653   2260.4258072138978   2261.1509660013044
0.053433351931179485   2212.1712107545422   2212.95194627294
0.05499977448602865   2166.4472153854417   2167.246069869453
0.05661211741704101   2123.054941092208   2123.829744780901
0.05827172690053434   2081.779294661025   2082.4839633312217
0.05997998857658587   2042.273008674884   2042.8602253677484
0.06173832870592997   2004.1650721013189   2004.5872283940869
0.0635482153607709   1967.032717822121   1967.245466560256
0.06541115965050462   1930.369801083534   1930.3370486267224
0.06732871698337338   1893.6652338030187   1893.3615020130105
0.06930248836510605   1856.3040832192546   1855.72400156121
0.07133412173562886   1817.674140878932   1816.8353812278554
0.07342531334496233   1777.1337865010298   1776.0874083079443
0.07557780916945323   1734.0699322757177   1732.9046971773596
0.07779340636952398   1687.9963677273317   1686.8459787040338
0.08007395479015682   1638.561795019278   1637.6062216569474
0.08242135850536496   1585.6968303390306   1585.1531718245485
0.08483757740794096   1529.566988840803   1529.6794701374024
0.08732462884580919   1470.6822542379994   1471.7128157487316
0.08988458930634863   1409.7596629070913   1411.9728552411668
0.09251959615009227   1347.7534149458318   1351.38749181208
0.09523184939525078   1285.7252757600543   1290.9765024201176
0.09802361355455057   1224.814887622049   1231.8269761320053
0.10089721952591899   1166.1218614360232   1174.966942205895
0.10385506653859616   1110.739935945422   1121.3929110370382
0.10689962415629803   1059.6054392197211   1071.9485514480093
0.11003343433910281   1013.4940219307111   1027.3200895742211
0.11325911356578279   972.8043014525484   987.802721820056
0.11657935501835284   937.5920865902333   953.3609326905573
0.11999693083066039   907.3465910073313   923.4826246368629
0.12351469440289359   881.168068071876   897.3058861224006
0.12713558278394044   857.7475503553106   873.5921818131741
0.13086261912358757   835.5656308186052   850.9563542472521
0.13469891519660646   813.0666921470205   828.0241945759213
0.13864767400083483   788.8188335053427   803.5718926344152
0.14271219243142114   761.7418724447238   776.6985293165343
0.14689586403346616   731.2867195180321   746.9930673048997
0.1512021818353596   697.5559234699044   714.6335501389641
0.15563474126517718   661.3292122725977   680.3735545184022
0.16019724315257297   623.9358850992502   645.370111630716
0.1648934968186736   587.0541829067566   611.0523488152854
0.1697274232565544   552.4675393740799   578.8958272653543
0.17470305840495237   521.7327802114   550.1151328162707
0.17982455651794954   495.77977911115926   525.3611244452112
0.18509619363343993   474.6101392034427   504.539011808889
0.19052237114327647   457.3174401258464   486.8357856298698
0.19610761946807834   442.4031418961083   470.9727714430881
0.20185660183976684   428.1183915560979   455.59079192181156
0.20777411819498756   412.74374161773284   439.4323489386617
0.21386510918267082   395.0210221825197   421.5971219981729
0.22013466028907505   374.7055470234219   402.0128610638112
0.22658800608375756   352.7153346125954   381.52514234734235
0.23323053459001789   330.6603113301788   361.2714999415749
0.2400677917834628   310.2179170888994   342.4485472167473
0.24710548622244882   292.6577394610138   325.8049823639941
0.25434949381426813   278.39418640531153   311.62166381354353
0.2618058627210567   266.77983204434224   299.2253430670284
0.2694808184095226   256.4101817826548   287.76898466181484
0.27738076884870827   245.72307507529024   276.2553590373023
0.2855123098601282   233.6735996257399   264.0400250201877
0.29388223062474755   220.30368430447626   251.21926764851776
0.3024975193514008   206.61994691788976   238.56050138624883
0.31136536911138296   193.88579975247586   226.65834841957238
0.3204931838440838   183.00497078148504   216.03540968095746
0.32988858453867975   174.01137161836644   206.59755933130603
0.3395594155970457   166.05711958675818   197.86939845960478
0.34951375138319807   158.07453963523253   189.27812017453456
0.3597599029647371   149.46635797142778   180.54313519045144
0.37030642505191835   140.46537404371767   171.90576381948634
0.3811621231401457   131.8767015026362   163.67315087141967
0.3923360608618501   124.32816129969605   156.09934865132854
0.4038375675538918   117.80833574342515   149.1439539949322
0.41567624604680364   111.76524482909521   142.55559345993237
0.42786198068238046   105.63596389500638   136.10677232361164
0.4404049455663077   99.36876896227221   129.79990443955668
0.4533156130627191   93.36541182621875   123.79795526568232
0.4666047625377753   87.97028730725036   118.18805857232246
0.4802834893595659   83.11987842101834   112.922218947276
0.49436321416184764   78.47585874367574   107.89331275152932
0.5088556923793517   73.85844137583176   103.02829986830073
0.5237730240626238   69.4052394611268   98.38410141871444
0.5391276639805903   65.31131289266698   94.00687419376834
0.5549324320192869   61.5472261491387   89.86290467272872
0.5712005238854289   57.94640070388871   85.90803620358012
0.5879455221237613   54.45812377127152   82.12561225851945
0.6051814074573895   51.1726563812931   78.53234230755068
0.622922570460556   48.127346632791735   75.13179950340529
0.6411838235736077   45.252172167332546   71.89350380008672
0.6599804134701901   42.50339679551589   68.80539932894516
0.6793280337869897   39.91258887141389   65.8713661397558
0.6992428382266549   37.48913766675414   63.08579908716129
0.7197414540448374   35.205436253997114   60.43440634435158
0.7408409959326054   33.04796638195823   57.91183325718594
0.7625590803058332   31.011521802941047   55.511942553509
0.7849138400134885   29.09155245439613   53.22871421519982
0.8079239394770964   27.283391202145715   51.05641821315482
0.8316085902740278   25.582268139986425   48.98959129753345
0.8559875671776167   23.982738923852697   47.0228140132959
0.8810812246675007   22.478942009695476   45.15074941641691
0.9069105139239728   21.065324469388905   43.368360001811034
0.9334970003205227   19.7366519477838   41.6708983700393
0.960862881429187   18.487990112737258   40.05388943320913
0.9890310055537336   17.314687226932445   38.513113772629765
1.0180248908061487   16.212357777509137   37.04459205639994
1.047868744742366   15.176897238847522   35.644511737743265
1.0785874845736239   14.204522778808583   34.30909454817259
1.1102067579703248   13.291661747328451   33.034759898558754
1.1427529644757777   12.434921045677656   31.8181512434785
1.1762532775476793   11.631079961390496   30.656120642399436
1.210735667245765   10.877083136088926   29.545714478261274
1.246228923584555   10.170033677954088   28.48416024026044
1.2827626805706884   9.507185257631749   27.468843035174086
1.3203674409449337   8.885921758294467   26.497155840299605
1.3590746016495152   8.303759621759252   25.566554227065424
1.3989164800420282   7.758353937937493   24.67466388476393
1.4399263408778291   7.2474916587872364   23.819270628722634
1.4821384240834183   6.769084828196302   22.99830870995021
1.525587973344019   6.321164112957434   22.209850081099074
1.5703112655292182   5.9018726275761475   21.452094444165734
1.6163456409812174   5.509460855115713   20.723333237960198
1.6637295346910133   5.142281834304972   20.021908837148903
1.7125025083885144   4.798783738681561   19.34626916960925
1.7627052835733923   4.477504550615386   18.69496981248305
1.814379775514258   4.1770672997428155   18.066666390264363
1.8675691282445197   3.8961755208000057   17.46010758820839
1.922317750584177   3.6336089232387128   16.874128724333296
1.9786713532176083   3.3882190869258597   16.307637857316294
2.0366769868582977   3.158924186470991   15.759546428905653
2.0963830815323896   2.9447064344262   15.228808044635763
2.1578394870138577   2.7446094662132827   14.71445668049153
2.2210975144450407   2.557734863720392   14.215601657306799
2.286209979177315   2.383238850045057   13.731422594843687
2.3532312448676476   2.2203291575357706   13.261164751213139
2.4222172688678643   2.068262071821347   12.804135440370283
2.4932256489445366   1.9263405309681578   12.35976481236521
2.5663156713684585   1.7939118343519136   11.927641116753902
2.641548360413907   1.67036335241095   11.507389464849176
2.7189865293089923   1.5551200646608692   11.098657136211072
2.798694832679631   1.447642411313679   10.701112163034399
2.8807398205309562   1.347424254615307   10.31444198491667
2.9651899938111903   1.2539909453393279   9.938352169473283
3.05211586160442   1.1668967851940555   9.572544523459118
3.1415899999999994   1.085719812047571   9.216606765102293
