0.01   11766.011107756936   11759.050027920135
0.010293154462191829   11944.203485624328   11936.554906518293
0.010594902878253955   12120.120403345942   12111.718577163818
0.010905497183778876   12293.42460411833   12284.19798336003
0.011225196699963396   12463.761877756826   12453.632637235241
0.011554268350120923   12630.769692400207   12619.653640978717
0.011892986882540897   12794.071904209688   12781.878082739317
0.012241635099881474   12953.269790769918   12939.899552391978
0.012600504095286909   13107.955632040024   13093.302480581857
0.012969893495426888   13257.714558235972   13241.664048365186
0.013350111710660605   13402.110675167227   13384.539244948448
0.013741476192534558   13540.694406130877   13521.468724053628
0.014144313698828986   13673.013271580225   13651.990346966073
0.01455896056637426   13798.604535721423   13775.6311650232
0.014985762991865008   13916.987275670419   13891.89878274958
0.01542507732090645   14027.679931670653   14000.30030573569
0.015877270345534218   14130.20224470298   14100.344291298263
0.016342719610456153   14224.061371322794   14191.525054673155
0.016821813728271667   14308.763245068043   14273.335257749277
0.017314952703931925   14383.823491283902   14345.277975549643
0.017822548268711737   14448.76201598503   14406.859916924166
0.01834502422397195   14503.10042267233   14457.588014573415
0.018882816794999403   14546.376854922171   14496.986730064513
0.019436374995219892   14578.14960149102   14524.60196607006
0.02000616100108813   14597.996974148555   14540.000484062302
0.020592650537967844   14605.522665313698   14542.77596490481
0.021196333277324068   14600.360514136213   14532.554271825262
0.02181771324555934   14582.187423081981   14509.005659649665
0.022457309244835088   14550.72949537742   14471.850801720566
0.02311565528622961   14505.75224898867   14420.852356462397
0.023793301035594242   14447.072464702305   14355.828580720767
0.024490812272480036   14374.600084144009   14276.701108830015
0.025208771362518027   14288.304433728505   14183.455965780993
0.0259477777436476   14188.202600136025   14076.129816426139
0.02670844842659881   14074.425500666004   13954.879731885363
0.027491418510046592   13947.221023131015   13819.986180864833
0.028297341710866907   13806.882105516272   13671.776696484636
0.029126890909937666   13653.785621639052   13510.668179037206
0.029980758713939952   13488.513317054818   13337.298100685182
0.030859658033628758   13311.713489218397   13152.373402035808
0.031764322679055976   13124.063498990417   12956.629226170533
0.03269550797224261   12926.414288370766   12750.98100426595
0.033653991377811755   12719.755993316767   12536.487335716452
0.03464057315210884   12505.0717804492   12314.195385339299
0.03565607701135116   12283.442938162707   12085.24481896825
0.036701350819364466   12056.270816651017   11851.087734261693
0.03777726729548091   11824.960973122146   11613.173041842307
0.038884724743189276   11590.844785460715   11372.869399520894
0.04002464780014597   11355.153830865098   11131.452609430356
0.041197988210172884   11119.026384105735   10890.107197128933
0.04240572561788674   10883.524712753413   10649.933522073521
0.04364886838662332   10649.873293850886   10412.151025865793
0.04492845444033957   10419.77871062378   10178.370371495064
0.04624555213019635   10194.88939186565   9950.132821135829
0.04760126112654554   9976.675751792434   9728.802394956818
0.04899671333706607   9766.143715189475   9515.260833834427
0.05043307385181555   9564.014124087847   9310.098961861719
0.05191154191598653   9370.921444918058   9113.828707492536
0.053433351931179485   9186.895375110655   8926.38058813792
0.05499977448602865   9011.266335322247   8747.014067516538
0.05661211741704101   8843.354940978228   8574.987363479133
0.05827172690053434   8682.188909870745   8409.309018606611
0.05997998857658587   8526.420946269449   8248.66600248154
0.06173832870592997   8374.738236166255   8091.791074483529
0.0635482153607709   8225.57420681456   7937.240438849907
0.06541115965050462   8077.225428665747   7783.486043354188
0.06732871698337338   7927.958928271502   7629.024247460605
0.06930248836510605   7775.692071480759   7472.181430033503
0.07133412173562886   7618.384809272722   7311.358464772194
0.07342531334496233   7453.824072054459   7144.926332183241
0.07557780916945323   7279.814489039953   6971.335611927587
0.07779340636952398   7094.545055945565   6789.481957989213
0.08007395479015682   6896.638617486296   6598.7431926367935
0.08242135850536496   6685.625272025371   6399.201647427229
0.08483757740794096   6462.179794449702   6191.8265197886885
0.08732462884580919   6228.015252831716   5978.327451619286
0.08988458930634863   5986.018880257637   5761.25990250813
0.09251959615009227   5739.779935269546   5543.55125288525
0.09523184939525078   5493.382586802537   5328.351554132401
0.09802361355455057   5251.038852132652   5118.672759228243
0.10089721952591899   5016.811837282912   4917.249224816689
0.10385506653859616   4794.626785902865   4726.479422493952
0.10689962415629803   4587.838623738246   4548.285014231709
0.11003343433910281   4399.26574355669   4383.9281823011315
0.11325911356578279   4230.714011837117   4234.0208664848
0.11657935501835284   4082.3990091132755   4098.165917515296
0.11999693083066039   3952.848127178621   3974.799047994638
0.12351469440289359   3838.6371843075717   3861.0293187960997
0.12713558278394044   3734.8213103744756   3753.653860814286
0.13086261912358757   3635.658789174145   3649.3563157663602
0.13469891519660646   3535.250472000632   3544.7759877184258
0.13864767400083483   3428.45311021201   3437.517040479978
0.14271219243142114   3311.3995275266398   3326.2767372656913
0.14689586403346616   3182.2575864563346   3210.6034007572807
0.1512021818353596   3041.6197547702277   3091.3343768241302
0.15563474126517718   2892.418638128188   2970.526845776682
0.16019724315257297   2739.5041405197135   2850.961824673487
0.1648934968186736   2588.789029228322   2735.0974696554404
0.1697274232565544   2446.444430267963   2625.4804427567906
0.17470305840495237   2318.016228506854   2523.9865869046403
0.17982455651794954   2207.1689044507257   2431.241596888796
0.18509619363343993   2114.308852222272   2346.8166799803475
0.19052237114327647   2036.1277966947237   2269.0043838085435
0.19610761946807834   1966.8432605542957   2194.8809969615354
0.20185660183976684   1900.1219736554235   2122.5424310822527
0.20777411819498756   1830.249284009123   2050.276282414275
0.21386510918267082   1752.9489063607614   1978.0923037864009
0.22013466028907505   1666.9763357373147   1905.4259203660772
0.22658800608375756   1575.311599238668   1833.2764375963977
0.23323053459001789   1483.7946536165623   1763.7066993613416
0.2400677917834628   1398.2752274881293   1697.6450468505811
0.24710548622244882   1322.8729526794089   1635.8233276166175
0.25434949381426813   1259.0901268569028   1578.0180281287699
0.2618058627210567   1204.9736739212165   1523.18374860569
0.2694808184095226   1155.8181416798384   1470.7872854599348
0.27738076884870827   1106.4761474147062   1420.0669012373564
0.2855123098601282   1053.4362338436529   1370.2026847362868
0.29388223062474755   996.4969770661062   1321.5307426325924
0.3024975193514008   938.8543302201492   1274.515743253222
0.31136536911138296   884.6772852628833   1229.894195707587
0.3204931838440838   836.690815526117   1187.0185966289857
0.32988858453867975   795.1963369953426   1146.589266468163
0.3395594155970457   757.7318840289166   1107.9446663904453
0.34951375138319807   720.9122119306659   1070.7138762362663
0.3597599029647371   682.8959851601535   1034.4102621515408
0.37030642505191835   644.1810925849022   999.7599628392444
0.3811621231401457   607.0291431534826   966.4253609296911
0.3923360608618501   573.36921273294   934.5006246368436
0.4038375675538918   543.1908423870863   904.1011167831628
0.41567624604680364   515.0170148737039   874.9885046193498
0.42786198068238046   487.27011430657126   846.8629132797007
0.4404049455663077   459.66386622461886   819.8068335501135
0.4533156130627191   433.1946576466619   793.8543731809428
0.4666047625377753   408.77965103174216   769.0280264963907
0.4802834893595659   386.2931342248117   745.2361329477391
0.49436321416184764   364.90820720527057   722.3863878498629
0.5088556923793517   344.1216301848882   700.3594059696499
0.5237730240626238   324.1773437012542   679.1326084673478
0.5391276639805903   305.5278504566051   658.8033857245536
0.5549324320192869   288.115971849937   639.2717361350569
0.5712005238854289   271.5691421960805   620.4542820060755
0.5879455221237613   255.72567829318479   602.3079851801258
0.6051814074573895   240.73662688852468   584.8276548918241
0.622922570460556   226.67295103485165   568.0108728396858
0.6411838235736077   213.3875155048804   551.7755950922956
0.6599804134701901   200.7673256201051   536.0926844222195
0.6793280337869897   188.83905456967005   520.9450998043596
0.6992428382266549   177.61016338219162   506.31801812283317
0.7197414540448374   167.00568468611726   492.14368180747766
0.7408409959326054   156.9917928095915   478.41061373348526
0.7625590803058332   147.54096228520606   465.1045169528711
0.7849138400134885   138.6248571331031   452.198014456602
0.8079239394770964   130.21628447150388   439.6656336464455
0.8316085902740278   122.28917782577358   427.4837379110265
0.8559875671776167   114.81857162735142   415.63041159867896
0.8810812246675007   107.78057123990199   404.0853534677629
0.9069105139239728   101.15215989418202   392.8297106230908
0.9334970003205227   94.91113913039308   381.84596380755073
0.960862881429187   89.03637523966754   371.1179536276607
0.9890310055537336   83.50777856200855   360.6308137688605
1.0180248908061487   78.3062595866725   350.3709003829396
1.047868744742366   73.41368636147486   340.3257265912178
1.0785874845736239   68.81284321119514   330.48390151177637
1.1102067579703248   64.48739480180464   320.8351586299702
1.1427529644757777   60.42187013046814   311.3708136300095
1.1762532775476793   56.6016021023723   302.0832969808901
1.210735667245765   53.01267818627679   292.96581756024625
1.246228923584555   49.641907007711495   284.0123205734249
1.2827626805706884   46.47678607423534   275.2174483426636
1.3203674409449337   43.50547056591771   266.5765024248942
1.3590746016495152   40.71674311568372   258.0854168215557
1.3989164800420282   38.09997801956407   249.74171856973715
1.4399263408778291   35.645109892190035   241.54516730550225
1.4821384240834183   33.342620010077454   233.49586135448624
1.525587973344019   31.183511088836905   225.5940030045201
1.5703112655292182   29.159281574025666   217.83988251712282
1.6163456409812174   27.261900990103758   210.23386241125976
1.6637295346910133   25.483786319370644   202.77636204394264
1.7125025083885144   23.817779052946687   195.46806453473238
1.7627052835733923   22.2571210746316   188.31165222081862
1.814379775514258   20.79543611187662   181.31054641131342
1.8675691282445197   19.426711661009094   174.4677070481884
1.922317750584177   18.14527992149228   167.78563492479358
1.9786713532176083   16.945799589501824   161.26638679762172
2.0366769868582977   15.82323849787417   154.91159127144266
2.0963830815323896   14.772857061900819   148.72246694192856
2.1578394870138577   13.790190374757477   142.7002037207483
2.2210975144450407   12.871031322959295   136.84635842129256
2.286209979177315   12.011421458905968   131.16204669077973
2.3532312448676476   11.207637898752607   125.64784990394651
2.4222172688678643   10.456180138154112   120.30384910024681
2.4932256489445366   9.753757545033059   115.12965883151901
2.5663156713684585   9.09727749897299   110.12446072860993
2.641548360413907   8.483834662850738   105.28705864827388
2.7189865293089923   7.910705537726961   100.61614235951222
2.798694832679631   7.375334597956707   96.11018068912364
2.8807398205309562   6.8753204315175065   91.76726583356937
2.9651899938111903   6.408407023402312   87.58514696718436
3.05211586160442   5.972475553810191   83.56126598469994
3.1415899999999994   5.565536610959079   79.69279181923453
