0.01   341.4097073715528   341.4019510111898
0.010293154462191829   345.8287750693338   345.820915382212
0.010594902878253955   350.1500505493813   350.14206305981224
0.010905497183778876   354.3633997579623   354.3552754169389
0.011225196699963396   358.4585346387733   358.450279722186
0.011554268350120923   362.4250873402222   362.4167153495488
0.011892986882540897   366.25261876539895   366.24414574140957
0.012241635099881474   369.93061765409743   369.9220621315109
0.012600504095286909   373.44815169199234   373.43953036964166
0.012969893495426888   376.7935662202093   376.78488580755015
0.013350111710660605   379.9551308756226   379.94638684035294
0.013741476192534558   382.9210822734567   382.91226035714044
0.014144313698828986   385.6792325813106   385.6703214371791
0.01455896056637426   388.2173025608972   388.20829928761503
0.014985762991865008   390.523177163119   390.5140875078767
0.01542507732090645   392.58467891905934   392.5755143670512
0.015877270345534218   394.389512899065   394.38028648147707
0.016342719610456153   395.9256957563676   395.9164217277301
0.016821813728271667   397.18152794534166   397.17222020967847
0.017314952703931925   398.14517721708677   398.13584169590087
0.017822548268711737   398.8051683936507   398.7958006084209
0.01834502422397195   399.15063713210293   399.14122245793874
0.018882816794999403   399.1712191525835   399.1617402408191
0.019436374995219892   398.8571220142783   398.84756653966184
0.02000616100108813   398.1993999931001   398.18976108877445
0.020592650537967844   397.1901022233222   397.18037664608073
0.021196333277324068   395.8224998431041   395.8126813582431
0.02181771324555934   394.0909927651463   394.0810707884423
0.022457309244835088   391.9911745446215   391.9811344355059
0.02311565528622961   389.5205217469868   389.51034688839053
0.023793301035594242   386.6782838691478   386.66795732167543
0.024490812272480036   383.46500469951343   383.45450942225204
0.025208771362518027   379.8833368108052   379.8726589929524
0.0259477777436476   375.93928867365355   375.9284258927781
0.02670844842659881   371.64041697122934   371.6293791309599
0.027491418510046592   366.99578703613946   366.9845956959043
0.028297341710866907   362.0188556063527   362.00754176979433
0.029126890909937666   356.7258915185862   356.7144940702108
0.029980758713939952   351.1339444027416   351.1225094659122
0.030859658033628758   345.2633227566013   345.25190588006507
0.031764322679055976   339.13966019807634   339.1283308789672
0.03269550797224261   332.789028829068   332.7778696843069
0.033653991377811755   326.2381811978516   326.2272857203828
0.03464057315210884   319.52031577386356   319.50978190074187
0.03565607701135116   312.6704044977922   312.6603313906303
0.036701350819364466   305.721884055894   305.71237130167447
0.03777726729548091   298.7105500603712   298.7017002194826
0.038884724743189276   291.6757870547747   291.66770940285835
0.04002464780014597   284.6545678395676   284.647377448292
0.041197988210172884   277.68245794444033   277.6762682358672
0.04240572561788674   270.7996729597171   270.7945634478246
0.04364886838662332   264.0451144400709   264.04112373100907
0.04492845444033957   257.45362967952804   257.45075928876906
0.04624555213019635   251.05112001683196   251.049329890688
0.04760126112654554   244.8549448849599   244.85414883223052
0.04899671333706607   238.8800954665574   238.88016566904722
0.05043307385181555   233.14241251186309   233.14316781693506
0.05191154191598653   227.66586281520682   227.66701430233712
0.053433351931179485   222.4741037915769   222.47525117855835
0.05499977448602865   217.58332979222845   217.58397733552877
0.05661211741704101   212.96109367464186   212.96071581480996
0.05827172690053434   208.55169842146577   208.54977381037708
0.05997998857658587   204.30406104542487   204.3000737760769
0.06173832870592997   200.17680251502676   200.1702491938106
0.0635482153607709   196.13493994981062   196.12533431851162
0.06541115965050462   192.1428238757565   192.12970769990142
0.06732871698337338   188.15181297093633   188.13480156383005
0.06930248836510605   184.11250590526902   184.0913032526465
0.07133412173562886   179.97102914668818   179.94550332112556
0.07342531334496233   175.66680709327096   175.6370872428223
0.07557780916945323   171.14513519037766   171.1116281233084
0.07779340636952398   166.35744274639396   166.32091053332877
0.08007395479015682   161.26620589698362   161.2277555260909
0.08242135850536496   155.86463180503733   155.82569643200628
0.08483757740794096   150.16643770239432   150.12871558402088
0.08732462884580919   144.2238636932325   144.1891192814527
0.08988458930634863   138.11218143440234   138.08210455889707
0.09251959615009227   131.9265790164878   131.9026834304127
0.09523184939525078   125.76869066707349   125.75222888859737
0.09802361355455057   119.74186561630724   119.73359176557398
0.10089721952591899   113.94271171938293   113.94280385911267
0.10385506653859616   108.46324647087505   108.47123744688916
0.10689962415629803   103.3844516371635   103.39911789496259
0.11003343433910281   98.77678006457437   98.79599642700072
0.11325911356578279   94.68022099767333   94.7011583475951
0.11657935501835284   91.10126959515237   91.12057658983431
0.11999693083066039   87.9984840322774   88.01255420580083
0.12351469440289359   85.28348754514512   85.28876002494329
0.12713558278394044   82.83166527220905   82.8254347008263
0.13086261912358757   80.50051955912447   80.4814240165724
0.13469891519660646   78.14812244888856   78.11620655109188
0.13864767400083483   75.65175271342673   75.60874511486581
0.14271219243142114   72.92044763505886   72.87000715035055
0.14689586403346616   69.91415555573668   69.86107794490826
0.1512021818353596   66.64735007615269   66.5968940730986
0.15563474126517718   63.19095388534032   63.14823511280081
0.16019724315257297   59.65689741164373   59.625997583102084
0.1648934968186736   56.17791375450898   56.16118231381497
0.1697274232565544   52.89358393146628   52.89085758562868
0.17470305840495237   49.934896927247124   49.94285555739527
0.17982455651794954   47.390316225646465   47.403511604424644
0.18509619363343993   45.26683790820957   45.27801433112996
0.19052237114327647   43.485277925772984   43.48780095718887
0.19610761946807834   41.91432721053866   41.90413129252497
0.20185660183976684   40.41594891378176   40.391694334159105
0.20777411819498756   38.86532203768977   38.82932469180677
0.21386510918267082   37.162488580357824   37.120669988612505
0.22013466028907505   35.27377637975409   35.23386726130161
0.22658800608375756   33.26375364321184   33.23276170007171
0.23323053459001789   31.258570286365195   31.240358412110247
0.2400677917834628   29.379645713689108   29.373544499007895
0.24710548622244882   27.715235741625143   27.716732750050962
0.25434949381426813   26.300187497912784   26.302717904234804
0.2618058627210567   25.09674654597694   25.093136446702253
0.2694808184095226   24.010803775769002   23.997854427149004
0.27738076884870827   22.937975560686304   22.91688361010242
0.2855123098601282   21.80179674013446   21.778205399649035
0.29388223062474755   20.59235848775424   20.572825867045804
0.3024975193514008   19.372318448018618   19.361709397558695
0.31136536911138296   18.220111402982397   18.21813442911815
0.3204931838440838   17.189102771394836   17.191840404954966
0.32988858453867975   16.290478892401115   16.292531145640844
0.3395594155970457   15.479937187293281   15.478038799113289
0.34951375138319807   14.69423471244051   14.689133852489755
0.3597599029647371   13.897107594537719   13.892565562332944
0.37030642505191835   13.092423417438484   13.092873928960817
0.3811621231401457   12.318958072061735   12.325310637339348
0.3923360608618501   11.61178090070599   11.62166632668724
0.4038375675538918   10.972399171308634   10.982839201254341
0.41567624604680364   10.37761809168093   10.387289490398825
0.42786198068238046   9.79993523319756   9.810117079295654
0.4404049455663077   9.231807369311383   9.244834793160328
0.4533156130627191   8.687670540665257   8.70443046810472
0.4666047625377753   8.182214922634401   8.20146958171615
0.4802834893595659   7.714627304444942   7.734837566296509
0.49436321416184764   7.272478132420443   7.293498765532416
0.5088556923793517   6.847258070203704   6.869982069456528
0.5237730240626238   6.440870003377372   6.465923937901905
0.5391276639805903   6.0596636163699245   6.0865648513523105
0.5549324320192869   5.7029987030036375   5.731029079558572
0.5712005238854289   5.36571435785923   5.39484153399512
0.5879455221237613   5.044799584615532   5.07540966209757
0.6051814074573895   4.741545914989901   4.773618918626849
0.622922570460556   4.45667651693435   4.4898898357203425
0.6411838235736077   4.188189170631273   4.222392624363481
0.6599804134701901   3.9342524641468777   3.9695301896659276
0.6793280337869897   3.6946490638788405   3.7310050442968383
0.6992428382266549   3.4690711089871002   3.506351121992138
0.7197414540448374   3.2569370174979406   3.295011839903629
0.7408409959326054   3.0565310845210396   3.0954505040066724
0.7625590803058332   2.8677232267130393   2.9074341474427996
0.7849138400134885   2.6901123091912384   2.730526336202037
0.8079239394770964   2.5230479382890243   2.5640878397837703
0.8316085902740278   2.3659177675176437   2.407515277452732
0.8559875671776167   2.218145254133452   2.260239209765262
0.8810812246675007   2.0791874838291915   2.1217222688753923
0.9069105139239728   1.9485331353737902   1.9914573901592725
0.9334970003205227   1.8257006412739556   1.8689661916642455
0.960862881429187   1.7102429117530582   1.753802552855069
0.9890310055537336   1.6017489863855148   1.6455538053730154
1.0180248908061487   1.4998293893401353   1.5438289892159711
1.047868744742366   1.4041138364692407   1.4482568447086024
1.0785874845736239   1.314250502800525   1.3584850391371073
1.1102067579703248   1.2299053001990432   1.2741794037514471
1.1427529644757777   1.150761166778672   1.195023183110653
1.1762532775476793   1.0765172283043807   1.1207162113486648
1.210735667245765   1.0068862933571971   1.0509730623155074
1.246228923584555   0.941595246922017   0.9855229873176841
1.2827626805706884   0.8803861053577753   0.9241102811657883
1.3203674409449337   0.8230152915542295   0.8664935629409575
1.3590746016495152   0.7692528977464742   0.8124450572924447
1.3989164800420282   0.7188819812766651   0.761749904439293
1.4399263408778291   0.6716978921662167   0.7142054983825915
1.4821384240834183   0.6275076850510999   0.6696209822061235
1.525587973344019   0.586129685726995   0.6278170759719783
1.5703112655292182   0.5473926686948873   0.5886249270646965
1.6163456409812174   0.5111352239881768   0.5518853684995947
1.6637295346910133   0.477205241191505   0.5174484200139731
1.7125025083885144   0.44545941710086145   0.4851728096301701
1.7627052835733923   0.4157627861819882   0.4549255152930695
1.814379775514258   0.3879882723925918   0.42658132876745425
1.8675691282445197   0.36201620316247857   0.40002268418758963
1.922317750584177   0.33773387516681497   0.3751393819941153
1.9786713532176083   0.3150352877139613   0.35182771425360604
2.0366769868582977   0.29382078183274996   0.3299900701323541
2.0963830815323896   0.2739966843481342   0.30953461301381
2.1578394870138577   0.25547497018238635   0.29037497118377453
2.2210975144450407   0.23817294207696094   0.272429941862888
2.286209979177315   0.22201292396498054   0.2556232080995238
2.3532312448676476   0.20692193534378692   0.2398830657539018
2.4222172688678643   0.19283144170485386   0.22514216759393132
2.4932256489445366   0.17967713173527106   0.21133728057603005
2.5663156713684585   0.16739867078650783   0.19840905207632575
2.641548360413907   0.15593946693854427   0.1863017875113037
2.7189865293089923   0.14524644993624364   0.17496323904125094
2.798694832679631   0.13526986235452293   0.16434440497065783
2.8807398205309562   0.12596308136291592   0.15439930106093294
2.9651899938111903   0.11728249439005946   0.1450846521293965
3.05211586160442   0.1091872387748838   0.136359887484633
3.1415899999999994   0.10163900964221394   0.1281870334497302
