0.01   15982.98933901207   15981.858425198941
0.010293154462191829   16082.56236402349   16081.380942377338
0.010594902878253955   16172.908881714824   16171.672460760667
0.010905497183778876   16253.550422918659   16252.254241202752
0.011225196699963396   16323.999529181192   16322.63882032656
0.011554268350120923   16383.744580871959   16382.315063018648
0.011892986882540897   16432.284971641962   16430.782929633235
0.012241635099881474   16469.133195282553   16467.55529986311
0.012600504095286909   16493.787049861814   16492.128843334707
0.012969893495426888   16505.752440991182   16504.007674003173
0.013350111710660605   16504.561988076093   16502.722658918166
0.013741476192534558   16489.748005072273   16487.804992938745
0.014144313698828986   16460.830380089596   16458.774390593022
0.01455896056637426   16417.364033863192   16415.18574060626
0.014985762991865008   16358.939032189737   16356.62881829598
0.01542507732090645   16285.147274414763   16282.693429265359
0.015877270345534218   16195.617091295459   16193.005279442368
0.016342719610456153   16090.033290057707   16087.246712612316
0.016821813728271667   15968.113847675697   15965.132886116457
0.017314952703931925   15829.608780730869   15826.41057086249
0.017822548268711737   15674.338312785281   15670.897036269716
0.01834502422397195   15502.19367185741   15498.480938140523
0.018882816794999403   15313.121926729586   15309.107204685866
0.019436374995219892   15107.148490149193   15102.799577008329
0.02000616100108813   14884.387865946914   14879.671418731472
0.020592650537967844   14645.055569798722   14639.9382514029
0.021196333277324068   14389.469064176383   14383.918662330463
0.02181771324555934   14118.038604033085   14112.02454174281
0.022457309244835088   13831.288572984791   13824.783953440461
0.02311565528622961   13529.908945679766   13522.89633312285
0.023793301035594242   13214.686811203901   13207.159194526783
0.024490812272480036   12886.493246647566   12878.45391313647
0.025208771362518027   12546.406520598106   12537.873361426611
0.0259477777436476   12195.663172934677   12186.671307063738
0.02670844842659881   11835.53241918526   11826.132470088329
0.027491418510046592   11467.410312328146   11457.66996073114
0.028297341710866907   11092.981768829022   11082.992845452982
0.029126890909937666   10713.93125996959   10703.807399408637
0.029980758713939952   10331.909949013874   10321.782649000732
0.030859658033628758   9948.871091975181   9938.888951812793
0.031764322679055976   9566.86661345472   9557.192901924425
0.03269550797224261   9187.765363737844   9178.573335302992
0.033653991377811755   8813.476290958366   8804.944745368424
0.03464057315210884   8446.181079764698   8438.490346578244
0.03565607701135116   8087.820641155277   8081.149464131092
0.036701350819364466   7740.092118796644   7734.613331824438
0.03777726729548091   7404.921861007218   7400.784245469179
0.038884724743189276   7084.143096829552   7081.46531546703
0.04002464780014597   6779.218555135589   6778.093428874321
0.041197988210172884   6491.352757370158   6491.834700872903
0.04240572561788674   6221.579478471666   6223.661965088139
0.04364886838662332   5970.6759684460285   5974.3003128970495
0.04492845444033957   5739.219868205823   5744.277401232012
0.04624555213019635   5527.757391868263   5534.041331217604
0.04760126112654554   5336.750457224122   5343.947745662784
0.04899671333706607   5166.497199422445   5174.2043062077255
0.05043307385181555   5015.884537589894   5023.63527002141
0.05191154191598653   4882.663576222504   4889.9490250557255
0.053433351931179485   4764.80073585829   4771.069308981552
0.05499977448602865   4660.372674607621   4665.0336890129565
0.05661211741704101   4567.540790712027   4569.967583570306
0.05827172690053434   4484.528157041842   4484.0632842431505
0.05997998857658587   4408.700450758592   4404.715783701268
0.06173832870592997   4337.0746466543505   4329.004622790179
0.0635482153607709   4266.419217557971   4253.818953815986
0.06541115965050462   4192.6563752119955   4175.338457734482
0.06732871698337338   4111.809312401621   4089.881252923578
0.06930248836510605   4019.992497085332   3993.9741884835835
0.07133412173562886   3913.696827321152   3884.554444498828
0.07342531334496233   3790.6328994537907   3759.7446298513532
0.07557780916945323   3649.720561288123   3618.813329748514
0.07779340636952398   3491.4948537565656   3462.5798924908095
0.08007395479015682   3318.065948803545   3293.351709278986
0.08242135850536496   3132.36511323463   3114.1076066895125
0.08483757740794096   2937.986666307489   2928.3387433790554
0.08732462884580919   2739.5643294258048   2740.3660442416763
0.08988458930634863   2542.2061003882814   2554.841315290475
0.09251959615009227   2351.4553499772037   2376.6738812276235
0.09523184939525078   2172.668463891853   2210.4717934411333
0.09802361355455057   2011.2323655405587   2060.6713530704583
0.10089721952591899   1871.014744082163   1930.33101272468
0.10385506653859616   1754.5136065948889   1821.0452851986224
0.10689962415629803   1662.3531198009964   1732.8889771081808
0.11003343433910281   1593.1037868631597   1664.1856253549997
0.11325911356578279   1543.8296661682095   1611.9843024675376
0.11657935501835284   1510.2776576399547   1572.2508276965427
0.11999693083066039   1486.9644739445876   1540.3473234394535
0.12351469440289359   1467.7282189381267   1511.2584627323922
0.12713558278394044   1445.8912076620559   1479.6078470793593
0.13086261912358757   1415.403629733589   1441.0441906927842
0.13469891519660646   1371.5511521808096   1392.5820368043574
0.13864767400083483   1311.8437746200257   1332.8989593577487
0.14271219243142114   1236.3860036591384   1262.5814575426496
0.14689586403346616   1148.262052565162   1184.3681833665157
0.1512021818353596   1053.5122211798202   1103.0038729510986
0.15563474126517718   960.3107873949901   1024.395185951134
0.16019724315257297   876.4917702103502   953.8077121917273
0.1648934968186736   807.272266360353   894.1053332795974
0.1697274232565544   754.7226930726173   846.1674995811312
0.17470305840495237   718.4663821072838   809.2658240998134
0.17982455651794954   696.0358963563048   780.9664299892249
0.18509619363343993   682.3194929682116   757.9120138049607
0.19052237114327647   670.161368168926   735.5167954432832
0.19610761946807834   652.6956443592361   710.0166669902719
0.20185660183976684   625.8237514841162   679.9548199339832
0.20777411819498756   588.8063778698912   645.1268770000623
0.21386510918267082   544.2301734821866   607.3800548005746
0.22013466028907505   497.6284660066138   569.9265641714252
0.22658800608375756   455.28184556680856   535.7852936526812
0.23323053459001789   421.5846936515492   506.7040076483783
0.2400677917834628   398.0141942095715   483.03319907241416
0.24710548622244882   382.74475743831727   462.9721467276508
0.25434949381426813   371.1484067637317   444.8092673736993
0.2618058627210567   358.23955606932486   426.5712936630313
0.2694808184095226   340.84516044946855   407.00641834526175
0.27738076884870827   318.46858655560794   386.5961067246018
0.2855123098601282   293.77744363220916   365.9577572049238
0.29388223062474755   270.9241695653077   346.99049113824424
0.3024975193514008   252.6915817798868   329.98085354053075
0.31136536911138296   239.43201586636755   314.9266990372793
0.3204931838440838   229.11067079714545   301.22311626612566
0.32988858453867975   218.6271635312319   287.8574189024046
0.3395594155970457   206.1578645858379   274.42338821173576
0.34951375138319807   192.06527910707166   261.29749080002085
0.3597599029647371   178.24236699017698   248.798095477551
0.37030642505191835   166.5391332702546   237.18765415748138
0.3811621231401457   157.22422448191443   226.52768077881626
0.3923360608618501   149.04830493040694   216.49043278018652
0.4038375675538918   140.61373687644138   206.81210289349653
0.41567624604680364   131.55324889154153   197.4255568199365
0.42786198068238046   122.67244541796504   188.5073106880013
0.4404049455663077   114.8345292163014   180.15132976053602
0.4533156130627191   108.10665912202431   172.28039744427835
0.4666047625377753   101.79840170491735   164.80319335819678
0.4802834893595659   95.4450650960076   157.66668095195809
0.49436321416184764   89.21067421562256   150.8326081455387
0.5088556923793517   83.51212470198502   144.3947002004314
0.5237730240626238   78.39197500603166   138.32233068702774
0.5391276639805903   73.55875102443828   132.5348351815554
0.5549324320192869   68.86016220391008   127.02677935112283
0.5712005238854289   64.41834393508171   121.78355039664388
0.5879455221237613   60.339934971915355   116.8253251581338
0.6051814074573895   56.53171347192618   112.1152116255368
0.622922570460556   52.910930015643665   107.62173773291028
0.6411838235736077   49.4931378813604   103.35348459673952
0.6599804134701901   46.31811793265097   99.30342388189192
0.6793280337869897   43.34352446730885   95.45157722447732
0.6992428382266549   40.54708204610627   91.78428671416904
0.7197414540448374   37.9201020097053   88.29177804892919
0.7408409959326054   35.454139439600155   84.96485343373438
0.7625590803058332   33.140954487696064   81.79484108483783
0.7849138400134885   30.97253416875531   78.77356322434159
0.8079239394770964   28.941110123164957   75.89330612901252
0.8316085902740278   27.039149063812896   73.14676433408886
0.8559875671776167   25.258949425333995   70.5265078157721
0.8810812246675007   23.592825015305337   68.02509072175513
0.9069105139239728   22.033562107666985   65.63555020409392
0.9334970003205227   20.574405257271774   63.35138917176119
0.960862881429187   19.209027509676403   61.16654189172544
0.9890310055537336   17.931502619522075   59.07534239808894
1.0180248908061487   16.736279619287995   57.07249427070823
1.047868744742366   15.61820482057755   55.15292583369495
1.0785874845736239   14.572521100710867   53.31168634642188
1.1102067579703248   13.59475419555804   51.544142271607726
1.1427529644757777   12.680687907948153   49.84597776393979
1.1762532775476793   11.826350764746751   48.21317140552405
1.210735667245765   11.028003237799718   46.64197488604695
1.246228923584555   10.282125515321848   45.12889344957548
1.2827626805706884   9.585401164523711   43.6706256204083
1.3203674409449337   8.934694684588937   42.26393193039437
1.3590746016495152   8.327058519346723   40.90576371637881
1.3989164800420282   7.759726982043578   39.59329101244922
1.4399263408778291   7.230105545090849   38.32388733820527
1.4821384240834183   6.735760723594082   37.09511574713602
1.525587973344019   6.27441052236065   35.904716013728546
1.5703112655292182   5.843915630493065   34.75059235466599
1.6163456409812174   5.4422724284795505   33.630798812153145
1.6637295346910133   5.0676035677887326   32.543531895774855
1.7125025083885144   4.718149366484767   31.487123765462826
1.7627052835733923   4.3922607760725825   30.460033618640228
1.814379775514258   4.08839275089707   29.460839675962145
1.8675691282445197   3.8050979901149575   28.488231725964823
1.922317750584177   3.5410210225584433   27.541006803078805
1.9786713532176083   3.29489239613511   26.618125388321776
2.0366769868582977   3.06552349918149   25.718698361513237
2.0963830815323896   2.8518019092414337   24.841908201700637
2.1578394870138577   2.652686719827172   23.987001074539062
2.2210975144450407   2.4672041252911323   23.153282771198764
2.286209979177315   2.2944432642352335   22.340114842957288
2.3532312448676476   2.133552305693424   21.54691118746828
2.4222172688678643   1.9837344857591703   20.77318211999113
2.4932256489445366   1.844244439421311   20.018575604889726
2.5663156713684585   1.71438559161523   19.28277279821968
2.641548360413907   1.593507143953563   18.56547195296662
2.7189865293089923   1.4810011590797256   17.866386817803356
2.798694832679631   1.3762998237401736   17.185245099765332
2.8807398205309562   1.2788728801373852   16.521786989711867
2.9651899938111903   1.1882254024107168   15.875801918971172
3.05211586160442   1.1038961043010491   15.247253858134322
3.1415899999999994   1.0254544078670795   14.636129912937761
