0.01   689.2789793125195   689.2723746791385
0.010293154462191829   695.4989236462001   695.4921616792994
0.010594902878253955   701.3518984999833   701.3450160147033
0.010905497183778876   706.8130262540016   706.8060898111777
0.011225196699963396   711.8561607203306   711.8492138163846
0.011554268350120923   716.4552017934686   716.4482561553248
0.011892986882540897   720.584294807663   720.5773321628676
0.012241635099881474   724.2167473014317   724.2097452228933
0.012600504095286909   727.3257307364927   727.3186777556141
0.012969893495426888   729.885180414251   729.8780764268142
0.013350111710660605   731.8689810611525   731.8618329818562
0.013741476192534558   733.2501945815709   733.2430076237579
0.014144313698828986   734.002946794289   733.9957234399366
0.01455896056637426   734.1026451901067   734.0953854532474
0.014985762991865008   733.5248248872346   733.5175284218908
0.01542507732090645   732.246206938595   732.2388740311939
0.015877270345534218   730.2456334677224   730.2382649338147
0.016342719610456153   727.5036871576604   727.4962761315393
0.016821813728271667   724.0025668292255   723.9950859888369
0.017314952703931925   719.7272133256305   719.7196143215986
0.017822548268711737   714.6655888710869   714.6578062473058
0.01834502422397195   708.8087570622963   708.8007278241456
0.018882816794999403   702.151172007   702.1428430060984
0.019436374995219892   694.6909423603818   694.682270334101
0.02000616100108813   686.431261449236   686.4222071194181
0.020592650537967844   677.3808333523397   677.3713540537194
0.021196333277324068   667.5522826606879   667.542332571074
0.02181771324555934   656.9632187460676   656.9527543320039
0.022457309244835088   645.6404621491893   645.6294646590648
0.02311565528622961   633.6157570948328   633.604237925824
0.023793301035594242   620.9241696018573   620.9121683221248
0.024490812272480036   607.6105565584603   607.5981368036851
0.025208771362518027   593.7290402736015   593.716285432444
0.0259477777436476   579.335115367316   579.3221261375883
0.02670844842659881   564.4893025143554   564.4762020413341
0.027491418510046592   549.2684357081108   549.2553948003788
0.028297341710866907   533.7508077451491   533.7380448517922
0.029126890909937666   518.0122427932461   518.0000153919549
0.029980758713939952   502.1394982227069   502.12807767876916
0.030859658033628758   486.2259387059986   486.2155902567998
0.031764322679055976   470.35755781846154   470.34853758193407
0.03269550797224261   454.6225994548459   454.61517354724987
0.033653991377811755   439.1305164528999   439.12501996237637
0.03464057315210884   423.98311562500305   423.9799526600175
0.03565607701135116   409.26821981717956   409.2678322083677
0.036701350819364466   395.0551493934942   395.057751667692
0.03777726729548091   381.39828095970523   381.40370986954616
0.038884724743189276   368.3426926875276   368.35045601020306
0.04002464780014597   355.94760558702217   355.95705765749295
0.041197988210172884   344.3162154601934   344.3268918742364
0.04240572561788674   333.54424372587783   333.5558882229094
0.04364886838662332   323.69766726746883   323.71018496201617
0.04492845444033957   314.73838155005956   314.75168100687665
0.04624555213019635   306.5971707066846   306.61111191080397
0.04760126112654554   299.210500072596   299.22483471160615
0.04899671333706607   292.5119463632949   292.5259323213129
0.05043307385181555   286.4381199173372   286.4504102751861
0.05191154191598653   280.9181954347219   280.9269512546157
0.053433351931179485   275.8457199658743   275.84886049016666
0.05499977448602865   271.11281865811435   271.10809396816745
0.05661211741704101   266.5874236114293   266.57281382090866
0.05827172690053434   262.11607587680686   262.09015678722005
0.05997998857658587   257.5387431378575   257.50080343759697
0.06173832870592997   252.66515918059014   252.6154996062401
0.0635482153607709   247.31375071609637   247.25365167271477
0.06541115965050462   241.3206836716169   241.25207960634404
0.06732871698337338   234.54999598508468   234.47530260392045
0.06930248836510605   226.92875203003058   226.8505953612523
0.07133412173562886   218.43609728566187   218.3572227361266
0.07342531334496233   209.13960361592717   209.0632613081845
0.07557780916945323   199.16089653812773   199.09084737739096
0.07779340636952398   188.68535098401628   188.6256442038694
0.08007395479015682   177.92730808472567   177.88210128532586
0.08242135850536496   167.13255471222948   167.10596988100718
0.08483757740794096   156.5717961776056   156.5666505832832
0.08732462884580919   146.51780298732794   146.5347081136281
0.08988458930634863   137.22961353278322   137.2668410797447
0.09251959615009227   128.94473155146554   128.9982738215376
0.09523184939525078   121.82051015827442   121.8845846953139
0.09802361355455057   115.94561613808848   116.01312857548388
0.10089721952591899   111.28477689691837   111.34837905259018
0.10385506653859616   107.7266266332695   107.77894364684211
0.10689962415629803   105.05465962308203   105.08817038243888
0.11003343433910281   102.99485478476235   103.00289933926149
0.11325911356578279   101.22034727950489   101.19850323846646
0.11657935501835284   99.37716783869985   99.32434319187566
0.11999693083066039   97.13064169665351   97.04971277557802
0.12351469440289359   94.20779600584808   94.10575253960073
0.12713558278394044   90.45472867913341   90.34213297830246
0.13086261912358757   85.86077119989365   85.75182961409998
0.13469891519660646   80.56757438008226   80.47737512963528
0.13864767400083483   74.86220045129032   74.80217225909439
0.14271219243142114   69.14895877459364   69.12485488232419
0.14689586403346616   63.86456545531213   63.87447834641298
0.1512021818353596   59.35721913760364   59.39229907754394
0.15563474126517718   55.80381005707878   55.851823463306474
0.16019724315257297   53.203552810702085   53.249060727411994
0.1648934968186736   51.415450685035445   51.44089091487602
0.1697274232565544   50.174685480697555   50.16709464980456
0.17470305840495237   49.099522910974244   49.054534207186094
0.17982455651794954   47.77521774619951   47.69835653627106
0.18509619363343993   45.91138508190013   45.81701189018492
0.19052237114327647   43.44037333692751   43.34829184832713
0.19610761946807834   40.50736491002516   40.43599008175945
0.20185660183976684   37.41347099981469   37.37453660457512
0.20777411819498756   34.535515936424154   34.528530543029596
0.21386510918267082   32.17355007297904   32.186231779521634
0.22013466028907505   30.440475424753487   30.454142006834356
0.22658800608375756   29.247892563841134   29.24244016188991
0.23323053459001789   28.333222132768885   28.298840633118242
0.2400677917834628   27.363155441747654   27.302306381892905
0.24710548622244882   26.106756839096462   26.034023361175887
0.25434949381426813   24.527169995791823   24.46159160180618
0.2618058627210567   22.77575747514465   22.73349885908251
0.2694808184095226   21.119605565786213   21.099977629412926
0.27738076884870827   19.770884040814195   19.76270971053959
0.2855123098601282   18.766236657935142   18.751833075007763
0.29388223062474755   17.978803400055185   17.946297769486286
0.3024975193514008   17.197799490999753   17.148511306422414
0.31136536911138296   16.274590550235875   16.221669150323713
0.3204931838440838   15.224852138964962   15.182808427630684
0.32988858453867975   14.18381609256585   14.156881862130989
0.3395594155970457   13.290372867268065   13.271120919483552
0.34951375138319807   12.577619925199667   12.554096047916039
0.3597599029647371   11.957799543964775   11.924144792191113
0.37030642505191835   11.31753656297014   11.278832640647567
0.3811621231401457   10.623008721579934   10.588939655400406
0.3923360608618501   9.932968110122689   9.907699850643871
0.4038375675538918   9.323074222647657   9.301883457936679
0.41567624604680364   8.801853741512268   8.777983232808388
0.42786198068238046   8.315570506356856   8.287986178528639
0.4404049455663077   7.819780394181486   7.793198385426736
0.4533156130627191   7.327547755806341   7.3060384399672795
0.4666047625377753   6.876608482386792   6.858177238634377
0.4802834893595659   6.474058636570488   6.454973161264102
0.49436321416184764   6.0935093272295475   6.073877846692558
0.5088556923793517   5.719254855653829   5.701679604029055
0.5237730240626238   5.363289797185497   5.348511496520633
0.5391276639805903   5.037177327748797   5.023472271323092
0.5549324320192869   4.733064452273937   4.719702552848676
0.5712005238854289   4.441024366910339   4.429190067976672
0.5879455221237613   4.164777057261504   4.154755487007684
0.6051814074573895   3.9064186712418554   3.8979524155914245
0.622922570460556   3.6637174669579675   3.6566376328987102
0.6411838235736077   3.4356239866272773   3.429816739777588
0.6599804134701901   3.2212293581301226   3.2166236065745144
0.6793280337869897   3.019687144419623   3.0162452476377557
0.6992428382266549   2.8302085503132854   2.8279183852440086
0.7197414540448374   2.6520582123033307   2.6509263638411347
0.7408409959326054   2.4845712677995744   2.4846092133240645
0.7625590803058332   2.3271619355414876   2.328368500578447
0.7849138400134885   2.1792762233955134   2.181637647342223
0.8079239394770964   2.0403857229841584   2.043877613344505
0.8316085902740278   1.909986865770607   1.914575957395527
0.8559875671776167   1.7876001592022521   1.7932458924691468
0.8810812246675007   1.6727693996224122   1.6794253332913174
0.9069105139239728   1.5650576246311632   1.5726735977456958
0.9334970003205227   1.4640426784338474   1.4725678255412227
0.960862881429187   1.3693249123213151   1.378708175920212
0.9890310055537336   1.28052738544573   1.2907176354693746
1.0180248908061487   1.1972946506369624   1.2082408168338779
1.047868744742366   1.1192916002051672   1.1309428124738474
1.0785874845736239   1.0462023691597273   1.058508101645544
1.1102067579703248   0.9777296790597809   0.9906397672040687
1.1427529644757777   0.9135945606876406   0.9270589832960472
1.1762532775476793   0.8535341478218642   0.86750322571321
1.210735667245765   0.7973005553887568   0.8117252184052348
1.246228923584555   0.7446600990794844   0.759492121884321
1.2827626805706884   0.6953925500599218   0.7105847584846839
1.3203674409449337   0.6492904236141736   0.6647968733428823
1.3590746016495152   0.6061582092738106   0.6219344347778994
1.3989164800420282   0.5658114649023231   0.58181497703651
1.4399263408778291   0.5280765747917807   0.5442669418477419
1.4821384240834183   0.4927902646328341   0.5091290653299447
1.525587973344019   0.4597990213748609   0.476249801350056
1.5703112655292182   0.42895854301137476   0.4454867735530779
1.6163456409812174   0.4001332169377868   0.41670625494971053
1.6637295346910133   0.3731956358032913   0.3897827400011594
1.7125025083885144   0.34802617178180434   0.3645987531732431
1.7627052835733923   0.3245124815220291   0.34104407594484676
1.814379775514258   0.30254906524948866   0.3190151902048426
1.8675691282445197   0.28203687261146876   0.2984148997189896
1.922317750584177   0.2628829295337728   0.2791519704431639
1.9786713532176083   0.2449999850681071   0.26114078880992747
2.0366769868582977   0.2283061648947989   0.24430105385371964
2.0963830815323896   0.2127245807992918   0.22855756970343444
2.1578394870138577   0.19818310672752082   0.21383985557802832
2.2210975144450407   0.1846141420659377   0.20008180822551883
2.286209979177315   0.17195433931917697   0.18722144695527368
2.3532312448676476   0.1601443470869082   0.17520067215430454
2.4222172688678643   0.1491285677953619   0.16396503639413082
2.4932256489445366   0.13885493919110847   0.15346351711755316
2.5663156713684585   0.12927480459121204   0.14364821915445078
2.641548360413907   0.12034264118468056   0.1344742525532199
2.7189865293089923   0.11201580430666419   0.12589961871752378
2.798694832679631   0.10425435381526034   0.11788503132447206
2.8807398205309562   0.09702089105477973   0.11039374676211783
2.9651899938111903   0.09028040496188783   0.10339140456303611
3.05211586160442   0.0840001108801572   0.0968459376680327
3.1415899999999994   0.07814910804552579   0.09072821545107597
