0.01   6125.864171220528   6125.1428735145
0.010293154462191829   6217.995864823854   6217.214029258928
0.010594902878253955   6308.838278647149   6307.989715856243
0.010905497183778876   6398.213195237887   6397.291536600063
0.011225196699963396   6485.937027915773   6484.935674184117
0.011554268350120923   6571.813206982851   6570.724874051049
0.011892986882540897   6655.637261834616   6654.453764161865
0.012241635099881474   6737.201068687888   6735.913304382811
0.012600504095286909   6816.2885831654885   6814.886649741452
0.012969893495426888   6892.674245339247   6891.147617952239
0.013350111710660605   6966.129763299348   6964.467320819741
0.013741476192534558   7036.422742142412   7034.612694101375
0.014144313698828986   7103.307481436409   7101.336950629356
0.01455896056637426   7166.534170553156   7164.389074122437
0.014985762991865008   7225.853138553235   7223.518202305175
0.01542507732090645   7281.008518315783   7278.467249113521
0.015877270345534218   7331.739297724817   7328.9739674964885
0.016342719610456153   7377.787601662739   7374.779294185654
0.016821813728271667   7418.896491517821   7415.624966294567
0.017314952703931925   7454.8028897346985   7451.246022648029
0.017822548268711737   7485.24857053523   7481.38230834551
0.01834502422397195   7509.983520051131   7505.7819617323685
0.018882816794999403   7528.7607399800345   7524.196023694035
0.019436374995219892   7541.34016420911   7536.382452732711
0.02000616100108813   7547.495312023773   7542.112962841834
0.020592650537967844   7547.014505864671   7541.174143484171
0.021196333277324068   7539.7018835056315   7533.368350858409
0.02181771324555934   7525.3803614096205   7518.516946562431
0.022457309244835088   7503.89474222323   7496.463503655851
0.02311565528622961   7475.12166930589   7467.084000165818
0.023793301035594242   7438.965994768086   7430.283080316536
0.024490812272480036   7395.357914463538   7385.991111790997
0.025208771362518027   7344.271337049632   7334.183404096866
0.0259477777436476   7285.732895372601   7274.8896074368195
0.02670844842659881   7219.797932597989   7208.168491022021
0.027491418510046592   7146.560361497534   7134.118057501896
0.028297341710866907   7066.200554733835   7052.924936447027
0.029126890909937666   6978.941474467646   6964.819044797144
0.029980758713939952   6885.030400141346   6870.054688595672
0.030859658033628758   6784.802246940764   6768.975679997073
0.031764322679055976   6678.676343190317   6662.0119473617915
0.03269550797224261   6567.083425160727   6549.604378827871
0.033653991377811755   6450.501339152821   6432.240786024686
0.03464057315210884   6329.549343783966   6310.551107448918
0.03565607701135116   6204.862718703563   6185.1805868180445
0.036701350819364466   6077.065653949457   6056.762259918117
0.03777726729548091   5946.877133271724   5926.022640176317
0.038884724743189276   5815.065146853963   5793.735913324667
0.04002464780014597   5682.3535980799215   5660.630973430561
0.041197988210172884   5549.5085476267195   5527.474450616935
0.04240572561788674   5417.444927218505   5395.173506487828
0.04364886838662332   5287.028796081545   5264.585323024793
0.04492845444033957   5159.029406559504   5136.470320594316
0.04624555213019635   5033.989357040618   5011.361699775365
0.04760126112654554   4912.319169741784   4889.660638032223
0.04899671333706607   4794.387855332722   4771.727007916202
0.05043307385181555   4680.766147872341   4658.101104467344
0.05191154191598653   4572.348453154519   4549.614784812876
0.053433351931179485   4469.974263847058   4447.047045529774
0.05499977448602865   4374.120565425364   4350.827638318221
0.05661211741704101   4284.175090024577   4260.33266888617
0.05827172690053434   4199.330703771402   4174.751684713887
0.05997998857658587   4118.83648075057   4093.331956269847
0.06173832870592997   4041.9787111227533   4015.3628152429096
0.0635482153607709   3968.088196673212   3940.1795897102293
0.06541115965050462   3896.391536297903   3867.027713369982
0.06732871698337338   3825.87225997413   3794.9370400581865
0.06930248836510605   3755.52620892457   3722.9560678553607
0.07133412173562886   3684.157921063756   3649.987195966068
0.07342531334496233   3610.500674607707   3574.8866667108973
0.07557780916945323   3533.270961010485   3496.524959597476
0.07779340636952398   3451.0996586251845   3413.740068029781
0.08007395479015682   3362.8109308343815   3325.56289568463
0.08242135850536496   3267.562813360833   3231.3776426268714
0.08483757740794096   3164.878246749059   3130.898778818255
0.08732462884580919   3055.0864507852475   3024.582435469203
0.08988458930634863   2938.9749494848784   2913.277211293514
0.09251959615009227   2818.104182182614   2798.50865191317
0.09523184939525078   2694.3336952690124   2682.0145833727747
0.09802361355455057   2569.906029945904   2565.7822835382935
0.10089721952591899   2447.090122742675   2451.7680275099056
0.10385506653859616   2328.160624415357   2341.8814252395027
0.10689962415629803   2215.355351706565   2237.9166759970885
0.11003343433910281   2110.701814180864   2141.452495519359
0.11325911356578279   2015.8656998088607   2053.6333963734696
0.11657935501835284   1932.110311098526   1975.2173912882292
0.11999693083066039   1859.667072010062   1906.1708121930187
0.12351469440289359   1798.0230260738601   1845.8705605939601
0.12713558278394044   1745.3602764629695   1792.6106121105092
0.13086261912358757   1699.2217675001518   1744.2696895216714
0.13469891519660646   1656.4717112849708   1698.384969124432
0.13864767400083483   1613.8910551959248   1652.558920805279
0.14271219243142114   1568.4510928138075   1604.662020842344
0.14689586403346616   1517.7176471392354   1553.1520636962814
0.1512021818353596   1460.2787003709063   1497.2821358924596
0.15563474126517718   1395.9637395843247   1437.2009567350221
0.16019724315257297   1325.9950226935464   1374.028918667604
0.1648934968186736   1252.7288330747524   1309.6494995566602
0.1697274232565544   1179.2685313284817   1246.2120729283438
0.17470305840495237   1109.0918873739608   1185.8963142076682
0.17982455651794954   1045.5735656768666   1130.7446780914693
0.18509619363343993   991.179097572109   1082.0175705832726
0.19052237114327647   946.5677146396586   1039.6649304978084
0.19610761946807834   910.388424116149   1002.6658892736184
0.20185660183976684   879.9089248646951   969.1687485578568
0.20777411819498756   851.8623153917658   937.1714343888261
0.21386510918267082   822.9243616712101   904.938280755054
0.22013466028907505   790.2165997585251   871.002140220487
0.22658800608375756   752.412920618016   835.3415585893539
0.23323053459001789   710.5767358213594   798.6334924259347
0.2400677917834628   667.5240978229473   762.1525854400857
0.24710548622244882   626.4341618597151   727.5606555840941
0.25434949381426813   589.9691203407036   695.8109009911032
0.2618058627210567   559.5702893838422   667.3021222519777
0.2694808184095226   534.7764219413866   641.6506105031859
0.27738076884870827   513.3968104767933   617.6901203910533
0.2855123098601282   492.62076235781876   594.4123947494763
0.29388223062474755   470.07189574623   571.1003531916595
0.3024975193514008   445.0140554584205   547.5183006407851
0.31136536911138296   418.7325900122723   524.3371696663748
0.3204931838440838   393.3693992436946   502.2193410046214
0.32988858453867975   370.76144166253806   481.543176241593
0.3395594155970457   351.63040505250586   462.39383970655666
0.34951375138319807   335.04217078573635   444.4486633145112
0.3597599029647371   319.21658048824304   427.18056627160564
0.37030642505191835   302.80598873112893   410.3178034171396
0.3811621231401457   285.61656167290926   393.9090727114424
0.3923360608618501   268.6731901376237   378.1129385921698
0.4038375675538918   253.1877792360357   363.15116952871426
0.41567624604680364   239.5251789386619   349.0884950144318
0.42786198068238046   227.13070547725977   335.70337037290096
0.4404049455663077   215.07108889595227   322.83633341127563
0.4533156130627191   202.91730321332568   310.445816405713
0.4666047625377753   191.03479276472635   298.55105118540246
0.4802834893595659   180.0057281584962   287.22417884237933
0.49436321416184764   169.97744202897024   276.4843272070018
0.5088556923793517   160.5880621059361   266.2247461582153
0.5237730240626238   151.46491218301915   256.3706823612573
0.5391276639805903   142.6095256305972   246.92877566014712
0.5549324320192869   134.28489551099798   237.9248730836368
0.5712005238854289   126.56709145341182   229.3429083604204
0.5879455221237613   119.29232131063263   221.14467867702544
0.6051814074573895   112.31398989064999   213.28473711836892
0.622922570460556   105.67580928003056   205.76014816780489
0.6411838235736077   99.45428987835768   198.57845189992975
0.6599804134701901   93.60595417109737   191.70991957570868
0.6793280337869897   88.05303550984812   185.13374948108577
0.6992428382266549   82.79149868334234   178.83065161781496
0.7197414540448374   77.84303468252786   172.8008251196762
0.7408409959326054   73.18079453545437   167.025955562243
0.7625590803058332   68.77902670464019   161.49044815633312
0.7849138400134885   64.6247090744566   156.18141757446236
0.8079239394770964   60.70577633259016   151.08684993248033
0.8316085902740278   57.01057831539328   146.19546395637803
0.8559875671776167   53.5278820233376   141.496661792269
0.8810812246675007   50.24687170082271   136.9804834716522
0.9069105139239728   47.157147170167576   132.63756473780455
0.9334970003205227   44.24867573801239   128.4589665264439
0.960862881429187   41.5115405233384   124.43536998295396
0.9890310055537336   38.93618665120714   120.55768319117202
1.0180248908061487   36.51355663533174   116.81743400940235
1.047868744742366   34.2350672533298   113.20672827491155
1.0785874845736239   32.092586782963444   109.71820979479797
1.1102067579703248   30.07841320446336   106.34502360681086
1.1427529644757777   28.18525337185127   103.08078193047379
1.1762532775476793   26.406220391184558   99.91939495335139
1.210735667245765   24.734835506031658   96.85484521196494
1.246228923584555   23.1649633698632   93.88150022587094
1.2827626805706884   21.69078868710538   90.99414605046975
1.3203674409449337   20.30680177262087   88.18796042892335
1.3590746016495152   19.00778459299912   85.45848806338769
1.3989164800420282   17.788797286823925   82.80161779146323
1.4399263408778291   16.645164846752255   80.21356250744196
1.4821384240834183   15.572457454035492   77.69086414921614
1.525587973344019   14.566480389383775   75.23037296536462
1.5703112655292182   13.623271174324557   72.82920214125217
1.6163456409812174   12.739088249910765   70.48471089802433
1.6637295346910133   11.910399726164782   68.19448993677258
1.7125025083885144   11.133872626977878   65.95634771624752
1.7627052835733923   10.406362614248811   63.768297469415366
1.814379775514258   9.724904107296759   61.62859833627869
1.8675691282445197   9.086700551178232   59.536050901774324
1.922317750584177   8.489115867127587   57.489721958211575
1.9786713532176083   7.9296661435732725   55.488761711770465
2.0366769868582977   7.406011492638039   53.53239686122149
2.0963830815323896   6.915948294486568   51.61992456100869
2.1578394870138577   6.457401815310491   49.75070656449466
2.2210975144450407   6.028419182457041   47.92416384948068
2.286209979177315   5.627161942114776   46.13991428414934
2.3532312448676476   5.251898821464657   44.39796139901055
2.4222172688678643   4.901001741285676   42.69833157373009
2.4932256489445366   4.5729403306543   41.041009547259
2.5663156713684585   4.266276380552866   39.42593868300209
2.641548360413907   3.979658589193061   37.853021338097655
2.7189865293089923   3.711817585363862   36.322119334875964
2.798694832679631   3.4615612942625407   34.833066780171784
2.8807398205309562   3.2277722093222936   33.38595325061063
2.9651899938111903   3.0094026473602975   31.981077268000167
3.05211586160442   2.805468638621284   30.618614252979135
3.1415899999999994   2.61504620604743   29.29860918546637
