0.01   15980.681504624581   15978.591875707021
0.010293154462191829   16123.639255219241   16121.381834179563
0.010594902878253955   16259.504671651088   16257.064999833474
0.010905497183778876   16387.801988253937   16385.163939931637
0.011225196699963396   16508.050425949536   16505.196096459873
0.011554268350120923   16619.770922155098   16616.68067068846
0.011892986882540897   16722.46803379862   16719.120892437608
0.012241635099881474   16815.636804075806   16812.010817425245
0.012600504095286909   16898.780441710987   16894.85274642452
0.012969893495426888   16971.39877509487   16967.14522895386
0.013350111710660605   17032.96923027228   17028.363372287095
0.013741476192534558   17082.979330792114   17077.99230594556
0.014144313698828986   17120.931753622448   17115.532427593633
0.01455896056637426   17146.318577950406   17140.473633142974
0.014985762991865008   17158.638316953227   17152.312401309395
0.01542507732090645   17157.41701359334   17150.57293677453
0.015877270345534218   17142.193154834196   17134.791048971845
0.016342719610456153   17112.5054946316   17104.50111931797
0.016821813728271667   17067.92828165929   17059.273154021943
0.017314952703931925   17008.07500439572   16998.716713139038
0.017822548268711737   16932.579174100385   16922.461248984484
0.01834502422397195   16841.11456318173   16830.176767749228
0.018882816794999403   16733.41053093531   16721.589459544055
0.019436374995219892   16609.24891744347   16596.478056628053
0.02000616100108813   16468.46524171565   16454.674889583435
0.020592650537967844   16310.961491331409   16296.079554631935
0.021196333277324068   16136.714643498895   16120.668005395253
0.02181771324555934   15945.797244320218   15928.514875311965
0.022457309244835088   15738.362642713066   15719.77713946047
0.02311565528622961   15514.641458660324   15494.690075526167
0.023793301035594242   15274.994845603516   15253.624533707824
0.024490812272480036   15019.912593925792   14997.08481481859
0.025208771362518027   14749.954799746114   14725.645828752626
0.0259477777436476   14465.792738573464   14439.996040690465
0.02670844842659881   14168.316740747316   14141.051005218818
0.027491418510046592   13858.494209053886   13829.803822631431
0.028297341710866907   13537.34010205399   13507.293982464102
0.029126890909937666   13206.10433694872   13174.802878850958
0.029980758713939952   12866.196462933442   12833.775163983079
0.030859658033628758   12519.005837407592   12485.631229891804
0.031764322679055976   12166.034197814815   12131.901631464525
0.03269550797224261   11809.09522906647   11774.429586859404
0.033653991377811755   11449.952377313346   11415.00333319533
0.03464057315210884   11090.284279806145   11055.320750272565
0.03565607701135116   10732.004934679328   10697.309740116016
0.036701350819364466   10377.058279726009   10342.923119105782
0.03777726729548091   10027.186388668004   9993.907269563446
0.038884724743189276   9684.187495363336   9652.048368391037
0.04002464780014597   9350.113401195566   9319.361287793274
0.041197988210172884   9026.784030198014   8997.629042167864
0.04240572561788674   8715.720665798626   8688.335830861504
0.04364886838662332   8418.015103425947   8392.515232830216
0.04492845444033957   8134.485562793266   8110.923941481344
0.04624555213019635   7865.797722115531   7844.173274093264
0.04760126112654554   7612.893066815483   7593.098348530598
0.04899671333706607   7377.129402147097   7358.8809448668135
0.05043307385181555   7159.701857752311   7142.556162583344
0.05191154191598653   6960.949926396865   6944.344624099813
0.053433351931179485   6778.91225405154   6762.251758664101
0.05499977448602865   6611.364493223049   6594.036119223585
0.05661211741704101   6456.312916895276   6437.682551360161
0.05827172690053434   6312.002762365024   6291.402280795726
0.05997998857658587   6176.837883506935   6153.565011457611
0.06173832870592997   6048.90420808358   6022.278261143712
0.0635482153607709   5925.645378170639   5895.101818085178
0.06541115965050462   5804.539250925575   5769.653122808411
0.06732871698337338   5682.462720376238   5643.109455126763
0.06930248836510605   5556.106500350345   5512.542192892127
0.07133412173562886   5422.193435240854   5375.139569153251
0.07342531334496233   5277.392515972848   5228.160774837791
0.07557780916945323   5119.051504520521   5069.52188224906
0.07779340636952398   4945.732103549179   4898.354548260065
0.08007395479015682   4756.932685254842   4714.590422621384
0.08242135850536496   4553.827763205578   4519.601951998688
0.08483757740794096   4338.546243715447   4315.558432962148
0.08732462884580919   4114.721190893767   4106.027990710767
0.08988458930634863   3886.4562851896458   3894.790013260299
0.09251959615009227   3658.3750488856667   3685.716878609622
0.09523184939525078   3435.1926200290063   3482.6986279230973
0.09802361355455057   3221.697907571712   3289.667505086675
0.10089721952591899   3022.7643638091304   3110.219934841015
0.10385506653859616   2842.6730720583946   2947.3590488937016
0.10689962415629803   2684.590945062815   2803.159128953263
0.11003343433910281   2550.588516896037   2678.797831025476
0.11325911356578279   2440.260006743567   2573.123112859738
0.11657935501835284   2351.759108721137   2483.8798794371223
0.11999693083066039   2280.9533204520085   2407.6823730590104
0.12351469440289359   2222.7629146083186   2340.521621666492
0.12713558278394044   2171.056330449529   2277.6279632464334
0.13086261912358757   2119.4669548568772   2214.5654729933594
0.13469891519660646   2061.9306234716696   2147.4946582999
0.13864767400083483   1993.535841546081   2073.5581225408655
0.14271219243142114   1911.4842941390648   1991.5226726895858
0.14689586403346616   1815.4385636625348   1901.889306100645
0.1512021818353596   1707.6626361038202   1806.8078871758958
0.15563474126517718   1592.7222312597057   1709.4649866048846
0.16019724315257297   1477.0858946498458   1613.9474433010046
0.1648934968186736   1368.1736688570297   1524.6915859531657
0.1697274232565544   1272.705461473414   1445.0904425949122
0.17470305840495237   1194.5830311145344   1375.9435052337958
0.17982455651794954   1134.0409667339204   1317.64654614922
0.18509619363343993   1088.5092102722888   1267.4182889601354
0.19052237114327647   1053.5996682999455   1222.6107980471907
0.19610761946807834   1023.3422999680038   1180.523842441777
0.20185660183976684   990.784856893211   1137.8654860060012
0.20777411819498756   950.3048716267801   1092.4246431378135
0.21386510918267082   900.1574571587421   1044.0392127759171
0.22013466028907505   842.4726365812948   994.2386217143804
0.22658800608375756   781.850912734404   945.1779733459421
0.23323053459001789   724.1030125042565   898.8928213073458
0.2400677917834628   674.4510750244137   857.0963261643493
0.24710548622244882   635.3332020370268   819.5625029499107
0.25434949381426813   605.7784494286631   786.3644888937575
0.2618058627210567   582.1048775766768   755.4307731807917
0.2694808184095226   559.0747953750904   725.355581887385
0.27738076884870827   532.4743198852678   695.3472239777321
0.2855123098601282   501.3189328467105   665.3516821648371
0.29388223062474755   467.49557949485563   635.9980647602441
0.3024975193514008   434.6334589673885   607.8874644797089
0.31136536911138296   406.2802195428799   582.0086827347352
0.3204931838440838   383.52598079926304   557.8398792040433
0.32988858453867975   364.8099849104269   535.401260545783
0.3395594155970457   347.2431994867472   513.8841854780978
0.34951375138319807   328.3356946170532   493.0384838186239
0.3597599029647371   307.8023811790939   472.63482042408776
0.37030642505191835   287.3483477379905   453.2997870893278
0.3811621231401457   268.9119489897327   435.0361426011696
0.3923360608618501   253.2768576298754   417.74213944793456
0.4038375675538918   239.5390792397483   401.46533621082204
0.41567624604680364   226.13035597580645   385.84934520607095
0.42786198068238046   212.33424765451593   370.77940210910043
0.4404049455663077   198.69642171038728   356.40411061309163
0.4533156130627191   186.18030137717827   342.7597456503886
0.4666047625377753   175.07476421569152   329.8452898931034
0.4802834893595659   164.83916850424882   317.561995835913
0.49436321416184764   154.8271569141409   305.79350321548867
0.5088556923793517   145.050064731358   294.513663515027
0.5237730240626238   135.90466611141912   283.7827981956428
0.5391276639805903   127.55757513186381   273.584728835364
0.5549324320192869   119.75751556552822   263.85600758989557
0.5712005238854289   112.26687858329392   254.53573526315859
0.5879455221237613   105.14739064746368   245.62464544074973
0.6051814074573895   98.52916707121273   237.13213574995405
0.622922570460556   92.36186733670007   229.03558836320522
0.6411838235736077   86.52130482748018   221.27169655397384
0.6599804134701901   81.00239487974343   213.83907381906027
0.6793280337869897   75.84281183465939   206.7391161339037
0.6992428382266549   71.0138797942766   199.94705646095633
0.7197414540448374   66.4732066657301   193.43695210455817
0.7408409959326054   62.20486555433073   187.19279118759434
0.7625590803058332   58.19511551780269   181.2001619780829
0.7849138400134885   54.43062005631092   175.44554853462927
0.8079239394770964   50.898468224475565   169.91626946339085
0.8316085902740278   47.58619092621584   164.60042133469267
0.8559875671776167   44.481768461989546   159.48681848103553
0.8810812246675007   41.5732755585977   154.56426276663072
0.9069105139239728   38.848737138091785   149.82108129227194
0.9334970003205227   36.296829309683396   145.24629630753464
0.960862881429187   33.906913074314204   140.8297010396842
0.9890310055537336   31.668993115970917   136.56180533020628
1.0180248908061487   29.57367909378215   132.43378590634734
1.047868744742366   27.61214948888898   128.43744038890702
1.0785874845736239   25.77616533313949   124.56503641082948
1.1102067579703248   24.058080719740055   120.80915106442325
1.1427529644757777   22.450697008952133   117.16287606427063
1.1762532775476793   20.947223560738323   113.6198198068112
1.210735667245765   19.541257189689077   110.17407460531803
1.246228923584555   18.226762447234844   106.82018653544948
1.2827626805706884   16.998052709165865   103.5531276328694
1.3203674409449337   15.849764153248765   100.3682831974672
1.3590746016495152   14.776826244950607   97.26145135028979
1.3989164800420282   13.77446918009023   94.2287851132562
1.4399263408778291   12.838211676813073   91.26676433007061
1.4821384240834183   11.963844528809132   88.37217670876322
1.525587973344019   11.147415022310712   85.5421000060181
1.5703112655292182   10.385212176813077   82.7738852206171
1.6163456409812174   9.673753407274791   80.06524168018284
1.6637295346910133   9.009772842530708   77.41449567961779
1.7125025083885144   8.390206382099791   74.82022971461168
1.7627052835733923   7.8121792993241375   72.28116616923508
1.814379775514258   7.272995192385972   69.79615786651802
1.8675691282445197   6.770125529904234   67.3641789066959
1.922317750584177   6.3011997628743055   64.9843157687063
1.9786713532176083   5.863995833154453   62.65585246319638
2.0366769868582977   5.4564308214541635   60.37863041144131
2.0963830815323896   5.076553272556278   58.15264524120574
2.1578394870138577   4.722535544537296   55.977870875945484
2.2210975144450407   4.392666321538814   53.85425757655882
2.286209979177315   4.085343550817731   51.781730217270365
2.3532312448676476   3.799067782310711   49.760186701722866
2.4222172688678643   3.5324357183962456   47.789545035211084
2.4932256489445366   3.284133396668337   45.87001289966477
2.5663156713684585   3.0529315953820984   44.001841074588086
2.641548360413907   2.837681091658586   42.185170302905114
2.7189865293089923   2.6373076448109587   40.420035555007196
2.798694832679631   2.450807278186023   38.706370978883456
2.8807398205309562   2.277241844687075   37.04401493055862
2.9651899938111903   2.115735025992434   35.43274348719209
3.05211586160442   1.9654696775563694   33.87250152028125
3.1415899999999994   1.8256830275098428   32.363240102067934
