0.01   11070.960302190251   11069.916276023847
0.010293154462191829   11176.49190022276   11175.375499809934
0.010594902878253955   11277.416270985921   11276.223432416373
0.010905497183778876   11373.417871180643   11372.143545857194
0.011225196699963396   11464.174867207435   11462.811970708368
0.011554268350120923   11549.366487013927   11547.905866882502
0.011892986882540897   11628.665024699585   11627.096247996373
0.012241635099881474   11701.731811968166   11700.044425858687
0.012600504095286909   11768.231493996715   11766.4151753113
0.012969893495426888   11827.831113687012   11825.875549757784
0.013350111710660605   11880.184771617682   11878.078764982843
0.013741476192534558   11924.948231249276   11922.679405481571
0.014144313698828986   11961.787410633495   11959.342236828339
0.01455896056637426   11990.368390137925   11987.731786611006
0.014985762991865008   12010.356998115218   12007.511856877089
0.01542507732090645   12021.434479358237   12018.36171220921
0.015877270345534218   12023.295853733058   12019.974600608512
0.016342719610456153   12015.637327106902   12012.045538990826
0.016821813728271667   11998.172937053334   11994.287636300076
0.017314952703931925   11970.641626389579   11966.439002181705
0.017822548268711737   11932.802567489498   11928.256961056615
0.01834502422397195   11884.438209156197   11879.521239523578
0.018882816794999403   11825.36317477894   11820.043956978341
0.019436374995219892   11755.428120965955   11749.673835317684
0.02000616100108813   11674.524711762713   11668.30177975168
0.020592650537967844   11582.583965597882   11575.858539328268
0.021196333277324068   11479.57895970262   11472.317318819432
0.02181771324555934   11365.548608575007   11357.71828085651
0.022457309244835088   11240.59065819265   11232.16128223904
0.02311565528622961   11104.84516045412   11095.788796547522
0.023793301035594242   10958.522109371906   10948.814830157418
0.024490812272480036   10801.936803245706   10791.561917829378
0.025208771362518027   10635.450019503967   10624.398459707225
0.0259477777436476   10459.468782364524   10447.739301792668
0.02670844842659881   10274.54088069419   10262.142876505523
0.027491418510046592   10081.294280160915   10068.248868733486
0.028297341710866907   9880.372819602506   9866.712091952368
0.029126890909937666   9672.521515443937   9658.289365175608
0.029980758713939952   9458.644143165731   9443.898120884227
0.030859658033628758   9239.641554577518   9224.451669921185
0.031764322679055976   9016.423695185424   9000.871011390758
0.03269550797224261   8790.09538883636   8774.271529578526
0.033653991377811755   8561.793928864925   8545.799735299324
0.03464057315210884   8332.587098904161   8316.530765549196
0.03565607701135116   8103.609435706442   8087.602349472587
0.036701350819364466   7876.094781200757   7860.246870179374
0.03777726729548091   7651.175882755497   7635.594551050123
0.038884724743189276   7429.916677510858   7414.703332927049
0.04002464780014597   7213.487639243104   7198.72366227736
0.041197988210172884   7002.990277797606   6988.734446175362
0.04240572561788674   6799.385459738308   6785.67580205276
0.04364886838662332   6603.40059638465   6590.247827111249
0.04492845444033957   6415.548415218055   6402.9298506713685
0.04624555213019635   6236.257345438209   6224.120266551041
0.04760126112654554   6065.917018027661   6054.171691071124
0.04899671333706607   5904.96442316464   5893.450125323002
0.05043307385181555   5753.797585778916   5742.281214427796
0.05191154191598653   5612.622355394745   5600.810621879609
0.053433351931179485   5480.334344431998   5467.92894864978
0.05499977448602865   5355.228435130712   5341.953553618739
0.05661211741704101   5235.752769387667   5221.354084050338
0.05827172690053434   5120.641102656571   5104.887360690986
0.05997998857658587   5008.817423581891   4991.501143770463
0.06173832870592997   4899.1747579067005   4880.124968311341
0.0635482153607709   4790.145811160067   4769.288389070385
0.06541115965050462   4680.133825177392   4657.505584796322
0.06732871698337338   4567.403076305544   4543.201402569669
0.06930248836510605   4450.011771215825   4424.658014217598
0.07133412173562886   4326.234875538912   4300.381070531713
0.07342531334496233   4194.617812750959   4169.212104449935
0.07557780916945323   4054.1022158859373   4030.361821211659
0.07779340636952398   3904.746029551523   3884.0845809962602
0.08007395479015682   3747.278792295902   3731.2315766247175
0.08242135850536496   3583.3767857669945   3573.489218495444
0.08483757740794096   3415.2648228906455   3413.0012202309404
0.08732462884580919   3245.7308867184897   3252.319023197504
0.08988458930634863   3077.710938311306   3094.0639928409237
0.09251959615009227   2914.131245062498   2940.784558701069
0.09523184939525078   2757.715081679185   2794.791270853173
0.09802361355455057   2611.156588491349   2658.2315801493
0.10089721952591899   2476.802023126039   2532.8773456899635
0.10385506653859616   2356.6469858512282   2420.1281789941545
0.10689962415629803   2251.6620000644016   2320.5036278264074
0.11003343433910281   2161.7215168867615   2233.536184402709
0.11325911356578279   2085.3309312971996   2157.6990072860476
0.11657935501835284   2019.7142653214037   2090.4760013711184
0.11999693083066039   1961.2388642965911   2028.8212960204348
0.12351469440289359   1905.8894504220173   1969.5237867591538
0.12713558278394044   1849.701615082965   1909.6129467733037
0.13086261912358757   1789.2524930633556   1846.6646492617544
0.13469891519660646   1722.0058907232262   1779.0406092728024
0.13864767400083483   1646.923920478634   1706.3102918311877
0.14271219243142114   1564.5117331934114   1629.1574817420767
0.14689586403346616   1476.7899011115987   1549.3174066342435
0.1512021818353596   1386.8575311794384   1469.3295902229765
0.15563474126517718   1298.494580505696   1391.7366480576263
0.16019724315257297   1215.7811995108677   1319.0372106948191
0.1648934968186736   1142.4854489067957   1253.638668929881
0.1697274232565544   1080.8052725094524   1196.3720237323882
0.17470305840495237   1030.4581150389554   1146.8211817644267
0.17982455651794954   989.0582450711552   1103.14555881916
0.18509619363343993   953.206342514986   1062.9787663262186
0.19052237114327647   919.2831759914964   1024.17774810611
0.19610761946807834   883.648651795158   984.8682897699523
0.20185660183976684   843.4159854720534   943.9515545893032
0.20777411819498756   797.990971248001   901.0405334297599
0.21386510918267082   749.444430498153   857.5991426769405
0.22013466028907505   701.042382794245   815.4103673193965
0.22658800608375756   655.8992607107629   775.8969871769378
0.23323053459001789   616.507045292453   739.8733298915278
0.2400677917834628   583.7593534301103   707.6950176690616
0.24710548622244882   556.4757457016473   678.4231496393625
0.25434949381426813   532.1516963103855   650.9108959980439
0.2618058627210567   507.953327622434   624.0399640167037
0.2694808184095226   481.819310769904   597.2266951667792
0.27738076884870827   453.72608452484377   570.4159533067036
0.2855123098601282   425.3357819209123   544.5015939696439
0.29388223062474755   398.59460296751257   520.0316946979086
0.3024975193514008   375.01711506061025   497.20031125119533
0.31136536911138296   354.8196833133959   476.030829956979
0.3204931838440838   336.73848087910864   456.1178451820369
0.32988858453867975   319.2022215620939   436.8986102716129
0.3395594155970457   301.23901074432587   418.36106971410953
0.34951375138319807   282.9953783734485   400.3373730072579
0.3597599029647371   265.53347504285216   383.21973813844966
0.37030642505191835   249.68701411919133   367.077853257131
0.3811621231401457   235.5047281910381   351.81990704111405
0.3923360608618501   222.38041553537164   337.33892170291836
0.4038375675538918   209.59590323488365   323.46410103991667
0.41567624604680364   196.98744429546716   310.157594429127
0.42786198068238046   184.93777189541981   297.47477352390626
0.4404049455663077   173.80217284117498   285.4492280984619
0.4533156130627191   163.56522434107404   274.031633026235
0.4666047625377753   153.90201073956243   263.1459200195785
0.4802834893595659   144.60491653002   252.75262736218735
0.49436321416184764   135.73210151561665   242.82887895671726
0.5088556923793517   127.43836680822814   233.3969235497393
0.5237730240626238   119.70911616812299   224.4229268664337
0.5391276639805903   112.41360647161628   215.86545808823584
0.5549324320192869   105.47983380650716   207.69860345280964
0.5712005238854289   98.94297034959962   199.91235185947272
0.5879455221237613   92.82096732204198   192.4952622849446
0.6051814074573895   87.06423929092139   185.42189565502832
0.622922570460556   81.62864672657703   178.66650375984142
0.6411838235736077   76.51147623568079   172.2194353659336
0.6599804134701901   71.7071309853052   166.06664983423042
0.6793280337869897   67.19380770297427   160.19283547612685
0.6992428382266549   62.94216176578839   154.57616197468926
0.7197414540448374   58.947569296661904   149.20817007834196
0.7408409959326054   55.19650187661134   144.0755968071202
0.7625590803058332   51.67460898753503   139.16505782424437
0.7849138400134885   48.368366342287686   134.46403849921444
0.8079239394770964   45.26502868760448   129.96083153580662
0.8316085902740278   42.35258533012923   125.6444795488369
0.8559875671776167   39.61971822435174   121.50472216534729
0.8810812246675007   37.05576484444655   117.53193877025404
0.9069105139239728   34.65078124604323   113.71673063592583
0.9334970003205227   32.39551238845922   110.049791696803
0.960862881429187   30.281201924999298   106.52241376079382
0.9890310055537336   28.299558349916506   103.12648297902199
1.0180248908061487   26.442734163860194   99.85443726952457
1.047868744742366   24.703305662906356   96.69922727165749
1.0785874845736239   23.074253359112344   93.65428050829463
1.1102067579703248   21.54894128157584   90.71344966672834
1.1427529644757777   20.12107361597392   87.87070055975053
1.1762532775476793   18.78469048491151   85.12018290071772
1.210735667245765   17.5341756958652   82.45646673492152
1.246228923584555   16.364239103054746   79.87452146690042
1.2827626805706884   15.26989907346304   77.36968931669078
1.3203674409449337   14.246465794189161   74.93766092660711
1.3590746016495152   13.289525388073608   72.57445290468473
1.3989164800420282   12.394925186937513   70.27638846393106
1.4399263408778291   11.558761718947004   68.04008718908095
1.4821384240834183   10.777364737112139   65.862440363518
1.525587973344019   10.0472827938082   63.7405891584808
1.5703112655292182   9.365271099287133   61.67190937468081
1.6163456409812174   8.728279993468798   59.65399721465263
1.6637295346910133   8.133443996450103   57.68465594538717
1.7125025083885144   7.57807141351345   55.76188335398359
1.7627052835733923   7.059633993086843   53.883930436935515
1.814379775514258   6.575756287246311   52.049499639515645
1.8675691282445197   6.124208703614399   50.257479543392115
1.922317750584177   5.7028995902701975   48.5068528493998
1.9786713532176083   5.309867159113058   46.796689873683576
2.0366769868582977   4.943271847455848   45.12614227930271
2.0963830815323896   4.601389096652242   43.49443702562033
2.1578394870138577   4.282602525814086   41.90087099629287
2.2210975144450407   3.985397093691802   40.34492706040838
2.286209979177315   3.7083526555896307   38.82640350509582
2.3532312448676476   3.4501391759262265   37.34513009385309
2.4222172688678643   3.2095113914198086   35.90092285655774
2.4932256489445366   2.9853036375793605   34.49358310817383
2.5663156713684585   2.7764249735635933   33.122896560464795
2.641548360413907   2.5818545894867166   31.788632527891025
2.7189865293089923   2.400637504696678   30.490548546206455
2.798694832679631   2.2318813978898957   29.22859950991986
2.8807398205309562   2.0747527488534496   28.002964089530412
2.9651899938111903   1.9284718544304575   26.813739440887957
3.05211586160442   1.7923094332729823   25.660925001625365
3.1415899999999994   1.6655835214842145   24.544428685207052
