0.01   3494.7925995601076   3494.61014312371
0.010293154462191829   3508.1683772282663   3507.984642139468
0.010594902878253955   3519.2695998232525   3519.0849461013468
0.010905497183778876   3527.9937691850328   3527.8085225938134
0.011225196699963396   3534.2404975090903   3534.0548985661367
0.011554268350120923   3537.9135724856565   3537.7277765818094
0.011892986882540897   3538.9146384339183   3538.728748607548
0.012241635099881474   3537.144200955121   3536.958299650835
0.012600504095286909   3532.509043350696   3532.3231936667744
0.012969893495426888   3524.9198839411797   3524.7341343693593
0.013350111710660605   3514.284149301966   3514.0985495012637
0.013741476192534558   3500.5159232532333   3500.3305275083967
0.014144313698828986   3483.53871319539   3483.353578842145
0.01455896056637426   3463.2786833604146   3463.0938445343836
0.014985762991865008   3439.667520324212   3439.4829683161256
0.01542507732090645   3412.649679980991   3412.4653644550704
0.015877270345534218   3382.1798896288533   3381.995675306723
0.016342719610456153   3348.218103313982   3348.0336519086886
0.016821813728271667   3310.738692266628   3310.5534532050838
0.017314952703931925   3269.732568953614   3269.5458033485775
0.017822548268711737   3225.204335649825   3225.015241847
0.01834502422397195   3177.17457027978   3176.9823650349904
0.018882816794999403   3125.6829633027555   3125.486891287138
0.019436374995219892   3070.790209606959   3070.5895167897615
0.02000616100108813   3012.5798205394476   3012.3736895862107
0.020592650537967844   2951.155212862677   2950.942770894554
0.021196333277324068   2886.640997671182   2886.4213665935554
0.02181771324555934   2819.1969102779312   2818.9694932132475
0.022457309244835088   2749.0076673699705   2748.772276356599
0.02311565528622961   2676.273159418559   2676.0299898437634
0.023793301035594242   2601.2268880579322   2600.9765388505575
0.024490812272480036   2524.14689841689   2523.890419901824
0.025208771362518027   2445.318948819219   2445.057795770285
0.0259477777436476   2365.0401346513404   2364.7761658501786
0.02670844842659881   2283.6693840612697   2283.405191410381
0.027491418510046592   2201.5793967599816   2201.318339952383
0.028297341710866907   2119.1262700617362   2118.872324273682
0.029126890909937666   2036.703566467055   2036.4611927293438
0.029980758713939952   1954.7546698050633   1954.5286969880435
0.030859658033628758   1873.6846189550413   1873.4801049898956
0.031764322679055976   1793.8743663856928   1793.6964611153512
0.03269550797224261   1715.768919394591   1715.6227063706895
0.033653991377811755   1639.7834738658985   1639.6738787732145
0.03464057315210884   1566.2661573179305   1566.1978831880538
0.03565607701135116   1495.5795168431778   1495.5565806402003
0.036701350819364466   1428.1031187739563   1428.128435603615
0.03777726729548091   1364.1389312161925   1364.2144765494552
0.038884724743189276   1303.9201568326143   1304.0468790787836
0.04002464780014597   1247.635792085556   1247.812674004986
0.041197988210172884   1195.424056986876   1195.6482152678832
0.04240572561788674   1147.378585261028   1147.6455915943823
0.04364886838662332   1103.5773309531855   1103.8799448676975
0.04492845444033957   1064.0894265531795   1064.4165653848017
0.04624555213019635   1028.965333849874   1029.3025662831817
0.04760126112654554   998.060871587095   998.3913570866453
0.04899671333706607   970.8568312090049   971.1626671535007
0.05043307385181555   946.8471887392166   947.109474328429
0.05191154191598653   925.5913070162402   925.7898790484755
0.053433351931179485   906.711758492726   906.8247606508469
0.05499977448602865   889.8651652705098   889.8690229272746
0.05661211741704101   874.5606691493236   874.431951754358
0.05827172690053434   860.1312004738062   859.8489243194834
0.05997998857658587   845.9067424129944   845.4533056073086
0.06173832870592997   831.0534072754448   830.4187535911869
0.0635482153607709   814.720358540996   813.9038148600955
0.06541115965050462   796.1212147213391   795.1337357455574
0.06732871698337338   774.5543702590412   773.4204384876879
0.06930248836510605   749.535686766101   748.293334517227
0.07133412173562886   720.9014112750975   719.6019712773851
0.07342531334496233   688.7446402016911   687.4493965144527
0.07557780916945323   653.539859444531   652.3152077015135
0.07779340636952398   615.904084919925   614.8174149522863
0.08007395479015682   576.5847181607062   575.7006998332466
0.08242135850536496   536.4783909917618   535.8542470216663
0.08483757740794096   496.65559245224136   496.33671501982025
0.08732462884580919   458.2409200977453   458.25378869430097
0.08988458930634863   422.330210379206   422.6774623893246
0.09251959615009227   389.99161608275426   390.6415157602382
0.09523184939525078   362.03174880174726   362.92344777833875
0.09802361355455057   338.8767627797537   339.9243579822219
0.10089721952591899   320.66818441282237   321.7666048681048
0.10385506653859616   307.04952788963607   308.08071454312824
0.10689962415629803   297.4559783067967   298.296733332658
0.11003343433910281   290.986281241637   291.527771382633
0.11325911356578279   286.57104856286196   286.7268035185301
0.11657935501835284   282.9534681954168   282.67177021359254
0.11999693083066039   278.81507303099136   278.0975777900878
0.12351469440289359   272.94215053648287   271.84914222825165
0.12713558278394044   264.4074598849225   263.0516692876568
0.13086261912358757   252.71773038246744   251.2693891275683
0.13469891519660646   237.89067032589992   236.55056659725622
0.13864767400083483   220.52889496209232   219.48631681329803
0.14271219243142114   201.87646578409553   201.2824672726568
0.14689586403346616   183.57457273286676   183.48944258665705
0.1512021818353596   167.15323306916315   167.53650837076822
0.15563474126517718   153.62790921337367   154.3567438520633
0.16019724315257297   143.3889367038262   144.27804399565218
0.1648934968186736   136.35240818945204   137.19454498193969
0.1697274232565544   132.0426292559889   132.63140626656173
0.17470305840495237   129.4488458804865   129.62828913868856
0.17982455651794954   127.15250674650605   126.87781791760258
0.18509619363343993   123.82922872507815   123.19630846436239
0.19052237114327647   118.69028866474598   117.89176190252103
0.19610761946807834   111.57993424013041   110.85105315914869
0.20185660183976684   102.9952240306591   102.55769138471939
0.20777411819498756   94.01825560789004   93.99620973208327
0.21386510918267082   85.86333005850491   86.22852420864898
0.22013466028907505   79.3753370178622   79.98633635053716
0.22658800608375756   74.84352200014067   75.46555468737571
0.23323053459001789   71.91336702110833   72.33904358098647
0.2400677917834628   69.69284253673719   69.82322331656957
0.24710548622244882   67.23939261370879   67.11904046463891
0.25434949381426813   63.94482155174319   63.728234311198875
0.2618058627210567   59.700077598490054   59.60842416385018
0.2694808184095226   55.01666129523749   55.17398663308977
0.27738076884870827   50.677510042253864   51.07980713209122
0.2855123098601282   47.20590682197635   47.72744869741097
0.29388223062474755   44.67747568285608   45.14862206319692
0.3024975193514008   42.70967386806711   43.02957108991451
0.31136536911138296   40.722351080261355   40.90770414694827
0.3204931838440838   38.37530165982886   38.55293575141543
0.32988858453867975   35.72822365586153   36.01019495542914
0.3395594155970457   33.12945464621628   33.54684500059102
0.34951375138319807   30.922516065536296   31.409136455854505
0.3597599029647371   29.159853730309404   29.61907465562125
0.37030642505191835   27.614259440181293   28.001092697570062
0.3811621231401457   26.030646027236614   26.38625307605618
0.3923360608618501   24.337380364810578   24.732815796055057
0.4038375675538918   22.67851642074978   23.136166097578002
0.41567624604680364   21.209807092466335   21.69602078977412
0.42786198068238046   19.94594959324858   20.415370789540376
0.4404049455663077   18.764096674670864   19.210252863413885
0.4533156130627191   17.57985466706128   18.03346906365499
0.4666047625377753   16.420026318431756   16.90150233227661
0.4802834893595659   15.35808781525662   15.853598809993569
0.49436321416184764   14.40251181768626   14.89246015064696
0.5088556923793517   13.50251660101801   13.98672012336175
0.5237730240626238   12.63059154259239   13.121418897387839
0.5391276639805903   11.806723365927857   12.307072937557665
0.5549324320192869   11.049473203773594   11.550016102009828
0.5712005238854289   10.34314024134993   10.841100063123172
0.5879455221237613   9.673132491249781   10.171832936061802
0.6051814074573895   9.041380049169677   9.542218433716217
0.622922570460556   8.453757412989045   8.953550808999884
0.6411838235736077   7.904897518521666   8.402070646032126
0.6599804134701901   7.389293682000423   7.884066484603957
0.6793280337869897   6.905195936991204   7.397633298304662
0.6992428382266549   6.451044173612113   6.9410186433038765
0.7197414540448374   6.025311323278755   6.512546386564017
0.7408409959326054   5.626508369325445   6.110615722223401
0.7625590803058332   5.253188495961756   5.73369990585919
0.7849138400134885   4.903950225876171   5.380344648295682
0.8079239394770964   4.577389745372338   5.0491436993925785
0.8316085902740278   4.272058235033189   4.738716069570189
0.8559875671776167   3.9865845754065408   4.44775807584832
0.8810812246675007   3.719687531955554   4.175046613197396
0.9069105139239728   3.4701696565023794   3.919434338805218
0.9334970003205227   3.236911621832471   3.6798451274379453
0.960862881429187   3.0188669571782287   3.455269784180461
0.9890310055537336   2.8150608046349   3.2447642378683037
1.0180248908061487   2.624599458637322   3.0474545086252163
1.047868744742366   2.446648462923388   2.862522550694515
1.0785874845736239   2.280422057492869   2.6891987703656106
1.1102067579703248   2.125180627854981   2.5267594255350794
1.1427529644757777   1.9802282689817898   2.3745241400908217
1.1762532775476793   1.8449104549868693   2.2318535273475013
1.210735667245765   1.7186116037032555   2.098146880299858
1.246228923584555   1.6007503126058698   1.9728394919590044
1.2827626805706884   1.4907789382712806   1.855400880435554
1.3203674409449337   1.3881841235271069   1.7453332978241791
1.3590746016495152   1.2924847975551117   1.6421698394475048
1.3989164800420282   1.2032302275960485   1.5454726379714858
1.4399263408778291   1.1199981822777865   1.4548311513983594
1.4821384240834183   1.0423932040999198   1.3698605451470587
1.525587973344019   0.9700452156507661   1.290200421415196
1.5703112655292182   0.9026080500288051   1.215513459231226
1.6163456409812174   0.8397575681624166   1.1454835679777613
1.6637295346910133   0.781190281648702   1.07981456762455
1.7125025083885144   0.726622095832506   1.0182289863811127
1.7627052835733923   0.6757871248613172   0.9604669245629464
1.814379775514258   0.6284365749364986   0.9062849817162658
1.8675691282445197   0.5843376710918344   0.8554547839231876
1.922317750584177   0.5432726173851478   0.8077609100217167
1.9786713532176083   0.5050377428192253   0.7630016457062021
2.0366769868582977   0.4694426402317538   0.7209885332114923
2.0963830815323896   0.4363093349034378   0.681545497832452
2.1578394870138577   0.40547150276930566   0.6445080311436384
2.2210975144450407   0.37677373546419596   0.609722427376605
2.286209979177315   0.3500708394779281   0.5770450221420744
2.3532312448676476   0.32522710866309823   0.5463411447824087
2.4222172688678643   0.3021157835430016   0.5174847900427557
2.4932256489445366   0.28061853478465915   0.4903583010525947
2.5663156713684585   0.26062491955524686   0.46485180760121525
2.641548360413907   0.2420318711001688   0.44086269982600196
2.7189865293089923   0.2247432201977152   0.4182951378035663
2.798694832679631   0.2086692493867791   0.3970595381256959
2.8807398205309562   0.19372635797750262   0.3770703798576166
2.9651899938111903   0.17983665501005655   0.3582458708043041
3.05211586160442   0.16692747024122365   0.34050996029706576
3.1415899999999994   0.15493101021101144   0.32379203462027245
