0.01   23069.134710465794   23064.93527018262
0.010293154462191829   23250.269723035086   23245.72098047044
0.010594902878253955   23418.57289718563   23413.64707190004
0.010905497183778876   23573.258425013417   23567.922751128594
0.011225196699963396   23713.522143750964   23707.740116092395
0.011554268350120923   23838.51732574608   23832.251195370216
0.011892986882540897   23947.407365833966   23940.618583050957
0.012241635099881474   24039.368614379655   24032.01764535773
0.012600504095286909   24113.547002089184   24105.59097973822
0.012969893495426888   24169.09526966954   24160.487131200713
0.013350111710660605   24205.200866390984   24195.88957869693
0.013741476192534558   24221.050096688057   24210.980266476494
0.014144313698828986   24215.821198815403   24204.932537908906
0.01455896056637426   24188.743029036224   24176.97072964323
0.014985762991865008   24139.091572717065   24126.366214410366
0.01542507732090645   24066.150300661255   24052.395853911654
0.015877270345534218   23969.262465847143   23954.396321085784
0.016342719610456153   23847.85322953919   23831.786902090706
0.016821813728271667   23701.404692002216   23684.04218318867
0.017314952703931925   23529.46819157578   23510.704877291464
0.017822548268711737   23331.70100250122   23311.424933010458
0.01834502422397195   23107.872843116274   23085.967343244913
0.018882816794999403   22857.8698575004   22834.218082131265
0.019436374995219892   22581.703181300036   22556.190217465457
0.02000616100108813   22279.52005111178   22252.03470157172
0.020592650537967844   21951.660374112766   21922.098207519368
0.021196333277324068   21598.631003236085   21566.896732883153
0.02181771324555934   21221.071489355498   21187.080569198875
0.022457309244835088   20819.843462126948   20783.53197638623
0.02311565528622961   20396.09272648812   20357.433016456685
0.023793301035594242   19951.08536612706   19910.086581459695
0.024490812272480036   19486.234842035643   19442.943509508143
0.025208771362518027   19003.35796412762   18957.86861538961
0.0259477777436476   18504.433260295144   18456.889237934385
0.02670844842659881   17991.465246429547   17942.054053140862
0.027491418510046592   17466.8222142992   17415.780984189558
0.028297341710866907   16933.245075170547   16880.86611976969
0.029126890909937666   16393.375665688487   16339.998015933854
0.029980758713939952   15849.880301764473   15795.882414590576
0.030859658033628758   15305.889808045715   15251.68767710223
0.031764322679055976   14764.417301685971   14710.45594883493
0.03269550797224261   14228.231031780924   14174.973290489528
0.033653991377811755   13700.633122571971   13648.52889968882
0.03464057315210884   13185.165676255816   13134.63011994261
0.03565607701135116   12684.884272497611   12636.29681016319
0.036701350819364466   12202.296598965924   12155.993721218929
0.03777726729548091   11739.305704771987   11695.56411388287
0.038884724743189276   11297.428226298181   11256.46841232189
0.04002464780014597   10878.05339418916   10840.029368305986
0.041197988210172884   10483.983947053113   10448.833915441965
0.04240572561788674   10118.437262247957   10085.831519885392
0.04364886838662332   9784.045497110093   9753.425370717921
0.04492845444033957   9480.994868112966   9451.626520998796
0.04624555213019635   9207.015610783927   9178.036305003996
0.04760126112654554   8959.9450902845   8930.374084314626
0.04899671333706607   8737.656374840755   8706.388727551088
0.05043307385181555   8538.00573041507   8503.801816626401
0.05191154191598653   8358.96851498353   8320.461990013284
0.053433351931179485   8197.537288429136   8153.309098277242
0.05499977448602865   8050.169043491614   7998.79592468932
0.05661211741704101   7913.121000019444   7853.24577908692
0.05827172690053434   7781.484165503149   7712.032769229304
0.05997998857658587   7650.273952936884   7570.524709941329
0.06173832870592997   7513.578164644042   7423.435101708728
0.0635482153607709   7365.177929960313   7265.328189662048
0.06541115965050462   7199.344551022128   7091.366056724625
0.06732871698337338   7010.983131276204   6897.429496892399
0.06930248836510605   6796.502457428177   6680.966042556441
0.07133412173562886   6554.189223220104   6441.343668512008
0.07342531334496233   6284.542067300576   6179.680206500533
0.07557780916945323   5990.479702679521   5898.9715882773535
0.07779340636952398   5676.784021686921   5603.986252927153
0.08007395479015682   5349.669260353629   5300.778127541088
0.08242135850536496   5016.5699589850165   4995.919842983092
0.08483757740794096   4685.548242399508   4696.174162499685
0.08732462884580919   4365.779521493328   4409.040635517308
0.08988458930634863   4065.5581992391685   4141.08388731851
0.09251959615009227   3793.337831602592   3898.373613423982
0.09523184939525078   3555.4513206724196   3685.1861243275116
0.09802361355455057   3355.9799428729543   3503.6081347282716
0.10089721952591899   3195.931798531747   3353.4571042855328
0.10385506653859616   3073.2553623720905   3232.1745994587895
0.10689962415629803   2982.8916742584256   3134.863825777896
0.11003343433910281   2917.712834294115   3055.2359340185358
0.11325911356578279   2868.301851251126   2986.1719368964314
0.11657935501835284   2824.113088661414   2919.8785037459807
0.11999693083066039   2774.013872220359   2848.5311549897433
0.12351469440289359   2707.878386906666   2766.457785710234
0.12713558278394044   2618.2615185466116   2669.8736208834116
0.13086261912358757   2501.598249593639   2557.3641202401454
0.13469891519660646   2359.054719294912   2430.76856835805
0.13864767400083483   2196.8315470355183   2295.4398193067505
0.14271219243142114   2025.7850816434172   2158.312636308244
0.14689586403346616   1859.50445309848   2027.2112330877824
0.1512021818353596   1710.936552908258   1909.521417682503
0.15563474126517718   1588.9060120103331   1809.2547494095395
0.16019724315257297   1496.67330940949   1726.258793795816
0.1648934968186736   1432.7688486030384   1659.1470086611064
0.1697274232565544   1391.7199088831371   1603.8800431422972
0.17470305840495237   1363.8115273554026   1554.3383697132742
0.17982455651794954   1336.1986837663128   1505.1341277720421
0.18509619363343993   1296.9773356566689   1451.2745572434953
0.19052237114327647   1239.5281971727968   1390.3151351349416
0.19610761946807834   1163.9629347941168   1324.1949243694783
0.20185660183976684   1076.4169820441864   1256.8377653267241
0.20777411819498756   987.7453354524408   1191.101313285697
0.21386510918267082   909.3298861717437   1131.4275931534119
0.22013466028907505   848.5291065766462   1079.4753137622508
0.22658800608375756   806.7025091799142   1035.4324006971844
0.23323053459001789   779.0804419992921   996.044123203618
0.2400677917834628   756.2487330961118   958.6342221456833
0.24710548622244882   728.6551331310043   920.9587462512043
0.25434949381426813   691.0765261770075   882.1717643566618
0.2618058627210567   644.2502382868638   842.8688126307425
0.2694808184095226   594.6414661304586   804.4314351191938
0.27738076884870827   550.5373992705397   768.8092527017569
0.2855123098601282   516.7007734244482   736.4399834975237
0.29388223062474755   492.4675772231603   707.3783908736898
0.3024975193514008   472.6594635272018   679.4310115874233
0.31136536911138296   450.8915757517788   652.0466141796878
0.3204931838440838   424.2438633574026   625.756176825236
0.32988858453867975   394.70509641795246   599.6781426427367
0.3395594155970457   366.9212433637668   575.0508482694263
0.34951375138319807   344.3816690046316   552.0783285438714
0.3597599029647371   326.66495613893414   530.7668705912719
0.37030642505191835   310.4016168546586   510.34676355620843
0.3811621231401457   292.6876529182205   490.56485765607465
0.3923360608618501   273.53615570866236   471.48741902755705
0.4038375675538918   255.31810298674995   453.2552822792961
0.41567624604680364   239.82302818093834   436.1399273127686
0.42786198068238046   226.54475750527527   420.08783027290025
0.4404049455663077   213.60786646434266   404.58830377467314
0.4533156130627191   200.23006919993756   389.73066368872526
0.4666047625377753   187.26544700442707   375.4970186810147
0.4802834893595659   175.7223228900935   362.01101200878617
0.49436321416184764   165.3673112033299   349.2538989196513
0.5088556923793517   155.34384634923336   337.00730394762155
0.5237730240626238   145.4853645930856   325.20951967212625
0.5391276639805903   136.28728095682183   314.0043068845782
0.5549324320192869   127.91975085855718   303.34723578132736
0.5712005238854289   120.02191719163277   293.15483999767446
0.5879455221237613   112.43006010473714   283.3570612139563
0.6051814074573895   105.27579742815871   274.0279320719412
0.622922570460556   98.59080692191633   265.1010547212753
0.6411838235736077   92.3416661720904   256.5508419238922
0.6599804134701901   86.49197314835303   248.35705220041473
0.6793280337869897   81.0091592803914   240.50068055380547
0.6992428382266549   75.86405915438698   232.96387473075353
0.7197414540448374   71.03053196209163   225.72985773033446
0.7408409959326054   66.48584842468607   218.78259123028513
0.7625590803058332   62.21385453578003   212.1053445258593
0.7849138400134885   58.20086934253673   205.68185119044838
0.8079239394770964   54.43359966895969   199.49694732863978
0.8316085902740278   50.899159636158764   193.53649392994728
0.8559875671776167   47.5850900875392   187.787304114597
0.8810812246675007   44.47937327575606   182.23707646744012
0.9069105139239728   41.570374004297335   176.8742745155693
0.9334970003205227   38.84627285693232   171.6875484380944
0.960862881429187   36.29553944192662   166.6660061857758
0.9890310055537336   33.90735377276469   161.79952934737855
1.0180248908061487   31.671566953560625   157.078725994879
1.047868744742366   29.57865917414662   152.49488330296603
1.0785874845736239   27.619700396065724   148.03992411648375
1.1102067579703248   25.786319443909512   143.706359235578
1.1427529644757777   24.070757180051043   139.48712792906463
1.1762532775476793   22.46578902922453   135.37560328488948
1.210735667245765   20.964606242555135   131.36567739955936
1.246228923584555   19.560791828398916   127.45173452219453
1.2827626805706884   18.248300270327686   123.62862274748909
1.3203674409449337   17.02143811304219   119.89162771713778
1.3590746016495152   15.87484488235535   116.23645424085616
1.3989164800420282   14.803459990318105   112.65939601534006
1.4399263408778291   13.80250798400554   109.15732443087019
1.4821384240834183   12.867503636410603   105.72741900561748
1.525587973344019   11.994236366673695   102.36713535120711
1.5703112655292182   11.178754235113383   99.07418938093564
1.6163456409812174   10.417348812095888   95.8465421483827
1.6637295346910133   9.706540901667253   92.6823891204632
1.7125025083885144   9.04306895927069   89.58046481540588
1.7627052835733923   8.423877037304317   86.54020996611305
1.814379775514258   7.84609904017761   83.56119053386784
1.8675691282445197   7.307047186771218   80.64302949737895
1.922317750584177   6.804201482325461   77.7854002582992
1.9786713532176083   6.335199768515706   74.9880201993018
2.0366769868582977   5.897828320751573   72.25064483456272
2.0963830815323896   5.490011914761902   69.5732536777463
2.1578394870138577   5.10980425245114   66.95630115587844
2.2210975144450407   4.755382874738293   64.40023435590395
2.286209979177315   4.42504201669678   61.90540879103425
2.3532312448676476   4.117185408871515   59.47208967558491
2.4222172688678643   3.830319502370175   57.100453398567694
2.4932256489445366   3.563047094259668   54.790589188536174
2.5663156713684585   3.314062058929657   52.54265300660415
2.641548360413907   3.082145406314191   50.35725822940615
2.7189865293089923   2.866157240950257   48.23494976466908
2.798694832679631   2.6650311737807333   46.176061098848365
2.8807398205309562   2.477769801579812   44.18072726553875
2.9651899938111903   2.3034404465163107   42.24889784077939
3.05211586160442   2.1411711423095006   40.38034988519103
3.1415899999999994   1.990145717084447   38.574623017983235
