0.01   4175.20319402286   4175.014331353898
0.010293154462191829   4200.889417288758   4200.698953534823
0.010594902878253955   4224.176652795264   4223.9846224844105
0.010905497183778876   4244.939315256364   4244.745896419403
0.011225196699963396   4263.047739765507   4262.853166390535
0.011554268350120923   4278.373266411311   4278.177798453629
0.011892986882540897   4290.790952801545   4290.594873803222
0.012241635099881474   4300.172662498385   4299.9762202707425
0.012600504095286909   4306.386579616091   4306.189917603942
0.012969893495426888   4309.306580825468   4309.109733306693
0.013350111710660605   4308.810772884288   4308.613691464473
0.013741476192534558   4304.773614576087   4304.576277916192
0.014144313698828986   4297.07559830688   4296.878040432082
0.01455896056637426   4285.6067788620585   4285.409082212755
0.014985762991865008   4270.258987275824   4270.061148632803
0.01542507732090645   4250.927955978596   4250.729767931163
0.015877270345534218   4227.522644421065   4227.32369627794
0.016342719610456153   4199.963338206119   4199.763032294921
0.016821813728271667   4168.175899631413   4167.973488085679
0.017314952703931925   4132.101444814337   4131.896045298463
0.017822548268711737   4091.699094393206   4091.4896969948118
0.01834502422397195   4046.942596842868   4046.7280101088363
0.018882816794999403   3997.8228814867625   3997.601703900574
0.019436374995219892   3944.352330749458   3944.122973969127
0.02000616100108813   3886.56709667537   3886.3278569849926
0.020592650537967844   3824.5296178042327   3824.278807055891
0.021196333277324068   3758.3256848485407   3758.061666465146
0.02181771324555934   3688.0659201398976   3687.787150056557
0.022457309244835088   3613.9012340292907   3613.6064718396265
0.02311565528622961   3536.0130156041782   3535.7014298612016
0.023793301035594242   3454.6024090036512   3454.273569108908
0.024490812272480036   3369.9106335623046   3369.5647478429273
0.025208771362518027   3282.2328075340397   3281.8711323892576
0.0259477777436476   3191.8774555765253   3191.5022395674514
0.02670844842659881   3099.1704116520214   3098.7848330361035
0.027491418510046592   3004.5118507011352   3004.1202603158595
0.028297341710866907   2908.3239708929127   2907.931863257883
0.029126890909937666   2811.016852341758   2810.630662623982
0.029980758713939952   2713.049636258051   2712.676729412501
0.030859658033628758   2614.944441678437   2614.5931548567137
0.031764322679055976   2517.1877343331976   2516.8671377174755
0.03269550797224261   2420.2472600881047   2419.9668995804095
0.033653991377811755   2324.6725156152906   2324.442134227843
0.03464057315210884   2230.98521643779   2230.8145609826634
0.03565607701135116   2139.6371793034727   2139.535833830515
0.036701350819364466   2051.1066475361526   2051.083127247581
0.03777726729548091   1965.894857617116   1965.9558221785173
0.038884724743189276   1884.4160206681124   1884.566498355285
0.04002464780014597   1807.0105516067808   1807.2537562239781
0.041197988210172884   1733.9823070931268   1734.3182115046934
0.04240572561788674   1665.5735721240958   1665.9990972408302
0.04364886838662332   1601.9674104901585   1602.4768617368773
0.04492845444033957   1543.3242749434348   1543.9067758074546
0.04624555213019635   1489.7861651587516   1490.4238667474917
0.04760126112654554   1441.462101406236   1442.1311174026612
0.04899671333706607   1398.2343721732004   1398.9062262561595
0.05043307385181555   1359.6049333410351   1360.2482832434596
0.05191154191598653   1325.0896504865377   1325.67046985117
0.053433351931179485   1294.2179532292116   1294.6994430559093
0.05499977448602865   1266.4874909043622   1266.8299428093087
0.05661211741704101   1241.4288745119593   1241.5897388748506
0.05827172690053434   1218.448159380447   1218.384705954817
0.05997998857658587   1196.8185951622975   1196.4908338228665
0.06173832870592997   1175.803411478009   1175.1757317759302
0.0635482153607709   1154.4370522084168   1153.4856727624974
0.06541115965050462   1131.7286580564196   1130.4445951044827
0.06732871698337338   1106.6994225088813   1105.0940227940916
0.06930248836510605   1078.4100512054306   1076.5196306890582
0.07133412173562886   1046.1506192791805   1044.0373367194427
0.07342531334496233   1009.5308823887491   1007.2834104186031
0.07557780916945323   968.4864715245093   966.213815818615
0.07779340636952398   923.4387454300249   921.2606624971243
0.08007395479015682   875.0288264792581   873.0710178477674
0.08242135850536496   824.1297974137954   822.5215243586558
0.08483757740794096   771.811948186017   770.6731487124221
0.08732462884580919   719.3440284046638   718.7717535183473
0.08988458930634863   668.0721682055981   668.1321729565854
0.09251959615009227   619.3332657776751   620.0530969421606
0.09523184939525078   574.5307382984786   575.8772915914585
0.09802361355455057   534.7912867880725   536.6777144406468
0.10089721952591899   500.9040855287205   503.19185433258855
0.10385506653859616   473.290707151911   475.79880292848634
0.10689962415629803   451.73646171182077   454.2415318013903
0.11003343433910281   435.69672075287417   437.95576183820356
0.11325911356578279   424.139092812241   425.9377807868518
0.11657935501835284   415.78247624068047   416.9435293669465
0.11999693083066039   409.0923091749061   409.49001721538815
0.12351469440289359   402.38808012477966   401.98992613670544
0.12713558278394044   394.05146737647226   392.9371678601731
0.13086261912358757   382.7307680838543   381.0907702356416
0.13469891519660646   367.6056472444733   365.72305244872393
0.13864767400083483   348.47683733334793   346.7114737489401
0.14271219243142114   325.84208021945517   324.58640415477913
0.14689586403346616   300.94997265846735   300.5184214117682
0.1512021818353596   275.6912472107475   276.27167991801736
0.15563474126517718   252.13624659723862   253.7359990308253
0.16019724315257297   231.95360691664396   234.3820961944184
0.1648934968186736   215.99891803332665   218.93199202752956
0.1697274232565544   204.3523907700768   207.40944413542195
0.17470305840495237   196.54299134725755   199.2980171477095
0.17982455651794954   191.54101680666432   193.6621013037477
0.18509619363343993   187.6765499215138   189.0046680178211
0.19052237114327647   183.0715302063782   183.6918991102444
0.19610761946807834   176.35260312838213   176.5718885353909
0.20185660183976684   167.03968939397606   167.28687541455426
0.20777411819498756   155.51747008282462   156.2386180671279
0.21386510918267082   142.94542428397583   144.47093407405058
0.22013466028907505   130.93351705806785   133.29332073622533
0.22658800608375756   120.84739643394697   123.82581253142875
0.23323053459001789   113.33628565593337   116.51441898292282
0.2400677917834628   108.24084143834249   111.21239081488821
0.24710548622244882   104.60283756704197   107.06944751550473
0.25434949381426813   101.06978447226945   103.0129932345946
0.2618058627210567   96.6120197649219   98.28471403358637
0.2694808184095226   90.86123044712203   92.6313141761441
0.27738076884870827   84.21663658699535   86.41990688449737
0.2855123098601282   77.68525006626778   80.38994991070226
0.29388223062474755   72.1812133074795   75.21096506254713
0.3024975193514008   68.01760098858097   71.04555882229201
0.31136536911138296   64.87037326972327   67.63839595655034
0.3204931838440838   61.97771866928433   64.44861164408617
0.32988858453867975   58.68513284040803   61.033393093728634
0.3395594155970457   54.89527201513322   57.3623110876891
0.34951375138319807   50.995546045160296   53.70892258793009
0.3597599029647371   47.518875462909385   50.40738591578087
0.37030642505191835   44.70354122282481   47.56380991129444
0.3811621231401457   42.336865125669775   45.04527762419495
0.3923360608618501   40.01908573133292   42.609976642867586
0.4038375675538918   37.54441389431888   40.14335595878882
0.41567624604680364   35.030316290223325   37.721609984960324
0.42786198068238046   32.7365002877516   35.48742296057724
0.4404049455663077   30.762040734921662   33.476736215016054
0.4533156130627191   28.97559997219155   31.608180033985867
0.4666047625377753   27.20857796010102   29.804509209462815
0.4802834893595659   25.448193523930243   28.060674300456302
0.49436321416184764   23.800676117628914   26.423316915297182
0.5088556923793517   22.321670395437156   24.912899427947135
0.5237730240626238   20.9521692952801   23.496795577211767
0.5391276639805903   19.626945800965352   22.146018045769253
0.5549324320192869   18.358757439027332   20.866950055577664
0.5712005238854289   17.18626735388785   19.66991449600027
0.5879455221237613   16.10179236669244   18.54855274089419
0.6051814074573895   15.073147853547093   17.488440023052892
0.622922570460556   14.09871412954685   16.48747881626965
0.6411838235736077   13.19036385675118   15.547868190015157
0.6599804134701901   12.342286938973952   14.664795178544784
0.6793280337869897   11.545280928758714   13.833101889080742
0.6992428382266549   10.796545594599777   13.049890735096657
0.7197414540448374   10.09366498914425   12.312501923803016
0.7408409959326054   9.434284905405423   11.618399203418253
0.7625590803058332   8.816118502332328   10.965166635366865
0.7849138400134885   8.236950851067366   10.350505164218479
0.8079239394770964   7.694641993591544   9.772228829683316
0.8316085902740278   7.187059045995192   9.228232931068854
0.8559875671776167   6.712030876662741   8.716469605434169
0.8810812246675007   6.267503831019572   8.235004057102815
0.9069105139239728   5.851553653574161   7.7820158955464125
0.9334970003205227   5.462377206022008   7.355792704222254
0.960862881429187   5.098284731381872   6.954723933761944
0.9890310055537336   4.7576926267965485   6.577295106891844
1.0180248908061487   4.439123145859616   6.222084341497068
1.047868744742366   4.14121314139494   5.887762062080434
1.0785874845736239   3.8626841790765956   5.573078862947954
1.1102067579703248   3.602331645739251   5.27685908238397
1.1427529644757777   3.359020926029347   4.997996687178309
1.1762532775476793   3.1316837413315644   4.735451359638305
1.210735667245765   2.9193146470206464   4.488244779973321
1.246228923584555   2.7209670765755094   4.2554558795939625
1.2827626805706884   2.535746674709456   4.036210309756767
1.3203674409449337   2.3628118222476844   3.8296839288996023
1.3590746016495152   2.2013727820017173   3.6351039688739664
1.3989164800420282   2.0506886640335433   3.451745845279328
1.4399263408778291   1.9100645474571767   3.2789301432761717
1.4821384240834183   1.7788487613824489   3.116019789026427
1.525587973344019   1.656430342969436   2.962416959056236
1.5703112655292182   1.5422369732640044   2.817554363899736
1.6163456409812174   1.4357324851998599   2.6808957425985147
1.6637295346910133   1.336414351464662   2.5519395538167347
1.7125025083885144   1.243811667817311   2.4302167807744626
1.7627052835733923   1.1574832588448467   2.315288727476798
1.814379775514258   1.0770158898505773   2.2067449696433847
1.8675691282445197   1.0020225780676222   2.104201328100431
1.922317750584177   0.9321409385791477   2.007292599912272
1.9786713532176083   0.867031679771038   1.9156698731060426
2.0366769868582977   0.806377288033997   1.829007380357405
2.0963830815323896   0.7498806949650033   1.7470014259646647
2.1578394870138577   0.6972640144894743   1.6693687680332177
2.2210975144450407   0.6482673538526582   1.5958451275058982
2.286209979177315   0.6026476943115644   1.5261838072356437
2.3532312448676476   0.5601777680695434   1.4601516195028341
2.4222172688678643   0.5206449885196142   1.3975240342481858
2.4932256489445366   0.4838507068124814   1.3380911309207144
2.5663156713684585   0.4496093568127858   1.2816576439610943
2.641548360413907   0.4177476207082546   1.2280418378193974
2.7189865293089923   0.3881036457741386   1.1770744758883709
2.798694832679631   0.3605263093097109   1.128597874929683
2.8807398205309562   0.33487458050657015   1.0824642988616455
2.9651899938111903   0.3110170430187587   1.0385325317351173
3.05211586160442   0.2888310548020643   0.9966701539711752
3.1415899999999994   0.2682021065541289   0.9567539845455496
