0.01   1865.2716561380525   1865.2206969118586
0.010293154462191829   1880.5142636811972   1880.4626583067245
0.010594902878253955   1894.793848269752   1894.7417172287055
0.010905497183778876   1908.049655556597   1907.9972341495215
0.011225196699963396   1920.2184510712138   1920.1658961915196
0.011554268350120923   1931.2369128083574   1931.1842445016518
0.011892986882540897   1941.0426383522065   1940.9897413207898
0.012241635099881474   1949.5711545557867   1949.5178883004908
0.012600504095286909   1956.756188387885   1956.7025002492314
0.012969893495426888   1962.5333061705269   1962.4792379806104
0.013350111710660605   1966.8393477359903   1966.785010269026
0.013741476192534558   1969.6100107432817   1969.555489754407
0.014144313698828986   1970.7833313054853   1970.7286662947236
0.01455896056637426   1970.3007888863463   1970.2459735130785
0.014985762991865008   1968.104469508746   1968.0494624099622
0.01542507732090645   1964.138267967537   1964.0830017743958
0.015877270345534218   1958.3511614312754   1958.2955436988914
0.016342719610456153   1950.6969718396322   1950.640874831092
0.016821813728271667   1941.1334355233475   1941.076667040199
0.017314952703931925   1929.6246462822087   1929.5669470769171
0.017822548268711737   1916.1419711876777   1916.0830218148162
0.01834502422397195   1900.6647872914002   1900.6042510141594
0.018882816794999403   1883.180793495065   1883.1183443901873
0.019436374995219892   1863.6862158524789   1863.6215419217776
0.02000616100108813   1842.188610174601   1842.1214159260894
0.020592650537967844   1818.7098472515006   1818.6398560932432
0.021196333277324068   1793.2813770393977   1793.2083338093405
0.02181771324555934   1765.9450821474209   1765.8687611530984
0.022457309244835088   1736.7644855992262   1736.6847399087044
0.02311565528622961   1705.8173707344076   1705.7341541356784
0.023793301035594242   1673.1887773898075   1673.1021411494735
0.024490812272480036   1638.9832260548772   1638.893393345692
0.025208771362518027   1603.3319302093598   1603.239417100531
0.0259477777436476   1566.3706307468544   1566.2762316800922
0.02670844842659881   1528.2425134362484   1528.1472686050627
0.027491418510046592   1489.1293380006555   1489.034489696383
0.028297341710866907   1449.2231067610667   1449.1300625623685
0.029126890909937666   1408.7089182913514   1408.6192200770367
0.029980758713939952   1367.79057984685   1367.7059157209105
0.030859658033628758   1326.6957026700704   1326.617929699099
0.031764322679055976   1285.636845381687   1285.5679537432175
0.03269550797224261   1244.8230402190027   1244.7650701555397
0.033653991377811755   1204.515586892072   1204.4703776692263
0.03464057315210884   1164.968526425894   1164.9376571543064
0.03565607701135116   1126.403914847199   1126.38872630417
0.036701350819364466   1088.9977380286743   1088.9993298920815
0.03777726729548091   1052.883016922387   1052.9022471764545
0.038884724743189276   1018.1708425379844   1018.208359051024
0.04002464780014597   984.9895313666618   985.0455134622902
0.041197988210172884   953.5841183891279   953.6572392540265
0.04240572561788674   924.1966524793095   924.2840282393302
0.04364886838662332   897.0133343933073   897.110765606927
0.04492845444033957   871.9836219224333   872.0860331597952
0.04624555213019635   848.94056807609   849.042247158675
0.04760126112654554   827.7292987125829   827.82392231109
0.04899671333706607   808.184000497398   808.2644770829846
0.05043307385181555   790.1392084796522   790.1976073798393
0.05191154191598653   773.424501411734   773.4521960509578
0.053433351931179485   757.7879085746395   757.7761254784183
0.05499977448602865   742.9668360581935   742.9068390441959
0.05661211741704101   728.6632328198938   728.5468674486447
0.05827172690053434   714.5226597376653   714.3431258638393
0.05997998857658587   700.1884257373359   699.9407008737865
0.06173832870592997   685.2348611143328   684.9171653403611
0.0635482153607709   669.2491981703582   668.8635393665086
0.06541115965050462   651.8579908227183   651.4117970658764
0.06732871698337338   632.7452949259552   632.2518929299116
0.06930248836510605   611.7342907165532   611.2119308340679
0.07133412173562886   588.7728296606002   588.2436486184228
0.07342531334496233   564.0075408957313   563.4971262026055
0.07557780916945323   537.7261270739   537.2623532368708
0.07779340636952398   510.36664237392944   509.9766766699412
0.08007395479015682   482.4363878537554   482.1447960641306
0.08242135850536496   454.51579705825344   454.34312770897026
0.08483757740794096   427.2162880799588   427.1762061238264
0.08732462884580919   401.16903239198984   401.265410649561
0.08988458930634863   376.95383960234756   377.17990714317733
0.09251959615009227   355.12085110537333   355.4579229549157
0.09523184939525078   336.04842582422356   336.4650864670832
0.09802361355455057   319.95767475806724   320.40918617001853
0.10089721952591899   306.78841390464845   307.2243130761207
0.10385506653859616   296.2841297498339   296.65225325737157
0.10689962415629803   287.9255019312291   288.1745920901351
0.11003343433910281   281.0600035257121   281.1470609984075
0.11325911356578279   274.90985121727306   274.81044601701115
0.11657935501835284   268.6554410413532   268.3663024934363
0.11999693083066039   261.5278462025373   261.0709027882652
0.12351469440289359   252.90680306303344   252.33154484318248
0.12713558278394044   242.45274048709035   241.8277704535205
0.13086261912358757   230.15953701488684   229.5707237817704
0.13469891519660646   216.36286301177378   215.8994419695007
0.13864767400083483   201.70622524970753   201.43556333424857
0.14271219243142114   187.0767589722953   187.04004369065856
0.14689586403346616   173.45194225799793   173.64703652649874
0.1512021818353596   161.6546544188203   162.02923160005966
0.15563474126517718   152.13149742930966   152.602300401639
0.16019724315257297   144.88026309265808   145.34656369961453
0.1648934968186736   139.53625542130922   139.89402635509526
0.1697274232565544   135.4749487238221   135.65266714832467
0.17470305840495237   131.8524775202239   131.82082947188735
0.17982455651794954   127.73844878160413   127.52807848416583
0.18509619363343993   122.44443462794973   122.14768775971135
0.19052237114327647   115.80840179258372   115.55204476536865
0.19610761946807834   108.18290520777477   108.07720575876782
0.20185660183976684   100.25265615710154   100.36412540434351
0.20777411819498756   92.8477449961954   93.17630554309011
0.21386510918267082   86.64316997631843   87.11456190067507
0.22013466028907505   81.90591099562911   82.40934207649534
0.22658800608375756   78.42574674637078   78.84287552716394
0.23323053459001789   75.62024470684824   75.891010555333
0.2400677917834628   72.7388068457118   72.87772148551663
0.24710548622244882   69.24137234748818   69.33764905818423
0.25434949381426813   65.05868448874371   65.2219837275719
0.2618058627210567   60.53527786810921   60.85568265260535
0.2694808184095226   56.24572565239171   56.720645113321666
0.27738076884870827   52.672426422284204   53.235663134993075
0.2855123098601282   49.90069808396195   50.44905404318656
0.29388223062474755   47.638972102187374   48.10621873410421
0.3024975193514008   45.42599810857734   45.816998785505135
0.31136536911138296   42.92629416575514   43.31408463382727
0.3204931838440838   40.16953096883377   40.63347548968238
0.32988858453867975   37.45945641748476   38.01918131991373
0.3395594155970457   35.09545912975342   35.70927492601965
0.34951375138319807   33.151228850845904   33.7529922749639
0.3597599029647371   31.43519068430975   31.991985184707392
0.37030642505191835   29.696191647277303   30.233823738090248
0.3811621231401457   27.85865325097473   28.426487474850045
0.3923360608618501   26.050222525186197   26.66816851663215
0.4038375675538918   24.433692224015054   25.0757446331942
0.41567624604680364   23.026569284328417   23.6573834249409
0.42786198068238046   21.713578836364345   22.32628547336378
0.4404049455663077   20.395571737863698   21.01307085874027
0.4533156130627191   19.101026043923795   19.742121198620907
0.4666047625377753   17.909143345101178   18.563107127589124
0.4802834893595659   16.834887508244886   17.482747713829884
0.49436321416184764   15.821267088148876   16.462714185949647
0.5088556923793517   14.833859226328117   15.480304574620883
0.5237730240626238   13.897279085472626   14.551359813613129
0.5391276639805903   13.035247024605328   13.688433584184242
0.5549324320192869   12.230868299798255   12.879182094715395
0.5712005238854289   11.46233157927263   12.110383767697924
0.5879455221237613   10.735946899829028   11.384879435744082
0.6051814074573895   10.060140289766299   10.7062798320857
0.622922570460556   9.4257602177287   10.06815381146346
0.6411838235736077   8.828414207812264   9.46707022919736
0.6599804134701901   8.26639140183477   8.901159276334953
0.6793280337869897   7.738013760060976   8.368616167994753
0.6992428382266549   7.241634799130591   7.867698633620116
0.7197414540448374   6.7756450766703535   7.3967282046392615
0.7408409959326054   6.338475853361066   6.954090418134236
0.7625590803058332   5.928535073448491   6.538193148411472
0.7849138400134885   5.544187553609415   6.147451159675963
0.8079239394770964   5.183882744413822   5.780362485361563
0.8316085902740278   4.84616203272403   5.435511569523181
0.8559875671776167   4.529653343509714   5.111564639451663
0.8810812246675007   4.233066059921933   4.8072652941736775
0.9069105139239728   3.95518624253733   4.521430301625287
0.9334970003205227   3.6948726255308815   4.252946041464946
0.960862881429187   3.451062309916474   4.000773674967204
0.9890310055537336   3.222763258243777   3.763942677068848
1.0180248908061487   3.0090389894171916   3.5415370875913212
1.047868744742366   2.809005369083265   3.332692431486409
1.0785874845736239   2.6218280215341694   3.136593187366898
1.1102067579703248   2.4467198427719743   2.9524703439163713
1.1427529644757777   2.2829386129468077   2.779599044918328
1.1762532775476793   2.129784472628177   2.617296311211057
1.210735667245765   1.9865958129972106   2.4649187639135084
1.246228923584555   1.8527487704029786   2.321860612452991
1.2827626805706884   1.7276566200841672   2.187551723953803
1.3203674409449337   1.6107677249720156   2.061455701377836
1.3590746016495152   1.5015635707986723   1.943068045730707
1.3989164800420282   1.3995569013623916   1.8319144014255018
1.4399263408778291   1.3042899495633409   1.727548882786608
1.4821384240834183   1.215332791263889   1.6295524086020008
1.525587973344019   1.132281869396202   1.5375309178619543
1.5703112655292182   1.0547583398254519   1.4511142469348064
1.6163456409812174   0.9824065925732202   1.369954877840008
1.6637295346910133   0.914892910111497   1.2937266198458384
1.7125025083885144   0.8519041968153821   1.2221233598656516
1.7627052835733923   0.793146776245328   1.154857878967426
1.814379775514258   0.7383452529772003   1.0916607319861407
1.8675691282445197   0.6872413386308189   1.0322789333364977
1.922317750584177   0.6395926971953212   0.9764745712606757
1.9786713532176083   0.5951722690925466   0.9240245796481202
2.0366769868582977   0.553767401554621   0.8747199577741503
2.0963830815323896   0.515178973933957   0.8283648977120955
2.1578394870138577   0.4792205731620426   0.7847759634262463
2.2210975144450407   0.44571771669924176   0.7437813187775126
2.286209979177315   0.41450712300977255   0.7052199652029826
2.3532312448676476   0.3854361842608481   0.6689386969326576
2.4222172688678643   0.35836235642558684   0.6347906277463992
2.4932256489445366   0.3331522556730548   0.6026386746947227
2.5663156713684585   0.30968107470862954   0.5723552113053112
2.641548360413907   0.2878320591954791   0.5438213756293491
2.7189865293089923   0.26749601386021155   0.516926431560412
2.798694832679631   0.24857083678234884   0.4915671791367621
2.8807398205309562   0.23096105281518262   0.467647530223988
2.9651899938111903   0.21457688961423152   0.44508029826699214
3.05211586160442   0.19933410239798888   0.4237860536506996
3.1415899999999994   0.18515418411950121   0.4036902054665835
