0.01   4190.693087053304   4190.55044952999
0.010293154462191829   4223.821249633825   4223.676541003035
0.010594902878253955   4254.489970107344   4254.343633178241
0.010905497183778876   4282.542905167405   4282.395416110003
0.011225196699963396   4307.81650483292   4307.66811581533
0.011554268350120923   4330.149293762967   4330.000009043562
0.011892986882540897   4349.380828993873   4349.230453426642
0.012241635099881474   4365.342587129704   4365.190987686718
0.012600504095286909   4377.86753580736   4377.714724385865
0.012969893495426888   4386.794696140585   4386.6408271260825
0.013350111710660605   4391.960801867609   4391.80604846045
0.013741476192534558   4393.200623827155   4393.045042210849
0.014144313698828986   4390.358483572334   4390.202005944571
0.01455896056637426   4383.286511659783   4383.128930106939
0.014985762991865008   4371.83522455135   4371.6761258474635
0.01542507732090645   4355.86611742431   4355.704871345172
0.015877270345534218   4335.256392920138   4335.092162729381
0.016342719610456153   4309.891898609545   4309.7237058393675
0.016821813728271667   4279.669799581954   4279.496584410604
0.017314952703931925   4244.508243259184   4244.3288780136245
0.017822548268711737   4204.346283816466   4204.159494526097
0.01834502422397195   4159.141232475069   4158.94532615523
0.018882816794999403   4108.87506864929   4108.667910588526
0.019436374995219892   4053.5572216335395   4053.3363016142052
0.02000616100108813   3993.2300056442077   3992.9928060734405
0.020592650537967844   3927.967853219926   3927.712118894576
0.021196333277324068   3857.8741138052105   3857.597875002558
0.02181771324555934   3783.0912800342744   3782.792924379745
0.022457309244835088   3703.8159341447417   3703.4943601317505
0.02311565528622961   3620.2739786835095   3619.9286080255256
0.023793301035594242   3532.7195394841297   3532.350349927052
0.024490812272480036   3441.4772899708505   3441.0853426415106
0.025208771362518027   3346.9163971259477   3346.5040765586546
0.0259477777436476   3249.4159297075294   3248.9868018556103
0.02670844842659881   3149.40692404553   3148.965823798856
0.027491418510046592   3047.412893994094   3046.966237872574
0.028297341710866907   2943.951403392739   2943.5069773939786
0.029126890909937666   2839.5312652292623   2839.097975502742
0.029980758713939952   2734.7500712104575   2734.337966433944
0.030859658033628758   2630.2159426442545   2629.8360478249383
0.031764322679055976   2526.4811547348913   2526.1451476861903
0.03269550797224261   2424.1540063800717   2423.8736192761753
0.033653991377811755   2323.9603289495103   2323.746634493317
0.03464057315210884   2226.5382723060584   2226.4015834072047
0.03565607701135116   2132.4218518778484   2132.3716614643718
0.036701350819364466   2042.0476610844885   2042.0922815693912
0.03777726729548091   1955.7646209808083   1955.9111647948384
0.038884724743189276   1873.848729039786   1874.1032362783105
0.04002464780014597   1796.7440044723464   1797.1084887185962
0.041197988210172884   1725.131239735067   1725.60003924181
0.04240572561788674   1659.585233594044   1660.1461431157395
0.04364886838662332   1600.4154675500486   1601.0509269416393
0.04492845444033957   1547.3558607490581   1548.0436424394534
0.04624555213019635   1500.063374820806   1500.7770772541458
0.04760126112654554   1458.2135977520181   1458.9225882108344
0.04899671333706607   1421.440956121843   1422.109266605772
0.05043307385181555   1389.4101306583716   1389.9963008717132
0.05191154191598653   1361.6929242826363   1362.1506524116714
0.053433351931179485   1337.6630196964122   1337.9422479181706
0.05499977448602865   1316.7015990821828   1316.7488894562255
0.05661211741704101   1297.9772202068991   1297.7400267003386
0.05827172690053434   1280.5603157169305   1279.9896404278431
0.05997998857658587   1263.4057814829443   1262.4610178368494
0.06173832870592997   1245.2621226489714   1243.9188174465862
0.0635482153607709   1224.89353340194   1223.1469675592987
0.06541115965050462   1201.051426078258   1198.92363327894
0.06732871698337338   1172.64598463109   1170.1873449557786
0.06930248836510605   1138.9478737078935   1136.2379302457343
0.07133412173562886   1099.5305958602441   1096.6770467642466
0.07342531334496233   1054.4230009680214   1051.5634381472769
0.07557780916945323   1004.0337314783816   1001.3242927129761
0.07779340636952398   949.2676441414275   946.8633722268316
0.08007395479015682   891.3106135655087   889.3634874021967
0.08242135850536496   831.5884753251942   830.2469886703251
0.08483757740794096   771.8476727535998   771.2264660171554
0.08732462884580919   713.8340806651139   714.0002764670072
0.08988458930634863   659.4149238987712   660.3724475650371
0.09251959615009227   610.2457327464873   611.9374196878904
0.09523184939525078   567.6429423907022   569.941656898412
0.09802361355455057   532.4565297799868   535.1744527987199
0.10089721952591899   504.89258951384164   507.7832698541747
0.10385506653859616   484.6510485883421   487.4369141204146
0.10689962415629803   470.8934770072559   473.2968594489841
0.11003343433910281   462.3070949269753   464.0648044593356
0.11325911356578279   457.2189364201375   458.10671292021516
0.11657935501835284   453.56419012578823   453.44833147061473
0.11999693083066039   449.1259934856651   447.99739567487825
0.12351469440289359   441.7688829237921   439.7650546396105
0.12713558278394044   429.77166375080924   427.1784655793989
0.13086261912358757   412.14542905856706   409.3823235354889
0.13469891519660646   388.8579528902347   386.41742094886007
0.13864767400083483   360.995577247595   359.36075086918834
0.14271219243142114   330.71057858412547   330.2574477021983
0.14689586403346616   300.79993426260864   301.68693627479547
0.1512021818353596   273.91784258245326   276.04980783488924
0.15563474126517718   251.90596887290386   254.969724773811
0.16019724315257297   235.62168429032707   239.15881193501272
0.1648934968186736   225.0527657384527   228.52295074129285
0.1697274232565544   219.31720720206567   222.18683979069542
0.17470305840495237   216.5660991274677   218.4399464775903
0.17982455651794954   214.25083902839748   215.01007969094456
0.18509619363343993   209.9195563133368   209.81346606247075
0.19052237114327647   201.94529468689024   201.48132534731764
0.19610761946807834   189.9527001905287   189.7754426786789
0.20185660183976684   174.9696937771627   175.7240881552815
0.20777411819498756   159.18224875457273   161.14683081596496
0.21386510918267082   145.00667211759267   148.08173115648705
0.22013466028907505   134.14820324403453   137.8720139457538
0.22658800608375756   127.15439457057104   130.91546427936598
0.23323053459001789   123.25166390121332   126.43848052996087
0.2400677917834628   120.63384406885575   122.97362371654118
0.24710548622244882   117.30381148147443   118.93792818733247
0.25434949381426813   111.89043945760314   113.34205840329439
0.2618058627210567   104.24652439524236   106.11585896139583
0.2694808184095226   95.61091718620898   98.28936201712725
0.27738076884870827   87.75575143643046   91.15749676220774
0.2855123098601282   81.87688805677708   85.5849628265745
0.29388223062474755   78.08264437756816   81.5623061732063
0.3024975193514008   75.39798998265447   78.34440481695223
0.31136536911138296   72.43393676173493   74.95263531261243
0.3204931838440838   68.37060837389734   70.88150228432083
0.32988858453867975   63.43047227858431   66.3172236056428
0.3395594155970457   58.602766873259895   61.92554893727369
0.34951375138319807   54.774655987181056   58.26930093346979
0.3597599029647371   52.020571143848464   55.33930627048253
0.37030642505191835   49.67415203382756   52.68307306953282
0.3811621231401457   47.01118436155427   49.896302003623084
0.3923360608618501   43.893553923366404   46.9331658115301
0.4038375675538918   40.811124596443406   44.06108648149535
0.41567624604680364   38.251781742283725   41.54740256211279
0.42786198068238046   36.19893424399043   39.36492831828699
0.4404049455663077   34.239146046862075   37.270665863628494
0.4533156130627191   32.113090549496484   35.16351636134944
0.4666047625377753   29.97187518603645   33.1121694578243
0.4802834893595659   28.0887830337074   31.23841970576731
0.49436321416184764   26.467730297961264   29.540805141770033
0.5088556923793517   24.90455816744433   27.917056484137508
0.5237730240626238   23.31774558463083   26.335894195529274
0.5391276639805903   21.820896381979807   24.84856172126079
0.5549324320192869   20.48812456260097   23.473267582859577
0.5712005238854289   19.243814136540415   22.181022410795194
0.5879455221237613   18.025909965093895   20.941768656886186
0.6051814074573895   16.876293055674005   19.771512691294344
0.622922570460556   15.806808308332101   18.67341701190881
0.6411838235736077   14.80942470779322   17.641893409874726
0.6599804134701901   13.876982592979257   16.671813275690248
0.6793280337869897   13.003214704750153   15.758521668333646
0.6992428382266549   12.182635172866085   14.897789955532286
0.7197414540448374   11.410470826478054   14.085786812746166
0.7408409959326054   10.683401219898357   13.319448196817326
0.7625590803058332   9.99939014157092   12.596417629974717
0.7849138400134885   9.356478558255079   11.914461793819179
0.8079239394770964   8.752723652310028   11.271435509750999
0.8316085902740278   8.18620887799324   10.6652814253157
0.8559875671776167   7.655052611512251   10.094029282408936
0.8810812246675007   7.157414715478249   9.555794432038706
0.9069105139239728   6.691405191375021   9.048726894228828
0.9334970003205227   6.255028885953507   8.570975333282
0.960862881429187   5.846397301600574   8.12078769920064
0.9890310055537336   5.4637461953503825   7.696517843085265
1.0180248908061487   5.105426949513184   7.296619187286556
1.047868744742366   4.769898578969319   6.919638760545133
1.0785874845736239   4.455720327031129   6.564211579121034
1.1102067579703248   4.1615558501125065   6.2290590600285904
1.1427529644757777   3.8861880117986756   5.912991557678126
1.1762532775476793   3.628475963909756   5.614891803345296
1.210735667245765   3.387342741197521   5.333708023175711
1.246228923584555   3.161772140492389   5.068450237047224
1.2827626805706884   2.9508057141145927   4.8181867493797235
1.3203674409449337   2.7535398766718067   4.582040823788203
1.3590746016495152   2.569121982852841   4.359184836174785
1.3989164800420282   2.3967427727092185   4.148825242454369
1.4399263408778291   2.2356396192550596   3.9502125240478105
1.4821384240834183   2.0850965080599915   3.762644410289309
1.525587973344019   1.9444413129489215   3.585462808940384
1.5703112655292182   1.8130432187577878   3.4180509323435695
1.6163456409812174   1.6903102875234   3.259830615034424
1.6637295346910133   1.5756872475911141   3.1102588498833748
1.7125025083885144   1.4686540983382452   2.9688165851067865
1.7627052835733923   1.3687234496662966   2.8350124436555957
1.814379775514258   1.2754379958360662   2.7083872677426792
1.8675691282445197   1.1883687460230279   2.5885119404625536
1.922317750584177   1.1071133597620544   2.4749852788018463
1.9786713532176083   1.0312945734604044   2.3674320834968525
2.0366769868582977   0.9605586962394521   2.265500932661766
2.0963830815323896   0.8945738565277588   2.1688541308010287
2.1578394870138577   0.8330288019250679   2.0771680079956933
2.2210975144450407   0.7756320562586797   1.9901408385242605
2.286209979177315   0.7221107241946204   1.9074915675640969
2.3532312448676476   0.6722093483612429   1.8289582555652673
2.4222172688678643   0.6256888337117673   1.7542966496497447
2.4932256489445366   0.5823254395650181   1.6832788236295257
2.5663156713684585   0.5419100899713807   1.6156888967036696
2.641548360413907   0.5042475421862903   1.5513206538112156
2.7189865293089923   0.46915507287443164   1.4899817021342767
2.798694832679631   0.43646167235800853   1.4314928875456594
2.8807398205309562   0.40600732841697307   1.37568729311583
2.9651899938111903   0.37764235105868665   1.3224093208015744
3.05211586160442   0.3512267354657598   1.2715138437645428
3.1415899999999994   0.32662915387388936   1.2228622392271682
