0.01   981.2723689419481   981.2384237773282
0.010293154462191829   990.9762525625292   990.9419307772582
0.010594902878253955   1000.2233053853203   1000.1885299832181
0.010905497183778876   1008.980639617989   1008.9454015940241
0.011225196699963396   1017.2153930851193   1017.1797545674704
0.011554268350120923   1024.8940643165968   1024.85812543246
0.011892986882540897   1031.981770177505   1031.9455976340635
0.012241635099881474   1038.4438300857325   1038.4074471449112
0.012600504095286909   1044.2458907861144   1044.2092811020816
0.012969893495426888   1049.352410850104   1049.3155577997406
0.013350111710660605   1053.727817539244   1053.6907235135511
0.013741476192534558   1057.3375856278815   1057.300272434272
0.014144313698828986   1060.1469542973382   1060.1094564310308
0.01455896056637426   1062.120228298184   1062.0825818718492
0.014985762991865008   1063.2232111797898   1063.185452849499
0.01542507732090645   1063.4232734669322   1063.3854376841562
0.015877270345534218   1062.6876207553628   1062.6497238899124
0.016342719610456153   1060.9850810094097   1060.9471155707029
0.016821813728271667   1058.2872393883035   1058.2491744454705
0.017314952703931925   1054.5675825824685   1054.5293703017298
0.017822548268711737   1049.8015066489538   1049.7630904651214
0.01834502422397195   1043.968001991351   1043.929317739434
0.018882816794999403   1037.0498359345236   1037.0108125891743
0.019436374995219892   1029.033147498291   1028.9937079470933
0.02000616100108813   1019.9083562241397   1019.8684182260953
0.020592650537967844   1009.6707105638948   1009.6301877032101
0.021196333277324068   998.3217228138147   998.2805226179421
0.02181771324555934   985.8692590842461   985.8272814389253
0.022457309244835088   972.3264014178404   972.2835401302788
0.02311565528622961   957.7130979437917   957.6692516707667
0.023793301035594242   942.0600043819476   942.0151089486249
0.024490812272480036   925.4037207099436   925.3577547490157
0.025208771362518027   907.786022065709   907.7390062868337
0.0259477777436476   889.2622307926947   889.2142419622575
0.02670844842659881   869.8980565437989   869.8492357458077
0.027491418510046592   849.7617609850564   849.7123080497564
0.028297341710866907   828.9304842851279   828.8806692386411
0.029126890909937666   807.5001656613074   807.4503663552674
0.029980758713939952   785.5679932770939   785.5186884772197
0.030859658033628758   763.230875094873   763.1826293695955
0.031764322679055976   740.6061346344053   740.5595876268947
0.03269550797224261   717.8186177854918   717.7744711095597
0.033653991377811755   694.9845820108526   694.9435834186517
0.03464057315210884   672.224949033148   672.187865392296
0.03565607701135116   649.6771004480042   649.6446818468338
0.036701350819364466   627.4667594056616   627.4397302419051
0.03777726729548091   605.7086899982407   605.687734124395
0.038884724743189276   584.5344452985216   584.5201197190987
0.04002464780014597   564.0717623880817   564.0644720630648
0.041197988210172884   544.4290819176673   544.4290998295068
0.04240572561788674   525.6940002703606   525.7014055597432
0.04364886838662332   507.9338159010635   507.9483953517182
0.04492845444033957   491.2028649960522   491.2241470512471
0.04624555213019635   475.5490475172456   475.576290916244
0.04760126112654554   461.03525627274837   461.06718377084877
0.04899671333706607   447.7232189759696   447.75797483863835
0.05043307385181555   435.6595168183651   435.6947383592567
0.05191154191598653   424.7703323903152   424.8033194626543
0.053433351931179485   414.89466684415123   414.922501405875
0.05499977448602865   405.88468369401045   405.90423713253875
0.05661211741704101   397.6103523736979   397.6183367438047
0.05827172690053434   389.9563836839104   389.94939417105815
0.05997998857658587   382.80826471524443   382.7828155476313
0.06173832870592997   375.99449214156573   375.947281741524
0.0635482153607709   369.32504630786923   369.25309369355926
0.06541115965050462   362.5929539150183   362.4939112529523
0.06732871698337338   355.5441605151278   355.41694033873125
0.06930248836510605   347.93513868089065   347.78010087592605
0.07133412173562886   339.52858444109313   339.34819767570303
0.07342531334496233   330.11473474641747   329.913728851103
0.07557780916945323   319.5716428642407   319.356739815907
0.07779340636952398   307.8559839171094   307.6355486568051
0.08007395479015682   295.0388599237543   294.822806420558
0.08242135850536496   281.2918628996381   281.09137195693233
0.08483757740794096   266.8445692924296   266.6706788414723
0.08732462884580919   251.9678358845678   251.83029498774417
0.08988458930634863   236.98711270368582   236.89413546209155
0.09251959615009227   222.24394936410138   222.20182853089796
0.09523184939525078   208.09738168251408   208.1088055069861
0.09802361355455057   194.89046692556855   194.9539173772103
0.10089721952591899   182.96253188641708   183.07173915166038
0.10385506653859616   172.55790262689064   172.7019036226168
0.10689962415629803   163.8236459784646   163.98544704764623
0.11003343433910281   156.7737459827914   156.9329591329036
0.11325911356578279   151.26526497096313   151.4012093458878
0.11657935501835284   147.04022211070946   147.13299691675087
0.11999693083066039   143.74252740048988   143.77431046242128
0.12351469440289359   140.94434713989193   140.90312028933266
0.12713558278394044   138.19200209501327   138.07380217286783
0.13086261912358757   135.03281191890815   134.84324538637628
0.13469891519660646   131.0970477560569   130.8516769167331
0.13864767400083483   126.14500061603255   125.86883744120082
0.14271219243142114   120.12146301472612   119.84700940483391
0.14689586403346616   113.15524506244181   112.91649988205675
0.1512021818353596   105.55178507956899   105.37814909589083
0.15563474126517718   97.77208310430231   97.68289678278349
0.16019724315257297   90.3803139396864   90.37956462489947
0.1648934968186736   83.88793723358302   83.9608138031855
0.1697274232565544   78.59833214637347   78.71556193029396
0.17470305840495237   74.56092074149406   74.68542203663714
0.17982455651794954   71.62653579814622   71.71955369595977
0.18509619363343993   69.51184804884797   69.5405093177491
0.19052237114327647   67.79592615831645   67.74164381892147
0.19610761946807834   65.95764164070327   65.8238256272018
0.20185660183976684   63.55364923205292   63.369706236522504
0.20777411819498756   60.42085437611299   60.22969340218339
0.21386510918267082   56.673236463831365   56.52026061641848
0.22013466028907505   52.616994334835304   52.53328410970704
0.22658800608375756   48.67898094338749   48.6745506550032
0.23323053459001789   45.2662263478195   45.32189715457873
0.2400677917834628   42.5922603123304   42.67167963453589
0.24710548622244882   40.62921018826629   40.688079497594465
0.25434949381426813   39.136820444625734   39.143411820693665
0.2618058627210567   37.73204561663158   37.681708541529574
0.2694808184095226   36.08689638576565   36.004587377980606
0.27738076884870827   34.09280604529503   34.01588238664778
0.2855123098601282   31.850165573718876   31.815946274652386
0.29388223062474755   29.61555292397686   29.636804444804945
0.3024975193514008   27.667221170253548   27.727858385248098
0.31136536911138296   26.115401523750286   26.182486453170718
0.3204931838440838   24.87627564105752   24.920250618140372
0.32988858453867975   23.74784971021188   23.762419250008374
0.3395594155970457   22.530810340617485   22.53265205856155
0.34951375138319807   21.17874087694909   21.19633528132833
0.3597599029647371   19.798236287734763   19.84722724986198
0.37030642505191835   18.535249604090676   18.609891928858232
0.3811621231401457   17.468113577527333   17.548051532468545
0.3923360608618501   16.548493803309686   16.61729994252693
0.4038375675538918   15.662945885898953   15.72274162359384
0.41567624604680364   14.745781660808756   14.810637319453901
0.42786198068238046   13.823201382107667   13.904137324378778
0.4404049455663077   12.966520983324031   13.061191365906865
0.4533156130627191   12.207538201322714   12.304497102060985
0.4666047625377753   11.515941996330618   11.609193138681908
0.4802834893595659   10.841419552045357   10.935677326184386
0.49436321416184764   10.177189767904753   10.278900173902763
0.5088556923793517   9.549919742744013   9.659273603308847
0.5237730240626238   8.976956295704548   9.088901928938858
0.5391276639805903   8.44413105825667   8.556051060158502
0.5549324320192869   7.932386258380096   8.046906214416557
0.5712005238854289   7.443042542021273   7.562124297870409
0.5879455221237613   6.986246550886225   7.108364988699295
0.6051814074573895   6.560970036292183   6.684343133493875
0.622922570460556   6.158200539195312   6.283208815404972
0.6411838235736077   5.77629805646286   5.903892280716503
0.6599804134701901   5.418229367314008   5.547706714429301
0.6793280337869897   5.082634600136146   5.213277201693895
0.6992428382266549   4.766742803682828   4.89846846158626
0.7197414540448374   4.46924038287785   4.602051402680556
0.7408409959326054   4.189225853861635   4.3230658832918865
0.7625590803058332   3.925823844536092   4.060589382908394
0.7849138400134885   3.678186285677449   3.813736808077716
0.8079239394770964   3.445493368144125   3.581660164824573
0.8316085902740278   3.2269542447073807   3.3635480894598393
0.8559875671776167   3.0218020170461517   3.158621905275345
0.8810812246675007   2.829260066113912   2.9661140781253814
0.9069105139239728   2.648574908135534   2.785287202604184
0.9334970003205227   2.4790370875077397   2.6154459739035225
0.960862881429187   2.319978746307386   2.455935004171491
0.9890310055537336   2.17077120660645   2.3061366648440513
1.0180248908061487   2.03082269394525   2.1654690342992153
1.047868744742366   1.8995766254710074   2.0333842906720974
1.0785874845736239   1.7765149073985216   1.9093711168603702
1.1102067579703248   1.6611528007825407   1.7929504406007013
1.1427529644757777   1.5530322714052571   1.6836698966757635
1.1762532775476793   1.4517205758301306   1.581102432688762
1.210735667245765   1.356809020943696   1.4848450592138294
1.246228923584555   1.2679117721236444   1.3945176459402084
1.2827626805706884   1.1846646745698786   1.3097617631666805
1.3203674409449337   1.1067231879705113   1.2302395560949135
1.3590746016495152   1.033761501113025   1.1556326790704272
1.3989164800420282   0.9654728249761299   1.0856412896762468
1.4399263408778291   0.9015684181011531   1.0199830688684366
1.4821384240834183   0.8417765872958577   0.9583922828340866
1.525587973344019   0.7858417392055846   0.9006188866367576
1.5703112655292182   0.7335234813243365   0.8464276740916917
1.6163456409812174   0.6845958477731873   0.7955979785947521
1.6637295346910133   0.6388465267397663   0.7479231553918746
1.7125025083885144   0.5960759356455907   0.7032088271550779
1.7627052835733923   0.5560964859514504   0.6612721165002667
1.814379775514258   0.5187319034685559   0.6219410246064487
1.8675691282445197   0.4838165841238679   0.5850538372879833
1.922317750584177   0.45119498354277326   0.5504585578602332
1.9786713532176083   0.4207210239281947   0.5180122802484589
2.0366769868582977   0.3922575240497429   0.48758053835951054
2.0963830815323896   0.3656757262378499   0.45903706838371433
2.1578394870138577   0.340854812899819   0.4322633827626744
2.2210975144450407   0.3176814404233588   0.40714831525950435
2.286209979177315   0.29604929867153806   0.3835875899333709
2.3532312448676476   0.27585869479438085   0.3614834130408257
2.4222172688678643   0.25701614213028257   0.3407442038083319
2.4932256489445366   0.23943392895869578   0.32128463122938106
2.5663156713684585   0.22302984920681387   0.303024762433995
2.641548360413907   0.20772689772598676   0.2858895646855697
2.7189865293089923   0.1934529533659245   0.26980862304250014
2.798694832679631   0.18014048046095194   0.2547158722348371
2.8807398205309562   0.16772624773070738   0.2405493422168059
2.9651899938111903   0.15615107710275145   0.22725076176921363
3.05211586160442   0.1453596830957782   0.2147642831539515
3.1415899999999994   0.13530035346281938   0.20303718044527333
