0.01   1760.1773809711817   1760.1106492320241
0.010293154462191829   1780.5861111259337   1780.518481410688
0.010594902878253955   1800.2983072627912   1800.2298303698349
0.010905497183778876   1819.2553140387945   1819.1860470309737
0.011225196699963396   1837.396747170313   1837.326750010116
0.011554268350120923   1854.6619555046573   1854.591290808465
0.011892986882540897   1870.988929494053   1870.9176536211326
0.012241635099881474   1886.313680280919   1886.2418287954063
0.012600504095286909   1900.5723948465472   1900.4999804463166
0.012969893495426888   1913.7013044860987   1913.6283177338914
0.013350111710660605   1925.6342400524115   1925.56065683707
0.013741476192534558   1936.3050498348948   1936.2308339233136
0.014144313698828986   1945.6489942025942   1945.5740973984678
0.01455896056637426   1953.6013093984625   1953.5256765938864
0.014985762991865008   1960.097372269701   1960.0209471617907
0.01542507732090645   1965.075016036294   1964.997741806756
0.015877270345534218   1968.474537249434   1968.3963393759066
0.016342719610456153   1970.237789826908   1970.1585132546534
0.016821813728271667   1970.3100356714965   1970.229431251594
0.017314952703931925   1968.640804659768   1968.5585359179413
0.017822548268711737   1965.1844350414508   1965.100158194286
0.01834502422397195   1959.9004751082748   1959.8138998753311
0.018882816794999403   1952.7540234233045   1952.6649159901158
0.019436374995219892   1943.7176960132037   1943.625842864468
0.02000616100108813   1932.7741036234286   1932.679225076108
0.020592650537967844   1919.9129079510321   1919.8146493262595
0.021196333277324068   1905.1315444435406   1905.0294966326212
0.02181771324555934   1888.4430921831902   1888.3369314550257
0.022457309244835088   1869.87185455358   1869.7614116806108
0.02311565528622961   1849.4489726053857   1849.3342305932426
0.023793301035594242   1827.2218468093909   1827.1029639241276
0.024490812272480036   1803.2591611019368   1803.1365070196644
0.025208771362518027   1777.6359035520236   1777.5100513238272
0.0259477777436476   1750.4364178175736   1750.3081373789316
0.02670844842659881   1721.7753302796057   1721.6456130472777
0.027491418510046592   1691.7776867065238   1691.6477387248449
0.028297341710866907   1660.5696210995045   1660.4408412222112
0.029126890909937666   1628.3027941130026   1628.1767822105082
0.029980758713939952   1595.153653741898   1595.0322183178587
0.030859658033628758   1561.2934592128827   1561.1785889872438
0.031764322679055976   1526.8964840354552   1526.7902889447482
0.03269550797224261   1492.1650038759888   1492.0695863873498
0.033653991377811755   1457.2964351295452   1457.2138540159926
0.03464057315210884   1422.4768542311012   1422.4091084735928
0.03565607701135116   1387.9180404275587   1387.8669588773696
0.036701350819364466   1353.8431622228961   1353.8103357791417
0.03777726729548091   1320.4551313607212   1320.4419308231995
0.038884724743189276   1287.919647160504   1287.9267631960927
0.04002464780014597   1256.3453373312948   1256.3717255002568
0.041197988210172884   1225.822958010433   1225.8658527360726
0.04240572561788674   1196.4416636468466   1196.496840641152
0.04364886838662332   1168.3578614780297   1168.420538620125
0.04492845444033957   1141.7508400163326   1141.8161197182606
0.04624555213019635   1116.775822817313   1116.8386903896426
0.04760126112654554   1093.38439973751   1093.439255980102
0.04899671333706607   1071.3196811478274   1071.3598537295006
0.05043307385181555   1050.3335591512605   1050.3513417540178
0.05191154191598653   1030.208890467854   1030.1952881348807
0.053433351931179485   1010.7586549050982   1010.7031048568632
0.05499977448602865   991.803256864404   991.6939037055806
0.05661211741704101   973.1020924393329   972.9276953707185
0.05827172690053434   954.3855618841112   954.1366589156974
0.05997998857658587   935.376091805921   935.0459093018844
0.06173832870592997   915.738577487383   915.3255745719487
0.0635482153607709   895.1516856394065   894.6599152553641
0.06541115965050462   873.2953124765587   872.7354081691227
0.06732871698337338   849.876417087662   849.2657930925212
0.06930248836510605   824.7124382684028   824.0750715653066
0.07133412173562886   797.7334747556121   797.0993641814827
0.07342531334496233   769.0341564004086   768.43614316059
0.07557780916945323   738.8931624745254   738.3633332286169
0.07779340636952398   707.7100632209642   707.2798906328101
0.08007395479015682   675.9987379629194   675.6994567019356
0.08242135850536496   644.3149791081388   644.1734717975687
0.08483757740794096   613.2251359478967   613.2607147636738
0.08732462884580919   583.2867220288916   583.5087353793899
0.08988458930634863   555.0188215943743   555.4238800570166
0.09251959615009227   528.9182879928148   529.4833393747092
0.09523184939525078   505.37230690986576   506.0571626487979
0.09802361355455057   484.6199958011622   485.37104619905284
0.10089721952591899   466.71307492481185   467.467525768731
0.10385506653859616   451.39846678640606   452.08980351429597
0.10689962415629803   438.21162173944083   438.7783292184351
0.11003343433910281   426.4615267027435   426.85763370091644
0.11325911356578279   415.36609196541355   415.56679990137366
0.11657935501835284   404.13209814604835   404.13955783038426
0.11999693083066039   392.0483934501499   391.9000767077214
0.12351469440289359   378.5878863435301   378.35279224011276
0.12713558278394044   363.47372387380005   363.24477885364206
0.13086261912358757   346.77276679490865   346.6584307316458
0.13469891519660646   328.8642220626012   328.97096399196874
0.13864767400083483   310.3674123678965   310.7836503945884
0.14271219243142114   292.05384524313524   292.8358058989992
0.14689586403346616   274.7672120014388   275.91495743581225
0.1512021818353596   259.2881682883357   260.73762310132594
0.15563474126517718   246.12445760357144   247.76685805600695
0.16019724315257297   235.3221410467347   237.02933431324456
0.1648934968186736   226.44161043880413   228.0889884234463
0.1697274232565544   218.76100897566062   220.26953757906907
0.17470305840495237   211.49441285340245   212.83578395817597
0.17982455651794954   203.8730811817267   205.09197896267924
0.18509619363343993   195.27175993749043   196.4869577459801
0.19052237114327647   185.49532281745056   186.85674812683766
0.19610761946807834   174.92608059724787   176.56668615785918
0.20185660183976684   164.2851382105592   166.28057818837533
0.20777411819498756   154.29676901868103   156.63393836593687
0.21386510918267082   145.5215741279718   148.11185314596372
0.22013466028907505   138.20581430718724   140.90989111776318
0.22658800608375756   132.12253200430465   134.80167438767182
0.23323053459001789   126.7125861216725   129.29653638596028
0.2400677917834628   121.33320070800946   123.84109822207834
0.24710548622244882   115.49867676929175   118.02845395457399
0.25434949381426813   109.15082813074942   111.82947854937275
0.2618058627210567   102.66385654602614   105.56408668722152
0.2694808184095226   96.51904015014512   99.63710609832216
0.27738076884870827   91.08111670407342   94.33400827267369
0.2855123098601282   86.43182474746268   89.7042016651327
0.29388223062474755   82.2918845046148   85.51318020697084
0.3024975193514008   78.26660958758099   81.44209117928133
0.31136536911138296   74.10959551208822   77.31087466654908
0.3204931838440838   69.8419438227639   73.13830273936601
0.32988858453867975   65.72083535592142   69.12594933812645
0.3395594155970457   61.97776227011934   65.44581607535817
0.34951375138319807   58.63754603307598   62.10225618040607
0.3597599029647371   55.55053301642109   58.9799264281969
0.37030642505191835   52.52800019877832   55.943953651025865
0.3811621231401457   49.517993481168496   52.96160704325064
0.3923360608618501   46.620003016083416   50.103336783410946
0.4038375675538918   43.93948853428716   47.436771153738164
0.41567624604680364   41.47896127802558   44.959016222169986
0.42786198068238046   39.152186311568855   42.608319968217
0.4404049455663077   36.89841894347226   40.34636891925188
0.4533156130627191   34.73261921753447   38.18429766827806
0.4666047625377753   32.703979417051535   36.14813753223754
0.4802834893595659   30.812720380256394   34.234687158843755
0.49436321416184764   29.022277280334738   32.42038335116385
0.5088556923793517   27.311052852996323   30.691054283858996
0.5237730240626238   25.691162712528435   29.052721881166402
0.5391276639805903   24.17143467005583   27.507567512150455
0.5549324320192869   22.738788800730198   26.04615200085196
0.5712005238854289   21.38037268047263   24.660151354610495
0.5879455221237613   20.096761930802288   23.348255797311012
0.6051814074573895   18.888941163583777   22.108963179637012
0.622922570460556   17.749757271244505   20.936609588152788
0.6411838235736077   16.674953780304108   19.827285831754473
0.6599804134701901   15.661653767869563   18.778463746961414
0.6793280337869897   14.706635350451256   17.786964228873593
0.6992428382266549   13.806811973038434   16.84974174440607
0.7197414540448374   12.95923999412199   15.96389924623713
0.7408409959326054   12.161113623058975   15.126682315446132
0.7625590803058332   11.409759917039015   14.335473403623366
0.7849138400134885   10.702633847727512   13.587786186763553
0.8079239394770964   10.037311371596637   12.88126283846721
0.8316085902740278   9.411478168953563   12.213677644698663
0.8559875671776167   8.822933765868049   11.582920312394583
0.8810812246675007   8.269589657604328   10.986987153782456
0.9069105139239728   7.749464382578832   10.423976600129327
0.9334970003205227   7.260678757486823   9.892084815570936
0.960862881429187   6.801451272741529   9.389601417935715
0.9890310055537336   6.370093649078967   8.914905256537262
1.0180248908061487   5.965006747744505   8.466455675077393
1.047868744742366   5.584676518627272   8.042786270283955
1.0785874845736239   5.227669636568819   7.642509792352837
1.1102067579703248   4.892629648575059   7.264315069766383
1.1427529644757777   4.578273307267468   6.90696313988233
1.1762532775476793   4.283387045714205   6.569283544402209
1.210735667245765   4.00682359068053   6.250170785912739
1.246228923584555   3.7474986568011346   5.948580136520247
1.2827626805706884   3.5043871844644694   5.663514647006268
1.3203674409449337   3.2765207541705035   5.394027289373441
1.3590746016495152   3.0629852962985287   5.1392264773050185
1.3989164800420282   2.8629183137156513   4.898273003869249
1.4399263408778291   2.6755062147493587   4.6703769647407745
1.4821384240834183   2.4999817662445887   4.454794858342887
1.525587973344019   2.33562166260124   4.250826853285376
1.5703112655292182   2.1817441213573465   4.057811268846878
1.6163456409812174   2.037706411235325   3.8751126192695486
1.6637295346910133   1.9029031081749572   3.7021309980575263
1.7125025083885144   1.7767641951890514   3.538303780961056
1.7627052835733923   1.6587531307328118   3.3831031894215187
1.814379775514258   1.5483650121859787   3.2360340197379616
1.8675691282445197   1.4451248305206805   3.0966315266339133
1.922317750584177   1.3485858099310668   2.964459325590713
1.9786713532176083   1.258327642616414   2.8390973253999
2.0366769868582977   1.1739549219011522   2.7201346304482263
2.0963830815323896   1.0950960895859418   2.6071864090213523
2.1578394870138577   1.0214021080981073   2.4998938215108004
2.2210975144450407   0.9525451656053389   2.3979220938959287
2.286209979177315   0.8882174504491233   2.30095874592868
2.3532312448676476   0.8281299915555584   2.208711960715048
2.4222172688678643   0.7720115970075896   2.1209087146867547
2.4932256489445366   0.7196082275108487   2.0372889278893465
2.5663156713684585   0.670681747754384   1.9576064129054789
2.641548360413907   0.6250086344929098   1.8816314908941572
2.7189865293089923   0.5823791261556793   1.8091498476836216
2.798694832679631   0.5425964253745643   1.7399614021111205
2.8807398205309562   0.505475943759097   1.6738792656830104
2.9651899938111903   0.47084458699066   1.6107287855971235
3.05211586160442   0.4385397387451306   1.550343420337643
3.1415899999999994   0.4084076053802266   1.4925533549315695
