0.01   19032.904051059228   19028.202156897085
0.010293154462191829   19223.802192762123   19218.67160092487
0.010594902878253955   19406.662247107204   19401.06534414421
0.010905497183778876   19580.889373490427   19574.78529121366
0.011225196699963396   19745.882615119703   19739.22717259344
0.011554268350120923   19901.01168134315   19893.75689761073
0.011892986882540897   20045.638092197507   20037.732066402004
0.012241635099881474   20179.127304048496   20170.514317232304
0.012600504095286909   20300.821754721892   20291.442392964454
0.012969893495426888   20410.038876834922   20399.830194935985
0.013350111710660605   20506.106802720486   20495.00254745814
0.013741476192534558   20588.35867432097   20576.288944913384
0.014144313698828986   20656.105466562527   20642.994740797792
0.01455896056637426   20708.671441924846   20694.43837978757
0.014985762991865008   20745.405625927386   20729.963394720533
0.01542507732090645   20765.649061106647   20748.90457222564
0.015877270345534218   20768.74762396544   20750.60112007325
0.016342719610456153   20754.087410517204   20734.433104364085
0.016821813728271667   20721.085307073718   20699.811047149105
0.017314952703931925   20669.171123104366   20646.156528118758
0.017822548268711737   20597.825936750003   20572.943022242223
0.01834502422397195   20506.591201654155   20479.705382795364
0.018882816794999403   20395.05473582171   20366.024387741432
0.019436374995219892   20262.866324849325   20231.543346385868
0.02000616100108813   20109.754884082384   20075.986403300125
0.020592650537967844   19935.539549053774   19899.170413909218
0.021196333277324068   19740.13815628435   19701.013967984854
0.02181771324555934   19523.561179902932   19481.530408098497
0.022457309244835088   19285.925267650942   19240.842571426245
0.02311565528622961   19027.51124055736   18979.246847756178
0.023793301035594242   18748.719239621903   18697.16320486691
0.024490812272480036   18450.046397720675   18395.110139219978
0.025208771362518027   18132.191511148558   18073.816264095978
0.0259477777436476   17796.063380859494   17734.22898599788
0.02670844842659881   17442.647946328445   17377.372566545935
0.027491418510046592   17073.06709962981   17004.411151477867
0.028297341710866907   16688.771897489238   16616.855586952923
0.029126890909937666   16291.299566837348   16216.303001092985
0.029980758713939952   15882.21269843935   15804.370829100848
0.030859658033628758   15463.416477105573   15383.021370744142
0.031764322679055976   15037.042705970092   14954.442510704283
0.03269550797224261   14605.13488196007   14520.725210505987
0.033653991377811755   14169.813333117872   14084.032541774102
0.03464057315210884   13733.53066216675   13646.86083235541
0.03565607701135116   13298.611536757951   13211.5694946798
0.036701350819364466   12867.238528483347   12780.362451046178
0.03777726729548091   12442.060951960211   12355.869707535423
0.038884724743189276   12025.799790420091   11940.771417760177
0.04002464780014597   11620.829843522612   11537.40086432821
0.041197988210172884   11229.058746461134   11147.616881348307
0.04240572561788674   10851.868875074873   10772.74194163987
0.04364886838662332   10490.3898883684   10413.849622307322
0.04492845444033957   10145.770780931092   10072.009224390004
0.04624555213019635   9820.312697171667   9749.272496122947
0.04760126112654554   9516.482672614942   9447.820713354278
0.04899671333706607   9236.280378411055   9169.405942820165
0.05043307385181555   8979.366221610451   8913.530112956694
0.05191154191598653   8743.647243591373   8678.00937778852
0.053433351931179485   8527.171498743208   8460.808676459299
0.05499977448602865   8328.031676098843   8259.937225719868
0.05661211741704101   8144.37091163117   8073.454529494096
0.05827172690053434   7974.370494835986   7899.4736788788305
0.05997998857658587   7815.380706488341   7735.373205523391
0.06173832870592997   7664.485025122819   7578.310660704424
0.0635482153607709   7518.523779296034   7425.304616883618
0.06541115965050462   7373.576166252127   7272.834429549704
0.06732871698337338   7225.748607715745   7117.470653267932
0.06930248836510605   7070.5157925126205   6955.452003694555
0.07133412173562886   6903.393855458058   6783.152648685373
0.07342531334496233   6720.528400695018   6597.613060074322
0.07557780916945323   6518.784098076599   6396.57151410066
0.07779340636952398   6296.523272359847   6179.248313146099
0.08007395479015682   6053.641880170715   5946.313566739523
0.08242135850536496   5791.9511608214425   5699.905155698406
0.08483757740794096   5514.92551943541   5443.390750180831
0.08732462884580919   5227.379045754233   5181.093734772568
0.08988458930634863   4934.857429939142   4917.791895591594
0.09251959615009227   4643.58796522372   4658.628530046726
0.09523184939525078   4359.987107571282   4408.627316084955
0.09802361355455057   4090.866446705832   4172.73762429283
0.10089721952591899   3842.2128005448753   3955.078678238729
0.10385506653859616   3619.6791271717047   3759.08756383752
0.10689962415629803   3427.0030801824414   3586.781503132017
0.11003343433910281   3265.9320864181086   3438.5728726174557
0.11325911356578279   3135.4352912283225   3312.6798671365436
0.11657935501835284   3032.192993195815   3205.5889771893844
0.11999693083066039   2950.3907792311734   3112.8915209380707
0.12351469440289359   2882.894291718999   3029.4900370703867
0.12713558278394044   2821.319040380065   2949.391239357055
0.13086261912358757   2757.072517519888   2867.3406279659193
0.13469891519660646   2682.2087732060095   2779.1668647637
0.13864767400083483   2590.648993046474   2682.103902237631
0.14271219243142114   2479.430073610026   2575.185526969954
0.14689586403346616   2349.105647010824   2459.5621210467357
0.1512021818353596   2203.779580097156   2338.5222747853727
0.15563474126517718   2050.7534229797366   2216.9048680393416
0.16019724315257297   1899.7588411661475   2099.7127972599246
0.1648934968186736   1761.0471625438618   1991.4690946603587
0.1697274232565544   1642.7022156148748   1895.7668663605036
0.17470305840495237   1548.5087956261689   1813.5110259008832
0.17982455651794954   1477.6241857389236   1742.6151065255965
0.18509619363343993   1425.746722458414   1680.7476382642506
0.19052237114327647   1385.974655796769   1624.3562289214346
0.19610761946807834   1349.1042462983628   1569.3114625795565
0.20185660183976684   1305.4851774840577   1512.8235670249383
0.20777411819498756   1248.7720161666468   1452.9247673215773
0.21386510918267082   1178.3498113937974   1390.1008475095502
0.22013466028907505   1098.580378451558   1326.5557217144758
0.22658800608375756   1017.0253075413507   1265.3692526263324
0.23323053459001789   942.2347814679206   1208.3689974291442
0.2400677917834628   880.7437064085947   1157.1712880750185
0.24710548622244882   834.4154267149659   1110.5328821743083
0.25434949381426813   800.3544132724915   1068.4921327820236
0.2618058627210567   772.0183566285772   1028.3399377770804
0.2694808184095226   741.6865281294654   989.0229662417108
0.27738076884870827   704.557336431558   950.1616188968894
0.2855123098601282   660.7086236843104   911.2084420379864
0.29388223062474755   614.2003203438792   873.4514300608226
0.3024975193514008   571.0839895706539   838.0609453087934
0.31136536911138296   535.7705081063611   804.8230181969956
0.3204931838440838   508.38750594083206   774.2368514962732
0.32988858453867975   485.52433417430257   745.121160437864
0.3395594155970457   462.4416431645522   717.0333269280435
0.34951375138319807   436.23724394353604   689.8476283467778
0.3597599029647371   407.83277299164746   663.2865117716985
0.37030642505191835   380.47176469003676   638.1438637023282
0.3811621231401457   356.93616276413417   614.3845758134162
0.3923360608618501   337.4942027441547   592.0278843556354
0.4038375675538918   319.933814788809   570.7323659405156
0.41567624604680364   301.8942024540478   550.1813507491914
0.42786198068238046   283.00113789719666   530.351864527787
0.4404049455663077   264.7116348314661   511.4130973850666
0.4533156130627191   248.50726966890147   493.4363503950318
0.4666047625377753   234.28196104947352   476.3946126143504
0.4802834893595659   220.80939501755566   460.13842613285357
0.49436321416184764   207.28605518745357   444.43415942478987
0.5088556923793517   194.14821811203024   429.34380082813175
0.5237730240626238   182.130812186128   415.01313698736294
0.5391276639805903   171.23338318968106   401.38221906887554
0.5549324320192869   160.87083688147197   388.30183634400163
0.5712005238854289   150.80554498073693   375.6878824459
0.5879455221237613   141.3200385678916   363.61799963014903
0.6051814074573895   132.58234442939442   352.0991876522651
0.622922570460556   124.38740239012611   341.05569125804334
0.6411838235736077   116.56681075478667   330.4083627520485
0.6599804134701901   109.19625246399163   320.1967177718345
0.6793280337869897   102.28373521914276   310.3842077116403
0.6992428382266549   95.80293436397247   300.9513256044749
0.7197414540448374   89.72480090932605   291.87487836159386
0.7408409959326054   84.02251953038545   283.1332559067441
0.7625590803058332   78.6713218443432   274.7063239175889
0.7849138400134885   73.64831063711297   266.5753187301588
0.8079239394770964   68.93230032640325   258.7227511428106
0.8316085902740278   64.5036768564643   251.1323159903371
0.8559875671776167   60.34496467128097   243.78846258326146
0.8810812246675007   56.441190509199416   236.6760036196636
0.9069105139239728   52.77823547775866   229.78074999268753
0.9334970003205227   49.342613631051286   223.08953508390022
0.960862881429187   46.121457849760176   216.59014850138328
0.9890310055537336   43.10250453934912   210.27127532908392
1.0180248908061487   40.27407734370359   204.12244034212685
1.047868744742366   37.62506598947972   198.13395297272612
1.0785874845736239   35.144745673033015   192.29670449759882
1.1102067579703248   32.822755521154015   186.60209004324912
1.1427529644757777   30.6493308254005   181.04219021927088
1.1762532775476793   28.61528720009081   175.60974785569076
1.210735667245765   26.711987446105034   170.29813067289624
1.246228923584555   24.931310226304042   165.10129646271636
1.2827626805706884   23.26562045810969   160.01376048239277
1.3203674409449337   21.70774300356885   155.03059113945008
1.3590746016495152   20.250965047396434   150.14785804892054
1.3989164800420282   18.888998458418673   145.36248429123918
1.4399263408778291   17.61592486356423   140.67173056475676
1.4821384240834183   16.426174608719172   136.07315760922793
1.525587973344019   15.314507862145641   131.56460768242337
1.5703112655292182   14.275996613359503   127.1441865659021
1.6163456409812174   13.306007534971686   122.8102460360052
1.6637295346910133   12.40018491888698   118.56145821102615
1.7125025083885144   11.554428480706097   114.39765230287799
1.7627052835733923   10.76488395811575   110.31927049511842
1.814379775514258   10.02793423620203   106.32671920762915
1.8675691282445197   9.34018559829471   102.4203561394449
1.922317750584177   8.698454646802533   98.60048666020025
1.9786713532176083   8.099755935879939   94.86736044991805
2.0366769868582977   7.5412902811539535   91.22116839654804
2.0963830815323896   7.0204335444570924   87.66215996739187
2.1578394870138577   6.534725389910793   84.1912545951032
2.2210975144450407   6.081860348248766   80.80945626063937
2.286209979177315   5.659678947328763   77.51752416499546
2.3532312448676476   5.266158869135828   74.315982506977
2.4222172688678643   4.899406611099844   71.20513142044702
2.4932256489445366   4.5576496263205994   68.18505812762186
2.5663156713684585   4.239228917269017   65.25564824552293
2.641548360413907   3.942592739119669   62.4167299609772
2.7189865293089923   3.666291743535237   59.668448043364904
2.798694832679631   3.4089701271073443   57.010792575348866
2.8807398205309562   3.1693591744087697   54.44347054685034
2.9651899938111903   2.9462719403846975   51.96592855644011
3.05211586160442   2.7385982349723457   49.577375077896065
3.1415899999999994   2.545299894560726   47.27680218000747
