0.01   17397.101757017856   17390.05388619641
0.010293154462191829   17591.137357702395   17583.444198659614
0.010594902878253955   17778.722300148107   17770.32781066947
0.010905497183778876   17959.351681120774   17950.197288901603
0.011225196699963396   18132.495010093873   18122.515381577512
0.011554268350120923   18297.61363261265   18286.73545572928
0.011892986882540897   18454.167667767815   18442.309722715825
0.012241635099881474   18601.598084744557   18588.673193567207
0.012600504095286909   18739.328988997822   18725.246005679048
0.012969893495426888   18866.78849804852   18851.452642396966
0.013350111710660605   18983.40231277334   18966.714056662877
0.013741476192534558   19088.573860903463   19070.424572670352
0.014144313698828986   19181.711721670825   19161.9830020486
0.01455896056637426   19262.237218317303   19240.80130655496
0.014985762991865008   19329.56304282322   19306.28377568285
0.01542507732090645   19383.10295439459   19357.83671992392
0.015877270345534218   19422.294161156446   19394.89060740636
0.016342719610456153   19446.589626959918   19416.89076035217
0.016821813728271667   19455.444183307216   19423.28104311246
0.017314952703931925   19448.343298212756   19413.536369099485
0.017822548268711737   19424.81007882874   19387.17036660768
0.01834502422397195   19384.395640514867   19343.724623466445
0.018882816794999403   19326.689763634313   19282.780145883306
0.019436374995219892   19251.333649464093   19203.971110307997
0.02000616100108813   19158.026461546084   19106.991456712833
0.020592650537967844   19046.531265349648   18991.60087427441
0.021196333277324068   18916.67418132645   18857.624327404537
0.02181771324555934   18768.353185694352   18704.96147720894
0.022457309244835088   18601.578824143566   18533.630296536026
0.02311565528622961   18416.45000662046   18343.740928416435
0.023793301035594242   18213.13681737533   18135.47712728177
0.024490812272480036   17991.943681207806   17909.164428888052
0.025208771362518027   17753.335057439213   17665.297701719774
0.0259477777436476   17497.844860299156   17404.44305840762
0.02670844842659881   17226.10343076111   17127.26662122065
0.027491418510046592   16938.989393897347   16834.697148984313
0.028297341710866907   16637.483440155258   16527.768847635733
0.029126890909937666   16322.602075770885   16207.550006302648
0.029980758713939952   15995.584150037774   15875.336843921119
0.030859658033628758   15657.89186905798   15532.653916540123
0.031764322679055976   15310.973419533604   15181.006757353654
0.03269550797224261   14956.342564926239   14821.962985826603
0.033653991377811755   14595.855968984977   14457.43567243056
0.03464057315210884   14231.370576789863   14089.332113036106
0.03565607701135116   13864.647366758201   13719.454768643453
0.036701350819364466   13497.631965319571   13349.775925364096
0.03777726729548091   13132.378146472121   12982.362537288553
0.038884724743189276   12770.765077062555   12619.09989015019
0.04002464780014597   12414.62068594548   12261.802816192063
0.041197988210172884   12065.966644693006   11912.437014974885
0.04240572561788674   11726.668708531155   11572.80582249833
0.04364886838662332   11398.353212684378   11244.471971375095
0.04492845444033957   11082.21723749821   10928.53178524377
0.04624555213019635   10779.145655385904   10625.750374305768
0.04760126112654554   10489.893769108921   10336.773044385498
0.04899671333706607   10215.21011431741   10062.203083013244
0.05043307385181555   9955.971733310596   9802.684499360987
0.05191154191598653   9712.974716218963   9558.787001291668
0.053433351931179485   9486.479570466341   9330.594124090345
0.05499977448602865   9274.311139198446   9115.93912930039
0.05661211741704101   9073.662318793393   8912.082950987275
0.05827172690053434   8882.003899806577   8716.563145939259
0.05997998857658587   8697.291236806826   8527.40255955619
0.06173832870592997   8517.736178065768   8342.881180324974
0.0635482153607709   8341.36128341545   8161.165072396541
0.06541115965050462   8165.420068938953   7979.859718656455
0.06732871698337338   7987.199103515957   7796.635869733301
0.06930248836510605   7803.595439254331   7608.972237134941
0.07133412173562886   7611.272863314187   7414.261372971542
0.07342531334496233   7407.26411856871   7210.315289203435
0.07557780916945323   7189.006569043306   6995.532934126073
0.07779340636952398   6954.737339841875   6768.971894632405
0.08007395479015682   6704.649223573163   6531.338720529701
0.08242135850536496   6439.954738431342   6284.094818204035
0.08483757740794096   6163.671252895834   6030.062475160456
0.08732462884580919   5879.603560257981   5772.584344448931
0.08988458930634863   5592.6937173359665   5515.791585693719
0.09251959615009227   5308.0021617442535   5263.759523637875
0.09523184939525078   5030.641244033115   5020.26227522035
0.09802361355455057   4765.419793156715   4788.640566940038
0.10089721952591899   4517.06492854236   4571.9059796857055
0.10385506653859616   4289.752081122621   4372.46065871468
0.10689962415629803   4086.997497026543   4192.114782017414
0.11003343433910281   3910.351197791449   4031.17828651925
0.11325911356578279   3759.721524438431   3888.6962538126113
0.11657935501835284   3632.197085710636   3762.0331336161685
0.11999693083066039   3523.043826487124   3647.5054377672113
0.12351469440289359   3425.736948425233   3540.6319543085865
0.12713558278394044   3333.2881333360474   3436.9367170628993
0.13086261912358757   3238.703239901427   3332.369758032453
0.13469891519660646   3136.000284733619   3223.9425432517432
0.13864767400083483   3020.7658013324917   3109.899304850006
0.14271219243142114   2891.2354453944813   2990.0244743747685
0.14689586403346616   2748.4795735394123   2865.511624183845
0.1512021818353596   2596.1381640922455   2738.8621986786825
0.15563474126517718   2439.796126729488   2613.6295627096947
0.16019724315257297   2286.2904158976926   2492.9001417494183
0.1648934968186736   2142.9936421460193   2379.991728480657
0.1697274232565544   2016.5198086484081   2277.478859865047
0.17470305840495237   1910.6542661817225   2185.068670817055
0.17982455651794954   1824.6728410166197   2102.966935287288
0.18509619363343993   1754.1712914344232   2027.8680042508004
0.19052237114327647   1693.086412864258   1956.992923180022
0.19610761946807834   1634.8967542814312   1888.3364346130097
0.20185660183976684   1573.0104276768784   1819.8909373652643
0.20777411819498756   1502.3889889238224   1750.3834336923267
0.21386510918267082   1422.2728306573501   1679.73811538351
0.22013466028907505   1336.6177476394023   1609.924325695718
0.22658800608375756   1251.3100698829312   1542.9801041079934
0.23323053459001789   1172.033101052332   1479.7390801492963
0.2400677917834628   1103.2362150952342   1421.1825206631127
0.24710548622244882   1046.3573793156097   1366.9070556254865
0.25434949381426813   999.0634478249734   1316.1256683223396
0.2618058627210567   956.7126333841628   1267.7815215677624
0.2694808184095226   914.1314992939798   1220.9681378398536
0.27738076884870827   867.7088159233498   1174.8244196696887
0.2855123098601282   817.6636257899041   1129.9351044724244
0.29388223062474755   767.1316529237824   1086.6916625429062
0.3024975193514008   719.6986848733594   1045.681672947378
0.31136536911138296   678.0989555169833   1006.8544661087682
0.3204931838440838   642.5542864415687   970.0635939170746
0.32988858453867975   610.6240639868664   935.1697697587257
0.3395594155970457   579.4340477873645   901.5854462098976
0.34951375138319807   547.2705632425004   869.2315541045721
0.3597599029647371   514.5623709321181   837.9317312419131
0.37030642505191835   483.3340010057691   808.1639868436146
0.3811621231401457   455.07667391218564   779.8935092939056
0.3923360608618501   429.80921732764904   752.8820119386128
0.4038375675538918   406.3413292737662   727.1379819049191
0.41567624604680364   383.3602154259901   702.3656976287622
0.42786198068238046   360.6420659997205   678.5597301874637
0.4404049455663077   338.948544583552   655.8059573789833
0.4533156130627191   318.92924156368844   634.0708272274061
0.4666047625377753   300.51103868549524   613.3443696625116
0.4802834893595659   283.0726661667543   593.4861407540293
0.49436321416184764   266.2458007716492   574.390471584942
0.5088556923793517   250.18137605916584   556.0652306024791
0.5237730240626238   235.16733187088766   538.5416389916595
0.5391276639805903   221.16192140693965   521.7611984764968
0.5549324320192869   207.91281463478737   505.6468623619897
0.5712005238854289   195.3002892809389   490.14601411038865
0.5879455221237613   183.40284775017122   475.26033556542325
0.6051814074573895   172.25170920981708   460.97294679405366
0.622922570460556   161.7498964385323   447.2304443435488
0.6411838235736077   151.81903304463418   433.9849260060359
0.6599804134701901   142.46122627086422   421.2344246137607
0.6793280337869897   133.6682598351954   408.9478787135221
0.6992428382266549   125.39269991872612   397.0949620763889
0.7197414540448374   117.59101328295806   385.6495866557789
0.7408409959326054   110.25318127557239   374.5902207138798
0.7625590803058332   103.35389573741425   363.89323565629496
0.7849138400134885   96.86800645026177   353.5363604460833
0.8079239394770964   90.77175377164298   343.49887697073495
0.8316085902740278   85.04269386525455   333.7615175426645
0.8559875671776167   79.6596278924336   324.306371016225
0.8810812246675007   74.60253495455274   315.11679669755
0.9069105139239728   69.85252085842153   306.17730667815607
0.9334970003205227   65.39194783710441   297.4728656756529
0.960862881429187   61.204285925714906   288.9890089645332
0.9890310055537336   57.27386431281001   280.7123839120947
1.0180248908061487   53.585827915077644   272.63070459531804
1.047868744742366   50.126101595938465   264.73269143771563
1.0785874845736239   46.88135542595186   257.00801538149796
1.1102067579703248   43.83897099900681   249.4472460761931
1.1427529644757777   40.98700232406911   242.0418737687532
1.1762532775476793   38.31410132528315   234.78475922450508
1.210735667245765   35.8095276347676   227.66972739616685
1.246228923584555   33.46314690625512   220.69121990077818
1.2827626805706884   31.26539961419004   213.84425964405793
1.3203674409449337   29.207271059685517   207.12441910579318
1.3590746016495152   27.28026275284054   200.52778980031675
1.3989164800420282   25.476365121775736   194.05095273661323
1.4399263408778291   23.788032521487356   187.6912962809245
1.4821384240834183   22.208161426461807   181.44809466114833
1.525587973344019   20.730062582478144   175.32118590290546
1.5703112655292182   19.347437353473424   169.31049576096981
1.6163456409812174   18.054356592025833   163.41602508078668
1.6637295346910133   16.84524052692199   157.6378374182684
1.7125025083885144   15.714839628122355   151.97604691381122
1.7627052835733923   14.658216405655098   146.43080838545916
1.814379775514258   13.670726615195381   141.0029490201454
1.8675691282445197   12.748001287270105   135.69474158389167
1.922317750584177   11.885934953201302   130.50835983254757
1.9786713532176083   11.080671238128039   125.44563102788608
2.0366769868582977   10.32858860115865   120.5080472412234
2.0963830815323896   9.626286828023852   115.69677725072515
2.1578394870138577   8.970574241206661   111.01267895227501
2.2210975144450407   8.358455568570317   106.45632132844645
2.286209979177315   7.787119411040381   102.02839948078044
2.3532312448676476   7.2539273615879285   97.72982375029177
2.4222172688678643   6.756405464854737   93.56112633743604
2.4932256489445366   6.29223455215318   89.5224405582178
2.5663156713684585   5.859240989349898   85.61352785777007
2.641548360413907   5.455387945528006   81.83380462942522
2.7189865293089923   5.0787671554735025   78.18236869381336
2.798694832679631   4.727591303415406   74.65803249656109
2.8807398205309562   4.4001888939636205   71.25945519128058
2.9651899938111903   4.094996143853746   67.98512228077684
3.05211586160442   3.810548285500956   64.83326627928024
3.1415899999999994   3.545473559818641   61.80189033191653
