0.01   18254.16401489779   18252.908099293905
0.010293154462191829   18350.67651289265   18349.364309916382
0.010594902878253955   18435.472217498333   18434.101094414364
0.010905497183778876   18507.950366134035   18506.51616181453
0.011225196699963396   18567.52311698585   18566.02026802558
0.011554268350120923   18613.58174449502   18612.004522632586
0.011892986882540897   18645.518609091298   18643.86182951809
0.012241635099881474   18662.753401893136   18661.012458648616
0.012600504095286909   18664.70601161814   18662.876037700946
0.012969893495426888   18650.77558951156   18648.84992484818
0.013350111710660605   18620.396665999204   18618.36674711212
0.013741476192534558   18573.041634134286   18570.89708836045
0.014144313698828986   18508.17790570503   18505.90678383134
0.01455896056637426   18425.30746647756   18422.896414728868
0.014985762991865008   18323.994881437593   18321.42925157683
0.01542507732090645   18203.838783426734   18201.101686171158
0.015877270345534218   18064.466509023194   18061.537553914644
0.016342719610456153   17905.584460010934   17902.439952269026
0.016821813728271667   17726.97857012309   17723.5916659164
0.017314952703931925   17528.4884305894   17524.828617503423
0.017822548268711737   17310.04189164753   17306.075220751984
0.01834502422397195   17071.671839610597   17067.361541601993
0.018882816794999403   16813.519212627903   16808.827226857462
0.019436374995219892   16535.83613360912   16530.724625262534
0.02000616100108813   16238.989029709383   16233.42101576167
0.020592650537967844   15923.478640103493   15917.4197275024
0.021196333277324068   15589.983493130678   15583.406252398005
0.02181771324555934   15239.302891386844   15232.187800740905
0.022457309244835088   14872.348750475476   14864.684601269148
0.02311565528622961   14490.269192910031   14482.059141903275
0.023793301035594242   14094.392949411951   14085.658198274718
0.024490812272480036   13686.109582987223   13676.887871601315
0.025208771362518027   13266.978757166567   13257.326139331215
0.0259477777436476   12838.8813251503   12828.878501187686
0.02670844842659881   12403.715135091847   12393.465009548469
0.027491418510046592   11963.37722991073   11953.001592418668
0.028297341710866907   11520.137926638165   11509.7801189673
0.029126890909937666   11076.367996155544   11066.191518111897
0.029980758713939952   10634.255122373435   10624.438122323143
0.030859658033628758   10196.104457173164   10186.835420660365
0.031764322679055976   9764.532490629905   9756.006990845503
0.03269550797224261   9341.870379754613   9334.286732332655
0.033653991377811755   8930.209073231103   8923.762413608172
0.03464057315210884   8531.982227914283   8526.847802512415
0.03565607701135116   8149.460244995988   8145.788745696557
0.036701350819364466   7784.4642024459645   7782.384172461609
0.03777726729548091   7438.624080053408   7438.226729223468
0.038884724743189276   7113.466622053568   7114.788021226373
0.04002464780014597   6810.153694858188   6813.184140263849
0.041197988210172884   6529.57679039828   6534.2565948423635
0.04240572561788674   6272.614241252977   6278.775169733846
0.04364886838662332   6039.985758956685   6047.3497267312005
0.04492845444033957   5832.137895721124   5840.335286152274
0.04624555213019635   5648.089475221932   5656.675942185437
0.04760126112654554   5486.055456397385   5494.5210495727015
0.04899671333706607   5344.426881711262   5352.198193837253
0.05043307385181555   5221.171408924469   5227.613908184646
0.05191154191598653   5114.040156018171   5118.45823436569
0.053433351931179485   5020.873696138374   5022.516542403068
0.05499977448602865   4938.779984088986   4936.892906930907
0.05661211741704101   4864.719398197063   4858.563962823522
0.05827172690053434   4795.143236471109   4784.061458880443
0.05997998857658587   4725.450357776395   4708.981924438724
0.06173832870592997   4651.046701658945   4628.973320968686
0.0635482153607709   4566.938468153308   4539.424302912397
0.06541115965050462   4468.358148771551   4436.000256610564
0.06732871698337338   4351.528715381442   4315.418827749429
0.06930248836510605   4213.701268059246   4175.424121273685
0.07133412173562886   4054.086581343634   4015.6132239930057
0.07342531334496233   3873.634293036141   3837.194821205558
0.07557780916945323   3674.6390515792687   3642.6856125191216
0.07779340636952398   3460.5091952184907   3435.6113289430336
0.08007395479015682   3236.22610952981   3220.7647635349035
0.08242135850536496   3007.5122651239526   3003.4841164771387
0.08483757740794096   2780.805439068884   2789.718347150608
0.08732462884580919   2562.818439478885   2585.4422954749866
0.08988458930634863   2360.608127727836   2396.680984936107
0.09251959615009227   2179.83244163798   2228.1738456656617
0.09523184939525078   2025.2214575127716   2083.7326869427525
0.09802361355455057   1899.101813042881   1964.866577765424
0.10089721952591899   1801.7194530390036   1870.9249525462553
0.10385506653859616   1731.0743548311966   1799.7381196308809
0.10689962415629803   1683.5983934158812   1747.997284698495
0.11003343433910281   1653.8826484645058   1710.6588270712602
0.11325911356578279   1635.4566933790618   1681.9292105382408
0.11657935501835284   1620.5454739277782   1655.4156541712348
0.11999693083066039   1601.1457800947003   1624.8251405779172
0.12351469440289359   1569.8484629856812   1584.5972972071343
0.12713558278394044   1521.1044369076694   1530.901668763792
0.13086261912358757   1452.1030919254229   1462.6029492561086
0.13469891519660646   1363.4873957916075   1380.883986660419
0.13864767400083483   1259.83826562426   1289.4447382971946
0.14271219243142114   1149.5807710726217   1195.2910850396863
0.14689586403346616   1042.9887404660626   1105.610677508668
0.1512021818353596   949.0213473935819   1026.2536631179848
0.15563474126517718   873.3031748114369   960.8613724550796
0.16019724315257297   817.9542614370434   910.0301480740939
0.1648934968186736   782.3150339649906   872.1261041918744
0.1697274232565544   762.8043810537589   844.9306231825046
0.17470305840495237   752.3074366636911   822.916221100301
0.17982455651794954   741.7961873442091   800.6827865004226
0.18509619363343993   723.3119567781507   773.5719714261213
0.19052237114327647   692.2717969151298   739.4671479601053
0.19610761946807834   648.2307488742059   699.2128819395602
0.20185660183976684   595.3415424430582   655.8014459221619
0.20777411819498756   541.2486436955602   612.9750205177673
0.21386510918267082   493.6837770952379   574.816618023337
0.22013466028907505   457.6484423292513   543.2339173892433
0.22658800608375756   434.28160844632794   518.6334132606561
0.23323053459001789   420.35428741953984   498.3881088514551
0.2400677917834628   409.66631833755696   479.71421118945756
0.24710548622244882   396.1281868800992   460.1781004691646
0.25434949381426813   375.97313725590516   438.30806285925814
0.2618058627210567   349.34256621614844   415.3387512966693
0.2694808184095226   320.55356509857825   392.1197787426057
0.27738076884870827   294.9329316404447   371.0860171418887
0.2855123098601282   275.6466411558607   352.85435836190635
0.29388223062474755   262.5481852772773   336.9867702640079
0.3024975193514008   252.3657701019452   322.4032203914183
0.31136536911138296   241.07736509404575   307.99313722099873
0.3204931838440838   226.7331703742571   293.26432781897546
0.32988858453867975   210.31898723389511   278.69855309257116
0.3395594155970457   194.72356531901423   264.9351078806637
0.34951375138319807   182.20375582279897   252.50567361283868
0.3597599029647371   172.63555116318537   241.08505104200603
0.37030642505191835   164.0567754784203   230.26376625270024
0.3811621231401457   154.66086546743833   219.7300431470833
0.3923360608618501   144.3082486128314   209.4948179862956
0.4038375675538918   134.35081510508354   199.74383376953114
0.41567624604680364   125.92042729781356   190.70879577844053
0.42786198068238046   118.80337214059264   182.29412796652994
0.4404049455663077   111.95108279137405   174.21710689947088
0.4533156130627191   104.83172534434634   166.48173824813944
0.4666047625377753   97.87645128626248   159.10066563010065
0.4802834893595659   91.67980678064019   152.1578530695693
0.49436321416184764   86.16642321731378   145.6264704785861
0.5088556923793517   80.86662360336688   139.390215326615
0.5237730240626238   75.64790871143974   133.42701596511284
0.5391276639805903   70.76241570627487   127.78449136238046
0.5549324320192869   66.32612606865516   122.45241775769456
0.5712005238854289   62.15688267570453   117.38557005678568
0.5879455221237613   58.16722203364865   112.56283167330997
0.6051814074573895   54.4087777101165   107.98137853159558
0.622922570460556   50.89411944180263   103.63053255025658
0.6411838235736077   47.60949788857015   99.49735808421471
0.6599804134701901   44.537384726671924   95.5693057698972
0.6793280337869897   41.66186305107197   91.83463026970144
0.6992428382266549   38.96846333637807   88.28233409396125
0.7197414540448374   36.44401724849652   84.9021156459088
0.7408409959326054   34.076527189669235   81.68432115165447
0.7625590803058332   31.85519057571796   78.61988000592538
0.7849138400134885   29.771354058367823   75.70010442122212
0.8079239394770964   27.81749716996999   72.91676384268196
0.8316085902740278   25.98641006451846   70.26215537889287
0.8559875671776167   24.271184801466955   67.72906743404333
0.8810812246675007   22.66521309549679   65.31074512804787
0.9069105139239728   21.162182780525068   63.0008583673237
0.9334970003205227   19.75606660721025   60.793462310816516
0.960862881429187   18.44095746393589   58.68271602018664
0.9890310055537336   17.211102088742827   56.66287755283753
1.0180248908061487   16.061095707431175   54.728582716077575
1.047868744742366   14.985870624388369   52.874831654310874
1.0785874845736239   13.980675383900211   51.09696187492592
1.1102067579703248   13.04105521958785   49.3906235156049
1.1427529644757777   12.162833794247701   47.75175624577022
1.1762532775476793   11.342112075702024   46.17648656297261
1.210735667245765   10.575265242386882   44.66102444717302
1.246228923584555   9.858889755733271   43.201822071546374
1.2827626805706884   9.189785893271887   41.79558075868611
1.3203674409449337   8.564946454842712   40.43923311139174
1.3590746016495152   7.981546022267779   39.12992664025573
1.3989164800420282   7.436930751051119   37.8650087473071
1.4399263408778291   6.928606957765178   36.641999043027845
1.4821384240834183   6.454226379922241   35.45852741088478
1.525587973344019   6.011585028034609   34.312376597353804
1.5703112655292182   5.598617238519403   33.20149209010656
1.6163456409812174   5.21338735056621   32.1239713235891
1.6637295346910133   4.8540818570927975   31.0780537220572
1.7125025083885144   4.5190020051594395   30.062111501746042
1.7627052835733923   4.20655693754065   29.074645975567346
1.814379775514258   3.915258192960431   28.114326969380404
1.8675691282445197   3.6437126814712575   27.179958020930634
1.922317750584177   3.3906160092684865   26.270433925897898
1.9786713532176083   3.1547470634809374   25.384734522784296
2.0366769868582977   2.9349629211360475   24.521919383919297
2.0963830815323896   2.730194051839304   23.68112281502855
2.1578394870138577   2.539439777604858   22.861550733665876
2.2210975144450407   2.3617633313095916   22.062530843193837
2.286209979177315   2.196287923581683   21.283512796819817
2.3532312448676476   2.042193958265131   20.523990257716637
2.4222172688678643   1.8987154765998786   19.783493271189812
2.4932256489445366   1.7651367551763102   19.061585658778547
2.5663156713684585   1.640789111575376   18.357862518368588
2.641548360413907   1.5250479065957674   17.671947986339273
2.7189865293089923   1.4173301592140244   17.003566169282372
2.798694832679631   1.3170923904804517   16.352637295625243
2.8807398205309562   1.223826989248425   15.719093034967784
2.9651899938111903   1.1370597592976688   15.102844515167238
3.05211586160442   1.0563478069122325   14.503783213503503
3.1415899999999994   0.9812775548451446   13.921781860002586
