0.01   8204.370633928096   8203.966973759774
0.010293154462191829   8280.277232751618   8279.858531574206
0.010594902878253955   8352.290780093803   8351.856150814192
0.010905497183778876   8420.14963576599   8419.698020047046
0.011225196699963396   8483.582246330625   8483.112333731618
0.011554268350120923   8542.316620914171   8541.826829570831
0.011892986882540897   8596.082708635862   8595.571194260512
0.012241635099881474   8644.598523984163   8644.063321320858
0.012600504095286909   8687.575223490858   8687.014357486669
0.012969893495426888   8724.73015715339   8724.14165477237
0.013350111710660605   8755.782092694162   8755.163835465046
0.013741476192534558   8780.44342287695   8779.792776820634
0.014144313698828986   8798.435377146616   8797.749145480002
0.01455896056637426   8809.490249124254   8808.764667913529
0.014985762991865008   8813.337349530771   8812.567947161408
0.01542507732090645   8809.713290281086   8808.894827752547
0.015877270345534218   8798.373489967438   8797.499994296302
0.016342719610456153   8779.087237163269   8778.152085180705
0.016821813728271667   8751.634815194273   8750.630855002091
0.017314952703931925   8715.82099672679   8714.740613352958
0.017822548268711737   8671.477610242837   8670.31267508842
0.01834502422397195   8618.461337317454   8617.202571518246
0.018882816794999403   8556.65911845061   8555.295930937744
0.019436374995219892   8485.992320618396   8484.512955997585
0.02000616100108813   8406.425904619009   8404.818189075075
0.020592650537967844   8317.971349263118   8316.223556957882
0.021196333277324068   8220.678818525668   8218.77982896086
0.02181771324555934   8114.647257785706   8112.586922040543
0.022457309244835088   8000.055263987383   7997.825559259495
0.02311565528622961   7877.128944248417   7874.724267102083
0.023793301035594242   7746.133714219243   7743.55093467463
0.024490812272480036   7607.432856696246   7604.672635510234
0.025208771362518027   7461.473705968992   7458.541505061834
0.0259477777436476   7308.7280412423515   7305.633846516032
0.02670844842659881   7149.733232571852   7146.491934568172
0.027491418510046592   6985.170458782513   6981.803501326425
0.028297341710866907   6815.741078755256   6812.276110026008
0.029126890909937666   6642.1522443644235   6638.622405040567
0.029980758713939952   6465.267975831877   6461.712047787293
0.030859658033628758   6286.022477827166   6282.484540338215
0.031764322679055976   6105.298838630011   6101.827260788342
0.03269550797224261   5924.021062781783   5920.667251038113
0.033653991377811755   5743.237628049812   5740.054594178278
0.03464057315210884   5563.923865202197   5560.965432060437
0.03565607701135116   5386.992591027267   5384.311960541042
0.036701350819364466   5213.523631670893   5211.16698481199
0.03777726729548091   5044.583921646863   5042.5882961292145
0.038884724743189276   4881.098765396868   4879.492982159489
0.04002464780014597   4723.793394722844   4722.596247033561
0.041197988210172884   4573.1835515559615   4572.4010982365635
0.04240572561788674   4429.6910245547315   4429.3180342594205
0.04364886838662332   4293.743392546617   4293.759806648244
0.04492845444033957   4166.101070209821   4166.448023193339
0.04624555213019635   4047.5436694553932   4048.1201847041616
0.04760126112654554   3938.6746191615744   3939.3434632837516
0.04899671333706607   3839.0049120284953   3839.610051462554
0.05043307385181555   3747.3539873328186   3747.7318366970067
0.05191154191598653   3662.6371579138354   3662.616716651052
0.053433351931179485   3583.887493225974   3583.2892106137365
0.05499977448602865   3510.2353399607464   3508.8705158945186
0.05661211741704101   3440.811923577881   3438.486117981656
0.05827172690053434   3374.363525536024   3370.89624914056
0.05997998857658587   3309.545906424103   3304.7786786715897
0.06173832870592997   3244.8785352749237   3238.694874137561
0.0635482153607709   3178.5698370948094   3170.930688021429
0.06541115965050462   3108.885024839518   3099.838773716536
0.06732871698337338   3033.9760448079146   3023.7015719389215
0.06930248836510605   2952.147641758499   2940.962976859874
0.07133412173562886   2862.274759625052   2850.64733293882
0.07342531334496233   2763.732218490851   2752.270720100402
0.07557780916945323   2656.6872112878477   2646.099915561536
0.07779340636952398   2541.9885594050893   2533.03994933346
0.08007395479015682   2421.2431481841973   2414.725601665144
0.08242135850536496   2296.5738194478054   2293.2712271289165
0.08483757740794096   2170.4451246409085   2171.026165763643
0.08732462884580919   2045.4021665726611   2050.3663390225583
0.08988458930634863   1924.1486993068822   1933.8030790058801
0.09251959615009227   1809.3324067472481   1823.7453417784063
0.09523184939525078   1703.6065864051066   1722.5322920754365
0.09802361355455057   1609.0567383501937   1631.9427913385173
0.10089721952591899   1527.2752554924696   1553.220065875622
0.10385506653859616   1458.8017995474095   1486.6760907298176
0.10689962415629803   1403.08708714059   1431.6402748422258
0.11003343433910281   1358.4343097166268   1386.4190478946898
0.11325911356578279   1322.3179943698226   1348.5985347621352
0.11657935501835284   1291.482273800352   1315.2491591261
0.11999693083066039   1262.4223697654327   1283.3130846462614
0.12351469440289359   1231.5474947663577   1249.756972079835
0.12713558278394044   1195.724006355618   1212.0629134323046
0.13086261912358757   1152.6999652415418   1168.5334308703752
0.13469891519660646   1101.559927378225   1118.6179125362871
0.13864767400083483   1042.9092295095106   1063.0316252343787
0.14271219243142114   978.714116280002   1003.5988386234711
0.14689586403346616   912.1126793963672   942.987974024901
0.1512021818353596   847.1247826522525   884.3541980214839
0.15563474126517718   787.9547459929876   830.9139187504283
0.16019724315257297   737.7681245937346   784.9332899213982
0.1648934968186736   697.8018466078024   747.0201314854879
0.1697274232565544   667.3231624700595   716.3556593058552
0.17470305840495237   644.2379630295231   691.2186321328413
0.17982455651794954   625.5495237298178   669.2009419976938
0.18509619363343993   607.4723944378624   647.5987932363904
0.19052237114327647   586.1799340675612   623.7881488393487
0.19610761946807834   559.4022242584156   596.539043665451
0.20185660183976684   527.3634390327395   566.4377588300878
0.20777411819498756   492.18710823715304   534.784633130871
0.21386510918267082   456.9780407543741   503.7816821783641
0.22013466028907505   425.10119889712337   475.48146359371935
0.22658800608375756   398.91065373650775   451.11737328748205
0.23323053459001789   378.80016629904964   430.7912717765955
0.2400677917834628   363.315409979752   413.2862458155193
0.24710548622244882   349.7173354452562   397.0462150884221
0.25434949381426813   335.0116101654813   380.45827456989156
0.2618058627210567   317.61019102506026   362.73847914842594
0.2694808184095226   297.9146808425577   344.36553053293113
0.27738076884870827   277.6683498532211   326.23138832214215
0.2855123098601282   259.16343209549507   309.46035205479257
0.29388223062474755   243.88641891829397   294.56479008769475
0.3024975193514008   231.59906705888477   281.3268149542739
0.31136536911138296   220.84459403561115   269.00016058794347
0.3204931838440838   209.8842175536818   256.92343222841833
0.32988858453867975   197.82388665050502   244.76223007102564
0.3395594155970457   185.22226876001753   232.79634679716244
0.34951375138319807   173.31390492350755   221.4985193610675
0.3597599029647371   162.9784994565554   211.14177407313846
0.37030642505191835   154.14518734563146   201.51431915830986
0.3811621231401457   145.9408989204879   192.39558284267133
0.3923360608618501   137.5952455760682   183.56462651957958
0.4038375675538918   129.10753055270925   174.99577243017137
0.41567624604680364   121.02629619059749   166.86143175807038
0.42786198068238046   113.79365027659516   159.26010169204264
0.4404049455663077   107.2781175126809   152.10186558282948
0.4533156130627191   101.05403602005279   145.2746035655735
0.4666047625377753   94.9071840405897   138.72342147889444
0.4802834893595659   89.02344014915194   132.4933205132098
0.49436321416184764   83.61151307579514   126.60748607081653
0.5088556923793517   78.62480604096173   121.04529299393289
0.5237730240626238   73.87266931289507   115.74277154849663
0.5391276639805903   69.30707589278549   110.6892626389949
0.5549324320192869   65.01873354658387   105.89799565966054
0.5712005238854289   61.03438540914507   101.3565301197618
0.5879455221237613   57.281034628243454   97.04251904180872
0.6051814074573895   53.71563273119403   92.93477771651301
0.622922570460556   50.362612020619316   89.03476475054245
0.6411838235736077   47.22727499983989   85.33228190024035
0.6599804134701901   44.278447207377155   81.81347028958297
0.6793280337869897   41.500718657253714   78.46767380333662
0.6992428382266549   38.886080091360576   75.28591366612464
0.7197414540448374   36.42668102036331   72.25969633103186
0.7408409959326054   34.11485267465344   69.38098703194689
0.7625590803058332   31.94312727801909   66.64218476733522
0.7849138400134885   29.904253875822963   64.03609860356872
0.8079239394770964   27.9910391444544   61.55578464177628
0.8316085902740278   26.196047316558843   59.194244959302246
0.8559875671776167   24.512161463002403   56.94482764426768
0.8810812246675007   22.932687490882916   54.80129742364088
0.9069105139239728   21.451328941325247   52.757807062328915
0.9334970003205227   20.062163319121833   50.808870884384696
0.960862881429187   18.759619858120008   48.94934024796323
0.9890310055537336   17.538479139123154   47.17432343065984
1.0180248908061487   16.3939103687713   45.47899130637555
1.047868744742366   15.321370220842784   43.85876764699441
1.0785874845736239   14.3165633057154   42.30937737834823
1.1102067579703248   13.375430391956572   40.8268247346563
1.1427529644757777   12.49413704782999   39.40737315995319
1.1762532775476793   11.669062698944794   38.04752680637882
1.210735667245765   10.89678699154969   36.74397881417876
1.246228923584555   10.174066991717165   35.49344318438745
1.2827626805706884   9.497842840257055   34.292791730425634
1.3203674409449337   8.865234561570357   33.13911236601895
1.3590746016495152   8.273532160769292   32.029693341602595
1.3989164800420282   7.7201862109100095   30.96200871851855
1.4399263408778291   7.20279891678349   29.933705046475847
1.4821384240834183   6.719115873526977   28.942577398119834
1.525587973344019   6.2670194306522236   27.986484301152878
1.5703112655292182   5.844519638181927   27.06339685611991
1.6163456409812174   5.449746162846755   26.171432090945967
1.6637295346910133   5.080941536358299   25.308843027005494
1.7125025083885144   4.736454755903134   24.474009339510957
1.7627052835733923   4.41473521647512   23.66542876782587
1.814379775514258   4.114326913918223   22.8817102718978
1.8675691282445197   3.8338626031324   22.121576372011617
1.922317750584177   3.5720589603568262   21.38385038532411
1.9786713532176083   3.3277119941286104   20.667443262890483
2.0366769868582977   3.0996923961094196   19.9713478623654
2.0963830815323896   2.8869411416256807   19.294633705192744
2.1578394870138577   2.68846533167091   18.63644208691403
2.2210975144450407   2.5033342147197146   17.99598359566867
2.286209979177315   2.3306748524027383   17.372561405171854
2.3532312448676476   2.1696690011313886   16.76555526840429
2.4222172688678643   2.019550385500136   16.174393292944135
2.4932256489445366   1.8796015404656852   15.598548210067385
2.5663156713684585   1.74915082217677   15.037534428680148
2.641548360413907   1.627569592920493   14.490905234003225
2.7189865293089923   1.5142696124781014   13.958255605153894
2.798694832679631   1.4087013481248252   13.439330010013753
2.8807398205309562   1.310351311200089   12.93399554365594
2.9651899938111903   1.2187389227588927   12.442118763609939
3.05211586160442   1.1334144716037766   11.963560627951896
3.1415899999999994   1.0539572262839674   11.498176577057759
