0.01   16042.02757891421   16040.516555095568
0.010293154462191829   16175.046705422954   16173.41939770146
0.010594902878253955   16299.946261029329   16298.196572159888
0.010905497183778876   16416.204029023076   16414.32470590572
0.011225196699963396   16523.289241959792   16521.27020456205
0.011554268350120923   16620.677073929455   16618.50537312079
0.011892986882540897   16707.83054594727   16705.49117571671
0.012241635099881474   16784.186408295303   16781.663798032405
0.012600504095286909   16849.190781157242   16846.4690130176
0.012969893495426888   16902.30010268401   16899.362891665598
0.013350111710660605   16942.952775091057   16939.782943740556
0.013741476192534558   16970.595265785567   16967.17459890494
0.014144313698828986   16984.69944945916   16981.008760933953
0.01455896056637426   16984.739142518236   16980.757129890615
0.014985762991865008   16970.18760214074   16965.88943239741
0.01542507732090645   16940.55446278753   16935.911859361346
0.015877270345534218   16895.382840128725   16890.364383508466
0.016342719610456153   16834.224221901037   16828.79592783503
0.016821813728271667   16756.672629178785   16750.798340432564
0.017314952703931925   16662.378596308645   16656.020216560908
0.017822548268711737   16551.037532310886   16544.153317571785
0.01834502422397195   16422.397078935017   16414.940339499233
0.018882816794999403   16276.276115518267   16268.195785723927
0.019436374995219892   16112.570871488575   16103.812990853525
0.02000616100108813   15931.261220777114   15921.771796719251
0.020592650537967844   15732.410049534134   15722.136107500395
0.021196333277324068   15516.169902827529   15505.060457494823
0.02181771324555934   15282.830315816806   15270.839910001874
0.022457309244835088   15032.795145132872   15019.88602612686
0.02311565528622961   14766.551656696676   14752.694158169817
0.023793301035594242   14484.735748137588   14469.911658861975
0.024490812272480036   14188.181646073872   14172.389844075
0.025208771362518027   13877.797235570897   13861.053567078805
0.0259477777436476   13554.579391603223   13536.9171914407
0.02670844842659881   13219.79916140395   13201.277667799668
0.027491418510046592   12874.834920181971   12855.540644446293
0.028297341710866907   12521.068933526389   12501.112615589165
0.029126890909937666   12160.113347144541   12139.630202559203
0.029980758713939952   11793.837997457576   11772.988294841067
0.030859658033628758   11424.03727926774   11403.002058552318
0.031764322679055976   11052.499705568536   11031.477207105829
0.03269550797224261   10681.316957389294   10660.522191395006
0.033653991377811755   10312.506915252132   10292.167899195134
0.03464057315210884   9947.908982333885   9928.261381326278
0.03565607701135116   9589.66592936109   9570.934292994301
0.036701350819364466   9240.095040749551   9222.478625183332
0.03777726729548091   8901.201267929899   8884.875039726732
0.038884724743189276   8574.621699334659   8559.735410696256
0.04002464780014597   8261.550705842941   8248.223314562043
0.041197988210172884   7962.930013745386   7951.252216000071
0.04240572561788674   7679.598955394347   7669.629024085774
0.04364886838662332   7413.221379748376   7404.898573695507
0.04492845444033957   7165.793502191846   7158.899279628737
0.04624555213019635   6938.975136920295   6933.155388682019
0.04760126112654554   6732.831188627106   6727.640178656067
0.04899671333706607   6545.562590569427   6540.508104091144
0.05043307385181555   6375.42847934084   6369.976528778812
0.05191154191598653   6220.792719390301   6214.357119954201
0.053433351931179485   6080.075186853134   6072.0028594272935
0.05499977448602865   5951.79207739928   5941.367639158218
0.05661211741704101   5833.8472690291965   5820.348135837673
0.05827172690053434   5723.737081861706   5706.474695372048
0.05997998857658587   5618.872404457533   5597.223821485088
0.06173832870592997   5515.903722207524   5489.425131131897
0.0635482153607709   5411.448509579584   5379.909490449801
0.06541115965050462   5301.662346252888   5265.1683045462305
0.06732871698337338   5182.5520030321395   5141.6223015234755
0.06930248836510605   5050.646711000917   5006.318840635751
0.07133412173562886   4903.110902863815   4857.045308040468
0.07342531334496233   4738.202656802631   4692.558340961653
0.07557780916945323   4555.600508864588   4512.853670272467
0.07779340636952398   4356.386905255493   4319.259464399777
0.08007395479015682   4143.256319704983   4114.657624665763
0.08242135850536496   3919.930492998869   3902.6693915362243
0.08483757740794096   3690.926276975514   3687.449454945
0.08732462884580919   3461.3492011521585   3473.6098286029887
0.08988458930634863   3236.5238924256814   3265.8262773743195
0.09251959615009227   3022.3541390193354   3068.9527366999537
0.09523184939525078   2823.9978045592293   2887.1484234206246
0.09802361355455057   2646.3979852803077   2724.208407012035
0.10089721952591899   2493.070224941454   2582.6614313593773
0.10385506653859616   2365.669619261661   2463.110546569622
0.10689962415629803   2263.938748427529   2364.743843431532
0.11003343433910281   2185.4113688072966   2285.1205770238903
0.11325911356578279   2125.8799458956546   2220.2885460616367
0.11657935501835284   2079.828951467822   2165.3192575924704
0.11999693083066039   2040.5542337824195   2115.0406892597725
0.12351469440289359   2000.9852529554378   2064.1774231866875
0.12713558278394044   1954.174212110973   2007.6900094225252
0.13086261912358757   1894.504463234828   1942.1164935623676
0.13469891519660646   1818.5990189844956   1865.5665307006902
0.13864767400083483   1725.9001446513523   1778.2668616376893
0.14271219243142114   1618.9068476153616   1683.167260889168
0.14689586403346616   1503.0912322120262   1584.0754682559852
0.1512021818353596   1386.317072810923   1486.3510158959616
0.15563474126517718   1277.2973567281472   1395.7049882146569
0.16019724315257297   1183.3410489513026   1316.1406782528238
0.1648934968186736   1108.3903131096788   1249.5421712345012
0.1697274232565544   1052.6984404642578   1195.5388598699092
0.17470305840495237   1013.717464830781   1151.0909637590457
0.17982455651794954   986.5272703660995   1113.5402681496562
0.18509619363343993   963.8539352156291   1078.5120410267155
0.19052237114327647   937.4518167700966   1041.7073195280425
0.19610761946807834   901.1620441188527   1000.1717745124278
0.20185660183976684   853.1251518906356   953.9426894334008
0.20777411819498756   795.7043998463639   904.7462327643238
0.21386510918267082   734.3722042975711   855.418123473485
0.22013466028907505   676.3956477242668   809.3085362074922
0.22658800608375756   627.8993644640015   768.397567143456
0.23323053459001789   591.5635818136128   733.6522389089592
0.2400677917834628   566.1809258934467   703.7583401801895
0.24710548622244882   547.0896713300532   676.5058486506042
0.25434949381426813   527.904268277965   649.8700333220401
0.2618058627210567   503.81587364325725   622.369448638841
0.2694808184095226   473.6252107797544   593.8900282577899
0.27738076884870827   439.7097779175461   565.1720485054067
0.2855123098601282   406.9455356255687   538.2653270329769
0.29388223062474755   379.6452061736243   513.5698674254115
0.3024975193514008   358.9666691587175   491.54128578989923
0.31136536911138296   342.90831663562733   471.1192600439485
0.3204931838440838   327.6404393086362   451.63800917218424
0.32988858453867975   310.07373232486674   432.2588661207231
0.3395594155970457   290.06036188182225   413.17958136197086
0.34951375138319807   269.87078398956794   394.9341039644277
0.3597599029647371   252.15300374561394   377.9859872236392
0.37030642505191835   237.85932865411303   362.1002517326335
0.3811621231401457   225.64166603870524   347.1692779348154
0.3923360608618501   213.38386232222075   332.8961005937756
0.4038375675538918   200.2074020186865   319.0138095050974
0.41567624604680364   186.9610963807091   305.6784574213481
0.42786198068238046   175.05547200661263   293.14129371178944
0.4404049455663077   164.84189354241664   281.3774028085901
0.4533156130627191   155.4824321816787   270.16879807748865
0.4666047625377753   146.0789909794829   259.4007223844808
0.4802834893595659   136.71642319229355   249.0916022362856
0.49436321416184764   128.0413264948968   239.30213802795808
0.5088556923793517   120.28681431891984   230.06761368590986
0.5237730240626238   113.04245895284487   221.26139601822874
0.5391276639805903   105.96945431998176   212.82715417343462
0.5549324320192869   99.21360948438482   204.77998571028965
0.5712005238854289   93.00013916540705   197.1432475172979
0.5879455221237613   87.23900933116379   189.87885570200015
0.6051814074573895   81.7398503703225   182.92213553101476
0.622922570460556   76.52086133151613   176.27660149458904
0.6411838235736077   71.66946106509262   169.9841637343452
0.6599804134701901   67.11570386531989   163.96573103586687
0.6793280337869897   62.8368234299338   158.20383322916055
0.6992428382266549   58.81767458414331   152.68814744469373
0.7197414540448374   55.04381490712707   147.40872384167233
0.7408409959326054   51.50148376486838   142.35597795766355
0.7625590803058332   48.177580883167785   137.52068272648543
0.7849138400134885   45.05963900057829   132.89385906183853
0.8079239394770964   42.135690882012895   128.46467470351357
0.8316085902740278   39.39428660156905   124.22082061518938
0.8559875671776167   36.82459986690395   120.1507714282427
0.8810812246675007   34.416402661238244   116.24381745869086
0.9069105139239728   32.160035460802625   112.4900029333362
0.9334970003205227   30.04637869396018   108.8800696107974
0.960862881429187   28.06682539915342   105.40540502893668
0.9890310055537336   26.21325477468427   102.0579866783397
1.0180248908061487   24.478007182574085   98.8303380599244
1.047868744742366   22.85386064552504   95.71550089813417
1.0785874845736239   21.334007997206907   92.7069995498773
1.1102067579703248   19.912035041396344   89.798807642738
1.1427529644757777   18.581899712684763   86.98531744108885
1.1762532775476793   17.33791218189639   84.2613094284366
1.210735667245765   16.174714563979506   81.62178165615992
1.246228923584555   15.087262545465135   79.06186103159476
1.2827626805706884   14.070810608552144   76.57701911459775
1.3203674409449337   13.12089576325833   74.16307131633272
1.3590746016495152   12.233321865129867   71.81615490025695
1.3989164800420282   11.40414471775554   69.53270867489057
1.4399263408778291   10.629657919647192   67.30945458079256
1.4821384240834183   9.906378339221536   65.14343744007785
1.525587973344019   9.231032636041231   63.03205979600314
1.5703112655292182   8.60054762220727   60.97294998710073
1.6163456409812174   8.012038990727543   58.963933442287114
1.6637295346910133   7.462800332715778   57.00302072388108
1.7125025083885144   6.950292746207975   55.088396233311194
1.7627052835733923   6.472135008414689   53.21840768419196
1.814379775514258   6.026094416006397   51.39166317196322
1.8675691282445197   5.61007816837714   49.60718036896183
1.922317750584177   5.2221247008892995   47.864102845747546
1.9786713532176083   4.860395801724177   46.16164220185008
2.0366769868582977   4.523169232578746   44.49907282286252
2.0963830815323896   4.208831761780555   42.87572681474374
2.1578394870138577   3.9158725889359105   41.29098911082541
2.2210975144450407   3.6428767049724953   39.74436312767573
2.286209979177315   3.388518151564842   38.2356266604361
2.3532312448676476   3.1515560355120313   36.76460113978061
2.4222172688678643   2.9308296251300887   35.33109050721653
2.4932256489445366   2.7252533599943463   33.93488054858531
2.5663156713684585   2.533812157227834   32.57573831733744
2.641548360413907   2.3555569977503925   31.253411648074042
2.7189865293089923   2.18960118016831   29.967700611669816
2.798694832679631   2.0351176720818462   28.71869819682452
2.8807398205309562   1.8913336803539404   27.50650292364503
2.9651899938111903   1.7575266903182754   26.331116356365172
3.05211586160442   1.6330213449348032   25.192449147268768
3.1415899999999994   1.5171865053740075   24.090327076580525
