0.01   22274.73475641555   22269.68863391282
0.010293154462191829   22458.63444673774   22453.14874157595
0.010594902878253955   22631.53580647704   22625.574175314778
0.010905497183778876   22792.757851424565   22786.282442284057
0.011225196699963396   22941.58923481037   22934.55802753747
0.011554268350120923   23077.316268229406   23069.682346170473
0.011892986882540897   23199.23458791199   23190.946272187044
0.012241635099881474   23306.615669406943   23297.617653058165
0.012600504095286909   23398.71134366782   23388.94585021792
0.012969893495426888   23474.79280203886   23464.199876371455
0.013350111710660605   23534.140409894975   23522.657257193277
0.013741476192534558   23576.01358755209   23563.571895664107
0.014144313698828986   23599.695536081083   23586.22124535294
0.01455896056637426   23604.50443869649   23589.918045871018
0.014985762991865008   23589.755488623014   23573.970962227773
0.01542507732090645   23554.780892235587   23537.70518199455
0.015877270345534218   23498.967125732906   23480.500848575153
0.016342719610456153   23421.74221969359   23401.779685968653
0.016821813728271667   23322.558760738302   23300.98718108862
0.017314952703931925   23200.936966092224   23177.637316160228
0.017822548268711737   23056.47388142471   23031.32182882255
0.01834502422397195   22888.831958306742   22861.69678015764
0.018882816794999403   22697.754982279595   22668.499937686658
0.019436374995219892   22483.08317163937   22451.567260272604
0.02000616100108813   22244.77027317908   22210.851514625123
0.020592650537967844   21982.89402071933   21946.433550197373
0.021196333277324068   21697.640677438663   21658.504815027285
0.02181771324555934   21389.323177093043   21347.386999459
0.022457309244835088   21058.460053719195   21013.618296561974
0.02311565528622961   20705.706404917033   20657.877647531495
0.023793301035594242   20331.822774837703   20280.950458501582
0.024490812272480036   19937.809986258242   19883.871865370955
0.025208771362518027   19524.90951112148   19467.92695561272
0.0259477777436476   19094.43455208804   19034.47113723354
0.02670844842659881   18647.84683787576   18585.010757286334
0.027491418510046592   18186.99405313451   18121.452567580815
0.028297341710866907   17713.798500798202   17645.77627039559
0.029126890909937666   17230.18302103444   17159.95610481209
0.029980758713939952   16738.452792676868   16666.35174648918
0.030859658033628758   16241.14817613905   16167.557286237829
0.031764322679055976   15740.668767016168   15666.016385651057
0.03269550797224261   15239.471849848018   15164.22115862088
0.033653991377811755   14740.37924436187   14665.019792387588
0.03464057315210884   14246.029006824332   14171.06764778145
0.03565607701135116   13758.850439887148   13684.799502573424
0.036701350819364466   13281.714134521733   13209.049509609054
0.03777726729548091   12817.52645965532   12746.666825829474
0.038884724743189276   12368.78459956736   12300.09404904934
0.04002464780014597   11937.467626640879   11871.242801819928
0.041197988210172884   11524.9807378072   11461.427332552088
0.04240572561788674   11132.442539931915   11071.68305400661
0.04364886838662332   10760.927165113506   10702.984958628016
0.04492845444033957   10412.482451683278   10357.119410745536
0.04624555213019635   10089.306726945792   10035.986346605272
0.04760126112654554   9793.154730938786   9741.082599985373
0.04899671333706607   9523.156781809823   9471.39533327244
0.05043307385181555   9276.357214084495   9223.916616324623
0.05191154191598653   9050.018589328365   8995.860053844008
0.053433351931179485   8841.64970061361   8784.668691902727
0.05499977448602865   8648.970830464019   8587.983238644276
0.05661211741704101   8469.768689014034   8403.53110792759
0.05827172690053434   8300.873500196532   8228.23051419849
0.05997998857658587   8138.777030321566   8058.734028010521
0.06173832870592997   7979.70456780964   7891.542934194457
0.0635482153607709   7818.9562482271895   7722.497039698132
0.06541115965050462   7651.926501527573   7547.589040627397
0.06732871698337338   7473.579199168054   7362.6452155216075
0.06930248836510605   7279.0905676772545   7163.780594395434
0.07133412173562886   7064.849207794405   6948.402265081454
0.07342531334496233   6828.4572871100145   6715.113020379635
0.07557780916945323   6569.388993566909   6464.02872177836
0.07779340636952398   6289.002577125944   6196.769723074419
0.08007395479015682   5990.61480364589   5916.840361503854
0.08242135850536496   5679.193157434358   5629.267365693744
0.08483757740794096   5360.760527012787   5339.25606137679
0.08732462884580919   5041.806812204141   5051.978864810577
0.08988458930634863   4729.363795594125   4773.190904622788
0.09251959615009227   4430.444700829965   4508.3942782388085
0.09523184939525078   4152.35319482399   4262.700167094232
0.09802361355455057   3901.067134466158   4040.103030881054
0.10089721952591899   3681.5938212891588   3843.5443929501475
0.10385506653859616   3496.506669285245   3674.091347756976
0.10689962415629803   3345.6023490551906   3530.4734179382663
0.11003343433910281   3225.8533783331563   3409.5166174491637
0.11325911356578279   3131.807786176018   3306.4416404294157
0.11657935501835284   3055.9087732984485   3215.434191740421
0.11999693083066039   2989.558152942317   3130.345661381744
0.12351469440289359   2923.3709070237705   3045.0099080142886
0.12713558278394044   2848.484702470493   2954.256954439017
0.13086261912358757   2757.5737257761   2854.309699748648
0.13469891519660646   2646.2801667287185   2743.3100922140516
0.13864767400083483   2514.0034715323177   2621.7880017867956
0.14271219243142114   2363.8914246678455   2492.7608428409544
0.14689586403346616   2202.582863417367   2361.0866540220622
0.1512021818353596   2039.7338720595817   2232.0021155723084
0.15563474126517718   1886.5130592381636   2111.5411319822
0.16019724315257297   1752.675117187172   2003.819184576437
0.1648934968186736   1643.846090632227   1910.5313686793581
0.1697274232565544   1560.550554077067   1831.2493020610157
0.17470305840495237   1499.265795651392   1763.0020355939967
0.17982455651794954   1453.6872806298147   1701.8981510927451
0.18509619363343993   1414.9008644697985   1644.3096858172037
0.19052237114327647   1372.4564238292971   1585.5628262981738
0.19610761946807834   1318.0380513646803   1523.328711206486
0.20185660183976684   1248.9796419217755   1458.3194101533854
0.20777411819498756   1168.2971978364833   1391.2030048521015
0.21386510918267082   1082.7245352444534   1324.8395318199618
0.22013466028907505   1001.1285327124551   1262.4635871263008
0.22658800608375756   931.4042674271177   1205.5045825431034
0.23323053459001789   877.2575277809036   1155.153527325272
0.2400677917834628   837.351298590963   1109.4643933062541
0.24710548622244882   806.1453927582845   1067.017294150195
0.25434949381426813   775.6997341731662   1026.0017838711121
0.2618058627210567   739.6736652544337   985.0761164070609
0.2694808184095226   696.4625159801269   944.2920058987876
0.27738076884870827   648.8198176894193   903.9984291052991
0.2855123098601282   602.4097850107584   866.1011272759941
0.29388223062474755   562.7081536912291   830.4540242456955
0.3024975193514008   531.405086285962   797.6867213592184
0.31136536911138296   506.18995229214437   766.8356242225635
0.3204931838440838   482.56720359748317   737.460703357616
0.32988858453867975   456.64581359588095   708.6666077455442
0.3395594155970457   427.9820061710289   680.9680072841227
0.34951375138319807   399.1992402073288   654.3624822369693
0.3597599029647371   373.3941952565322   629.2332519551055
0.37030642505191835   351.8503457714455   605.4561000334667
0.3811621231401457   333.1432374248851   583.0454540345493
0.3923360608618501   314.7835524596015   561.5621172450316
0.4038375675538918   295.61879182775243   540.8538290539387
0.41567624604680364   276.5126317624233   520.9856742143677
0.42786198068238046   259.0530134796882   502.17310686133175
0.4404049455663077   243.72583886046175   484.3369219644956
0.4533156130627191   229.66167743909926   467.3258579860784
0.4666047625377753   215.79897857613855   450.99640175676933
0.4802834893595659   202.15805753402742   435.3182346446307
0.49436321416184764   189.41132603981032   420.3757661102841
0.5088556923793517   177.8531525949271   406.20044862671887
0.5237730240626238   167.06743587440187   392.6571130164672
0.5391276639805903   156.6573024492533   379.6464412642694
0.5549324320192869   146.7351507846636   367.18763739011007
0.5712005238854289   137.5352736226605   355.30306819505853
0.5879455221237613   128.9801899083133   343.94672320918903
0.6051814074573895   120.85987640884848   333.0430951498924
0.622922570460556   113.17275846134726   322.5787913655324
0.6411838235736077   105.99491418187169   312.55851315992885
0.6599804134701901   99.27699274498617   302.9656471820653
0.6793280337869897   92.95520141544637   293.74386404389764
0.6992428382266549   87.01041611742701   284.8738454241441
0.7197414540448374   81.42405860548287   276.33752299244526
0.7408409959326054   76.17802035554917   268.11789436077106
0.7625590803058332   71.25470382910079   260.1989540623476
0.7849138400134885   66.63705592550527   252.5656295244359
0.8079239394770964   62.308462922144734   245.20341695405764
0.8316085902740278   58.25187113380371   238.09610122076813
0.8559875671776167   54.45062707931326   231.22728383920582
0.8810812246675007   50.88907757818856   224.58172307650875
0.9069105139239728   47.55251420715937   218.14526476487015
0.9334970003205227   44.427116362253386   211.904768799045
0.960862881429187   41.49989779887271   205.84804203072915
0.9890310055537336   38.75866958555273   199.96376636684943
1.0180248908061487   36.19212367722022   194.2413312858876
1.047868744742366   33.78969353314365   188.67084059218456
1.0785874845736239   31.541405777250382   183.24315087247948
1.1102067579703248   29.43784902753652   177.94982812302945
1.1427529644757777   27.470145832287773   172.7831064061785
1.1762532775476793   25.629925718147078   167.73584968239058
1.210735667245765   23.909297678149883   162.80152324752953
1.246228923584555   22.300800887820547   157.9742668338738
1.2827626805706884   20.79739371418667   153.2488298999844
1.3203674409449337   19.392455726951837   148.62044235410946
1.3590746016495152   18.079764734736397   144.08478566470424
1.3989164800420282   16.85347424061189   139.63796854803027
1.4399263408778291   15.70809207055136   135.27650385943878
1.4821384240834183   14.638460206285886   130.9973062870822
1.525587973344019   13.639737582716162   126.79815329690572
1.5703112655292182   12.707381359761595   122.67762020979484
1.6163456409812174   11.837127249936215   118.63449399611116
1.6637295346910133   11.024973303935441   114.667731742674
1.7125025083885144   10.2671646795741   110.7764480280201
1.7627052835733923   9.560179225934125   106.95990252153273
1.814379775514258   8.900713830982902   103.21750045004576
1.8675691282445197   8.28567099203019   99.54930683107023
1.922317750584177   7.712146618403836   95.95613234091319
1.9786713532176083   7.177419326485442   92.43875451756793
2.0366769868582977   6.678939555991691   88.99785846760312
2.0963830815323896   6.214319236298985   85.63403585556085
2.1578394870138577   5.78132203470994   82.3477841612905
2.2210975144450407   5.377854145479804   79.13950975323067
2.286209979177315   5.001954703438219   76.0098211088951
2.3532312448676476   4.651787271136751   72.95968717788827
2.4222172688678643   4.325633883398732   69.98990448454853
2.4932256489445366   4.021887855968424   67.10104904540982
2.5663156713684585   3.739046840163705   64.29348648661235
2.641548360413907   3.475706291196998   61.56738238400896
2.7189865293089923   3.230553331780529   58.922713637340394
2.798694832679631   3.0023620172408227   56.35947368491824
2.8807398205309562   2.789988783325365   53.87787949017341
2.9651899938111903   2.5923648470177127   51.47793909229576
3.05211586160442   2.408491206166746   49.15940467471145
3.1415899999999994   2.2374342896040678   46.9217929541794
