0.01   8800.372063211467   8799.81439930684
0.010293154462191829   8860.046013008465   8859.474101345488
0.010594902878253955   8914.537284933396   8913.952052158891
0.010905497183778876   8963.565495621247   8962.96836514745
0.011225196699963396   9006.83845702882   9006.22991037909
0.011554268350120923   9044.069530069015   9043.448967021017
0.011892986882540897   9074.977593328374   9074.343464426307
0.012241635099881474   9099.27414892179   9098.624798687602
0.012600504095286909   9116.67620394373   9116.010180922916
0.012969893495426888   9126.913832639479   9126.229893169826
0.013350111710660605   9129.715005428554   9129.011862286594
0.013741476192534558   9124.803370712603   9124.07937920854
0.014144313698828986   9111.920898662449   9111.174049005833
0.01455896056637426   9090.827037924535   9090.054915886602
0.014985762991865008   9061.285061439914   9060.484614458246
0.01542507732090645   9023.079246958456   9022.246742231982
0.015877270345534218   8976.02266198698   8975.153720517354
0.016342719610456153   8919.947282403238   8919.03678506545
0.016821813728271667   8854.706380663642   8853.748384672477
0.017314952703931925   8780.189590528393   8779.177399025622
0.017822548268711737   8696.32439425425   8695.250640502683
0.01834502422397195   8603.074703812943   8601.931437756304
0.018882816794999403   8500.446552850135   8499.225347763926
0.019436374995219892   8388.491687592888   8387.183786117583
0.02000616100108813   8267.323081522465   8265.919983196087
0.020592650537967844   8137.112393711345   8135.606342821264
0.021196333277324068   7998.077253227836   7996.461327395301
0.02181771324555934   7850.499853046126   7848.768512634935
0.022457309244835088   7694.761602866417   7692.912111514686
0.02311565528622961   7531.291627850659   7529.324193884398
0.023793301035594242   7360.561149372796   7358.478889274836
0.024490812272480036   7183.167041420248   7180.977363251714
0.025208771362518027   6999.789591976721   6997.504879014571
0.0259477777436476   6811.119188576061   6808.7562730475
0.02670844842659881   6617.923088792757   6615.503426663531
0.027491418510046592   6421.130142594173   6418.680887586583
0.028297341710866907   6221.659397449891   6219.212711227668
0.029126890909937666   6020.411027067717   6018.003162085101
0.029980758713939952   5818.459838245281   5816.130741521789
0.030859658033628758   5616.921948775837   5614.714577945561
0.031764322679055976   5416.813097941413   5414.772447894801
0.03269550797224261   5219.177881343728   5217.349411632911
0.033653991377811755   5025.190108663525   5023.617783314739
0.03464057315210884   4835.89589224977   4834.621741881505
0.03565607701135116   4652.221654067995   4651.284730855521
0.036701350819364466   4475.194058039181   4474.62372980326
0.03777726729548091   4305.779033718251   4305.5932287233645
0.038884724743189276   4144.769725524006   4144.9766640856915
0.04002464780014597   3992.787023211438   3993.3821184499093
0.041197988210172884   3850.292790253296   3851.253374538724
0.04240572561788674   3717.6433704308884   3718.931019333992
0.04364886838662332   3595.114628678212   3596.674778663882
0.04492845444033957   3482.9299614748866   3484.676450553929
0.04624555213019635   3381.272253878617   3383.084519118139
0.04760126112654554   3290.243189558785   3291.97052234332
0.04899671333706607   3208.964634397888   3210.4429949215887
0.05043307385181555   3135.8322917292553   3136.8967584949064
0.05191154191598653   3069.3822249230657   3069.866200693114
0.053433351931179485   3008.437931334256   3008.1685530561754
0.05499977448602865   2952.0571177342767   2950.8517574497823
0.05661211741704101   2899.2815586490765   2896.9518571056533
0.05827172690053434   2848.4786160964672   2844.8601162759956
0.05997998857658587   2797.7736514131284   2792.7405065086587
0.06173832870592997   2745.1985164480216   2738.6830097072825
0.0635482153607709   2688.464377798256   2680.496663723424
0.06541115965050462   2625.453066371587   2616.1684366427485
0.06732871698337338   2554.4089159308273   2544.0705829696362
0.06930248836510605   2473.963689247655   2462.9618650444263
0.07133412173562886   2383.6911735766016   2372.5295475131043
0.07342531334496233   2283.9531386272483   2273.2246193502237
0.07557780916945323   2175.9773187108785   2166.3110017140125
0.07779340636952398   2061.711121136397   2053.722790436883
0.08007395479015682   1943.3698323489757   1937.6568424027907
0.08242135850536496   1823.325218562912   1820.4534735892682
0.08483757740794096   1704.407672353478   1704.8021334640616
0.08732462884580919   1589.549739898889   1593.4399531703612
0.08988458930634863   1481.8217800990171   1489.2137131377272
0.09251959615009227   1383.9590626804993   1394.6149183171917
0.09523184939525078   1298.3673006880522   1311.743536684383
0.09802361355455057   1226.4571484615221   1241.7770355412433
0.10089721952591899   1168.456923975678   1184.749904164942
0.10385506653859616   1123.6037269135122   1139.8039150971274
0.10689962415629803   1089.9097485788986   1104.967956497566
0.11003343433910281   1064.7058275674042   1077.7029274524605
0.11325911356578279   1044.7148831645075   1054.978358720007
0.11657935501835284   1026.2471740541755   1033.4673457036897
0.11999693083066039   1005.6089357841573   1009.9411671609979
0.12351469440289359   979.4811898343613   981.6391110516059
0.12713558278394044   945.5958795751064   946.7780885894214
0.13086261912358757   902.9595737022969   904.695898297313
0.13469891519660646   852.0509615310946   855.9861439245534
0.13864767400083483   794.836236412441   802.4860593109613
0.14271219243142114   734.7596262699615   747.2230460487126
0.14689586403346616   676.3095990668503   693.9670794535235
0.1512021818353596   623.9683902945167   646.2480950092311
0.15563474126517718   580.6462207991641   606.2915148712142
0.16019724315257297   547.2073375132678   574.5059273345616
0.1648934968186736   522.9810043600579   550.0765679953429
0.1697274232565544   506.2038048448624   531.4619280386846
0.17470305840495237   493.87558917368807   516.203475823394
0.17982455651794954   481.90818766369847   501.1522129108499
0.18509619363343993   466.4268557971737   483.48542831329115
0.19052237114327647   445.4644857459028   461.94202484048105
0.19610761946807834   419.20982694247374   436.9985648010489
0.20185660183976684   389.4842816220856   410.21156689878245
0.20777411819498756   359.4051768114875   383.61989832562784
0.21386510918267082   332.3871605060817   359.6184855132489
0.22013466028907505   310.6360702547976   339.5217068409585
0.22658800608375756   294.59370363714066   323.3116745191363
0.23323053459001789   282.98567400896536   310.13434922303685
0.2400677917834628   273.0738700516625   298.07338048619323
0.24710548622244882   262.0763365093404   285.4712324771005
0.25434949381426813   248.6063670166375   271.6941455732851
0.2618058627210567   232.80743282799313   256.9275501474645
0.2694808184095226   216.25755944188506   242.1128405966358
0.27738076884870827   201.19298143468848   228.52785232644055
0.2855123098601282   188.91245176375563   216.7069193690424
0.29388223062474755   179.29028726760095   206.42824782548655
0.3024975193514008   171.09332028751427   197.07844719140707
0.31136536911138296   162.6942636660933   187.7847729404258
0.3204931838440838   153.31279142196422   178.3765079508258
0.32988858453867975   143.3852145644433   168.99897674784918
0.3395594155970457   133.9260464432108   160.11386415030177
0.34951375138319807   125.76317385221638   152.0428602901709
0.3597599029647371   118.86974300921746   144.68854588818536
0.37030642505191835   112.52314795691686   137.72998832386497
0.3811621231401457   106.07728075995126   130.96436445234644
0.3923360608618501   99.48430052667122   124.39792774143487
0.4038375675538918   93.18227435817354   118.16069280197475
0.41567624604680364   87.5312349244858   112.34814024930199
0.42786198068238046   82.47376002604692   106.91703464434856
0.4404049455663077   77.65727906348592   101.74139890737919
0.4533156130627191   72.91577971998657   96.79693345904789
0.4666047625377753   68.36441507732772   92.09039303003557
0.4802834893595659   64.1712022980715   87.65659249075001
0.49436321416184764   60.3121653639098   83.47871021300928
0.5088556923793517   56.64812542031285   79.50947433239321
0.5237730240626238   53.13387025009881   75.73340355850013
0.5391276639805903   49.828270237345215   72.1608416622794
0.5549324320192869   46.7562887114628   68.78435283571952
0.5712005238854289   43.86715523369429   65.58451957829351
0.5879455221237613   41.12764854895422   62.54740719690512
0.6051814074573895   38.55229353839182   59.67216884306078
0.622922570460556   36.139985349008   56.94949451241125
0.6411838235736077   33.872195593273446   54.36901970738994
0.6599804134701901   31.734972687251524   51.92212321977449
0.6793280337869897   29.72677829025416   49.602929469873104
0.6992428382266549   27.842170030062576   47.40490262371598
0.7197414540448374   26.07352803310067   45.32127659079124
0.7408409959326054   24.41370780166172   43.3456792032553
0.7625590803058332   22.85602230437474   41.47211201971076
0.7849138400134885   21.39421071606412   39.6949277162162
0.8079239394770964   20.022409445978205   38.008808873918014
0.8316085902740278   18.735138545171015   36.40874138663605
0.8559875671776167   17.527414231806837   34.88992399441247
0.8810812246675007   16.39462988741281   33.4477917316745
0.9069105139239728   15.332420103292842   32.07805686819276
0.9334970003205227   14.336648372580736   30.776691921977488
0.960862881429187   13.403397257539888   29.539912806175224
0.9890310055537336   12.528958794169167   28.364163129441764
1.0180248908061487   11.709823825050577   27.246094110250112
1.047868744742366   10.942648812995298   26.182447777424425
1.0785874845736239   10.224256706772488   25.17007093850215
1.1102067579703248   9.5516552085519   24.206012311292294
1.1427529644757777   8.922027607309396   23.287512100801983
1.1762532775476793   8.332723039814045   22.411988322372142
1.210735667245765   7.781247252666316   21.57702418615807
1.246228923584555   7.26525389613295   20.780354746154206
1.2827626805706884   6.782538185162988   20.019791550947527
1.3203674409449337   6.3310289657730054   19.293204115768603
1.3590746016495152   5.908778330757033   18.59860103428509
1.3989164800420282   5.513954541207412   17.93412559266422
1.4399263408778291   5.144835510086655   17.298045781839313
1.4821384240834183   4.799802620801891   16.68874513143
1.525587973344019   4.47733486349248   16.10471395008741
1.5703112655292182   4.17600305936078   15.544507632721405
1.6163456409812174   3.894464492616078   15.006716955832003
1.6637295346910133   3.6314583656322714   14.490024744144957
1.7125025083885144   3.385801101682454   13.993205980489368
1.7627052835733923   3.156381851927232   13.5151210612064
1.814379775514258   2.9421582461248925   13.054709615028408
1.8675691282445197   2.742152374951419   12.61098481951615
1.922317750584177   2.555446894916773   12.183020977812697
1.9786713532176083   2.3811813221840503   11.769938357289105
2.0366769868582977   2.218548911939329   11.370916857373944
2.0963830815323896   2.0667934909546535   10.98519502166742
2.1578394870138577   1.9252064221546221   10.612066007978461
2.2210975144450407   1.7931237412254046   10.250873874213829
2.286209979177315   1.6699234562646013   9.901010150222907
2.3532312448676476   1.5550228812756572   9.561911802840795
2.4222172688678643   1.447875954990654   9.233061257271336
2.4932256489445366   1.347971431459687   8.913979845490218
2.5663156713684585   1.2548308501108683   8.60422419700631
2.641548360413907   1.1680065031589533   8.303383940040447
2.7189865293089923   1.0870795238490047   8.011079554783949
2.798694832679631   1.0116580887279931   7.72696036439489
2.8807398205309562   0.9413758474963174   7.450714676468706
2.9651899938111903   0.8758908176197587   7.1821203535107125
3.05211586160442   0.814883292594323   6.920990086628049
3.1415899999999994   0.7580542065511033   6.667144760991311
