0.01   22990.692729283885   22980.847123201776
0.010293154462191829   23219.09877460506   23208.33979286213
0.010594902878253955   23437.358355707296   23425.606361896767
0.010905497183778876   23644.72035451273   23631.88869929349
0.011225196699963396   23840.43247636007   23826.427554045094
0.011554268350120923   24023.729366413547   24008.450575866274
0.011892986882540897   24193.80147841686   24177.140842116227
0.012241635099881474   24349.836673903934   24331.67898677267
0.012600504095286909   24491.030817749855   24471.253851816073
0.012969893495426888   24616.55744401499   24595.03051938854
0.013350111710660605   24725.580883487757   24702.16398409242
0.013741476192534558   24817.28683698525   24791.831133483825
0.014144313698828986   24890.867268743674   24863.214454875153
0.01455896056637426   24945.493484278173   24915.47317881493
0.014985762991865008   24980.36510059472   24947.795234231326
0.01542507732090645   24994.720178482174   24959.407856978505
0.015877270345534218   24987.805827206288   24949.546302836854
0.016342719610456153   24958.899673673113   24917.476430973147
0.016821813728271667   24907.33914335848   24862.525538839862
0.017314952703931925   24832.51730305391   24784.076395825316
0.017822548268711737   24733.877852516187   24681.560337662107
0.01834502422397195   24610.941048384288   24554.487182300818
0.018882816794999403   24463.314083681045   24402.456494947495
0.019436374995219892   24290.708154408756   24225.17568768627
0.02000616100108813   24092.936712004528   24022.457980033076
0.020592650537967844   23869.91424715024   23794.220962656244
0.021196333277324068   23621.702893423226   23540.537644540524
0.02181771324555934   23348.542300277382   23261.669031556346
0.022457309244835088   23050.78356939216   22957.99110149829
0.02311565528622961   22728.911282680692   22630.017908269943
0.023793301035594242   22383.69412415438   22278.56205503558
0.024490812272480036   22016.062366074875   21904.603572563883
0.025208771362518027   21627.033122339595   21509.210008497685
0.0259477777436476   21217.892783145664   21093.732145918657
0.02670844842659881   20790.242958684787   20659.852823904042
0.027491418510046592   20345.730306472957   20209.296633506863
0.028297341710866907   19886.115508577397   19743.899091453186
0.029126890909937666   19413.65272746344   19265.9942057824
0.029980758713939952   18930.6891759838   18778.003713176444
0.030859658033628758   18439.494790882298   18282.262714879205
0.031764322679055976   17942.608649717957   17781.375668432916
0.03269550797224261   17442.825994048708   17278.202508040224
0.033653991377811755   16942.756893870253   16775.40534763146
0.03464057315210884   16445.015191639024   16275.625534662662
0.03565607701135116   15952.842569947401   15782.07359206917
0.036701350819364466   15469.354862162822   15297.81723993534
0.03777726729548091   14997.295544059836   14825.549306048018
0.038884724743189276   14538.784917863775   14367.335615000175
0.04002464780014597   14095.404494498624   13924.701436074387
0.041197988210172884   13668.498242345897   13498.936282498624
0.04240572561788674   13259.71692059092   13091.560705099633
0.04364886838662332   12872.11052332288   12705.255174237942
0.04492845444033957   12508.655259984394   12342.613828124964
0.04624555213019635   12171.580799366511   12005.53712703876
0.04760126112654554   11859.879400090245   11692.844602246138
0.04899671333706607   11571.197007761564   11402.085231884343
0.05043307385181555   11303.354109028052   11130.991188599719
0.05191154191598653   11054.116781923747   10877.25583110096
0.053433351931179485   10821.317874175938   10638.649322411131
0.05499977448602865   10602.67658439634   10412.866425443228
0.05661211741704101   10394.901700403561   10196.733194632556
0.05827172690053434   10194.62127228088   9987.0364044091
0.05997998857658587   9997.968650461886   9780.253406466116
0.06173832870592997   9800.466919209966   9572.46844933154
0.0635482153607709   9597.620284237319   9359.86729361566
0.06541115965050462   9384.197508897396   9138.31365168004
0.06732871698337338   9155.271377634788   8904.019401067068
0.06930248836510605   8906.656194897056   8653.988651326881
0.07133412173562886   8635.05123672057   8386.03560487205
0.07342531334496233   8339.176805847814   8099.971944873437
0.07557780916945323   8019.370341688705   7797.012944966129
0.07779340636952398   7678.573987835844   7480.326033935602
0.08007395479015682   7321.322896480358   7154.1529199205115
0.08242135850536496   6953.886182151716   6823.827262671375
0.08483757740794096   6583.140624244331   6494.974413278188
0.08732462884580919   6216.629374772657   6173.618080808017
0.08988458930634863   5862.102847668203   5865.4812124258515
0.09251959615009227   5527.283441078118   5575.833312891383
0.09523184939525078   5219.063789248239   5308.9630206145475
0.09802361355455057   4943.677552724722   5068.279408685689
0.10089721952591899   4704.856253010611   4855.383382646254
0.10385506653859616   4504.104384548741   4670.212063520393
0.10689962415629803   4339.129536332009   4509.96586977654
0.11003343433910281   4205.152320299708   4370.255418431771
0.11325911356578279   4094.231097000667   4245.362865045459
0.11657935501835284   3997.0597966416663   4128.965728254492
0.11999693083066039   3903.2518987456083   4014.385894010129
0.12351469440289359   3802.609777950002   3896.060150964856
0.12713558278394044   3686.3836567874187   3769.74686977438
0.13086261912358757   3548.5617932137125   3632.9888060788544
0.13469891519660646   3387.3113709452587   3486.279126748101
0.13864767400083483   3205.141113225307   3332.0318094308227
0.14271219243142114   3008.5734095701127   3174.383936058496
0.14689586403346616   2807.3740118715587   3018.994504486916
0.1512021818353596   2613.4548774268083   2871.1949867566223
0.15563474126517718   2438.5721615049715   2736.218474078685
0.16019724315257297   2291.1762600474535   2616.462827872642
0.1648934968186736   2174.0841059353834   2511.464283298157
0.1697274232565544   2084.3572161190777   2419.278220876038
0.17470305840495237   2015.010209178639   2336.1840932733294
0.17982455651794954   1956.4550353588697   2257.727428858573
0.18509619363343993   1897.2831591349707   2179.9840272181964
0.19052237114327647   1826.7909473405673   2099.586014211719
0.19610761946807834   1739.4250993953558   2016.1696404723525
0.20185660183976684   1637.0517383815657   1931.7461843666204
0.20777411819498756   1527.0632684514221   1847.9424284625104
0.21386510918267082   1419.3883697002939   1768.0519675168682
0.22013466028907505   1323.82495349481   1693.7457357912745
0.22658800608375756   1246.5578154007526   1626.6799465078584
0.23323053459001789   1187.4036196467207   1565.011143029756
0.2400677917834628   1140.851030798849   1507.8530321539947
0.24710548622244882   1097.964411359063   1452.7751117528937
0.25434949381426813   1050.0221002835458   1397.8720362968825
0.2618058627210567   993.2576681229382   1344.2841476482138
0.2694808184095226   930.1323753958093   1291.7391414029191
0.27738076884870827   866.9208577980205   1241.1267962408651
0.2855123098601282   810.6485391612387   1193.451017283187
0.29388223062474755   764.9877173358204   1149.2529020778895
0.3024975193514008   728.0861854031497   1107.1700203903172
0.31136536911138296   694.6755225958952   1066.941270649734
0.3204931838440838   659.4291874699245   1028.6425193039292
0.32988858453867975   620.4716884994388   990.8797040095759
0.3395594155970457   580.4653810851762   954.7419723661844
0.34951375138319807   543.5890111117153   920.3971775702425
0.3597599029647371   512.1646367362837   888.0666988543767
0.37030642505191835   485.15461533651563   857.114494394219
0.3811621231401457   459.36906696553194   827.5876766790187
0.3923360608618501   432.6592299228171   799.1363215792845
0.4038375675538918   405.6475422205139   771.6171510084521
0.41567624604680364   380.4175679163587   745.3968357458216
0.42786198068238046   358.1276871551737   720.6167141444799
0.4404049455663077   337.8988649684243   696.9632030263024
0.4533156130627191   318.21594071216487   674.2020651329456
0.4666047625377753   298.69169243625294   652.2480190932915
0.4802834893595659   280.19971252406765   631.2088604546177
0.49436321416184764   263.35476999120414   611.1914035764048
0.5088556923793517   247.7586663204231   592.0461437976303
0.5237730240626238   232.74441215717735   573.575738049042
0.5391276639805903   218.3215653093742   555.8078431783917
0.5549324320192869   204.8691623214736   538.7887272495755
0.5712005238854289   192.38282738133586   522.4854305524593
0.5879455221237613   180.55313765417014   506.7871568333393
0.6051814074573895   169.30157160591074   491.6387507465763
0.622922570460556   158.76042278779073   477.083754198087
0.6411838235736077   148.89431838864184   463.074003694458
0.6599804134701901   139.60133243289476   449.5566211640958
0.6793280337869897   130.84856510602955   436.50187251192824
0.6992428382266549   122.61014241178613   423.88375959646095
0.7197414540448374   114.86082420555095   411.67797879502825
0.7408409959326054   107.57605815108779   399.86180929096884
0.7625590803058332   100.7320238342447   388.4140101649023
0.7849138400134885   94.30566045960049   377.31471286106154
0.8079239394770964   88.27398483837459   366.5440684012435
0.8316085902740278   82.61376239607185   356.0812797632016
0.8559875671776167   77.30293478174181   345.9068480843577
0.8810812246675007   72.32071100723817   336.00274915910745
0.9069105139239728   67.64749657906525   326.3523434081397
0.9334970003205227   63.26482652134595   316.94029329209764
0.960862881429187   59.155302077696234   307.75248737933686
0.9890310055537336   55.302537429953055   298.77598353538764
1.0180248908061487   51.691224528143096   289.99920093498923
1.047868744742366   48.30703207780001   281.41180808714154
1.0785874845736239   45.13641889442164   273.004396717171
1.1102067579703248   42.166590456302366   264.7684216290933
1.1427529644757777   39.38546253850721   256.6961544381281
1.1762532775476793   36.78162624347875   248.7806398060054
1.210735667245765   34.34431440443096   241.0156538447146
1.246228923584555   32.0633656661018   233.39582104891065
1.2827626805706884   29.92917024557557   225.91763706719257
1.3203674409449337   27.932662811995403   218.5786186841154
1.3590746016495152   26.065308812898483   211.3766187547448
1.3989164800420282   24.31907568542135   204.3097986175952
1.4399263408778291   22.686405372594116   197.37660528922748
1.4821384240834183   21.160188193364338   190.57574905078548
1.525587973344019   19.733738010681495   183.9061814041483
1.5703112655292182   18.40076880179311   177.36759547050926
1.6163456409812174   17.155372614180905   170.9616956044455
1.6637295346910133   15.991997732562734   164.69044108205935
1.7125025083885144   14.905428389330877   158.5555536748474
1.7627052835733923   13.890765672813949   152.55851953858533
1.814379775514258   12.943409427047474   146.70059165884092
1.8675691282445197   12.059041098507914   140.9827928361476
1.922317750584177   11.233607465582818   135.40592532287363
1.9786713532176083   10.463303361350066   129.9711401478615
2.0366769868582977   9.744556296591396   124.6802771098671
2.0963830815323896   9.074016418077763   119.53481164241045
2.1578394870138577   8.448543656282391   114.53575911486533
2.2210975144450407   7.865195187602295   109.68369986967012
2.286209979177315   7.321213601166159   104.9788045212898
2.3532312448676476   6.8140157339021785   100.42085936069563
2.4222172688678643   6.34118231537538   96.00931277061817
2.4932256489445366   5.900451174472838   91.74368819797289
2.5663156713684585   5.489706517801906   87.62349183946083
2.641548360413907   5.1069666296508505   83.64782128801626
2.7189865293089923   4.7503757085575655   79.81538605681199
2.798694832679631   4.418196287880648   76.12454346782438
2.8807398205309562   4.1088020784983   72.57333343585431
2.9651899938111903   3.8206712128368987   69.15951201319336
3.05211586160442   3.552378434452994   65.88046934387
3.1415899999999994   3.3025802917233276   62.73252991330558
