0.01   9587.00194005428   9584.604286925014
0.010293154462191829   9726.431740715749   9723.806534326655
0.010594902878253955   9863.532407276292   9860.658431951555
0.010905497183778876   9998.009167735825   9994.863532712598
0.011225196699963396   10129.550128738028   10126.107570032527
0.011554268350120923   10257.836879549708   10254.069696709963
0.011892986882540897   10382.541615893131   10378.419690872706
0.012241635099881474   10503.318996269361   10498.809918577703
0.012600504095286909   10619.816973319434   10614.886083156913
0.012969893495426888   10731.678936547642   10726.28929835556
0.013350111710660605   10838.529492784095   10832.641201286664
0.013741476192534558   10939.980777957324   10933.550510633328
0.014144313698828986   11035.644367972833   11028.625430108572
0.01455896056637426   11125.125127424615   11117.467281852849
0.014985762991865008   11208.014371084735   11199.66343006524
0.01542507732090645   11283.90554045124   11274.803438773997
0.015877270345534218   11352.395513207208   11342.480353065552
0.016342719610456153   11413.070442407194   11402.275770136277
0.016821813728271667   11465.518196783694   11453.772844744426
0.017314952703931925   11509.338596419382   11496.566964694242
0.017822548268711737   11544.136686139354   11530.258209702033
0.01834502422397195   11569.521885218437   11554.450245513788
0.018882816794999403   11585.122532012345   11568.76606606572
0.019436374995219892   11590.58851298245   11572.85069692436
0.02000616100108813   11585.590273453787   11566.369959824193
0.020592650537967844   11569.825197195256   11549.017249645636
0.021196333277324068   11543.022265382322   11520.518381004214
0.02181771324555934   11504.95306462183   11480.642285229855
0.022457309244835088   11455.433480233689   11429.202824745942
0.02311565528622961   11394.31839776739   11366.053943756644
0.023793301035594242   11321.518110630157   11291.107380131218
0.024490812272480036   11237.026772756351   11204.363377774605
0.025208771362518027   11140.888569123654   11105.87388825126
0.0259477777436476   11033.198274462964   10995.742781115254
0.02670844842659881   10914.17137312573   10874.19884713063
0.027491418510046592   10784.110207138412   10741.560361843478
0.028297341710866907   10643.355582683478   10598.184554496589
0.029126890909937666   10492.353290741248   10444.53722437744
0.029980758713939952   10331.707207649592   10281.24816859401
0.030859658033628758   10162.053880610149   10108.979648431014
0.031764322679055976   9984.076581927526   9928.440124330637
0.03269550797224261   9798.677120917138   9740.558983542789
0.033653991377811755   9606.828098131493   9546.335692189688
0.03464057315210884   9409.48197921506   9346.747067267694
0.03565607701135116   9207.706423464459   9142.884368692006
0.036701350819364466   9002.70036867865   8935.969321228074
0.03777726729548091   8795.606420216865   8727.163871856766
0.038884724743189276   8587.584875699282   8517.640036956098
0.04002464780014597   8380.076169566302   8308.830113117248
0.041197988210172884   8174.493335191239   8102.133050273787
0.04240572561788674   7972.111850994312   7898.809333617388
0.04364886838662332   7773.904733534894   7699.818786495948
0.04492845444033957   7580.597058015273   7505.874924675177
0.04624555213019635   7392.831595103225   7317.608589654705
0.04760126112654554   7211.459314642925   7135.824120708749
0.04899671333706607   7037.966329645396   6961.874181856898
0.05043307385181555   6873.802311387886   6797.070911195594
0.05191154191598653   6720.042787645208   6642.371951166754
0.053433351931179485   6576.1968405218595   6497.23814743633
0.05499977448602865   6441.23536408284   6360.619874417881
0.05661211741704101   6314.188973371582   6231.529571452038
0.05827172690053434   6194.036697052425   6108.934137522192
0.05997998857658587   6079.780638825713   5991.827054035978
0.06173832870592997   5970.336781038911   5879.135317181794
0.0635482153607709   5864.181199198139   5769.406513101473
0.06541115965050462   5759.772299035936   5661.185511021139
0.06732871698337338   5655.330684978266   5552.852225663488
0.06930248836510605   5548.862202409492   5442.641176498264
0.07133412173562886   5438.357477317699   5328.819371886964
0.07342531334496233   5321.536332450956   5209.521257229495
0.07557780916945323   5196.289613098197   5083.064715113857
0.07779340636952398   5060.83890203464   4948.153847936435
0.08007395479015682   4913.831383256889   4803.887454008667
0.08242135850536496   4754.9907332053845   4650.371817161499
0.08483757740794096   4584.79700506491   4488.353146652675
0.08732462884580919   4404.97761558765   4319.563856261938
0.08988458930634863   4217.935195272062   4146.234480608228
0.09251959615009227   4026.914616485173   3971.2407599562985
0.09523184939525078   3835.383563169878   3797.536612298399
0.09802361355455057   3647.0312076566483   3628.088377079425
0.10089721952591899   3465.5600204539214   3465.7046455007508
0.10385506653859616   3294.5337021711957   3312.9690248519014
0.10689962415629803   3137.092427238276   3172.0231553676376
0.11003343433910281   2995.9661925410264   3044.5813926892124
0.11325911356578279   2872.614304959264   2931.2074199049475
0.11657935501835284   2767.3916397207863   2831.528876469162
0.11999693083066039   2678.6764812572196   2744.0119782937163
0.12351469440289359   2603.6180147847117   2666.32362134494
0.12713558278394044   2537.8259372184443   2594.9865417590863
0.13086261912358757   2476.371721758651   2526.454896180614
0.13469891519660646   2414.067940249619   2457.386727420739
0.13864767400083483   2346.171110077164   2384.9048012927747
0.14271219243142114   2269.0120384312054   2306.947029416737
0.14689586403346616   2180.556992318978   2222.730770775325
0.1512021818353596   2081.0084278028285   2133.4624705824363
0.15563474126517718   1972.6960929467928   2040.7872228921333
0.16019724315257297   1859.694925239942   1947.1111906958668
0.1648934968186736   1747.273068725149   1855.9031607056963
0.1697274232565544   1641.2646915287585   1770.01784484589
0.17470305840495237   1547.0013994384665   1692.089871578481
0.17982455651794954   1467.8400126282454   1623.3125405849087
0.18509619363343993   1404.073761359108   1562.9692230632254
0.19052237114327647   1352.9939855444322   1509.2960331959932
0.19610761946807834   1310.0149736954168   1459.8704659526272
0.20185660183976684   1269.7649884061734   1411.9346306319856
0.20777411819498756   1226.7232734145084   1363.4815212143817
0.21386510918267082   1176.4714118246752   1312.8012238613599
0.22013466028907505   1117.711672679505   1259.8252124955588
0.22658800608375756   1052.9906562243216   1206.529883112987
0.23323053459001789   987.1465723523446   1154.555501377856
0.2400677917834628   925.3478081562893   1105.4633432305695
0.24710548622244882   871.7916950260085   1060.4118035022104
0.25434949381426813   828.2588622205766   1019.5202740460741
0.2618058627210567   793.2552429829286   982.1658978439236
0.2694808184095226   762.7832093589059   946.7596267408269
0.27738076884870827   732.1030069725491   912.0271365556588
0.2855123098601282   697.6515941505907   877.4472481032876
0.29388223062474755   659.0303547732012   842.7918381457087
0.3024975193514008   618.8755481773266   809.5579357824735
0.31136536911138296   580.8214987543803   777.6276169344308
0.3204931838440838   547.792432011661   747.8053015018962
0.32988858453867975   520.3964197815059   719.9815319964347
0.3395594155970457   496.5222789592754   693.5158210844038
0.34951375138319807   473.1515794791095   667.9445964138639
0.3597599029647371   448.275496162104   643.2023928799488
0.37030642505191835   422.1014311738524   619.101538671197
0.3811621231401457   396.6999081588818   596.0492665341457
0.3923360608618501   373.95237157207623   574.180665744585
0.4038375675538918   354.15304650576513   553.5075269804131
0.41567624604680364   336.0537571407765   533.7671641149567
0.42786198068238046   318.06258803296924   514.7630998561037
0.4404049455663077   299.7562131213343   496.38489580440216
0.4533156130627191   282.00843185583625   478.805717181636
0.4666047625377753   265.7790635515147   462.0631013891505
0.4802834893595659   251.12102199444857   446.14109325842645
0.49436321416184764   237.26640384582478   430.897520176987
0.5088556923793517   223.65453269109472   416.1971996067957
0.5237730240626238   210.46524227204566   402.08915955280565
0.5391276639805903   198.1805015431633   388.62125872870035
0.5549324320192869   186.83655444029125   375.7586427835984
0.5712005238854289   176.08041227105608   363.4160276585063
0.5879455221237613   165.714546658783   351.5501371394062
0.6051814074573895   155.88781712219176   340.1662832058194
0.622922570460556   146.71711570628568   329.277009100463
0.6411838235736077   138.08252105970647   318.8227364499999
0.6599804134701901   129.85969880812556   308.7640230507145
0.6793280337869897   122.08059546366641   299.0993358606059
0.6992428382266549   114.7784932030328   289.8172581206203
0.7197414540448374   107.89674633261752   280.89304863076063
0.7408409959326054   101.39685040027994   272.2981744879507
0.7625590803058332   95.26108712421743   264.0147340375771
0.7849138400134885   89.47253426824484   256.02612898962076
0.8079239394770964   84.01469717178885   248.31679841602204
0.8316085902740278   78.87153651985021   240.8721502063808
0.8559875671776167   74.0274909012841   233.678497712044
0.8810812246675007   69.4674237270358   226.72286076372285
0.9069105139239728   65.17598160842097   219.9915451128525
0.9334970003205227   61.13809146405803   213.470868057567
0.960862881429187   57.33947588475049   207.14811930891452
0.9890310055537336   53.7666207695724   201.0115115545412
1.0180248908061487   50.40673673263406   195.05012081681394
1.047868744742366   47.247722348490974   189.25383169842135
1.0785874845736239   44.27812915391561   183.61328702969982
1.1102067579703248   41.48715812743508   178.11980663929734
1.1427529644757777   38.864698415335994   172.76525309034614
1.1762532775476793   36.401187530805295   167.54210748261406
1.210735667245765   34.08755723356065   162.44346573594945
1.246228923584555   31.915211703031343   157.46300308528632
1.2827626805706884   29.87600639206688   152.5949409706679
1.3203674409449337   27.962227562595046   147.83401604949634
1.3590746016495152   26.16657225629306   143.17545697274656
1.3989164800420282   24.48211688731433   138.61526271333923
1.4399263408778291   22.902296998206815   134.150276725336
1.4821384240834183   21.42090986181131   129.77768832076376
1.525587973344019   20.03209791233057   125.49497325917362
1.5703112655292182   18.730331202659535   121.2998759399991
1.6163456409812174   17.51039063286871   117.19039217244644
1.6637295346910133   16.36735192461577   113.164752458455
1.7125025083885144   15.296570324597353   109.22149099439092
1.7627052835733923   14.293666069958272   105.36024173399274
1.814379775514258   13.354510393928399   101.58122859966127
1.8675691282445197   12.475212178622238   97.8846416337332
1.922317750584177   11.652105293269974   94.27062493386906
1.9786713532176083   10.881736532756687   90.73927392921934
2.0366769868582977   10.160854132670371   87.29063287813013
2.0963830815323896   9.486396838424977   83.92469259420541
2.1578394870138577   8.855482608765135   80.64158077718774
2.2210975144450407   8.265396660923315   77.44204364952945
2.286209979177315   7.713585378561094   74.32678831500145
2.3532312448676476   7.197648115668551   71.29630259943023
2.4222172688678643   6.715328535166382   68.35086539503351
2.4932256489445366   6.264506401400893   65.49055718732902
2.5663156713684585   5.84318980535362   62.71527070642093
2.641548360413907   5.449507848995949   60.02472707024315
2.7189865293089923   5.081705954783593   57.418758107207175
2.798694832679631   4.7381395385212715   54.89738492851462
2.8807398205309562   4.417264005731528   52.46039858162813
2.9651899938111903   4.11762877682673   50.107344520455875
3.05211586160442   3.8378719255892784   47.837543243449026
3.1415899999999994   3.576715094773254   45.650110443811855
