0.01   3018.8887675782235   3018.7928744748247
0.010293154462191829   3057.369618502578   3057.2734744157224
0.010594902878253955   3094.9841909710663   3094.8877291056037
0.010905497183778876   3131.648953609748   3131.551865184892
0.011225196699963396   3167.2783147150835   3167.180112650615
0.011554268350120923   3201.7806995144447   3201.6811163760844
0.011892986882540897   3235.0619042361236   3234.9610399900553
0.012241635099881474   3267.0269176157844   3266.925242595614
0.012600504095286909   3297.5779589946724   3297.475968561029
0.012969893495426888   3326.6144296624475   3326.512240984921
0.013350111710660605   3354.0356605876095   3353.9329771674315
0.013741476192534558   3379.7398555978807   3379.6360781661087
0.014144313698828986   3403.6200083372655   3403.514701918898
0.01455896056637426   3425.568742394519   3425.461756403216
0.014985762991865008   3445.4799866807725   3445.371442787131
0.01542507732090645   3463.2462850404017   3463.136240200671
0.015877270345534218   3478.759847237194   3478.6480084656123
0.016342719610456153   3491.915784444772   3491.801495177398
0.016821813728271667   3502.6108465900334   3502.4931959290557
0.017314952703931925   3510.740687206494   3510.6188149884533
0.017822548268711737   3516.2048406361637   3516.0779932999008
0.01834502422397195   3518.9080622087126   3518.775570458287
0.018882816794999403   3518.7589335314838   3518.6199257901208
0.019436374995219892   3515.671459855034   3515.524690939043
0.02000616100108813   3509.5671504388984   3509.411007866069
0.020592650537967844   3500.3761709685814   3500.2087850006296
0.021196333277324068   3488.0384333232655   3487.857882706603
0.02181771324555934   3472.5034739942516   3472.3078212971086
0.022457309244835088   3453.7318844529245   3453.519197863455
0.02311565528622961   3431.7015858809373   3431.4700116378444
0.023793301035594242   3406.4044188084467   3406.1522195808807
0.024490812272480036   3377.8437536865736   3377.5693245035027
0.025208771362518027   3346.044731016126   3345.7468073946675
0.0259477777436476   3311.0583358881645   3310.736275010297
0.02670844842659881   3272.947513922381   3272.6013015541903
0.027491418510046592   3231.7920112399543   3231.422309724588
0.028297341710866907   3187.7123889010218   3187.3208520447747
0.029126890909937666   3140.8468318974883   3140.4361554399916
0.029980758713939952   3091.341639634499   3090.9154980129174
0.030859658033628758   3039.3816915734274   3038.9448850831723
0.031764322679055976   2985.188669170119   2984.747256471921
0.03269550797224261   2928.9851808342946   2928.5463606566886
0.033653991377811755   2871.0098830037673   2870.581927284183
0.03464057315210884   2811.5603603167815   2811.152713068201
0.03565607701135116   2750.9369702813215   2750.560135695645
0.036701350819364466   2689.4297047988002   2689.095051423389
0.03777726729548091   2627.3630720092474   2627.0822489853476
0.038884724743189276   2565.078994688774   2564.8635011268393
0.04002464780014597   2502.895750205608   2502.7568666703964
0.041197988210172884   2441.135718436058   2441.0838977685494
0.04240572561788674   2380.1663324921556   2380.209819141948
0.04364886838662332   2320.3317336999494   2320.4765462294267
0.04492845444033957   2261.935113261252   2262.1851833714286
0.04624555213019635   2205.1831393442676   2205.539664668875
0.04760126112654554   2150.222802007485   2150.684049891266
0.04899671333706607   2097.18333429697   2097.7449337329963
0.05043307385181555   2046.2382048609284   2046.8907308384375
0.05191154191598653   1997.6503683244625   1998.3749565016199
0.053433351931179485   1951.6660996306803   1952.4348692500346
0.05499977448602865   1908.398606294628   1909.17678914725
0.05661211741704101   1867.4845948462225   1868.2366538359047
0.05827172690053434   1828.463911768945   1829.155054404242
0.05997998857658587   1790.9218447421226   1791.518063908486
0.06173832870592997   1754.5190647802983   1754.9875886658888
0.0635482153607709   1718.953625392183   1719.2630574180766
0.06541115965050462   1683.8902297577426   1684.0127719808759
0.06732871698337338   1648.8923303374618   1648.8086968058542
0.06930248836510605   1613.534198804611   1613.2345387436587
0.07133412173562886   1577.3215683468623   1576.8131565225995
0.07342531334496233   1539.734042969741   1539.0459319848126
0.07557780916945323   1500.2907466967101   1499.4771415468492
0.07779340636952398   1458.5397937449086   1457.6874144857757
0.08007395479015682   1414.14756093979   1413.3736564048215
0.08242135850536496   1367.0281130231363   1366.4801765375098
0.08483757740794096   1317.26301992224   1317.1115201191033
0.08732462884580919   1265.3055366317626   1265.7293140233965
0.08988458930634863   1211.764462201081   1212.9408694064957
0.09251959615009227   1157.4784875192213   1159.5719959018836
0.09523184939525078   1103.3238098658016   1106.4756030022497
0.09802361355455057   1050.2207041216066   1054.5285731694016
0.10089721952591899   999.0337789324055   1004.546627402363
0.10385506653859616   950.5800116266962   957.2925216540623
0.10689962415629803   905.600169037927   913.4426960531069
0.11003343433910281   864.7278194029025   873.5651453476936
0.11325911356578279   828.325134498186   837.9552836942341
0.11657935501835284   796.5247048907426   806.6845951742959
0.11999693083066039   768.9533962926621   779.3681080177766
0.12351469440289359   744.9286819783623   755.3414121863125
0.12713558278394044   723.3482883876126   733.561341969567
0.13086261912358757   702.9937326560481   712.8951227402432
0.13469891519660646   682.595273412069   692.1929110772062
0.13864767400083483   661.04677926959   670.4853734459247
0.14271219243142114   637.5016787289048   647.0578308866432
0.14689586403346616   611.5300370424945   621.5769386078889
0.1512021818353596   583.2126901293319   594.1635943631278
0.15563474126517718   553.1083462823951   565.3532557334752
0.16019724315257297   522.1717832662112   536.0122279295625
0.1648934968186736   491.5730605820106   507.1591607171659
0.1697274232565544   462.564386508109   479.8558242560325
0.17470305840495237   436.31880869278615   455.0543604952498
0.17982455651794954   413.6742758143846   433.3868554998614
0.18509619363343993   394.788601030809   414.9348210825305
0.19052237114327647   379.0308425731736   399.0766173431741
0.19610761946807834   365.2772943691986   384.8626234396035
0.20185660183976684   352.3010524819861   371.29266184326406
0.20777411819498756   338.96079236274363   357.46955418187866
0.21386510918267082   324.3224934345481   342.71000991753107
0.22013466028907505   308.0084896042719   326.77387409475267
0.22658800608375756   290.5028826890469   310.13367352608134
0.23323053459001789   272.8910527054625   293.6167669618292
0.2400677917834628   256.2846379004803   278.03940384704856
0.24710548622244882   241.51480065985572   263.9690794891568
0.25434949381426813   228.97313872747313   251.62423524185118
0.2618058627210567   218.39640994677623   240.78025165548377
0.2694808184095226   208.95752411049764   230.80136630364908
0.27738076884870827   199.71417454845673   221.0559860697345
0.2855123098601282   189.92940236843953   211.0737713670465
0.29388223062474755   179.44049003465952   200.7886671816203
0.3024975193514008   168.75734436107058   190.57642009461105
0.31136536911138296   158.60066276788552   180.89811283690221
0.3204931838440838   149.4954194388773   171.99334503382246
0.32988858453867975   141.59547810594609   163.95827720655805
0.3395594155970457   134.5421423752037   156.54703140606475
0.34951375138319807   127.75282599705206   149.39514322386879
0.3597599029647371   120.85507979852275   142.34646290147066
0.37030642505191835   113.84473011045502   135.39914201626596
0.3811621231401457   107.05889568259467   128.73369930709853
0.3923360608618501   100.84515076411304   122.5117415830351
0.4038375675538918   95.25507331942032   116.73047640226902
0.41567624604680364   90.08983548482286   111.28441366516647
0.42786198068238046   85.08425917506129   106.04306664540066
0.4404049455663077   80.14224661392524   100.97554035343057
0.4533156130627191   75.38600129024597   96.14012358049183
0.4666047625377753   70.96604297856204   91.5778115916404
0.4802834893595659   66.89276826414203   87.27821830819997
0.49436321416184764   63.05471214781613   83.19573748830524
0.5088556923793517   59.36006487840881   79.29159626693996
0.5237730240626238   55.81914527066484   75.56848997679683
0.5391276639805903   52.49563643118001   72.04158302963079
0.5549324320192869   49.39333791024564   68.70187300422184
0.5712005238854289   46.46428277623619   65.52914604181187
0.5879455221237613   43.67497936199944   62.509948384299
0.6051814074573895   41.036458837775555   59.64136031036814
0.622922570460556   38.55995119285716   56.92191313865611
0.6411838235736077   36.22864675764787   54.340276614839325
0.6599804134701901   34.023442346750784   51.88702793174854
0.6793280337869897   31.941978504826466   49.5579821235096
0.6992428382266549   29.98460654835684   47.347724120354854
0.7197414540448374   28.14141139034086   45.24917543420286
0.7408409959326054   26.4039516041972   43.25556890414467
0.7625590803058332   24.7681932106324   41.36287552551652
0.7849138400134885   23.22874632562851   39.56588662657556
0.8079239394770964   21.780303518295568   37.8595192923161
0.8316085902740278   20.41782429895224   36.238968883318904
0.8559875671776167   19.13652344288296   34.69969376099089
0.8810812246675007   17.931859706716185   33.2374008369199
0.9069105139239728   16.79952493235766   31.848031904063326
0.9334970003205227   15.735434646646333   30.52774338860344
0.960862881429187   14.735729462449108   29.27281558642991
0.9890310055537336   13.796757309064185   28.079685737438336
1.0180248908061487   12.915054425770048   26.94499980282594
1.047868744742366   12.087336926263031   25.865600529777893
1.0785874845736239   11.31049280394659   24.838515174986483
1.1102067579703248   10.581574190864462   23.860944035164515
1.1427529644757777   9.897789870259365   22.93024972906368
1.1762532775476793   9.256496864065447   22.04391466340847
1.210735667245765   8.655190303428009   21.1994377057422
1.246228923584555   8.091501345335477   20.394443032132184
1.2827626805706884   7.563191887228741   19.626707316124705
1.3203674409449337   7.06814807119664   18.894148947259787
1.3590746016495152   6.60437405785652   18.194818079070945
1.3989164800420282   6.169986062652688   17.52688743814785
1.4399263408778291   5.763206643050129   16.888642966586602
1.4821384240834183   5.382358982949233   16.278420859580994
1.525587973344019   5.025861608144496   15.694577049249382
1.5703112655292182   4.69222384909176   15.135571779282976
1.6163456409812174   4.380041092840733   14.599970040600057
1.6637295346910133   4.087990212140314   14.086433833097448
1.7125025083885144   3.814825207631947   13.593715065905638
1.7627052835733923   3.5593730553991745   13.12064903865953
1.814379775514258   3.320529700785305   12.666145183621419
1.8675691282445197   3.0972557709037782   12.22914660800624
1.922317750584177   2.8885733698198317   11.808643935696876
1.9786713532176083   2.6935631055681495   11.403698127441654
2.0366769868582977   2.511360820187892   11.013435897685541
2.0963830815323896   2.341154478407323   10.637045037497893
2.1578394870138577   2.182181216058155   10.273770117580245
2.2210975144450407   2.0337245411662166   9.922908536030388
2.286209979177315   1.8951115514148331   9.58379966190489
2.3532312448676476   1.7657100829289907   9.25580066617675
2.4222172688678643   1.644926841367214   8.938309051671316
2.4932256489445366   1.53220527475592   8.63076769881237
2.5663156713684585   1.4270234100579957   8.3326617897922
2.641548360413907   1.3288918087838413   8.043515966527892
2.7189865293089923   1.2373516357040284   7.762891699193068
2.798694832679631   1.1519728422227513   7.490385424615827
2.8807398205309562   1.0723528781761502   7.22566236646217
2.9651899938111903   0.9981151617672217   6.968469206392495
3.05211586160442   0.9289067790185254   6.718572474602341
3.1415899999999994   0.8643970162180292   6.475751970609547
