0.01   14610.016644166113   14607.321504183807
0.010293154462191829   14768.382100331972   14765.445092639384
0.010594902878253955   14920.639318239704   14917.439056964286
0.010905497183778876   15066.296624295454   15062.809789030727
0.011225196699963396   15204.859533149696   15201.060882653863
0.011554268350120923   15335.813007375054   15331.675365397872
0.011892986882540897   15458.619571789995   15454.113822527295
0.012241635099881474   15572.74281628292   15567.837965547997
0.012600504095286909   15677.643805721826   15672.30675590132
0.012969893495426888   15772.760764112485   15766.955138274723
0.013350111710660605   15857.533238763386   15851.219147766602
0.013741476192534558   15931.411297428167   15924.545472941447
0.014144313698828986   15993.8338932898   15986.370042076629
0.01455896056637426   16044.233929626345   16036.123117612766
0.014985762991865008   16082.06449947521   16073.255408647876
0.01542507732090645   16106.79440974025   16097.232606906142
0.015877270345534218   16117.892239383811   16107.517270557024
0.016342719610456153   16114.853404760137   16103.598543588021
0.016821813728271667   16097.208886865967   16085.001667521135
0.017314952703931925   16064.514716939586   16051.278356302299
0.017822548268711737   16016.360711001698   16002.01537205649
0.01834502422397195   15952.386127554017   15936.849635684875
0.018882816794999403   15872.286197948284   15855.473771647881
0.019436374995219892   15775.819091859928   15757.64165737063
0.02000616100108813   15662.805234133752   15643.17004834525
0.020592650537967844   15533.133977356925   15511.946189494034
0.021196333277324068   15386.802319909168   15363.970640405723
0.02181771324555934   15223.898751059156   15199.339038562997
0.022457309244835088   15044.582085594164   15018.218297843508
0.02311565528622961   14849.135071987734   14820.901816209616
0.023793301035594242   14638.009854552896   14607.856256833831
0.024490812272480036   14411.73147780138   14379.62189342022
0.025208771362518027   14170.908693938954   14136.824160551056
0.0259477777436476   13916.387149871256   13880.334475313908
0.02670844842659881   13649.130805892502   13611.145579622687
0.027491418510046592   13370.132913113923   13330.277943684414
0.028297341710866907   13080.58556940556   13038.951757429277
0.029126890909937666   12781.944770771142   12738.652668316092
0.029980758713939952   12475.653153724254   12430.85006433312
0.030859658033628758   12163.170057889976   12117.027522226408
0.031764322679055976   11846.238788628827   11798.953760182492
0.03269550797224261   11526.618479007017   11478.410599561252
0.033653991377811755   11205.959985651876   11157.066755495736
0.03464057315210884   10886.172180422322   10836.832882607474
0.03565607701135116   10569.441965086336   10519.880917779941
0.036701350819364466   10257.759083227873   10208.183870341114
0.03777726729548091   9952.843376170144   9903.44395597748
0.038884724743189276   9655.998835609416   9606.945706076289
0.04002464780014597   9368.307153209438   9319.751492461382
0.041197988210172884   9090.743048150674   9042.813949992147
0.04240572561788674   8824.988245544706   8777.717651883046
0.04364886838662332   8573.292189648442   8526.55341838208
0.04492845444033957   8337.646153691701   8291.167812949212
0.04624555213019635   8118.950872990397   8072.347801788406
0.04760126112654554   7916.233665922364   7869.0520843361
0.04899671333706607   7728.384227271846   7680.111426291037
0.05043307385181555   7554.258207583576   7504.326489846777
0.05191154191598653   7392.5271888148545   7340.317422555971
0.053433351931179485   7241.920931484815   7186.766753504026
0.05499977448602865   7100.7529696851225   7041.982456882148
0.05661211741704101   6966.862043305507   6903.844689231951
0.05827172690053434   6838.085469766165   6770.2534427708
0.05997998857658587   6711.689081150388   6638.6442979606345
0.06173832870592997   6584.849622182756   6506.404403920125
0.0635482153607709   6454.384548658668   6370.674488508517
0.06541115965050462   6316.792188710528   6228.385132385342
0.06732871698337338   6168.820877528717   6076.786733895274
0.06930248836510605   6007.490585803962   5913.52670696262
0.07133412173562886   5830.559594326269   5736.955396890176
0.07342531334496233   5636.9855932417495   5546.574921961215
0.07557780916945323   5426.878012904695   5342.866567995583
0.07779340636952398   5202.075413321138   5127.789156797709
0.08007395479015682   4965.491759018981   4904.239659022357
0.08242135850536496   4721.196223955363   4676.152845309331
0.08483757740794096   4473.857089014717   4447.658907056188
0.08732462884580919   4228.489786746344   4222.928437830519
0.08988458930634863   3990.584599054748   4006.454216196209
0.09251959615009227   3765.2013106023924   3802.316002902044
0.09523184939525078   3557.389840016046   3614.187587951659
0.09802361355455057   3371.3303724961875   3444.970122952121
0.10089721952591899   3209.803625109567   3296.3246940667386
0.10385506653859616   3073.963313678547   3168.564064946719
0.10689962415629803   2962.543333152344   3059.883950382582
0.11003343433910281   2872.338459270251   2967.203672488338
0.11325911356578279   2798.3090144933412   2886.305926330007
0.11657935501835284   2734.039850910092   2812.2028826573605
0.11999693083066039   2672.545559698998   2739.781122960476
0.12351469440289359   2606.720066227505   2664.211606476798
0.12713558278394044   2530.386394573742   2581.6096569810074
0.13086261912358757   2439.2233371266047   2489.6243229171428
0.13469891519660646   2331.5799101083176   2387.9629980583795
0.13864767400083483   2208.9482456859505   2278.612474155357
0.14271219243142114   2075.6764021971953   2164.6083801071754
0.14689586403346616   1938.4743561244418   2050.3837813697314
0.1512021818353596   1805.5564310756843   1941.2785341511556
0.15563474126517718   1685.1814104229334   1841.7182756967754
0.16019724315257297   1583.4848954994068   1754.5710095122859
0.1648934968186736   1502.718358058052   1680.7626169933292
0.1697274232565544   1441.1537437497539   1617.92202534448
0.17470305840495237   1394.1604346454724   1562.9191408290071
0.17982455651794954   1355.1034367145314   1512.187910188777
0.18509619363343993   1315.9462647089804   1461.8067576792348
0.19052237114327647   1269.031521132928   1408.538110520012
0.19610761946807834   1210.1533546375101   1350.6560473214097
0.20185660183976684   1140.2616464665214   1289.6999181382016
0.20777411819498756   1064.3664519654872   1228.2341548806148
0.21386510918267082   989.5151641634762   1169.1420484992796
0.22013466028907505   922.8183235251784   1115.136979726209
0.22658800608375756   868.934416257994   1066.9379459120637
0.23323053459001789   828.0492462680735   1024.7423020664512
0.2400677917834628   796.3961890546553   986.1974144425318
0.24710548622244882   767.6100146404482   949.3587801674399
0.25434949381426813   735.2971262244381   912.4355074078585
0.2618058627210567   696.4660484739695   874.5990947565019
0.2694808184095226   652.6399485842646   836.9308500391847
0.27738076884870827   608.3283907113347   800.6414584432354
0.2855123098601282   568.7646626784355   766.6255081196075
0.29388223062474755   536.8383028441144   735.9389145347158
0.3024975193514008   511.4120759407055   706.9269705253015
0.31136536911138296   488.66349397362757   679.5141386957456
0.3204931838440838   464.5560107873384   653.0143251906007
0.32988858453867975   437.5191648949679   626.7358104283604
0.3395594155970457   409.40629573386616   601.4222466344618
0.34951375138319807   383.38930594379417   577.476293772833
0.3597599029647371   361.36347776662734   555.0941217694384
0.37030642505191835   342.6661060399547   533.818794754768
0.3811621231401457   324.89100075643773   513.5234727278606
0.3923360608618501   306.3051543622548   493.96727115854065
0.4038375675538918   287.2928821782673   475.04750272400526
0.41567624604680364   269.4754853940682   457.0681840924011
0.42786198068238046   253.8355882129614   440.1289536534237
0.4404049455663077   239.7527873516363   424.0057757563232
0.4533156130627191   226.01830092228752   408.5526113108069
0.4666047625377753   212.2742539060402   393.67080619086784
0.4802834893595659   199.20464746385574   379.4583834071652
0.49436321416184764   187.34712799097275   365.9626449662642
0.5088556923793517   176.4147836630703   353.12764846096644
0.5237730240626238   165.85674684171104   340.78663711404596
0.5391276639805903   155.66071053938677   328.9589961298254
0.5549324320192869   146.15073073571935   317.6808929781735
0.5712005238854289   137.3490258446047   306.9316022916737
0.5879455221237613   129.00104564702414   296.6273123609221
0.6051814074573895   121.03401952295062   286.73712847521216
0.622922570460556   113.56780953289075   277.2901758088611
0.6411838235736077   106.5876829629403   268.24130277410984
0.6599804134701901   100.00547743890994   259.56462980397885
0.6793280337869897   93.79727629735682   251.24017223608098
0.6992428382266549   87.9472592164169   243.24922003170119
0.7197414540448374   82.43962409665276   235.57420224088045
0.7408409959326054   77.25867853339142   228.1986105640462
0.7625590803058332   72.38891983037306   221.1069286026103
0.7849138400134885   67.81463432565768   214.28411631555323
0.8079239394770964   63.518824137334384   207.71434849745896
0.8316085902740278   59.485002818725555   201.38246307531452
0.8559875671776167   55.697646940299265   195.27433904000034
0.8810812246675007   52.14213955472259   189.37682305270937
0.9069105139239728   48.80471705885912   183.6776622083753
0.9334970003205227   45.672419241185025   178.16544238518816
0.960862881429187   42.733043294743396   172.82952888778354
0.9890310055537336   39.97519948763272   167.65972012575293
1.0180248908061487   37.38832136567861   162.64598660038988
1.047868744742366   34.96242404434109   157.7789768104545
1.0785874845736239   32.68805482696341   153.0500357159502
1.1102067579703248   30.55626893465378   148.4511605396254
1.1427529644757777   28.558606016951483   143.97496012577693
1.1762532775476793   26.687067445391314   139.61461749279806
1.210735667245765   24.934093087917557   135.36385706560813
1.246228923584555   23.292515268753743   131.2169490656105
1.2827626805706884   21.755547811074823   127.16867278177921
1.3203674409449337   20.31679477392377   123.21424991167926
1.3590746016495152   18.970230725611852   119.34931755977904
1.3989164800420282   17.71018080242391   115.56990442912677
1.4399263408778291   16.53130173030796   111.87240838748423
1.4821384240834183   15.428563770926328   108.2535752435283
1.525587973344019   14.39723390838201   104.71054970761473
1.5703112655292182   13.432861835642205   101.24134872888936
1.6163456409812174   12.531262251283446   97.8444685950783
1.6637295346910133   11.688498660886944   94.51856099645998
1.7125025083885144   10.900869562794028   91.26241986042383
1.7627052835733923   10.164895336697885   88.07497068283091
1.814379775514258   9.477305794589984   84.95526013523782
1.8675691282445197   8.835028365742387   81.90244593267037
1.922317750584177   8.235175895211913   78.91596976638671
1.9786713532176083   7.675033738544202   75.99601116461245
2.0366769868582977   7.15205335865981   73.1428599668211
2.0963830815323896   6.663843584873246   70.35673592830013
2.1578394870138577   6.208161362915589   67.63778847470194
2.2210975144450407   5.7829030142245585   64.98609665132471
2.286209979177315   5.386095978953617   62.40166926613913
2.3532312448676476   5.015891038330398   59.884448713168275
2.4222172688678643   4.670556853834254   57.434652268520146
2.4932256489445366   4.348473889174762   55.05298391337254
2.5663156713684585   4.048124034419123   52.739986869188414
2.641548360413907   3.7680842262719048   50.49598164711701
2.7189865293089923   3.5070208350097443   48.32107967838045
2.798694832679631   3.2636843556710526   46.215196965505854
2.8807398205309562   3.0369043891649925   44.17806767270254
2.9651899938111903   2.8255845447819112   42.20924382806628
3.05211586160442   2.6286914490456867   40.30784760415419
3.1415899999999994   2.445253235865673   38.47265972415997
