0.01   170.33608279956547   170.33607692178444
0.010293154462191829   171.31864452192906   171.31863717736093
0.010594902878253955   172.1998260599928   172.19981917970836
0.010905497183778876   172.9744981060573   172.97449411624714
0.011225196699963396   173.63766776769097   173.63766771279995
0.011554268350120923   174.1845006339101   174.18450380040733
0.011892986882540897   174.61030096843245   174.61030501090056
0.012241635099881474   174.909987643869   174.90999049154115
0.012600504095286909   175.07830141025886   175.0783026132327
0.012969893495426888   175.11024562751552   175.1102463920582
0.013350111710660605   175.00101845001626   175.0010208795771
0.013741476192534558   174.74589381417275   174.74589909581644
0.014144313698828986   174.34049211655247   174.34050025632217
0.01455896056637426   173.7808086988186   173.780818590306
0.014985762991865008   173.06280913079914   173.06281915899552
0.01542507732090645   172.18269391207923   172.18270229992115
0.015877270345534218   171.13722204633032   171.13722687398368
0.016342719610456153   169.92365180931787   169.92365127450458
0.016821813728271667   168.53968832336156   168.53968121812247
0.017314952703931925   166.9837090806891   166.98369483544434
0.017822548268711737   165.25479769648354   165.25477622850906
0.01834502422397195   163.35260157938274   163.3525722624354
0.018882816794999403   161.2774838471816   161.27744508314126
0.019436374995219892   159.03065077789208   159.0306000600007
0.02000616100108813   156.61438636767994   156.61432056999323
0.020592650537967844   154.0321694664775   154.03208524519135
0.021196333277324068   151.28835353869215   151.288247411728
0.02181771324555934   148.38829989394534   148.3881684805272
0.022457309244835088   145.33916073689957   145.3390018892791
0.02311565528622961   142.1491491943566   142.14896233230553
0.023793301035594242   138.8271543249774   138.82694033297264
0.024490812272480036   135.3839274277453   135.383688684508
0.025208771362518027   131.83220236192565   131.83194277697004
0.0259477777436476   128.1849788536595   128.18470369556806
0.02670844842659881   124.45604006061659   124.45575580682761
0.027491418510046592   120.66230417112017   120.66201850149088
0.028297341710866907   116.82102959034734   116.82075121039279
0.029126890909937666   112.9488289132723   112.94856735331425
0.029980758713939952   109.06468579502467   109.06445206241274
0.030859658033628758   105.1894464981999   105.18925362171133
0.031764322679055976   101.34219166771638   101.34205428294051
0.03269550797224261   97.54146668827917   97.54140023097172
0.033653991377811755   93.80872622818238   93.80874525572837
0.03464057315210884   90.16369661865976   90.16381445512006
0.03565607701135116   86.62343388906453   86.62366258575673
0.036701350819364466   83.20612355927143   83.20647268470844
0.03777726729548091   79.9299697105395   79.93044563931812
0.038884724743189276   76.80991462401964   76.8105210360738
0.04002464780014597   73.85781934456041   73.85855676192412
0.041197988210172884   71.08271208265036   71.083575703706
0.04240572561788674   68.49143541466935   68.49241557647059
0.04364886838662332   66.08912361748267   66.09020624773065
0.04492845444033957   63.87995856737455   63.88112058942943
0.04624555213019635   61.86735720384832   61.86856420238195
0.04760126112654554   60.05381886327038   60.05502643702456
0.04899671333706607   58.429099040495565   58.430257070036554
0.05043307385181555   56.965756367339274   56.96681420735932
0.05191154191598653   55.637759752195116   55.63866628180004
0.053433351931179485   54.42285920989373   54.42356116408894
0.05499977448602865   53.302726133911214   53.30316589185094
0.05661211741704101   52.26016133298523   52.26027736402111
0.05827172690053434   51.269180948692956   51.26891546821103
0.05997998857658587   50.2971833136997   50.29648875961704
0.06173832870592997   49.31128248721442   49.310124726268995
0.0635482153607709   48.27155755773519   48.269927187159254
0.06541115965050462   47.139384725581955   47.137300232951254
0.06732871698337338   45.88100935578581   45.878523539702876
0.06930248836510605   44.46842023098668   44.46562308294279
0.07133412173562886   42.887016512212035   42.884033675190295
0.07342531334496233   41.138001455998285   41.13499093444155
0.07557780916945323   39.235943568129265   39.233081002324475
0.07779340636952398   37.212089505638936   37.209549265388205
0.08007395479015682   35.10289726463277   35.10084888626242
0.08242135850536496   32.949377434396645   32.947985718155834
0.08483757740794096   30.798559858168993   30.797960033888195
0.08732462884580919   28.701965836858815   28.702241944715308
0.08988458930634863   26.712797661432184   26.713972554716804
0.09251959615009227   24.880617232076556   24.882646324388013
0.09523184939525078   23.25131807194349   23.25406073202782
0.09802361355455057   21.85694687850219   21.86018502426692
0.10089721952591899   20.708293087964325   20.711751557457692
0.10385506653859616   19.801655598139458   19.805015871758147
0.10689962415629803   19.107631415644583   19.110544483186267
0.11003343433910281   18.586374294956475   18.588501352613488
0.11325911356578279   18.183334875648455   18.184421429818602
0.11657935501835284   17.83736897031999   17.83725719202942
0.11999693083066039   17.483285289882655   17.481936756133496
0.12351469440289359   17.059528838439252   17.05707696161873
0.12713558278394044   16.517850459301076   16.51459510467138
0.13086261912358757   15.830615958023095   15.826981743777392
0.13469891519660646   14.995706010625122   14.992195041782752
0.13864767400083483   14.036156315164327   14.03329617127129
0.14271219243142114   13.000121007654812   12.998375493288751
0.14689586403346616   11.959392703012174   11.95902125565849
0.1512021818353596   10.994186512110318   10.995160026312881
0.15563474126517718   10.167489109147573   10.169520906895034
0.16019724315257297   9.509629563400273   9.512225863208492
0.1648934968186736   9.01876904063629   9.021313469730773
0.1697274232565544   8.672391841753534   8.674318610880484
0.17470305840495237   8.428329046060979   8.429123433443761
0.17982455651794954   8.223125820980897   8.222565622331782
0.18509619363343993   7.985147933712456   7.983407008991788
0.19052237114327647   7.664485232100072   7.6620551759715205
0.19610761946807834   7.248941382680312   7.246475555212828
0.20185660183976684   6.758232508395225   6.756384961118641
0.20777411819498756   6.237057456890162   6.236274707619538
0.21386510918267082   5.7446678248313745   5.744994205308049
0.22013466028907505   5.330012025597977   5.331106003520444
0.22658800608375756   5.013567900183881   5.014816871866598
0.23323053459001789   4.7860779291508475   4.7868089972997625
0.2400677917834628   4.610227777237812   4.610052242855196
0.24710548622244882   4.435174406057319   4.43411208792429
0.25434949381426813   4.225432859115183   4.223866479940959
0.2618058627210567   3.9723320717783226   3.9709019815333386
0.2694808184095226   3.6923782450226543   3.6915454644601735
0.27738076884870827   3.421885638479975   3.421756488746984
0.2855123098601282   3.192441907650044   3.1927104598698857
0.29388223062474755   3.0120293006747847   3.0122227223471794
0.3024975193514008   2.8670528236983293   2.866740183322964
0.31136536911138296   2.7303698192528634   2.7295402249608114
0.3204931838440838   2.5802360865116447   2.5792051845545827
0.32988858453867975   2.4157120040681637   2.4148674364124294
0.3395594155970457   2.251290098769301   2.2508102021909546
0.34951375138319807   2.1041944378719872   2.103948097009638
0.3597599029647371   1.9809599992593339   1.9806458535575762
0.37030642505191835   1.8731874973835105   1.8725981908490772
0.3811621231401457   1.7675538370108497   1.7667660924388373
0.3923360608618501   1.6584902295763388   1.6577347586626996
0.4038375675538918   1.5505278671887388   1.5499329370429502
0.41567624604680364   1.4518326355686393   1.451330503615111
0.42786198068238046   1.3645397315730623   1.3639741976938606
0.4404049455663077   1.284113619293574   1.283422439389196
0.4533156130627191   1.2054391216687106   1.2047134398210269
0.4666047625377753   1.1286662711129196   1.1279968109236662
0.4802834893595659   1.0569540279525522   1.05632483063395
0.49436321416184764   0.9915541388917717   0.9908928635072286
0.5088556923793517   0.9304433520643991   0.9297318903912793
0.5237730240626238   0.8718322306160342   0.8711143511352164
0.5391276639805903   0.8162168432764274   0.8155182512994692
0.5549324320192869   0.7645229487753405   0.7638189516037224
0.5712005238854289   0.7163470490598987   0.7156183410885814
0.5879455221237613   0.670775998367937   0.6700391597316522
0.6051814074573895   0.6277978397505823   0.6270626882476587
0.622922570460556   0.5876112657495706   0.5868703158174731
0.6411838235736077   0.5499399845733525   0.5491901949712038
0.6599804134701901   0.5145771316687827   0.5138195117144646
0.6793280337869897   0.48138024782029776   0.4806169630774842
0.6992428382266549   0.45022812571715526   0.449460914170589
0.7197414540448374   0.4210057008938629   0.4202359033067791
0.7408409959326054   0.39360332505217205   0.39283196474154475
0.7625590803058332   0.3679166102473178   0.36714446072180557
0.7849138400134885   0.3438462676979   0.34307390959181383
0.8079239394770964   0.3212979276477218   0.32052579761901606
0.8316085902740278   0.3001809156409913   0.29940944412229437
0.8559875671776167   0.2804077382215969   0.27963751259974223
0.8810812246675007   0.2618958624685263   0.26112760539720703
0.9069105139239728   0.24456762750160244   0.24380216204048924
0.9334970003205227   0.2283499694764992   0.22758818901847608
0.960862881429187   0.21317416132081993   0.21241700380051418
0.9890310055537336   0.19897556651915813   0.19822399244851063
1.0180248908061487   0.18569350911871926   0.18494849706703897
1.047868744742366   0.1732712223539469   0.1725337903023756
1.0785874845736239   0.16165531906410466   0.1609265044122874
1.1102067579703248   0.15079554276229934   0.15007637770093799
1.1427529644757777   0.14064459859617348   0.1399360900124591
1.1762532775476793   0.13115799231379746   0.13046110565909816
1.210735667245765   0.12229387694154187   0.12160952354830323
1.246228923584555   0.1140128929530683   0.11334192847606855
1.2827626805706884   0.10627796963707406   0.10562123004933964
1.3203674409449337   0.099054264507529   0.09841256269049728
1.3590746016495152   0.09230906792561741   0.09168317464829878
1.3989164800420282   0.08601167941844774   0.08540230862410664
1.4399263408778291   0.08013329061735563   0.07954108843148865
1.4821384240834183   0.07464687454572423   0.07407241145752012
1.525587973344019   0.06952708149126571   0.06897084761542116
1.5703112655292182   0.0647501456203679   0.0642125522011845
1.6163456409812174   0.06029378747537483   0.059775167366558295
1.6637295346910133   0.05613712108134867   0.055637727471849696
1.7125025083885144   0.05226057094321625   0.051780577615430985
1.7627052835733923   0.048645793744255865   0.04818529663227223
1.814379775514258   0.045275604423788626   0.04483462421316033
1.8675691282445197   0.0421339063305732   0.04171239120226538
1.922317750584177   0.03920562310413778   0.03880343301248867
1.9786713532176083   0.03647663701308801   0.03609353193734563
2.0366769868582977   0.0339337335420411   0.0335693880132215
2.0963830815323896   0.031564546170664044   0.031218563599726346
2.1578394870138577   0.029357504177145433   0.029029429569355555
2.2210975144450407   0.027301783483584155   0.02699111469130498
2.286209979177315   0.025387260356559613   0.025093458023411164
2.3532312448676476   0.02360446438042983   0.023326962775663283
2.4222172688678643   0.021944535073179464   0.021682753291690098
2.4932256489445366   0.020399191170097305   0.020152538655810986
2.5663156713684585   0.01896069492763458   0.018728575785966286
2.641548360413907   0.01762181757791221   0.01740363437774653
2.7189865293089923   0.016375806893776573   0.016170964002239722
2.798694832679631   0.015216356741766109   0.015024263232220236
2.8807398205309562   0.014137581179150467   0.013957651407725539
2.9651899938111903   0.013133994056164049   0.01296564322071858
3.05211586160442   0.012200473616280254   0.012043120441383056
3.1415899999999994   0.011332236593889438   0.01118530740402386
