0.01   18286.879424065643   18278.55898476234
0.010293154462191829   18511.725354466085   18502.60052932738
0.010594902878253955   18730.247437563885   18720.24556801696
0.010905497183778876   18941.858437119165   18930.901862845105
0.011225196699963396   19145.936118631635   19133.94053810243
0.011554268350120923   19341.845714734976   19328.719824233285
0.011892986882540897   19528.946571472992   19514.59207856467
0.012241635099881474   19706.565520185755   19690.876322654596
0.012600504095286909   19874.00314530891   19856.864696545206
0.012969893495426888   20030.56059773339   20011.850087700783
0.013350111710660605   20175.530266323873   20155.116471759364
0.013741476192534558   20308.17392094313   20285.916319581836
0.014144313698828986   20427.75625330274   20403.505235468096
0.01455896056637426   20533.55210734118   20507.1493098927
0.014985762991865008   20624.814960023206   20596.09145360644
0.01542507732090645   20700.793341254488   20669.568737114918
0.015877270345534218   20760.76028677809   20726.843577252363
0.016342719610456153   20804.0023037211   20767.191180814323
0.016821813728271667   20829.803798473735   20789.882003922296
0.017314952703931925   20837.483988890028   20794.222191249344
0.017822548268711737   20826.40454833567   20779.561736980213
0.01834502422397195   20795.952344681406   20745.275629827756
0.018882816794999403   20745.55736107029   20690.783013332217
0.019436374995219892   20674.711948544707   20615.56776085503
0.02000616100108813   20582.97798160269   20519.18480857059
0.020592650537967844   20469.99333584417   20401.266059183028
0.021196333277324068   20335.47476220621   20261.52525441541
0.02181771324555934   20179.229494501084   20099.770942607618
0.022457309244835088   20001.199918140683   19915.95664414562
0.02311565528622961   19801.43748609073   19710.150897372758
0.023793301035594242   19580.086822973324   19482.518834716735
0.024490812272480036   19337.466152926867   19233.409088795983
0.025208771362518027   19074.095495480015   18963.383952268265
0.0259477777436476   18790.586525357165   18673.0997502073
0.02670844842659881   18487.67736143433   18363.34479030522
0.027491418510046592   18166.41459695135   18035.237959821417
0.028297341710866907   17827.97310834247   17690.031252750086
0.029126890909937666   17473.579119318707   17329.02504191174
0.029980758713939952   17104.763998811504   16953.83099656237
0.030859658033628758   16723.35976430494   16566.36632034915
0.031764322679055976   16331.178955433532   16168.520924002152
0.03269550797224261   15930.1011718758   15762.247771783952
0.033653991377811755   15522.385092770763   15349.887841605012
0.03464057315210884   15110.275220648897   14933.759493766052
0.03565607701135116   14695.903790971031   14516.053981706445
0.036701350819364466   14281.8325473555   14099.353638363908
0.03777726729548091   13870.90884417879   13686.493511933686
0.038884724743189276   13465.715755675657   13280.036116485808
0.04002464780014597   13068.485315786873   12882.189588119818
0.041197988210172884   12680.968523299274   12494.684401425216
0.04240572561788674   12304.657644272778   12118.989676496982
0.04364886838662332   11940.943101317596   11756.454482031013
0.04492845444033957   11592.272242616871   11409.286244477284
0.04624555213019635   11261.646043600997   11080.129524627313
0.04760126112654554   10951.685593488864   10771.281552711767
0.04899671333706607   10663.441914273451   10483.546031933616
0.05043307385181555   10395.913030309439   10215.767255827006
0.05191154191598653   10148.00997804464   9966.721420275002
0.053433351931179485   9918.461550225838   9735.005101866245
0.05499977448602865   9705.669536023408   9518.885707074262
0.05661211741704101   9508.089930382303   9316.697602305288
0.05827172690053434   9323.5231237238   9126.215521622735
0.05997998857658587   9149.258138059651   8944.78400239137
0.06173832870592997   8982.527614365716   8769.748718865418
0.0635482153607709   8819.79865562009   8597.91129108058
0.06541115965050462   8657.478814239186   8426.083864423701
0.06732871698337338   8491.377966044407   8250.753069252314
0.06930248836510605   8316.977196207505   8068.270245921138
0.07133412173562886   8129.913698245912   7875.304237696187
0.07342531334496233   7925.980768694294   7668.883185579284
0.07557780916945323   7701.958533434607   7446.937681648783
0.07779340636952398   7456.02752333818   7208.675205126409
0.08007395479015682   7187.947786978313   6954.6660213413115
0.08242135850536496   6899.525561117904   6687.271744693323
0.08483757740794096   6594.195453357092   6409.819472582807
0.08732462884580919   6276.927230180493   6126.507473479375
0.08988458930634863   5953.7099056621   5842.321600556017
0.09251959615009227   5631.067938178976   5562.502269315756
0.09523184939525078   5316.2636771174275   5292.194287913436
0.09802361355455057   5016.035746556009   5036.005325917213
0.10089721952591899   4737.349865629607   4798.511585152855
0.10385506653859616   4485.980153028641   4583.166166652949
0.10689962415629803   4266.271136915834   4391.402012222658
0.11003343433910281   4080.269987869361   4223.429962398596
0.11325911356578279   3927.235828750023   4078.138531557655
0.11657935501835284   3803.500985413672   3952.242937468972
0.11999693083066039   3703.1026906512   3840.8676986095716
0.12351469440289359   3617.884945538304   3738.3859189257437
0.12713558278394044   3538.7480689837325   3639.2038398791756
0.13086261912358757   3456.1668236508813   3538.0929433130577
0.13469891519660646   3361.419443979766   3430.701666071835
0.13864767400083483   3247.9643641685557   3314.601955651076
0.14271219243142114   3112.5388288544677   3189.188885457436
0.14689586403346616   2956.0014498394603   3055.295904432118
0.1512021818353596   2783.2259513979416   2917.72053830987
0.15563474126517718   2602.50542563074   2780.6617387087167
0.16019724315257297   2424.5336830504316   2648.159845588225
0.1648934968186736   2260.5968921692406   2525.7428394961044
0.1697274232565544   2119.870446773374   2416.6891108714326
0.17470305840495237   2006.8039094998346   2319.8588436339096
0.17982455651794954   1920.3882644592702   2235.3490361051945
0.18509619363343993   1855.3250792182273   2159.819067459666
0.19052237114327647   1803.3244056568747   2089.3880837774527
0.19610761946807834   1753.859250779613   2020.503306269116
0.20185660183976684   1696.1025097552586   1949.9842441436974
0.20777411819498756   1622.8741400546044   1876.501492837498
0.21386510918267082   1533.7051288946195   1801.4671021842687
0.22013466028907505   1434.2081124423119   1726.09534637709
0.22658800608375756   1333.4925630712798   1653.78166541934
0.23323053459001789   1241.5356873360893   1585.9848037942952
0.2400677917834628   1165.7977670820592   1524.5453286288532
0.24710548622244882   1108.1940205478354   1467.6427105489627
0.25434949381426813   1064.7605219820966   1415.4555122150487
0.2618058627210567   1027.4013799126456   1365.188577883083
0.2694808184095226   986.9784205860025   1316.0781192872582
0.27738076884870827   937.9156773799762   1267.8013232059786
0.2855123098601282   880.8539253735015   1219.7737380114654
0.29388223062474755   821.2551521595901   1173.462921306512
0.3024975193514008   766.4817391849333   1129.7446907451756
0.31136536911138296   721.6950127865506   1088.64838708615
0.3204931838440838   686.6418076363755   1050.1792470296884
0.32988858453867975   656.6554458836441   1013.7195334370343
0.3395594155970457   625.8334532965303   978.2554849772552
0.34951375138319807   590.8687129790734   943.8830383744607
0.3597599029647371   553.3323241766726   910.5680240443071
0.37030642505191835   517.6006832596672   878.8546587473194
0.3811621231401457   487.0450488470969   848.8121056687355
0.3923360608618501   461.63527566132086   820.2953100233659
0.4038375675538918   438.2843436394532   793.2639761151846
0.41567624604680364   414.0121466830184   767.0024629753316
0.42786198068238046   388.63291280597906   741.5091019346435
0.4404049455663077   364.2888380352755   717.1549163203402
0.4533156130627191   342.8386551296212   694.0658015698237
0.4666047625377753   323.9050430144063   672.1209392333101
0.4802834893595659   305.74181608166293   651.0653898344755
0.49436321416184764   287.402251919089   630.7219536543707
0.5088556923793517   269.65933700524204   611.1117144588006
0.5237730240626238   253.50591067433513   592.4503844051939
0.5391276639805903   238.80580369722335   574.6427106795782
0.5549324320192869   224.70459158275668   557.4941368460254
0.5712005238854289   210.96493214245868   540.8902074903305
0.5879455221237613   198.05195113837073   524.9656860373655
0.6051814074573895   186.15802052809352   509.740002951798
0.622922570460556   174.94229525281781   495.07651049331884
0.6411838235736077   164.19273891884757   480.87228052673845
0.6599804134701901   154.0858278931309   467.1967221831783
0.6793280337869897   144.628665696558   454.0753877161346
0.6992428382266549   135.71917598301044   441.39353909099475
0.7197414540448374   127.32556379807771   429.1233839641279
0.7408409959326054   119.42157929398891   417.24435468907046
0.7625590803058332   111.98196153693783   405.7370965458056
0.7849138400134885   104.98243419228592   394.58339371489245
0.8079239394770964   98.39969746063285   383.7661005041754
0.8316085902740278   92.21129919452184   373.26828080591036
0.8559875671776167   86.39516979811057   363.06982361254336
0.8810812246675007   80.93016071826858   353.1506663994518
0.9069105139239728   75.79623546626117   343.4922402501057
0.9334970003205227   70.97441753468019   334.07738043826635
0.960862881429187   66.44674016296844   324.8902437017542
0.9890310055537336   62.19619808217612   315.91623255034443
1.0180248908061487   58.20670126798217   307.14192687729985
1.047868744742366   54.463046395163765   298.5552349209197
1.0785874845736239   50.9508876098474   290.14556401068415
1.1102067579703248   47.656658392236814   281.903305920081
1.1427529644757777   44.5675289817672   273.8197206088439
1.1762532775476793   41.6713707807065   265.8868923911566
1.210735667245765   38.95672214866394   258.09768863170143
1.246228923584555   36.41275555847955   250.4457206212192
1.2827626805706884   34.02924567717746   242.92534537794702
1.3203674409449337   31.796530902319205   235.53246217685685
1.3590746016495152   29.70548724940602   228.2643458063622
1.3989164800420282   27.747510289048826   221.11869564207885
1.4399263408778291   25.914488367083177   214.09357139305058
1.4821384240834183   24.198776631867013   207.1873700608763
1.525587973344019   22.59317226456207   200.3988032000084
1.5703112655292182   21.09089086882358   193.72687443285002
1.6163456409812174   19.68554378092701   187.17112156513522
1.6637295346910133   18.371115541657563   180.73318715600465
1.7125025083885144   17.141944652203232   174.4154614510904
1.7627052835733923   15.992704832946051   168.22014024513678
1.814379775514258   14.918386502300812   162.14921902863804
1.8675691282445197   13.914279176889067   156.2044920285747
1.922317750584177   12.975954757533826   150.38755177722467
1.9786713532176083   12.099251662194963   144.69978953958693
2.0366769868582977   11.280258365188084   139.14283364198337
2.0963830815323896   10.515296997393616   133.7192988833169
2.1578394870138577   9.800914042839924   128.43156258224684
2.2210975144450407   9.13386813820691   123.28152431354502
2.286209979177315   8.511117687514327   118.2706280785101
2.3532312448676476   7.9298091520959195   113.39988504030336
2.4222172688678643   7.387265982494712   108.6698966629105
2.4932256489445366   6.880978249190739   104.08088911424436
2.5663156713684585   6.408595885833117   99.63313591812552
2.641548360413907   5.967919162674933   95.32701165092759
2.7189865293089923   5.556885274008588   91.16245104895857
2.798694832679631   5.173560029429574   87.13894675705693
2.8807398205309562   4.81613029721973   83.2555857264474
2.9651899938111903   4.482896854502191   79.51108481067794
3.05211586160442   4.172267625212633   75.90382538834447
3.1415899999999994   3.8827500796385843   72.43179638220434
