0.01   2307.2289612908125   2307.1597927805765
0.010293154462191829   2333.1587450286925   2333.089316470105
0.010594902878253955   2358.205368775113   2358.1355724537593
0.010905497183778876   2382.2975391219643   2382.2270784746156
0.011225196699963396   2405.359717497505   2405.28838821188
0.011554268350120923   2427.3140802650782   2427.241922944825
0.011892986882540897   2448.0826496849695   2448.009957573253
0.012241635099881474   2467.58583852599   2467.5129968753836
0.012600504095286909   2485.741664264082   2485.6688851465206
0.012969893495426888   2502.4686009693955   2502.395893582185
0.013350111710660605   2517.6852552379   2517.6124596625955
0.013741476192534558   2531.3066114560183   2531.2336079818315
0.014144313698828986   2543.247706579545   2543.1744886206366
0.01455896056637426   2553.425650769616   2553.3523222112417
0.014985762991865008   2561.757596050139   2561.6842410529007
0.01542507732090645   2568.16103645059   2568.0875787973487
0.015877270345534218   2572.5569514145823   2572.4831463694577
0.016342719610456153   2574.8694390232145   2574.794916013334
0.016821813728271667   2575.0237273565344   2574.9481377943416
0.017314952703931925   2572.9495723164846   2572.8726229299036
0.017822548268711737   2568.5825814493373   2568.5040243077096
0.01834502422397195   2561.864327234412   2561.7838035579343
0.018882816794999403   2552.7430772028415   2552.6600080450476
0.019436374995219892   2541.1747292947475   2541.088320140269
0.02000616100108813   2527.124779275375   2527.0341227357053
0.020592650537967844   2510.5705158574556   2510.4748075421335
0.021196333277324068   2491.498656409539   2491.3972264036242
0.02181771324555934   2469.906556558784   2469.7988660212595
0.022457309244835088   2445.8112152153776   2445.696814418378
0.02311565528622961   2419.2438497414455   2419.1223593770915
0.023793301035594242   2390.245292296671   2390.11640808712
0.024490812272480036   2358.877715656112   2358.7413563484592
0.025208771362518027   2325.2293941372677   2325.085907696758
0.0259477777436476   2289.397248845849   2289.2474060699064
0.02670844842659881   2251.491649667863   2251.336632167634
0.027491418510046592   2211.6618982650516   2211.5033455790044
0.028297341710866907   2170.0700952158363   2169.9100867293596
0.029126890909937666   2126.880857002122   2126.7218687102486
0.029980758713939952   2082.294459707883   2082.139413871197
0.030859658033628758   2036.5420497941145   2036.3943523955122
0.031764322679055976   1989.8478897549564   1989.7113648815832
0.03269550797224261   1942.4426396481426   1942.3214276373308
0.033653991377811755   1894.594831851667   1894.4932247919917
0.03464057315210884   1846.564973535926   1846.4873471476863
0.03565607701135116   1798.5996575303493   1798.5504052113936
0.036701350819364466   1750.9899578479874   1750.9731581349806
0.03777726729548091   1704.042536860757   1704.0617681939116
0.038884724743189276   1658.0338452664512   1658.0922221074711
0.04002464780014597   1613.1875065580227   1613.2871801963743
0.041197988210172884   1569.6545343311445   1569.7956857973452
0.04240572561788674   1527.561539306599   1527.7424627497
0.04364886838662332   1487.0377442712136   1487.2549765001104
0.04492845444033957   1448.3341038057724   1448.5819994867138
0.04624555213019635   1411.7331398361841   1412.0038554743385
0.04760126112654554   1377.4750172487188   1377.758770690585
0.04899671333706607   1345.5238669912155   1345.8094039637886
0.05043307385181555   1315.600147014493   1315.8751198247885
0.05191154191598653   1287.4369074360245   1287.6879149071985
0.053433351931179485   1260.7851155712794   1260.996937447312
0.05499977448602865   1235.4114263758222   1235.5663197106303
0.05661211741704101   1211.089094263579   1211.167162807536
0.05827172690053434   1187.5075743521597   1187.488916341106
0.05997998857658587   1164.3237139294706   1164.1896026057507
0.06173832870592997   1141.178007644157   1140.9126214169526
0.0635482153607709   1117.6359570984891   1117.230501739561
0.06541115965050462   1093.2751053251304   1092.7286415200454
0.06732871698337338   1067.6357130088786   1066.9584101019527
0.06930248836510605   1040.2756916967348   1039.4898907924348
0.07133412173562886   1010.8519889892964   1009.9926532692407
0.07342531334496233   979.1250163173497   978.2394029042865
0.07557780916945323   945.0585063538572   944.202117964312
0.07779340636952398   908.8290675220514   908.0612678065391
0.08007395479015682   870.8108472349193   870.195029873691
0.08242135850536496   831.5557248103626   831.1589660151692
0.08483757740794096   791.7305384801365   791.6134207387139
0.08732462884580919   752.0556057182866   752.2655518945564
0.08988458930634863   713.2771599883322   713.8478353925632
0.09251959615009227   676.117308115447   677.0642417870434
0.09523184939525078   641.2988286948861   642.6076085163355
0.09802361355455057   609.4239309395801   611.0515458025507
0.10089721952591899   580.992872236719   582.8657262074762
0.10385506653859616   556.2768665601744   558.2966985555074
0.10689962415629803   535.2367349813798   537.2860650746541
0.11003343433910281   517.517796473418   519.4759495068504
0.11325911356578279   502.4533962562111   504.21289350921654
0.11657935501835284   489.14353583090843   490.6232961182992
0.11999693083066039   476.5848416143504   477.7423278034832
0.12351469440289359   463.74997005422125   464.5983344826668
0.12713558278394044   449.73406002390885   450.3479584087015
0.13086261912358757   433.85116986345184   434.3637157784386
0.13469891519660646   415.7821608837464   416.3690798964292
0.13864767400083483   395.6403824240612   396.4986841131385
0.14271219243142114   373.93891171841227   375.26053518636144
0.14689586403346616   351.5135733580691   353.45354918074526
0.1512021818353596   329.41728309817205   332.0549338372349
0.15563474126517718   308.78672052382365   312.1066796628624
0.16019724315257297   290.61430739743406   294.4842957097415
0.1648934968186736   275.4665202477244   279.6711536475175
0.1697274232565544   263.28951552374343   267.6021204959472
0.17470305840495237   253.47356530443415   257.67169162055296
0.17982455651794954   245.10855432072813   249.04544584141286
0.18509619363343993   237.16297715293987   240.7971624839568
0.19052237114327647   228.5859918181597   232.00731053847613
0.19610761946807834   218.59038985565613   222.0128062641672
0.20185660183976684   207.04295945999723   210.74273003589542
0.20777411819498756   194.51955071280372   198.7129868819403
0.21386510918267082   181.952111943112   186.74359462596215
0.22013466028907505   170.29105195271546   175.64392129826575
0.22658800608375756   160.2741655867914   165.99060315121417
0.23323053459001789   152.15678038937088   157.97804498977357
0.2400677917834628   145.56150743976985   151.25485176530674
0.24710548622244882   139.72572305350707   145.16435357741057
0.25434949381426813   133.77764739144644   139.01254253899623
0.2618058627210567   127.11721151396424   132.36092300432017
0.2694808184095226   119.76528825181163   125.22104713150303
0.27738076884870827   112.24326432939027   118.0346225600749
0.2855123098601282   105.20005444825657   111.30031869702016
0.29388223062474755   99.12811401326809   105.3794670562051
0.3024975193514008   94.06396343086296   100.25216701419915
0.31136536911138296   89.58503420480649   95.60213411621802
0.3204931838440838   85.16311654947084   91.04796522481074
0.32988858453867975   80.48068874112208   86.368552979257
0.3395594155970457   75.62544335028606   81.6416056699768
0.34951375138319807   70.97698855489055   77.1335201079789
0.3597599029647371   66.83135566183944   73.03520791217971
0.37030642505191835   63.2017539130217   69.33456951729757
0.3811621231401457   59.850314629023195   65.86893232797452
0.3923360608618501   56.51667356978703   62.48107052350897
0.4038375675538918   53.159326165975386   59.142934420920724
0.41567624604680364   49.93908832978518   55.95672901242222
0.42786198068238046   47.00214917955459   53.003710939034285
0.4404049455663077   44.335034285226875   50.26530554514112
0.4533156130627191   41.804704323838706   47.661022786054666
0.4666047625377753   39.33008011790182   45.14896246572534
0.4802834893595659   36.95261714694963   42.751052297876036
0.49436321416184764   34.744051069935715   40.5000282125073
0.5088556923793517   32.699304965270024   38.38866582073265
0.5237730240626238   30.75919935244547   36.3829882480816
0.5391276639805903   28.898518273476782   34.4707406095196
0.5549324320192869   27.142447640791637   32.662243767634216
0.5712005238854289   25.503870436555278   30.958289373080646
0.5879455221237613   23.960862733777386   29.34672713324507
0.6051814074573895   22.4957873088674   27.817372358839318
0.622922570460556   21.114282505261723   26.370755565735376
0.6411838235736077   19.818246168846255   25.004755575012187
0.6599804134701901   18.59879182920127   23.712851206015458
0.6793280337869897   17.449469247304965   22.490870977172648
0.6992428382266549   16.36665993692248   21.335176557485564
0.7197414540448374   15.347058287823907   20.242317627601686
0.7408409959326054   14.387468002815526   19.209002551607323
0.7625590803058332   13.484804090070725   18.23209336828925
0.7849138400134885   12.63609411700574   17.308600704412516
0.8079239394770964   11.838478063752593   16.43567836271783
0.8316085902740278   11.089147935684437   15.610594834413764
0.8559875671776167   10.385322085599155   14.830716608457822
0.8810812246675007   9.724359848919102   14.09354637867106
0.9069105139239728   9.103766302826585   13.39672098104422
0.9334970003205227   8.521184660785984   12.73800480206793
0.960862881429187   7.9743890396070585   12.115283448110013
0.9890310055537336   7.461277582079224   11.52655767178098
1.0180248908061487   6.979866720384294   10.969936849500534
1.047868744742366   6.528296652466857   10.443622935245884
1.0785874845736239   6.104819381460277   9.945909588221292
1.1102067579703248   5.707781445160061   9.475187189073933
1.1427529644757777   5.335619109379282   9.029937777744724
1.1762532775476793   4.986854091968974   8.608729952531883
1.210735667245765   4.660089444897219   8.21021403654094
1.246228923584555   4.354005592154507   7.833117499318066
1.2827626805706884   4.067355967546202   7.476235654773783
1.3203674409449337   3.798960854301399   7.138404047377143
1.3590746016495152   3.5477067561356055   6.81851836093763
1.3989164800420282   3.312544318746154   6.515542557883509
1.4399263408778291   3.092484921158611   6.228504466837321
1.4821384240834183   2.8865974248369017   5.956491645616565
1.525587973344019   2.6940050773367314   5.698647523453082
1.5703112655292182   2.5138825645850846   5.45416778516084
1.6163456409812174   2.345453211031223   5.222288340975916
1.6637295346910133   2.187986317865694   5.002270482357883
1.7125025083885144   2.0407946131101053   4.793419897129945
1.7627052835733923   1.903231839944878   4.595087276154486
1.814379775514258   1.7746904683360405   4.406665140384762
1.8675691282445197   1.6545995223634333   4.227584908249022
1.922317750584177   1.5424225182869422   4.057314183991207
1.9786713532176083   1.437655497803175   3.8953536296464266
2.0366769868582977   1.3398248576272036   3.741215765902829
2.0963830815323896   1.2484856408527132   3.5944228273538434
2.1578394870138577   1.1632203056040618   3.4545292826552343
2.2210975144450407   1.083637143344862   3.321120738711507
2.286209979177315   1.0093687582254387   3.1938115491540806
2.3532312448676476   0.9400706301810023   3.0722426251507367
2.4222172688678643   0.8754197575869416   2.956079430014359
2.4932256489445366   0.8151134348635368   2.8450099988385875
2.5663156713684585   0.7588685071360155   2.7387420789189276
2.641548360413907   0.7064198253940803   2.6370023871031947
2.7189865293089923   0.6575188363914677   2.53953599196161
2.798694832679631   0.6119325998207633   2.446104984192352
2.8807398205309562   0.5694428624442138   2.356487245960053
2.9651899938111903   0.5298451826986442   2.2704753188368643
3.05211586160442   0.49294810337416534   2.187875361673194
3.1415899999999994   0.4585719552924155   2.108499477119358
