0.01   20697.087628706857   20681.343974087045
0.010293154462191829   20952.39310667023   20935.12361948742
0.010594902878253955   21201.189381985598   21182.25625568495
0.010905497183778876   21442.848654819267   21422.10185073955
0.011225196699963396   21676.728498256572   21654.00508741677
0.011554268350120923   21902.177703205667   21877.301796749398
0.011892986882540897   22118.51543102942   22091.297175558273
0.012241635099881474   22325.040570141893   22295.27557118834
0.012600504095286909   22521.049661113764   22488.519213949632
0.012969893495426888   22705.82062390573   22670.291159792218
0.013350111710660605   22878.594468176343   22839.816136066936
0.013741476192534558   23038.611953606644   22996.31896836849
0.014144313698828986   23185.116717982317   23139.027468920933
0.01455896056637426   23317.327500180043   23267.14088056562
0.014985762991865008   23434.461260022377   23379.85566176263
0.01542507732090645   23535.752274631635   23476.386730751863
0.015877270345534218   23620.431298322124   23555.94441886669
0.016342719610456153   23687.720226459656   23617.728467844772
0.016821813728271667   23736.869193231127   23660.968599825952
0.017314952703931925   23767.15662677622   23684.924061019883
0.017822548268711737   23777.867694415872   23688.858588212603
0.01834502422397195   23768.32402040101   23672.074009442575
0.018882816794999403   23737.898425359228   23633.92664483011
0.019436374995219892   23686.010998873633   23573.821524251518
0.02000616100108813   23612.135498210504   23491.21940878024
0.020592650537967844   23515.81368044588   23385.653633804315
0.021196333277324068   23396.66899823271   23256.74467605524
0.02181771324555934   23254.426688500596   23104.221329189695
0.022457309244835088   23088.898581866448   22927.904770603855
0.02311565528622961   22899.98946894338   22727.716154691625
0.023793301035594242   22687.766197705554   22503.757704219268
0.024490812272480036   22452.429473338714   22256.278754783234
0.025208771362518027   22194.270649191018   21985.62419459968
0.0259477777436476   21913.757656089252   21692.330718790272
0.02670844842659881   21611.606030694173   21377.205959692652
0.027491418510046592   21288.623244890616   21041.152655942125
0.028297341710866907   20945.72867610788   20685.189890893096
0.029126890909937666   20584.181548735727   20310.703927201364
0.029980758713939952   20205.38931775595   19919.235421047255
0.030859658033628758   19810.788722636695   19512.347486429837
0.031764322679055976   19402.112172922018   19091.911186747973
0.03269550797224261   18981.423836894333   18660.14255167978
0.033653991377811755   18550.748705467355   18219.203417194425
0.03464057315210884   18112.151307167973   17771.280278766586
0.03565607701135116   17668.065752839644   17318.920468051547
0.036701350819364466   17220.896987939595   16864.62390604453
0.03777726729548091   16772.917454976476   16410.735302407298
0.038884724743189276   16326.802769113756   15959.942944891081
0.04002464780014597   15885.472305183126   15515.129715194425
0.041197988210172884   15451.57433094108   15078.895601573948
0.04240572561788674   15027.320047786092   14653.390579564368
0.04364886838662332   14614.257970750792   14240.085066185395
0.04492845444033957   14213.682763926503   13840.192842792747
0.04624555213019635   13826.86081477119   13454.868995144445
0.04760126112654554   13456.228883331245   13086.141208930916
0.04899671333706607   13104.680197188489   12736.35889359869
0.05043307385181555   12774.730650346733   12407.54324863408
0.05191154191598653   12466.729933445811   12099.720546257615
0.053433351931179485   12178.647466493674   11810.725258284621
0.05499977448602865   11908.472386646716   11538.434764162743
0.05661211741704101   11654.20045193284   11280.753760286641
0.05827172690053434   11413.785736061765   11035.567808446154
0.05997998857658587   11185.259528301316   10800.863155011102
0.06173832870592997   10965.940673619583   10574.09960607153
0.0635482153607709   10752.745498692859   10352.45911554371
0.06541115965050462   10542.509381699061   10133.151222495915
0.06732871698337338   10331.353770306838   9913.01840604221
0.06930248836510605   10115.447811069147   9689.031379639895
0.07133412173562886   9890.497177615705   9458.106661159218
0.07342531334496233   9652.159674032644   9217.303306741444
0.07557780916945323   9396.676748806773   8964.302573535562
0.07779340636952398   9120.965343733887   8697.463650346246
0.08007395479015682   8823.470659633917   8416.43248743638
0.08242135850536496   8504.523350985111   8122.442844418426
0.08483757740794096   8166.251366244566   7817.898077394509
0.08732462884580919   7812.752908055412   7506.472464900201
0.08988458930634863   7449.4622590445915   7192.5794356069855
0.09251959615009227   7082.766397240262   6881.097527323073
0.09523184939525078   6719.539024147709   6576.774103870493
0.09802361355455057   6366.646937073017   6284.0453404965065
0.10089721952591899   6031.180074331015   6007.175645007945
0.10385506653859616   5719.31350330909   5749.600294252777
0.10689962415629803   5436.719714338839   5513.52741314296
0.11003343433910281   5187.373310384919   5300.2392589645
0.11325911356578279   4972.793444085458   5109.81783010069
0.11657935501835284   4791.791294089886   4940.494453959157
0.11999693083066039   4639.994870830299   4788.223321884182
0.12351469440289359   4510.438706640508   4648.384143239704
0.12713558278394044   4394.481476098432   4516.085126074306
0.13086261912358757   4282.4761076743325   4386.211248807213
0.13469891519660646   4165.123943978806   4254.5080850407585
0.13864767400083483   4034.29935085249   4117.97528166455
0.14271219243142114   3884.5151162857915   3975.0819854970105
0.14689586403346616   3713.925556128771   3826.021726310725
0.1512021818353596   3524.668153324055   3672.865664133008
0.15563474126517718   3322.6418387764957   3519.287752698484
0.16019724315257297   3116.561585370456   3368.6705235034988
0.1648934968186736   2916.8743207581733   3224.828430094955
0.1697274232565544   2734.1569440458825   3091.2560423991717
0.17470305840495237   2576.743280906359   2969.4944453201374
0.17982455651794954   2448.1213055579115   2859.119892808375
0.18509619363343993   2345.9204755495707   2759.216262624118
0.19052237114327647   2263.404772991812   2666.105211516981
0.19610761946807834   2191.5609091555198   2577.109682528136
0.20185660183976684   2120.26414365839   2489.7181155138924
0.20777411819498756   2039.8341388196277   2401.5546850382084
0.21386510918267082   1944.5158466874439   2314.383797178644
0.22013466028907505   1835.4201708730675   2227.0553698938734
0.22658800608375756   1719.4479187001898   2141.3467000361734
0.23323053459001789   1605.80408337195   2059.591561941406
0.2400677917834628   1503.31729611391   1982.3386703968158
0.24710548622244882   1417.8938960928126   1910.6090043823297
0.25434949381426813   1349.9467860477707   1843.339048963181
0.2618058627210567   1294.4819159556369   1779.5340800517822
0.2694808184095226   1243.296998189519   1718.4739065270655
0.27738076884870827   1188.3802796969064   1659.114049907098
0.2855123098601282   1125.6954033586335   1600.9333343048377
0.29388223062474755   1057.3518468915668   1544.152492762094
0.3024975193514008   989.1595878570677   1490.3114696954601
0.31136536911138296   927.3893826424257   1438.5918847100256
0.3204931838440838   875.705350808126   1389.78597836836
0.32988858453867975   832.7312281457976   1343.565600285993
0.3395594155970457   793.5663535442509   1299.3084341122837
0.34951375138319807   753.3313044636848   1256.299792983195
0.3597599029647371   710.0599787720286   1215.1470365906193
0.37030642505191835   665.9520663695556   1175.2432256154657
0.3811621231401457   624.9272804465578   1137.1064929285403
0.3923360608618501   589.1635988367592   1100.753318728633
0.4038375675538918   557.8457320935578   1066.3434015766375
0.41567624604680364   528.1223488989662   1033.1958853409155
0.42786198068238046   497.90518475561   1001.1489512770604
0.4404049455663077   467.6279046804171   970.2348195909539
0.4533156130627191   439.1758159308916   940.6155010898356
0.4666047625377753   413.63728192161665   912.3948284012093
0.4802834893595659   390.2928785845175   885.349530712892
0.49436321416184764   367.75856081595504   859.3019379851814
0.5088556923793517   345.59639493207413   834.0733712810148
0.5237730240626238   324.56308276303713   809.8034986782887
0.5391276639805903   305.22228342704165   786.5668728057293
0.5549324320192869   287.249937592639   764.1991815823075
0.5712005238854289   270.0319325053523   742.5685776359261
0.5879455221237613   253.53393191332512   721.6403468086287
0.6051814074573895   238.08167965761703   701.474722952783
0.622922570460556   223.68207829395226   682.0517634506506
0.6411838235736077   210.05816885238053   663.2255412628069
0.6599804134701901   197.11556703494546   644.9643726095725
0.6793280337869897   184.96124953743222   627.2961137242409
0.6992428382266549   173.56475606486174   610.1817829622128
0.7197414540448374   162.8266813522613   593.5588370015873
0.7408409959326054   152.70824915948515   577.3944731190974
0.7625590803058332   143.17925296890698   561.6614568274188
0.7849138400134885   134.2103857994493   546.3344882665492
0.8079239394770964   125.77327400297895   531.390088618027
0.8316085902740278   117.84050279398727   516.806495429321
0.8559875671776167   110.38563423891905   502.5635659660172
0.8810812246675007   103.38290290546156   488.6422422555321
0.9069105139239728   96.80641380635748   475.023199990583
0.9334970003205227   90.63135258188609   461.6882939419525
0.960862881429187   84.8342817277482   448.62095903284353
0.9890310055537336   79.39306805526508   435.80612943174935
1.0180248908061487   74.28681376642538   423.23016304464653
1.047868744742366   69.495790974043   410.8807706912465
1.0785874845736239   65.00138102763424   398.7469696949038
1.1102067579703248   60.78610201145407   386.8202264257111
1.1427529644757777   56.83357110851179   375.0948888551923
1.1762532775476793   53.12830185665395   363.5661925676738
1.210735667245765   49.655648717270516   352.2300413019051
1.246228923584555   46.401767036001715   341.0829676386375
1.2827626805706884   43.35357447586082   330.12209432713746
1.3203674409449337   40.498713902984896   319.3450961347853
1.3590746016495152   37.82551537376912   308.7503872268557
1.3989164800420282   35.32293917597532   298.3393914736993
1.4399263408778291   32.98055965815763   288.1152049665259
1.4821384240834183   30.788551982370663   278.0807651632601
1.525587973344019   28.73766050128833   268.23881172284683
1.5703112655292182   26.819168305807462   258.59187858882484
1.6163456409812174   25.024868215210635   249.14228674532157
1.6637295346910133   23.347035155213838   239.89213767016335
1.7125025083885144   21.778399783740678   230.84397456688467
1.7627052835733923   20.312123269404214   222.00259454241197
1.814379775514258   18.94177384903583   213.37268772693943
1.8675691282445197   17.661304311983496   204.95813897872847
1.922317750584177   16.465030517582278   196.7620625751198
1.9786713532176083   15.347610999000882   188.78683809659321
2.0366769868582977   14.304027606966143   181.03414722508637
2.0963830815323896   13.329567103147168   173.50501635066803
2.1578394870138577   12.419801258097486   166.2001482409482
2.2210975144450407   11.570569897084265   159.12005602138314
2.286209979177315   10.777969558663038   152.26461838784033
2.3532312448676476   10.038338795798047   145.6330842245134
2.4222172688678643   9.348243908835228   139.22412061658656
2.4932256489445366   8.70446546460482   133.03586002947335
2.5663156713684585   8.103985562346105   127.06594643634745
2.641548360413907   7.543976247465108   121.31158049548162
2.7189865293089923   7.021792354570951   115.76956593385698
2.798694832679631   6.5349576003313   110.43634963317015
2.8807398205309562   6.081151109475237   105.30805961174454
2.9651899938111903   5.658198169746079   100.38054358968077
3.05211586160442   5.264061544091238   95.64940575761229
3.1415899999999994   4.896833257383821   91.11004165705062
