0.01   6729.131701712838   6728.705622136789
0.010293154462191829   6816.797768281378   6816.337353629042
0.010594902878253955   6902.549514674451   6902.051497144605
0.010905497183778876   6986.188904652776   6985.649397094264
0.011225196699963396   7067.508769593927   7066.923400065916
0.011554268350120923   7146.288259403149   7145.652436428369
0.011892986882540897   7222.302678421246   7221.611626426639
0.012241635099881474   7295.323826503219   7294.572547833984
0.012600504095286909   7365.112507493851   7364.29546741565
0.012969893495426888   7431.424582301318   7430.535575041982
0.013350111710660605   7494.015491656663   7493.0476414226505
0.013741476192534558   7552.633047074303   7551.578866070915
0.014144313698828986   7607.0149986545   7605.866472618741
0.01455896056637426   7656.900552259913   7655.6491660111615
0.014985762991865008   7702.029966018386   7700.666651977488
0.01542507732090645   7742.135951918557   7740.650733734036
0.015877270345534218   7776.953255299531   7775.335157292855
0.016342719610456153   7806.223585568464   7804.460660008931
0.016821813728271667   7829.689144704202   7827.768250616957
0.017314952703931925   7847.093564124645   7845.000137289422
0.017822548268711737   7858.192001564389   7855.910111248575
0.01834502422397195   7862.751613456153   7860.263999723355
0.018882816794999403   7860.548631612943   7857.836623621729
0.019436374995219892   7851.375115047541   7848.418712053065
0.02000616100108813   7835.042457038446   7831.82047585619
0.020592650537967844   7811.385891866492   7807.876179301841
0.021196333277324068   7780.265704114444   7776.445359183977
0.02181771324555934   7741.566549616848   7737.4121248479205
0.022457309244835088   7695.206302885947   7690.694324851926
0.02311565528622961   7641.150451970691   7636.258488128514
0.023793301035594242   7579.395668054618   7574.102671885926
0.024490812272480036   7509.970587679528   7504.2571774997505
0.025208771362518027   7432.973638536578   7426.823266177137
0.0259477777436476   7348.556757988226   7341.9564521194825
0.02670844842659881   7256.898687029085   7249.839131410515
0.027491418510046592   7158.241538509001   7150.7184592083195
0.028297341710866907   7052.929411663044   7044.946327760804
0.029126890909937666   6941.332869091849   6932.901112120484
0.029980758713939952   6823.849922922763   6814.9883394419285
0.030859658033628758   6701.000650707005   6691.736162343045
0.031764322679055976   6573.359099659972   6563.7265416679775
0.03269550797224261   6441.4937605109635   6431.535108274336
0.033653991377811755   6306.060791503497   6295.824274508611
0.03464057315210884   6167.851701995396   6157.390819671239
0.03565607701135116   6027.633018866035   6017.005649688471
0.036701350819364466   5886.145334577142   5875.413146645379
0.03777726729548091   5744.185777652392   5733.4149385974415
0.038884724743189276   5602.530954968183   5591.791751868028
0.04002464780014597   5461.89798351828   5451.263610110278
0.041197988210172884   5323.059974229067   5312.595358260831
0.04240572561788674   5186.863147794857   5176.612506702967
0.04364886838662332   5054.077123554402   5044.064923194446
0.04492845444033957   4925.4123078399725   4915.643269982375
0.04624555213019635   4801.601771553469   4792.054782715494
0.04760126112654554   4683.32478939603   4673.953224205866
0.04899671333706607   4571.148966028288   4561.882834486434
0.05043307385181555   4465.160433237851   4455.904962177845
0.05191154191598653   4365.159972446878   4355.795453946264
0.053433351931179485   4270.93303211875   4261.317162811918
0.05499977448602865   4182.0099222090175   4171.984256572706
0.05661211741704101   4097.776884582526   4087.1711958191095
0.05827172690053434   4017.611656451554   4006.2473639545215
0.05997998857658587   3940.6499556570957   3928.3550439176674
0.06173832870592997   3865.9858329789267   3852.6003199268166
0.0635482153607709   3792.619464453802   3778.014377906104
0.06541115965050462   3719.369436273835   3703.476401469004
0.06732871698337338   3645.0586249433068   3627.880827151466
0.06930248836510605   3568.2974619730103   3549.9582412474315
0.07133412173562886   3487.7237346697466   3468.4787263802896
0.07342531334496233   3402.032878091698   3382.30166900143
0.07557780916945323   3310.061386233905   3290.4362505382232
0.07779340636952398   3211.102292428099   3192.3526666796542
0.08007395479015682   3104.8740422036026   3087.932498686128
0.08242135850536496   2991.7910582046575   2977.6859464434824
0.08483757740794096   2872.810750797828   2862.6035130318937
0.08732462884580919   2749.53468847806   2744.252809050628
0.08988458930634863   2623.891749605218   2624.469143549769
0.09251959615009227   2498.1259512799875   2505.308634556622
0.09523184939525078   2374.5574267517136   2388.8411115907734
0.09802361355455057   2255.5557735238804   2277.1291080265846
0.10089721952591899   2143.2979279498154   2171.9935646719787
0.10385506653859616   2039.8606963947075   2075.066345869949
0.10689962415629803   1946.8027437664643   1987.5323361859105
0.11003343433910281   1865.1609273271706   1910.1134686521502
0.11325911356578279   1794.9495666642847   1842.5386870467346
0.11657935501835284   1735.3587074249074   1783.8105855993977
0.11999693083066039   1684.4146018519082   1732.180390867248
0.12351469440289359   1639.5193291545145   1685.4155037720348
0.12713558278394044   1597.526121141464   1640.831643942577
0.13086261912358757   1555.197414088049   1595.8892988920772
0.13469891519660646   1509.5585847817968   1548.3940280070456
0.13864767400083483   1458.2598956919069   1496.7057517770347
0.14271219243142114   1400.051771288156   1440.0766768436033
0.14689586403346616   1335.0196919193688   1378.8627152037343
0.1512021818353596   1264.6016242053909   1314.4193269733992
0.15563474126517718   1191.3764562571355   1248.7800099804786
0.16019724315257297   1118.6927945017019   1184.4424556495394
0.1648934968186736   1050.2069668611398   1123.9030834527364
0.1697274232565544   989.2137745016779   1069.2948892692434
0.17470305840495237   937.7883511169202   1021.8308882765817
0.17982455651794954   896.1234083436357   981.2649983738331
0.18509619363343993   862.5438935832198   946.1318404652845
0.19052237114327647   834.1608006947631   914.4265512732603
0.19610761946807834   807.5459997128481   883.9127076134539
0.20185660183976684   779.2008141125423   852.6622817899242
0.20777411819498756   746.3766210031407   819.1312594433851
0.21386510918267082   708.2779783089998   783.0856362031333
0.22013466028907505   666.4934736800845   745.8140151669471
0.22658800608375756   624.0845653528238   709.1331303399428
0.23323053459001789   584.358705974585   674.741201522291
0.2400677917834628   549.97872262197   643.7834852099817
0.24710548622244882   522.0408264283896   616.4991396340097
0.25434949381426813   499.55128876847635   592.2797495845883
0.2618058627210567   479.95081311046556   569.6719674069052
0.2694808184095226   460.1858409449797   547.4450475813711
0.27738076884870827   438.01870467632165   524.6544410984918
0.2855123098601282   413.168783419199   501.3888518803539
0.29388223062474755   387.37038247730385   478.46684400938
0.3024975193514008   363.00380278622725   456.83562484448737
0.31136536911138296   341.9596945868936   436.954899655313
0.3204931838440838   324.5853864503606   418.8032505049068
0.32988858453867975   309.4838245808845   401.882626182466
0.3395594155970457   294.6569765684235   385.43895898036345
0.34951375138319807   278.79656258146514   369.2458657228153
0.3597599029647371   262.0781581273847   353.32624747786843
0.37030642505191835   245.8887642419785   338.1575156103745
0.3811621231401457   231.48224571685495   323.92812810397925
0.3923360608618501   219.03566695020046   310.6122233742848
0.4038375675538918   207.67874746857652   298.00631390531987
0.41567624604680364   196.33571168385993   285.8212083673858
0.42786198068238046   184.74117363816853   274.017469114511
0.4404049455663077   173.51147411727936   262.7553439566514
0.4533156130627191   163.31082181230914   252.08410048475147
0.4666047625377753   154.15645221108065   242.00405161437433
0.4802834893595659   145.5020434348743   232.39044028249077
0.49436321416184764   136.95988638435233   223.1464649768573
0.5088556923793517   128.67681308391823   214.29740627734859
0.5237730240626238   120.99956687110446   205.90447209209125
0.5391276639805903   113.9467309751453   197.9259811541722
0.5549324320192869   107.25664474315872   190.30835833292412
0.5712005238854289   100.7938121453011   183.01227456762555
0.5879455221237613   94.67712761755655   176.05142866336476
0.6051814074573895   88.99336903913299   169.433738502599
0.622922570460556   83.64999317040068   163.1196465200354
0.6411838235736077   78.55656261023977   157.07515214800878
0.6599804134701901   73.74437855513591   151.30736178418778
0.6793280337869897   69.23936709242803   145.8055338804488
0.6992428382266549   65.00205877994418   140.5538886926987
0.7197414540448374   61.00318476699827   135.5337330818863
0.7408409959326054   57.2312305727967   130.7330130980986
0.7625590803058332   53.6764194572135   126.14092840752664
0.7849138400134885   50.32903112929468   121.7472622721632
0.8079239394770964   47.17945062226054   117.54234752999416
0.8316085902740278   44.218171481514744   113.51699295112341
0.8559875671776167   41.43512515340782   109.66167343287759
0.8810812246675007   38.81999371862594   105.96669095657374
0.9069105139239728   36.36301338193258   102.42295743563967
0.9334970003205227   34.05497287082857   99.0219805040595
0.960862881429187   31.887182553735258   95.75582099124499
0.9890310055537336   29.85144529434221   92.6170537984518
1.0180248908061487   27.940028942246247   89.59873188064321
1.047868744742366   26.145666236772914   86.69425823026924
1.0785874845736239   24.4616132622712   83.89702440356344
1.1102067579703248   22.881514172104477   81.20074912678095
1.1427529644757777   21.399344329953554   78.59958870318806
1.1762532775476793   20.00939583883538   76.08810621674353
1.210735667245765   18.70626348629395   73.6612432590695
1.246228923584555   17.484831106343968   71.31429396570347
1.2827626805706884   16.340258094563723   69.04287863937424
1.3203674409449337   15.267954225810241   66.84280155887767
1.3590746016495152   14.263566080456414   64.70999639613532
1.3989164800420282   13.322985129875589   62.640688344470966
1.4399263408778291   12.442336624493334   60.63138902513886
1.4821384240834183   11.617967392248474   58.67887796768934
1.525587973344019   10.846434193528903   56.78018550516332
1.5703112655292182   10.124492613021427   54.93257693962483
1.6163456409812174   9.449086644094177   53.1335532830187
1.6637295346910133   8.817339687424264   51.380940114697104
1.7125025083885144   8.226543872485239   49.67279488428111
1.7627052835733923   7.674150225919629   48.00733301707841
1.814379775514258   7.157760041697384   46.38291777662106
1.8675691282445197   6.675116671478535   44.79805105970287
1.922317750584177   6.224097714425521   43.251364672332265
1.9786713532176083   5.802707585977341   41.74161237097536
2.0366769868582977   5.409069407758644   40.267738899248606
2.0963830815323896   5.041417387875811   38.82895495667452
2.1578394870138577   4.698092988232051   37.424557967951195
2.2210975144450407   4.377539112460982   36.053900871351125
2.286209979177315   4.078294235326413   34.71638763189532
2.3532312448676476   3.7989868471550468   33.41146891072787
2.4222172688678643   3.5383301981906468   32.13863788414397
2.4932256489445366   3.2951174935438727   30.897451010305943
2.5663156713684585   3.068219224642358   29.68784265002119
2.641548360413907   2.856577454667144   28.50997135202443
2.7189865293089923   2.6591997565270376   27.363933373763
2.798694832679631   2.4751553740891707   26.249758825397876
2.8807398205309562   2.3035716301513225   25.167414887823174
2.9651899938111903   2.1436305241586777   24.11680906716652
3.05211586160442   1.9945655111712555   23.09779247029344
3.1415899999999994   1.8556565159413267   22.110106511881778
