0.01   464.87492591173896   464.87080361349103
0.010293154462191829   470.24821228067356   470.2440212482422
0.010594902878253955   475.45222591283755   475.44800493380916
0.010905497183778876   480.4725842821143   480.4683516867719
0.011225196699963396   485.29477294277604   485.2905217126332
0.011554268350120923   489.90409128722104   489.8997919586794
0.011892986882540897   494.28493401929194   494.2805636374983
0.012241635099881474   498.4212920264256   498.4168480711792
0.012600504095286909   502.29718720940656   502.29268811211443
0.012969893495426888   505.8961093646218   505.89158119175704
0.013350111710660605   509.20078090115504   509.19623733485787
0.013741476192534558   512.1940676162217   512.1895079907707
0.014144313698828986   514.858997145933   514.8544091731977
0.01455896056637426   517.1782985466432   517.1736734819465
0.014985762991865008   519.1349534493754   519.130290990415
0.01542507732090645   520.7124670181091   520.7077750505722
0.015877270345534218   521.8941104025595   521.8893954495138
0.016342719610456153   522.663003706337   522.6582610809542
0.016821813728271667   523.0030998167982   522.9983131327001
0.017314952703931925   522.8991537333532   522.8942992612958
0.017822548268711737   522.3363926061029   522.3314538271286
0.01834502422397195   521.3011549941144   521.2961256973936
0.018882816794999403   519.7811337710359   519.7760168857783
0.019436374995219892   517.7652449903641   517.7600368048853
0.02000616100108813   515.2438339732907   515.2385130289301
0.020592650537967844   512.2089949442527   512.2035222881373
0.021196333277324068   508.6549324200349   508.6492578831014
0.02181771324555934   504.57836849270626   504.5724440915393
0.022457309244835088   499.9781415243706   499.9719235485252
0.02311565528622961   494.85544007038686   494.84889051293743
0.023793301035594242   489.2155979919023   489.2086946109229
0.024490812272480036   483.06705230642115   483.0597931725433
0.025208771362518027   476.42036337776767   476.412765933392
0.0259477777436476   469.29059463240674   469.28268383854
0.02670844842659881   461.6985115881078   461.690302419999
0.027491418510046592   453.666764015755   453.65826058564323
0.028297341710866907   445.22068475903575   445.21188820315064
0.029126890909937666   436.39376328987674   436.38471085544035
0.029980758713939952   427.22231792436145   427.21309323023803
0.030859658033628758   417.74298139500775   417.7337097894304
0.031764322679055976   407.99958497528763   407.9904204194219
0.03269550797224261   398.0429575138227   398.0340692752955
0.033653991377811755   387.9222019762709   387.91377109793194
0.03464057315210884   377.6870987342385   377.67931292280525
0.03565607701135116   367.3957868348643   367.38882990722044
0.036701350819364466   357.10465970636005   357.09870844734724
0.03777726729548091   346.8663014930253   346.8615262941125
0.038884724743189276   336.7420327571085   336.7386191207236
0.04002464780014597   326.79730783745384   326.795470765627
0.041197988210172884   317.0904787068106   317.0904587545552
0.04240572561788674   307.66936567098537   307.67133751521203
0.04364886838662332   298.56697762823467   298.5708399048925
0.04492845444033957   289.8103607852787   289.81573547515046
0.04624555213019635   281.4254289814626   281.4317239698468
0.04760126112654554   273.46165240894004   273.46836243371354
0.04899671333706607   265.97700368410585   265.9838522080077
0.05043307385181555   259.0211079348639   259.0280204965069
0.05191154191598653   252.59135657033394   252.59829481254465
0.053433351931179485   246.62909330953008   246.6358763479487
0.05499977448602865   241.0775313568109   241.08383461418515
0.05661211741704101   235.8841099406603   235.88936027212952
0.05827172690053434   230.99976737323243   231.00301778808486
0.05997998857658587   226.3775698510225   226.3775333345241
0.06173832870592997   221.95302066044366   221.9482733105671
0.0635482153607709   217.65199327257955   217.64110903059932
0.06541115965050462   213.3978222877835   213.3795081278033
0.06732871698337338   209.09538516889398   209.0688771625801
0.06930248836510605   204.65093775138612   204.61607099369348
0.07133412173562886   199.96162931901713   199.91895571870091
0.07342531334496233   194.92557842051366   194.87640193746142
0.07557780916945323   189.46275389551727   189.40886346595488
0.07779340636952398   183.51734653929572   183.46073081287696
0.08007395479015682   177.0708497575107   177.01366573935928
0.08242135850536496   170.1492233845119   170.09377449549146
0.08483757740794096   162.81953613586273   162.76821795156283
0.08732462884580919   155.19202424351874   155.1472751538994
0.08988458930634863   147.40018960189502   147.36451789605076
0.09251959615009227   139.59177495661152   139.5677209614456
0.09523184939525078   131.92285758748972   131.9124785566344
0.09802361355455057   124.54738628294511   124.55181912442202
0.10089721952591899   117.6246521147328   117.64341723561759
0.10385506653859616   111.28919393921095   111.32019954166572
0.10689962415629803   105.65643423239631   105.69570676916292
0.11003343433910281   100.7962516318417   100.83859383439228
0.11325911356578279   96.71313796915223   96.7531936101202
0.11657935501835284   93.34944335715238   93.38187317998539
0.11999693083066039   90.58037753306917   90.59996800464585
0.12351469440289359   88.23186169381783   88.23423462076279
0.12713558278394044   86.10224716653289   86.08444006417163
0.13086261912358757   83.97579547900936   83.93685095246389
0.13469891519660646   81.65200201324868   81.59358216872405
0.13864767400083483   78.96615922210748   78.89287801641305
0.14271219243142114   75.8231821073023   75.74220895236503
0.14689586403346616   72.21510860653689   72.13525775344009
0.1512021818353596   68.22050276685795   68.15112390561958
0.15563474126517718   63.993782397279375   63.9433464701135
0.16019724315257297   59.748142836730125   59.721838549387705
0.1648934968186736   55.7286389146232   55.72640873436296
0.1697274232565544   52.161704019731765   52.178250652455915
0.17470305840495237   49.19264489456551   49.21900570619409
0.17982455651794954   46.8424209338359   46.868025324309464
0.18509619363343993   45.0174162149082   45.03188815582181
0.19052237114327647   43.55434586128705   43.54852124256332
0.19610761946807834   42.24711640380337   42.21607598185816
0.20185660183976684   40.863975633502996   40.810366613739596
0.20777411819498756   39.20938506523412   39.14263995626219
0.21386510918267082   37.213810815263216   37.14740850697957
0.22013466028907505   34.95737347797778   34.902863118653435
0.22658800608375756   32.61159852916808   32.57763940880583
0.23323053459001789   30.379729162542347   30.367893689619336
0.2400677917834628   28.441362487686686   28.444706889023415
0.24710548622244882   26.88498497893022   26.891723154559486
0.25434949381426813   25.6732542013622   25.670350140393836
0.2618058627210567   24.66956691127272   24.648922778771823
0.2694808184095226   23.68916110330181   23.651401183681397
0.27738076884870827   22.57819957644958   22.531544514334783
0.2855123098601282   21.301126841934295   21.258346587760617
0.29388223062474755   19.936489298343623   19.9070353242771
0.3024975193514008   18.616950473266176   18.6038257258387
0.31136536911138296   17.468420990346054   17.464607211745225
0.3204931838440838   16.531934892694192   16.52693312666627
0.32988858453867975   15.74451774530322   15.730391947614736
0.3395594155970457   14.996743046849753   14.972866418210423
0.34951375138319807   14.199384765653926   14.172718348028019
0.3597599029647371   13.342869130180496   13.322246996002146
0.37030642505191835   12.495038969919596   12.484631573374319
0.3811621231401457   11.72992755392146   11.726444235823335
0.3923360608618501   11.07327143602501   11.06936625263493
0.4038375675538918   10.488871695283624   10.480561233913257
0.41567624604680364   9.916215343493196   9.905382847393764
0.42786198068238046   9.329176753071165   9.321047753465482
0.4404049455663077   8.75169103569938   8.749412655647715
0.4533156130627191   8.220899818331857   8.222595692752353
0.4666047625377753   7.746985148961043   7.748779272034479
0.4802834893595659   7.306575837450398   7.30723256163738
0.49436321416184764   6.875408137091734   6.877154446736238
0.5088556923793517   6.454657472637094   6.459604218332328
0.5237730240626238   6.06108831124331   6.068785921866027
0.5391276639805903   5.700328379711338   5.7088287367851205
0.5549324320192869   5.361676205855658   5.370532329361544
0.5712005238854289   5.035800646655226   5.046212972826804
0.5879455221237613   4.725904226531086   4.738406080104286
0.6051814074573895   4.437296741321321   4.451145479489081
0.622922570460556   4.167379304886175   4.182057897809916
0.6411838235736077   3.9111210181481626   3.927002013993464
0.6599804134701901   3.668701676625082   3.686031151266317
0.6793280337869897   3.441493630022206   3.45999558130019
0.6992428382266549   3.2281082961706526   3.2475792643527703
0.7197414540448374   3.027268878050794   3.0476786285227258
0.7408409959326054   2.8381498192553325   2.8595219835574333
0.7625590803058332   2.660154282927951   2.6824911367690807
0.7849138400134885   2.492709984948662   2.515994860163589
0.8079239394770964   2.335265873919091   2.3594664876286884
0.8316085902740278   2.187292159660378   2.2123635711935767
0.8559875671776167   2.0482802410984404   2.074167466116717
0.8810812246675007   1.917742544395041   1.944382854406495
0.9069105139239728   1.7952075682750794   1.8225339274230545
0.9334970003205227   1.680208420542486   1.7081559983041494
0.960862881429187   1.572299852530379   1.6008069863870829
0.9890310055537336   1.4710618485044205   1.5000695863627873
1.0180248908061487   1.3760982556219834   1.4055499926472887
1.047868744742366   1.2870354851471812   1.3168766805302257
1.0785874845736239   1.2035212813664131   1.2336992422710331
1.1102067579703248   1.125223591376932   1.1556873035059925
1.1427529644757777   1.0518310661069792   1.0825306615767418
1.1762532775476793   0.983052131124451   1.0139383773346822
1.210735667245765   0.9186114415549235   0.9496359183917907
1.246228923584555   0.858248895205469   0.8893642038812901
1.2827626805706884   0.8017188823635159   0.8328788326522363
1.3203674409449337   0.7487895652799069   0.7799493413634632
1.3590746016495152   0.6992421867297479   0.730358492098212
1.3989164800420282   0.6528703534529773   0.6839015868369925
1.4399263408778291   0.6094789847839266   0.6403857954516337
1.4821384240834183   0.5688840616134346   0.5996295433688569
1.525587973344019   0.5309123401044565   0.5614619242461045
1.5703112655292182   0.4954007677692736   0.525722126050761
1.6163456409812174   0.46219592486833977   0.4922588830881412
1.6637295346910133   0.4311534934020622   0.46092995336603554
1.7125025083885144   0.40213775255281103   0.43160162057988166
1.7627052835733923   0.3750210991994171   0.404148395808604
1.814379775514258   0.3496835924946528   0.3784528766849601
1.8675691282445197   0.3260125229720301   0.35440475906729413
1.922317750584177   0.3039020031363281   0.33190033173072997
1.9786713532176083   0.28325257907334445   0.31084211760594205
2.0366769868582977   0.2639708623248189   0.29113853109668747
2.0963830815323896   0.2459691811078867   0.2727035510880424
2.1578394870138577   0.2291652484813788   0.25545641010498255
2.2210975144450407   0.21348180449842338   0.2393213237504788
2.286209979177315   0.19884632698854193   0.22422720507239033
2.3532312448676476   0.18519081411437796   0.2101073599167312
2.4222172688678643   0.17245151901581454   0.19689923188300715
2.4932256489445366   0.1605686955724962   0.1845441622210977
2.5663156713684585   0.14948635846299643   0.17298716194388042
2.641548360413907   0.13915205678197698   0.16217669570345636
2.7189865293089923   0.12951667208931372   0.1520644599380454
2.798694832679631   0.12053428723086308   0.14260508420610238
2.8807398205309562   0.11216192597242819   0.13375604821879195
2.9651899938111903   0.10435933091545678   0.12547757218758304
3.05211586160442   0.09708880035652559   0.11773244604518436
3.1415899999999994   0.09031503444767376   0.11048586831255916
