0.01   217.66134776636196   217.65787277008678
0.010293154462191829   220.70435668145205   220.70083215858637
0.010594902878253955   223.69280711397775   223.68923510727092
0.010905497183778876   226.62040313505406   226.61678497806926
0.011225196699963396   229.48058369006287   229.4769200751231
0.011554268350120923   232.26648709990388   232.26277818657485
0.011892986882540897   234.97113747721423   234.96738287502507
0.012241635099881474   237.58745768477084   237.5836566319858
0.012600504095286909   240.10822550879544   240.1043777730696
0.012969893495426888   242.5261512283936   242.52225738945853
0.013350111710660605   244.83390080061062   244.82996224547188
0.013741476192534558   247.02366679500048   247.01968494258867
0.014144313698828986   249.08720281103646   249.08317834601644
0.01455896056637426   251.0162751149183   251.01220793240492
0.014985762991865008   252.80271422992615   252.79860357294547
0.01542507732090645   254.43845051934207   254.4342954695055
0.015877270345534218   255.9155530384708   255.91135261921485
0.016342719610456153   257.2262356019175   257.22198901829637
0.016821813728271667   258.36249880540674   258.3582084476043
0.017314952703931925   259.3162962883354   259.31196987027397
0.017822548268711737   260.0798707012881   260.07552133913396
0.01834502422397195   260.6458159412708   260.6414571076906
0.018882816794999403   261.00713600742745   261.00277009972325
0.019436374995219892   261.15727880976135   261.1528955173978
0.02000616100108813   261.09019090980263   261.08576893753576
0.020592650537967844   260.80042858299237   260.7959503367473
0.021196333277324068   260.28316911059426   260.27862814837283
0.02181771324555934   259.53422484332236   259.52962581590924
0.022457309244835088   258.5504268301735   258.54577868948354
0.02311565528622961   257.32987361752254   257.32517870867
0.023793301035594242   255.87144362827016   255.8666968192554
0.024490812272480036   254.17499576494106   254.17018560529633
0.025208771362518027   252.24247923062973   252.23759374679594
0.0259477777436476   250.07705922803163   250.07208803667132
0.02670844842659881   247.68266764110544   247.67760219713998
0.027491418510046592   245.06538087228017   245.06022100637128
0.028297341710866907   242.23360011293718   242.22836142642925
0.029126890909937666   239.196343050798   239.19105660159062
0.029980758713939952   235.96398076134207   235.95868941109805
0.030859658033628758   232.5508473334957   232.54559375384437
0.031764322679055976   228.9722787153455   228.96710230352045
0.03269550797224261   225.24370321319816   225.23864019304793
0.033653991377811755   221.3829579983283   221.37804444395246
0.03464057315210884   217.409685262874   217.40495952195354
0.03565607701135116   213.34296084776858   213.3384632240525
0.036701350819364466   209.20367356730142   209.19944531132995
0.03777726729548091   205.01895554606398   205.01503680339783
0.038884724743189276   200.81557186351515   200.81200125961246
0.04002464780014597   196.61790385226806   196.61471818045308
0.041197988210172884   192.44190079943223   192.43913182347336
0.04240572561788674   188.29811660826775   188.29578931183715
0.04364886838662332   184.19630826698884   184.19444120903702
0.04492845444033957   180.1551294218018   180.15372308462472
0.04624555213019635   176.2113482065186   176.21036193832
0.04760126112654554   172.4008865259453   172.40023941180596
0.04899671333706607   168.75288791527285   168.75246344926413
0.05043307385181555   165.26672699838076   165.266383008814
0.05191154191598653   161.92912925599867   161.92870308927414
0.053433351931179485   158.72743478394423   158.7267450957627
0.05499977448602865   155.6450790607303   155.64393190709512
0.05661211741704101   152.66178122004604   152.65997591192613
0.05827172690053434   149.75825661677865   149.7555869629033
0.05997998857658587   146.9118920051587   146.90815133693067
0.06173832870592997   144.09677617476189   144.09176266365435
0.0635482153607709   141.28819557046904   141.28171667829793
0.06541115965050462   138.45843894803403   138.45034361494493
0.06732871698337338   135.5793161320544   135.56951184210087
0.06930248836510605   132.62188966584586   132.61035262350126
0.07133412173562886   129.5515187538195   129.53832205632318
0.07342531334496233   126.33636365719836   126.32168142299473
0.07557780916945323   122.94960544668962   122.93374807652273
0.07779340636952398   119.37019772697754   119.35361915054631
0.08007395479015682   115.5943553734705   115.57764420863467
0.08242135850536496   111.63390038697213   111.6177637282722
0.08483757740794096   107.52020292429033   107.50539246829288
0.08732462884580919   103.30450059524   103.29173460277569
0.08988458930634863   99.04712692768925   99.03701988517115
0.09251959615009227   94.815534202718   94.80853425707124
0.09523184939525078   90.67530875184104   90.67165643460314
0.09802361355455057   86.68773823553413   86.68744356417858
0.10089721952591899   82.90858479431364   82.91139318224509
0.10385506653859616   79.3857552705151   79.39111485819612
0.10689962415629803   76.15892384247931   76.16589583940258
0.11003343433910281   73.25265127506978   73.25997825624137
0.11325911356578279   70.66576782113248   70.67199335827625
0.11657935501835284   68.37334678651958   68.37694460298549
0.11999693083066039   66.31386394783652   66.31343824734245
0.12351469440289359   64.40750911593517   64.40199652144653
0.12713558278394044   62.55976459576485   62.54865456661534
0.13086261912358757   60.68170989364384   60.66523215417787
0.13469891519660646   58.698497558159204   58.67764361114708
0.13864767400083483   56.560702940942946   56.5370751808235
0.14271219243142114   54.252079325073616   54.2277076434294
0.14689586403346616   51.790934028372966   51.7680585553516
0.1512021818353596   49.23190406777858   49.212690222333606
0.15563474126517718   46.65205617592759   46.6380425150202
0.16019724315257297   44.137474899620976   44.12929785813494
0.1648934968186736   41.77284861959685   41.77015367230535
0.1697274232565544   39.63327507382549   39.6344839395407
0.17470305840495237   37.76659863425488   37.76915060177596
0.17982455651794954   36.171202823240435   36.17205195800048
0.18509619363343993   34.78916949386325   34.785604468879285
0.19052237114327647   33.52692774206799   33.517389033657004
0.19610761946807834   32.29175469098857   32.276142805701966
0.20185660183976684   31.01105030824526   30.99075649092931
0.20777411819498756   29.635009564522143   29.612644882946434
0.21386510918267082   28.15330309459932   28.13237492433291
0.22013466028907505   26.61444950173902   26.59766198042714
0.22658800608375756   25.105572160187545   25.09406715718192
0.23323053459001789   23.704621160992854   23.697699371711387
0.2400677917834628   22.456822829352365   22.452169457334126
0.24710548622244882   21.372298258186014   21.366901207840122
0.25434949381426813   20.41817328975551   20.40948991647969
0.2618058627210567   19.52985612338017   19.516813340179887
0.2694808184095226   18.641161866034484   18.624719700423046
0.27738076884870827   17.71483303755238   17.69772108456131
0.2855123098601282   16.754008954978428   16.73902327370288
0.29388223062474755   15.804688961324679   15.79330856532674
0.3024975193514008   14.917932121577323   14.909638526020077
0.31136536911138296   14.119017671660423   14.111857220471071
0.3204931838440838   13.405274703430631   13.39709582327517
0.32988858453867975   12.744567892462271   12.73428479005108
0.3395594155970457   12.09726805125774   12.085753313471685
0.34951375138319807   11.447173386054924   11.436199888016455
0.3597599029647371   10.80360737088529   10.794715915311155
0.37030642505191835   10.191685649594872   10.18500215383426
0.3811621231401457   9.629967442372145   9.624322214470794
0.3923360608618501   9.113660031817505   9.1078757702239
0.4038375675538918   8.625563562431642   8.619459053903341
0.41567624604680364   8.15112197092563   8.14547065575749
0.42786198068238046   7.689283632698118   7.685006959885638
0.4404049455663077   7.25025767700802   7.247525075460281
0.4533156130627191   6.841120107829962   6.839317599035887
0.4666047625377753   6.458390011147268   6.457030740792346
0.4802834893595659   6.094169633213099   6.093407997729396
0.49436321416184764   5.7446876251308625   5.744951687539545
0.5088556923793517   5.412292536736923   5.413737826757792
0.5237730240626238   5.099887429400052   5.102274920228823
0.5391276639805903   4.805803213840612   4.808917422439073
0.5549324320192869   4.526759236698411   4.530682811203403
0.5712005238854289   4.261592337606061   4.2664663063083506
0.5879455221237613   4.011073620569227   4.016859111018248
0.6051814074573895   3.7750038905341263   3.781577534793057
0.622922570460556   3.5518609878828173   3.5591993833951157
0.6411838235736077   3.3406879621193837   3.3488238661937006
0.6599804134701901   3.1413115611847946   3.1502177554959196
0.6793280337869897   2.953310232590176   2.9629297653739006
0.6992428382266549   2.775839098986668   2.7861434922541872
0.7197414540448374   2.6083745906460027   2.6193526462686907
0.7408409959326054   2.4504498866676534   2.4620725511366084
0.7625590803058332   2.3015733610986393   2.313805866675723
0.7849138400134885   2.161263041407735   2.1740742142454876
0.8079239394770964   2.029060038086593   2.042421446902712
0.8316085902740278   1.9045276973484873   1.9184128889644085
0.8559875671776167   1.7872506816385478   1.8016345572958796
0.8810812246675007   1.6768340776607473   1.6916923920718185
0.9069105139239728   1.572902535039717   1.588211500820761
0.9334970003205227   1.475100168648918   1.4908359084908986
0.960862881429187   1.3830904257240093   1.3992282825910447
0.9890310055537336   1.2965535328826394   1.313068033906528
1.0180248908061487   1.215185559279565   1.232050494705608
1.047868744742366   1.138697768689488   1.1558862895550257
1.0785874845736239   1.0668159877248133   1.084300717230201
1.1102067579703248   0.9992799906338629   1.0170331448529548
1.1427529644757777   0.9358428639435319   0.9538363867592874
1.1762532775476793   0.8762699854557917   0.8944757874110794
1.210735667245765   0.8203387344453242   0.8387288654249849
1.246228923584555   0.7678383390579625   0.7863850668584768
1.2827626805706884   0.7185693256711824   0.7372452160892903
1.3203674409449337   0.672342980023426   0.6911209783002262
1.3590746016495152   0.6289808291787222   0.6478343408208393
1.3989164800420282   0.5883141438783802   0.6072171132357687
1.4399263408778291   0.5501834445030473   0.5691104564230501
1.4821384240834183   0.5144380100339259   0.5333644405640202
1.525587973344019   0.48093549435844524   0.4998375654502002
1.5703112655292182   0.4495415163107066   0.4683963266424538
1.6163456409812174   0.42012925379707217   0.43891480787358994
1.6637295346910133   0.3925790556743149   0.4112742903929928
1.7125025083885144   0.3667780708188812   0.38536287888338233
1.7627052835733923   0.3426198923935976   0.3610751597201816
1.814379775514258   0.32000418642823264   0.33831223460075754
1.8675691282445197   0.29883637828271215   0.3169812961689487
1.922317750584177   0.27902738609402034   0.2969948526797793
1.9786713532176083   0.2604933266630969   0.27827043770178644
2.0366769868582977   0.2431552334941825   0.2607303536778575
2.0963830815323896   0.22693878853605798   0.24430142553705433
2.1578394870138577   0.2117740670759735   0.22891476425396057
2.2210975144450407   0.1975952827798588   0.21450549427905255
2.286209979177315   0.18434051051537675   0.20101236241350076
2.3532312448676476   0.17195152687083015   0.18837774563779572
2.4222172688678643   0.1603736240144485   0.17654753286801278
2.4932256489445366   0.1495554089235256   0.16547092336033492
2.5663156713684585   0.1394486132215226   0.15510023543593676
2.641548360413907   0.13000791313879878   0.14539072516524784
2.7189865293089923   0.12119075998842224   0.13630041572753473
2.798694832679631   0.11295726789441513   0.12778999867437518
2.8807398205309562   0.10527007061857266   0.1198226942412439
2.9651899938111903   0.09809409274341463   0.11236399659918207
3.05211586160442   0.09139641116884166   0.10538153258847707
3.1415899999999994   0.08514613122690648   0.09884493733230047
