0.01   3947.3842060489633   3947.263922413683
0.010293154462191829   4004.517145693316   4004.3893697153367
0.010594902878253955   4060.767504406047   4060.631483969621
0.010905497183778876   4116.020269103339   4115.875231505675
0.011225196699963396   4170.151893551004   4169.996943373075
0.011554268350120923   4223.033210174957   4222.867273225587
0.011892986882540897   4274.532566958212   4274.354385775742
0.012241635099881474   4324.5133166822725   4324.3215330076055
0.012600504095286909   4372.832226281368   4372.625523069069
0.012969893495426888   4419.3440044124045   4419.121125893361
0.013350111710660605   4463.900904760404   4463.660606154472
0.013741476192534558   4506.346985995297   4506.08770048448
0.014144313698828986   4546.523157254045   4546.242867354641
0.01455896056637426   4584.270266707882   4583.966500519619
0.014985762991865008   4619.425606400212   4619.09557636683
0.01542507732090645   4651.822695788839   4651.4634715157135
0.015877270345534218   4681.296709509723   4680.905237036749
0.016342719610456153   4707.683884051056   4707.256935739044
0.016821813728271667   4730.817124867896   4730.351061818104
0.017314952703931925   4750.531961689365   4750.022680653963
0.017822548268711737   4766.669109624219   4766.11205274922
0.01834502422397195   4779.072986619077   4778.463092798019
0.018882816794999403   4787.593081514969   4786.924751467584
0.019436374995219892   4792.087220066733   4791.354343058731
0.02000616100108813   4792.4233202610685   4791.619300765199
0.020592650537967844   4788.481566133927   4787.599341529463
0.021196333277324068   4780.1540725995765   4779.1861572216
0.02181771324555934   4767.34643323496   4766.284997397713
0.022457309244835088   4749.987125208821   4748.824326293873
0.02311565528622961   4728.024840882182   4726.7530543180055
0.023793301035594242   4701.42350499035   4700.035389002322
0.024490812272480036   4670.174429546004   4668.663289334435
0.025208771362518027   4634.308385390016   4632.668834141847
0.0259477777436476   4593.874484935703   4592.10253886517
0.02670844842659881   4548.942967633677   4547.036128111202
0.027491418510046592   4499.641516572588   4497.599315561712
0.028297341710866907   4446.129868161798   4443.954065180461
0.029126890909937666   4388.579930041459   4386.274438789936
0.029980758713939952   4327.213717969199   4324.785021589234
0.030859658033628758   4262.317960007238   4259.775704924017
0.031764322679055976   4194.185969529814   4191.542793262041
0.03269550797224261   4123.12792668517   4120.399124642148
0.033653991377811755   4049.537544471557   4046.7404008363183
0.03464057315210884   3973.8252146485047   3970.9786182397506
0.03565607701135116   3896.3892183992157   3893.5134417721147
0.036701350819364466   3817.6831655466044   3814.8002939375265
0.03777726729548091   3738.2126735565394   3735.3470214085346
0.038884724743189276   3658.455150877509   3655.6329584110094
0.04002464780014597   3578.8595594864564   3576.106997370259
0.041197988210172884   3499.8574827335033   3497.1945106418134
0.04240572561788674   3421.8494358832363   3419.2888953911133
0.04364886838662332   3345.2106017457418   3342.7586141833094
0.04492845444033957   3270.4174801468657   3268.071478475314
0.04624555213019635   3198.007040813213   3195.7545877392217
0.04760126112654554   3128.467000676689   3126.2866240024928
0.04899671333706607   3062.085338844213   3059.9463932707386
0.05043307385181555   2998.8599715328132   2996.721801556303
0.05191154191598653   2938.758837359753   2936.5714054525633
0.053433351931179485   2881.6518805540204   2879.3569150555413
0.05499977448602865   2827.244793634003   2824.777186790358
0.05661211741704101   2775.2395467518973   2772.528075737479
0.05827172690053434   2725.2269229302656   2722.19813714131
0.05997998857658587   2676.699358896605   2673.2811840395166
0.06173832870592997   2629.1429052651374   2625.267581807151
0.0635482153607709   2581.9151415223027   2577.531466745058
0.06541115965050462   2534.3638698131426   2529.441134309282
0.06732871698337338   2485.7493297741225   2480.292173426157
0.06930248836510605   2435.277096508559   2429.3370623368396
0.07133412173562886   2382.1735144594154   2375.8587953819665
0.07342531334496233   2325.6733311891016   2319.163232996453
0.07557780916945323   2265.165695110556   2258.7091590286736
0.07779340636952398   2200.265868105556   2194.18079593531
0.08007395479015682   2130.8749915080016   2125.539830669625
0.08242135850536496   2057.301642567228   2053.1466327258477
0.08483757740794096   1980.193418732738   1977.6671147859065
0.08732462884580919   1900.5556183852614   1900.0876912296535
0.08988458930634863   1819.629554927803   1821.6118510536267
0.09251959615009227   1738.7895732738205   1743.5550402421875
0.09523184939525078   1659.5228306985139   1667.2907977038622
0.09802361355455057   1583.2178370528623   1594.085172021515
0.10089721952591899   1511.2525212606774   1525.1687528303753
0.10385506653859616   1444.807019333659   1461.567886753898
0.10689962415629803   1384.8071621235365   1403.9997580229708
0.11003343433910281   1331.7668400562172   1352.824983217885
0.11325911356578279   1285.645942563878   1307.937470448618
0.11657935501835284   1245.75898441033   1268.6353494325983
0.11999693083066039   1210.8678418921463   1233.7165934288873
0.12351469440289359   1179.204045467836   1201.5697727767101
0.12713558278394044   1148.7996447708845   1170.4603184255716
0.13086261912358757   1117.6410162313948   1138.669774653441
0.13469891519660646   1083.9565395444754   1104.7454680023425
0.13864767400083483   1046.4645809613726   1067.7231139011967
0.14271219243142114   1004.5813937312345   1027.2389278562111
0.14689586403346616   958.6010994865169   983.5940441572268
0.1512021818353596   909.6670956347525   937.9461440522816
0.15563474126517718   859.5703408066687   891.7979463328501
0.16019724315257297   810.4899262685528   846.8252012655491
0.1648934968186736   764.6813804474443   804.8357186244979
0.1697274232565544   724.0714516810789   767.2562637785899
0.17470305840495237   689.7369487525846   734.6083471446663
0.17982455651794954   661.5167097950614   706.7769800088397
0.18509619363343993   638.0745662483291   682.5837493371706
0.19052237114327647   617.3635980614589   660.4045492549227
0.19610761946807834   597.1179475994516   638.592231985868
0.20185660183976684   575.2170374467387   615.7027111454454
0.20777411819498756   550.2066723620554   590.8565433044851
0.21386510918267082   521.9720449053892   564.1975267175741
0.22013466028907505   491.88317656467507   536.6693678198918
0.22658800608375756   462.1020737406204   509.83906860554475
0.23323053459001789   434.7293268201636   484.96572110983607
0.2400677917834628   411.23731036866997   462.94892496702454
0.24710548622244882   391.96793653693146   443.68437942922117
0.25434949381426813   375.91125396830023   426.58977866437647
0.2618058627210567   361.18463274174985   410.3978149368694
0.2694808184095226   345.84873395790186   394.0742263377645
0.27738076884870827   328.743171207966   377.1317258893328
0.2855123098601282   310.11987139072835   359.6693075256075
0.29388223062474755   291.4021731287558   342.60111375596205
0.3024975193514008   274.14491945844213   326.66721084567314
0.31136536911138296   259.356847600295   312.2357036983708
0.3204931838440838   246.9036236572301   299.18090266588786
0.32988858453867975   235.61090094220395   286.91652007665647
0.3395594155970457   224.16961516405155   274.80855490667966
0.34951375138319807   211.97914322022731   262.72001199151947
0.3597599029647371   199.46829652223076   250.84237241107658
0.37030642505191835   187.6701222296707   239.5978224876325
0.3811621231401457   177.26843349849128   229.16777779734073
0.3923360608618501   168.11930663514138   219.43884500985735
0.4038375675538918   159.49431466433248   210.17539315026755
0.41567624604680364   150.7628849019129   201.13575460864075
0.42786198068238046   141.96250183863464   192.35633057197978
0.4404049455663077   133.6157180605565   184.01581346763362
0.4533156130627191   126.07954796628627   176.16779339941274
0.4666047625377753   119.2034905939471   168.74767170614825
0.4802834893595659   112.57469305786957   161.64470637325678
0.49436321416184764   106.03315477721816   154.80812113135076
0.5088556923793517   99.77607416483174   148.27917902561907
0.5237730240626238   94.00758505547627   142.10108457084476
0.5391276639805903   88.65121295071839   136.22965661437215
0.5549324320192869   83.51385987944656   130.62033137830085
0.5712005238854289   78.56476053772005   125.25226558301073
0.5879455221237613   73.91173397430067   120.14563733140082
0.6051814074573895   69.57461196583994   115.29527462101092
0.622922570460556   65.4652298306588   110.66757179001321
0.6411838235736077   61.54596457837056   106.24654631349546
0.6599804134701901   57.85428076220954   102.0387399760913
0.6793280337869897   54.38970036296051   98.03259337586591
0.6992428382266549   51.11431116604691   94.21039943107674
0.7197414540448374   48.02148398918165   90.56616102309236
0.7408409959326054   45.103664483704584   87.09210725299377
0.7625590803058332   42.3523019498239   83.77948312086608
0.7849138400134885   39.75913323807598   80.62002063451968
0.8079239394770964   37.316185642865165   77.60590997870818
0.8316085902740278   35.015685972263384   74.72967969172112
0.8559875671776167   32.84991079156567   71.98400433341905
0.8810812246675007   30.81146512554611   69.3619424028727
0.9069105139239728   28.893326380166524   66.8569656445543
0.9334970003205227   27.08882779958171   64.4629320712274
0.960862881429187   25.391642515601465   62.17406089193045
0.9890310055537336   23.795768177618207   59.98490920110347
1.0180248908061487   22.295514355692145   57.89032472821799
1.047868744742366   20.885511658979222   55.88514256452732
1.0785874845736239   19.56068213962923   53.96431437020785
1.1102067579703248   18.316206450627103   52.12311711654063
1.1427529644757777   17.147512405970204   50.35713400058353
1.1762532775476793   16.050264253718545   48.662232742695394
1.210735667245765   15.020352266734717   47.03454559656965
1.246228923584555   14.053882636647753   45.470450401100436
1.2827626805706884   13.147164250405886   43.96644282706528
1.3203674409449337   12.296696306046961   42.519004513846404
1.3590746016495152   11.499167323095392   41.124829177048326
1.3989164800420282   10.751447091323156   39.78084128605744
1.4399263408778291   10.050577770493495   38.48417965721961
1.4821384240834183   9.393765352018942   37.23218240420649
1.525587973344019   8.778371473363219   36.0223731189492
1.5703112655292182   8.201905533570274   34.85244059955417
1.6163456409812174   7.662016895471632   33.72017209926666
1.6637295346910133   7.156487968267811   32.62348272655126
1.7125025083885144   6.683227528499526   31.560440307460514
1.7627052835733923   6.240264135402841   30.529255542265837
1.814379775514258   5.825739842055346   29.52827265603095
1.8675691282445197   5.437904193936878   28.555960753700376
1.922317750584177   5.075108489080791   27.610905693023604
1.9786713532176083   4.735799232830694   26.69179428363237
2.0366769868582977   4.418512609870981   25.79740322956308
2.0963830815323896   4.121871531230456   24.926606951484896
2.1578394870138577   3.8445810002070644   24.07837279739537
2.2210975144450407   3.585423519942635   23.25175518804667
2.286209979177315   3.3432547358118945   22.445890111765323
2.3532312448676476   3.11699930221214   21.659989931627795
2.4222172688678643   2.905647400867999   20.893377299485863
2.4932256489445366   2.7082529828271   20.145666920495493
2.5663156713684585   2.5239279643304893   19.416581900163447
2.641548360413907   2.3518378916183145   18.705854919736613
2.7189865293089923   2.191198937715808   18.01322703432791
2.798694832679631   2.0412750502494243   17.338446701976153
2.8807398205309562   1.901375242269136   16.68126885831007
2.9651899938111903   1.7708508910085827   16.04145089018093
3.05211586160442   1.6490890689113593   15.418645094888248
3.1415899999999994   1.5355106628789343   14.812391728232207
