0.01   141.5904877571059   141.590481828383
0.010293154462191829   143.0846786413106   143.08467227521552
0.010594902878253955   144.5244762568308   144.52447001215154
0.010905497183778876   145.90601415614643   145.90600911100665
0.011225196699963396   147.22511424863686   147.2251112116865
0.011554268350120923   148.47739464861533   148.47739361903166
0.011892986882540897   149.65847414289067   149.65847427471826
0.012241635099881474   150.7639530133102   150.7639529972421
0.012600504095286909   151.78938220784886   151.7893811577882
0.012969893495426888   152.73035393809172   152.7303515259487
0.013350111710660605   153.58251031527678   153.58250675532423
0.013741476192534558   154.34139273938604   154.34138852346982
0.014144313698828986   155.0025520583745   155.00254781641846
0.01455896056637426   155.56166589883878   155.56166239333385
0.014985762991865008   156.01435225591666   156.0143500217466
0.01542507732090645   156.35603426090105   156.35603297603183
0.015877270345534218   156.5822980165513   156.58229643229882
0.016342719610456153   156.68895888455307   156.68895497972147
0.016821813728271667   156.67209271342898   156.67208473089315
0.017314952703931925   156.52806412471702   156.5280509996291
0.017822548268711737   156.25355122700012   156.2535325784183
0.01834502422397195   155.8454123090176   155.84538781996082
0.018882816794999403   155.30065345100732   155.30062201735123
0.019436374995219892   154.61667288023816   154.61663256488646
0.02000616100108813   153.79134398557943   153.79129212950414
0.020592650537967844   152.823191958864   152.82312564875932
0.021196333277324068   151.71128688870198   151.71120312060685
0.02181771324555934   150.4552152751858   150.45511099733744
0.022457309244835088   149.05537700519656   149.05524966500957
0.02311565528622961   147.51301726964238   147.51286539034368
0.023793301035594242   145.82992180496979   145.82974498874853
0.024490812272480036   144.0086415036201   144.00844008827767
0.025208771362518027   142.053171511349   142.05294534287415
0.0259477777436476   139.96818954741548   139.9679377206412
0.02670844842659881   137.75886587343982   137.75858692337323
0.027491418510046592   135.43201518191097   135.4317096368268
0.028297341710866907   132.99582381107717   132.99549624977772
0.029126890909937666   130.45868188284575   130.45834070240682
0.029980758713939952   127.82987227471824   127.82952832143799
0.030859658033628758   125.12102125507114   125.120684445318
0.031764322679055976   122.34394735819535   122.34362608576238
0.03269550797224261   119.51032058928172   119.51002212201607
0.033653991377811755   116.63392435753467   116.63365932110764
0.03464057315210884   113.72958434760916   113.72936941428644
0.03565607701135116   110.8112343142223   110.81109153991946
0.036701350819364466   107.89304634859104   107.89299738332984
0.03777726729548091   104.99091018068876   104.99096420435279
0.038884724743189276   102.11969736407465   102.11985059260942
0.04002464780014597   99.2930458914124   99.29328577336773
0.041197988210172884   96.52519970915719   96.52553267665878
0.04240572561788674   93.82993126807759   93.83039545667741
0.04364886838662332   91.2193930729928   91.22005450665092
0.04492845444033957   88.70342915918503   88.70432670449526
0.04624555213019635   86.28910905173632   86.29016104529174
0.04760126112654554   83.98233773659175   83.98334440758127
0.04899671333706607   81.7879930542701   81.78867928118382
0.05043307385181555   79.70907622771101   79.70931756066919
0.05191154191598653   77.74757668724581   77.74747988217463
0.053433351931179485   75.90457208341677   75.90444421640949
0.05499977448602865   74.16880820709818   74.16893685387895
0.05661211741704101   72.51811594286345   72.51857443225552
0.05827172690053434   70.93172550358368   70.93238629193961
0.05997998857658587   69.39233899700565   69.39296518297652
0.06173832870592997   67.88585110524185   67.8861809578845
0.0635482153607709   66.39866746940159   66.39842922017928
0.06541115965050462   64.91160462385038   64.91059906897252
0.06732871698337338   63.403528241416886   63.40166858062922
0.06930248836510605   61.85314483206504   61.85046339788996
0.07133412173562886   60.236060501138795   60.23273421501756
0.07342531334496233   58.53054322486677   58.52687131409927
0.07557780916945323   56.720560905764835   56.71684508025441
0.07779340636952398   54.79529503208268   54.79178226132854
0.08007395479015682   52.75788805780011   52.75472418451845
0.08242135850536496   50.62308886115229   50.6202892953268
0.08483757740794096   48.41474077310499   48.41228955023702
0.08732462884580919   46.16498972078503   46.162938753875295
0.08988458930634863   43.90996285916246   43.9084521393015
0.09251959615009227   41.68829254853389   41.68755640241852
0.09523184939525078   39.53679245295114   39.53707129428197
0.09802361355455057   37.48939443118789   37.490853086009466
0.10089721952591899   35.579279365641   35.58184367969357
0.10385506653859616   33.834784355145125   33.83812989044938
0.10689962415629803   32.277712899462806   32.281347253154536
0.11003343433910281   30.918528563507902   30.921904581928796
0.11325911356578279   29.747944114054153   29.75067204409307
0.11657935501835284   28.743616763346818   28.74545354507733
0.11999693083066039   27.86306450078534   27.86385868764064
0.12351469440289359   27.05766611216609   27.0573060666711
0.12713558278394044   26.274129310246977   26.27251200284908
0.13086261912358757   25.46365567508499   25.460795106337013
0.13469891519660646   24.585812045941793   24.581892034224012
0.13864767400083483   23.614994850549664   23.610359113744853
0.14271219243142114   22.545546659769553   22.540646943088362
0.14689586403346616   21.3916075064208   21.386984287714284
0.1512021818353596   20.185602158213182   20.181935703302283
0.15563474126517718   18.97040346635558   18.968296805096728
0.16019724315257297   17.7951000159826   17.79479893257856
0.1648934968186736   16.710835648095657   16.71202044761959
0.1697274232565544   15.7612114729845   15.763100062785615
0.17470305840495237   14.964872334715418   14.966744642884576
0.17982455651794954   14.308346908935919   14.309725807603524
0.18509619363343993   13.753321830303092   13.753751028462526
0.19052237114327647   13.253258414150682   13.252192694786846
0.19610761946807834   12.762642252240092   12.759869542231428
0.20185660183976684   12.238004486900358   12.234078480471931
0.20777411819498756   11.650399049106191   11.646217786662579
0.21386510918267082   11.004093125582582   11.000383556200335
0.22013466028907505   10.334342627367507   10.331524975379518
0.22658800608375756   9.683296988535153   9.681718932806064
0.23323053459001789   9.088019640504598   9.087562468908876
0.2400677917834628   8.573426120353368   8.573387741722309
0.24710548622244882   8.141792416732532   8.141382163913885
0.25434949381426813   7.770578027223172   7.769247613006632
0.2618058627210567   7.425642833310969   7.423132515693487
0.2694808184095226   7.073520604845282   7.07021641353122
0.27738076884870827   6.695681199277804   6.692262482796186
0.2855123098601282   6.30093003524162   6.297922253434677
0.29388223062474755   5.913530057055297   5.911243976928294
0.3024975193514008   5.555894030539031   5.554233200806019
0.31136536911138296   5.241951200793197   5.240315911113184
0.3204931838440838   4.9675050081738235   4.965430096824803
0.32988858453867975   4.713506000143061   4.710802230377555
0.3395594155970457   4.462563968294871   4.459429908397563
0.34951375138319807   4.207267742021506   4.204155351443797
0.3597599029647371   3.9540685282704704   3.951269135214296
0.37030642505191835   3.716503284753019   3.7139756877574186
0.3811621231401457   3.501277390405132   3.4987706324276804
0.3923360608618501   3.305542953719928   3.302764205332956
0.4038375675538918   3.120691997320545   3.1176230210463634
0.41567624604680364   2.939889907371435   2.936732031862342
0.42786198068238046   2.7638734111433974   2.7608123285379196
0.4404049455663077   2.5978199814940077   2.594863309913127
0.4533156130627191   2.4443534083189813   2.4413547137270952
0.4666047625377753   2.3015913543641804   2.2984572036249187
0.4802834893595659   2.16572310269188   2.1624902008829787
0.49436321416184764   2.035399195667326   2.0321753701990604
0.5088556923793517   1.9120336681647332   1.9088356385618694
0.5237730240626238   1.7967389867494372   1.7935186345652843
0.5391276639805903   1.6886239288179092   1.6853411688737725
0.5549324320192869   1.5862141216600498   1.582901476781854
0.5712005238854289   1.489151484454147   1.4858442002345251
0.5879455221237613   1.3978416365971853   1.3945339824138592
0.6051814074573895   1.3121177804993525   1.3087930775475956
0.622922570460556   1.2313041346102602   1.2279693898893556
0.6411838235736077   1.155034438386459   1.1517080071362895
0.6599804134701901   1.0832831141689718   1.0799664731048415
0.6793280337869897   1.0158333855495616   1.012525008376276
0.6992428382266549   0.9523603550726062   0.9490666664668006
0.7197414540448374   0.8926062034435672   0.8893362582960983
0.7408409959326054   0.8364313491338646   0.8331882009011433
0.7625590803058332   0.7836430430122986   0.7804294982977596
0.7849138400134885   0.7340458490633057   0.730865489087469
0.8079239394770964   0.6874551344843054   0.6843120839621735
0.8316085902740278   0.6436964960706122   0.6405952270043539
0.8559875671776167   0.6026052160346694   0.5995503824738351
0.8810812246675007   0.5640257457848025   0.5610220459775777
0.9069105139239728   0.5278112246844796   0.5248632877188276
0.9334970003205227   0.4938238701001906   0.4909361974586683
0.960862881429187   0.461934977684614   0.4591119194622628
0.9890310055537336   0.43202277233866604   0.4292684505668789
1.0180248908061487   0.40397190426598334   0.4012901467755818
1.047868744742366   0.3776731611541698   0.37506745177570644
1.0785874845736239   0.35302318919021414   0.35049663204539894
1.1102067579703248   0.32992422297862484   0.3274795188453019
1.1427529644757777   0.3082838132009651   0.3059232482428124
1.1762532775476793   0.28801430050996113   0.28573979506499125
1.210735667245765   0.2690326394003751   0.26684579163767513
1.246228923584555   0.25126051156321766   0.24916258186215837
1.2827626805706884   0.23462409463996378   0.23261599566883123
1.3203674409449337   0.21905382392038092   0.21713611839791072
1.3590746016495152   0.20448416523447374   0.20265707003702638
1.3989164800420282   0.1908533986158355   0.18911679405372855
1.4399263408778291   0.17810341519327536   0.1764568508051708
1.4821384240834183   0.1661795487379184   0.16462217914848276
1.525587973344019   0.1550303685434044   0.15356094659460276
1.5703112655292182   0.1446074800090823   0.14322441034600913
1.6163456409812174   0.13486535787042714   0.13356674708540728
1.6637295346910133   0.12576118797139732   0.1245448905096877
1.7125025083885144   0.117254716863037   0.11611837692195409
1.7627052835733923   0.10930810890830027   0.10824919855897389
1.814379775514258   0.10188580633269939   0.1009016612988299
1.8675691282445197   0.09495438226697896   0.09404223953487376
1.922317750584177   0.08848244023020407   0.08763946636126234
1.9786713532176083   0.08244050726654528   0.08166382122282474
2.0366769868582977   0.07680092264102796   0.07608761630661959
2.0963830815323896   0.07153773246962082   0.07088488901288229
2.1578394870138577   0.06662659001771933   0.06603130023262724
2.2210975144450407   0.062044661394510744   0.06150403815047433
2.286209979177315   0.05777053149322921   0.057281704542644
2.3532312448676476   0.053784111254450435   0.05334418945234011
2.4222172688678643   0.0500665738165847   0.049672663482230574
2.4932256489445366   0.04660028193103429   0.0462495134532623
2.5663156713684585   0.04336871604243201   0.04305826594646749
2.641548360413907   0.040356406473182   0.040083515499922694
2.7189865293089923   0.03754886949599275   0.03731085718816341
2.798694832679631   0.03493254721523556   0.03472682364466694
2.8807398205309562   0.03249476194561722   0.032318853555310674
2.9651899938111903   0.030223667360445763   0.03007524752472868
3.05211586160442   0.028108176164669187   0.027985060729163763
3.1415899999999994   0.02613791169535247   0.026038051269651336
