0.01   1381.6201301587614   1381.5918670326344
0.010293154462191829   1400.6065460353216   1400.5784293461465
0.010594902878253955   1419.2719386180217   1419.2438262961577
0.010905497183778876   1437.5778717664884   1437.5497397436648
0.011225196699963396   1455.4850885868152   1455.4570464406188
0.011554268350120923   1472.9531221290283   1472.9253823463816
0.011892986882540897   1489.9385461853992   1489.9112615645818
0.012241635099881474   1506.3966645442651   1506.3698780502284
0.012600504095286909   1522.2821984931147   1522.2558428264174
0.012969893495426888   1537.548094496588   1537.5220921293676
0.013350111710660605   1552.145644665879   1552.1200101156783
0.013741476192534558   1566.0258990127447   1566.0007466833702
0.014144313698828986   1579.139198129114   1579.1147112741473
0.01455896056637426   1591.433668326582   1591.4099842615747
0.014985762991865008   1602.85721944313   1602.8344028405677
0.01542507732090645   1613.3581401386468   1613.3361837470936
0.015877270345534218   1622.8837326697271   1622.8626024803352
0.016342719610456153   1631.3809229211697   1631.3605937587658
0.016821813728271667   1638.7977809808258   1638.7782376947532
0.017314952703931925   1645.0830959332948   1645.0643270931744
0.017822548268711737   1650.1854821346383   1650.1674632012666
0.01834502422397195   1654.055274816702   1654.037965354498
0.018882816794999403   1656.6451148966298   1656.6284535710076
0.019436374995219892   1657.909905443641   1657.893757701498
0.02000616100108813   1657.8073036548456   1657.7914307025042
0.020592650537967844   1656.2982966931647   1656.282356538308
0.021196333277324068   1653.3481776838469   1653.3317831072904
0.02181771324555934   1648.9274992929343   1648.910331305392
0.022457309244835088   1643.0112215203856   1642.9930436767609
0.02311565528622961   1635.5794735786758   1635.5601224736258
0.023793301035594242   1626.6220459401159   1626.6013550182638
0.024490812272480036   1616.1358727121474   1616.1136383815099
0.025208771362518027   1604.1229850108773   1604.098970778646
0.0259477777436476   1590.5961191562208   1590.570175126215
0.02670844842659881   1575.5816023837085   1575.5538433366821
0.027491418510046592   1559.111137996003   1559.0819489720998
0.028297341710866907   1541.2239585795191   1541.1939730134977
0.029126890909937666   1521.9807088883263   1521.9507421322032
0.029980758713939952   1501.4512324780521   1501.4222495385966
0.030859658033628758   1479.7082689523809   1479.6813739127479
0.031764322679055976   1456.8412909248568   1456.8178347945552
0.03269550797224261   1432.9580463143946   1432.93975053334
0.033653991377811755   1408.1662924536215   1408.155222297375
0.03464057315210884   1382.5803517956501   1382.5788179804165
0.03565607701135116   1356.3470411689877   1356.3573056418104
0.036701350819364466   1329.6165172716378   1329.6407122742978
0.03777726729548091   1302.5318044024978   1302.5719500826697
0.038884724743189276   1275.2341462287711   1275.292580117244
0.04002464780014597   1247.861792671022   1247.9415375511726
0.041197988210172884   1220.5438230966408   1220.6485328709568
0.04240572561788674   1193.4136610923629   1193.5469221756885
0.04364886838662332   1166.6389077931583   1166.8021888569956
0.04492845444033957   1140.3817884534074   1140.5742157484458
0.04624555213019635   1114.7893085209505   1115.00796371783
0.04760126112654554   1089.9872576486705   1090.2284601602782
0.04899671333706607   1066.0837815097432   1066.3439723142471
0.05043307385181555   1043.1754553254132   1043.451216025057
0.05191154191598653   1021.296695039495   1021.5842718033865
0.053433351931179485   1000.3926821577277   1000.6872455827674
0.05499977448602865   980.4036670928733   980.6993257825048
0.05661211741704101   961.2419757757623   961.5318552624436
0.05827172690053434   942.7729491913029   943.0492629116984
0.05997998857658587   924.864416942402   925.1185565544162
0.06173832870592997   907.3575471163615   907.5805132211184
0.0635482153607709   890.0721253836576   890.2549120987617
0.06541115965050462   872.8287442707173   872.9628946976217
0.06732871698337338   855.4127817960341   855.4925734579265
0.06930248836510605   837.6119070076317   837.6349308477658
0.07133412173562886   819.195489389258   819.1642433009426
0.07342531334496233   799.9269657358448   799.849945370358
0.07557780916945323   779.5990647368673   779.4912735576978
0.07779340636952398   758.037999708287   757.921677491104
0.08007395479015682   735.1473567614604   735.0507708424425
0.08242135850536496   710.9442465176496   710.8999871736622
0.08483757740794096   685.5469301539059   685.5907541389619
0.08732462884580919   659.2099713689607   659.3797459309443
0.08988458930634863   632.2705611825406   632.6026503762274
0.09251959615009227   605.1430930104411   605.6686327905097
0.09523184939525078   578.2682532797426   579.01199809694
0.09802361355455057   552.084789286923   553.0637543872496
0.10089721952591899   527.0236293786855   528.2421993296209
0.10385506653859616   503.4618905291249   504.91095282566397
0.10689962415629803   481.73190463980586   483.3838774139769
0.11003343433910281   462.07884666526525   463.889854848198
0.11325911356578279   444.6023284115502   446.5169920934114
0.11657935501835284   429.2456679004544   431.20199573414516
0.11999693083066039   415.73949655277744   417.67490282125726
0.12351469440289359   403.641615414744   405.50382138071944
0.12713558278394044   392.3858349553282   394.14202271211997
0.13086261912358757   381.3475500662362   382.9912999527535
0.13469891519660646   369.9421371070659   371.4986807479503
0.13864767400083483   357.6828428821437   359.2119582269726
0.14271219243142114   344.26477304271526   345.8551593736614
0.14689586403346616   329.6153817319684   331.37384511230215
0.1512021818353596   313.91454464576583   315.9525871708315
0.15563474126517718   297.58011657678867   299.9984527742455
0.16019724315257297   281.1865233437957   284.05242284793735
0.1648934968186736   265.3759148523868   268.71023089452007
0.1697274232565544   250.77219185320146   254.53978499963245
0.17470305840495237   237.87191905943644   241.97880546016643
0.17982455651794954   226.90026895836274   231.2138108101995
0.18509619363343993   217.7008331824125   222.08744471081496
0.19052237114327647   209.77950706789025   214.12975863673495
0.19610761946807834   202.48315043436784   206.73955550119248
0.20185660183976684   195.16808836425233   199.33900975651798
0.20777411819498756   187.2949462218119   191.4568976384814
0.21386510918267082   178.5526060283279   182.85950915261947
0.22013466028907505   169.0279471089537   173.6195599202957
0.22658800608375756   159.20968604121873   164.1764258088616
0.23323053459001789   149.73988939275281   155.09840139424435
0.2400677917834628   141.15573462895077   146.82947250428398
0.24710548622244882   133.76464106260028   139.61917567341962
0.25434949381426813   127.54746303942241   133.42150959431245
0.2618058627210567   122.1320366375136   127.91111517138653
0.2694808184095226   116.96900980926769   122.63089630292879
0.27738076884870827   111.5780061051   117.19204009860599
0.2855123098601282   105.74489507943905   111.43804718874642
0.29388223062474755   99.65030593267426   105.5236504917342
0.3024975193514008   93.71079783243673   99.79965235047806
0.31136536911138296   88.3138075192804   94.54548373878606
0.3204931838440838   83.6299584453847   89.88630573538539
0.32988858453867975   79.53719678543317   85.7105324755909
0.3395594155970457   75.68893250258192   81.75502437147722
0.34951375138319807   71.78440035104094   77.79508574785922
0.3597599029647371   67.74964321921844   73.79696107349123
0.37030642505191835   63.75022617346048   69.88076308535166
0.3811621231401457   60.04120424016757   66.22200363875275
0.3923360608618501   56.732328856737915   62.883941255434614
0.4038375675538918   53.72897170597375   59.800137039482905
0.41567624604680364   50.8451649289009   56.83991727246959
0.42786198068238046   47.96731856168254   53.93238265664794
0.4404049455663077   45.146400191687405   51.115757672162154
0.4533156130627191   42.506573497776074   48.46408531207536
0.4666047625377753   40.094760115106766   45.99879896140359
0.4802834893595659   37.84778233896667   43.67780578753113
0.49436321416184764   35.678086436765234   41.44947214214278
0.5088556923793517   33.574619795163905   39.30726133199841
0.5237730240626238   31.587115931575468   37.27785819673901
0.5391276639805903   29.742687723775703   35.37169672422024
0.5549324320192869   28.009722123901643   33.5683507983957
0.5712005238854289   26.352376238071873   31.84856757038425
0.5879455221237613   24.773831631772655   30.212742019311527
0.6051814074573895   23.292608665314418   28.66735977487113
0.622922570460556   21.90270861766507   27.206818192666304
0.6411838235736077   20.585433857728848   25.819980987848414
0.6599804134701901   19.337258176786857   24.504354188306404
0.6793280337869897   18.163303069730507   23.2599820155977
0.6992428382266549   17.058465784029938   22.082320648453905
0.7197414540448374   16.01543444760631   20.96623579781093
0.7408409959326054   15.032289998008087   19.90950311227821
0.7625590803058332   14.106097338007066   18.90921969716938
0.7849138400134885   13.23382365365493   17.96242496727903
0.8079239394770964   12.412577477753926   17.066302576848276
0.8316085902740278   11.639603597228511   16.218174625764835
0.8559875671776167   10.912278019182168   15.41549602950144
0.8810812246675007   10.228102021046094   14.655853132509655
0.9069105139239728   9.58469687395444   13.936960367670528
0.9334970003205227   8.979801011457551   13.256647250871515
0.960862881429187   8.411265475708806   12.61285269809779
0.9890310055537336   7.877049268480778   12.003620313670151
1.0180248908061487   7.375214822721955   11.427093802082045
1.047868744742366   6.903923597242012   10.881512508559398
1.0785874845736239   6.461431609119252   10.365203737857042
1.1102067579703248   6.046084182373656   9.876558246355126
1.1427529644757777   5.65631301821184   9.414044317327201
1.1762532775476793   5.290632955167984   8.976215730932173
1.210735667245765   4.9476381262148585   8.561707179079164
1.246228923584555   4.625998248547875   8.169229851579908
1.2827626805706884   4.324455048058577   7.797567248125696
1.3203674409449337   4.04181881275586   7.4455710106316575
1.3590746016495152   3.7769648085650283   7.112142875360081
1.3989164800420282   3.5288300057492052   6.796224648832709
1.4399263408778291   3.2964105239391315   6.496819989194
1.4821384240834183   3.07875871853952   6.21299292421166
1.525587973344019   2.874980338774791   5.943864019202661
1.5703112655292182   2.6842318062741723   5.688606797629547
1.6163456409812174   2.5057176108173107   5.446444397193859
1.6637295346910133   2.338687754976207   5.216643609633533
1.7125025083885144   2.1824350198185987   4.998495681248207
1.7627052835733923   2.0362930632536966   4.791328125832608
1.814379775514258   1.899634454244199   4.594511267722392
1.8675691282445197   1.771868576963881   4.407455318744069
1.922317750584177   1.6524396338239196   4.229607634921458
1.9786713532176083   1.5408247445335705   4.060450175548902
2.0366769868582977   1.4365321333054522   3.899496865157522
2.0963830815323896   1.3390991480403982   3.746273154670649
2.1578394870138577   1.2480905611438857   3.600306476009948
2.2210975144450407   1.1630974825402964   3.461154943498008
2.286209979177315   1.083735899877365   3.3284077269988903
2.3532312448676476   1.0096452521342112   3.2016826564696323
2.4222172688678643   0.9404870785265765   3.0806240304851547
2.4932256489445366   0.8759437392081726   2.9649006099142814
2.5663156713684585   0.8157173053693645   2.8542040777138085
2.641548360413907   0.7595289277932227   2.748248973608512
2.7189865293089923   0.7071171878882007   2.6467696913947614
2.798694832679631   0.6582367880071326   2.549518188995133
2.8807398205309562   0.6126576232281671   2.4562627234533077
2.9651899938111903   0.5701639021006742   2.366786689264784
3.05211586160442   0.5305533132627727   2.28088754831532
3.1415899999999994   0.49363621745070946   2.1983755593288388
