0.01   2420.616784833632   2420.527408575698
0.010293154462191829   2438.5425051730585   2438.4521865668403
0.010594902878253955   2455.114089681959   2455.0232561452235
0.010905497183778876   2470.249687667206   2470.158573519388
0.011225196699963396   2483.8682665209253   2483.7768790551295
0.011554268350120923   2495.8892474916306   2495.797400412523
0.011892986882540897   2506.2273604385646   2506.1349034910977
0.012241635099881474   2514.7971703353164   2514.7040772816636
0.012600504095286909   2521.515895728565   2521.4222647198253
0.012969893495426888   2526.300021665343   2526.206013004985
0.013350111710660605   2529.0649947312495   2528.970754408679
0.013741476192534558   2529.7303763831665   2529.636030937765
0.014144313698828986   2528.218832099976   2528.1244758052208
0.01455896056637426   2524.4508059195105   2524.356449972057
0.014985762991865008   2518.3511136390807   2518.2566737513935
0.01542507732090645   2509.8514353767005   2509.7567352644196
0.015877270345534218   2498.8865357988448   2498.7913454904115
0.016342719610456153   2485.395716244328   2485.299785739547
0.016821813728271667   2469.3276307112087   2469.2306934818644
0.017314952703931925   2450.6396335545355   2450.5414065220184
0.017822548268711737   2429.2957560097593   2429.1959348711057
0.01834502422397195   2405.2710890240114   2405.1693507004725
0.018882816794999403   2378.5532337527575   2378.4492315077614
0.019436374995219892   2349.1430975080457   2349.0363653381223
0.02000616100108813   2317.0552871785276   2316.945188698783
0.020592650537967844   2282.3183866759896   2282.2041312089896
0.021196333277324068   2244.9791914393527   2244.8599553120216
0.02181771324555934   2205.1064145940236   2204.981555614784
0.022457309244835088   2162.783223731609   2162.6523025503884
0.02311565528622961   2118.10892750534   2117.971709501869
0.023793301035594242   2071.216036157146   2071.0725378530597
0.024490812272480036   2022.2562379716771   2022.1067347466512
0.025208771362518027   1971.3903289342984   1971.235336593439
0.0259477777436476   1918.8094749895345   1918.649843125233
0.02670844842659881   1864.7403772949651   1864.5774119526454
0.027491418510046592   1809.4110511057854   1809.2464657330454
0.028297341710866907   1753.0595115996066   1752.895389657866
0.029126890909937666   1695.979403358139   1695.8182605980007
0.029980758713939952   1638.4673820261378   1638.3121187750423
0.030859658033628758   1580.8030606427003   1580.6568700809648
0.031764322679055976   1523.297160060548   1523.163414478029
0.03269550797224261   1466.282591461336   1466.164740237245
0.033653991377811755   1410.0576960630453   1409.9592030636727
0.03464057315210884   1354.916417722555   1354.8407093883247
0.03565607701135116   1301.217870309406   1301.16829716122
0.036701350819364466   1249.2876128648816   1249.2674297342817
0.03777726729548091   1199.3956549838233   1199.4079169680313
0.038884724743189276   1151.7514943101523   1151.79774054159
0.04002464780014597   1106.5142439785377   1106.5937843154197
0.041197988210172884   1063.8069052613039   1063.9171656808287
0.04240572561788674   1023.7878154957306   1023.9249593981583
0.04364886838662332   986.7322276950243   986.8920827762872
0.04492845444033957   952.8872317829946   953.0654949370603
0.04624555213019635   922.399449891031   922.5914780640226
0.04760126112654554   895.058579719121   895.2579229310717
0.04899671333706607   870.5622711280322   870.7603094877328
0.05043307385181555   848.6402812060659   848.826282720382
0.05191154191598653   829.0356249771813   829.1962541879853
0.053433351931179485   811.5128864478826   811.6321065515892
0.05499977448602865   795.8099640010148   795.869625509183
0.05661211741704101   781.5384320120888   781.5197913114425
0.05827172690053434   768.3063157595244   768.1904588683966
0.05997998857658587   755.6263220175205   755.3969963493361
0.06173832870592997   742.9315285073742   742.577717679296
0.0635482153607709   729.6424021145333   729.1592840898979
0.06541115965050462   715.1044607427526   714.4955817311396
0.06732871698337338   698.7109425524958   697.9883983557015
0.06930248836510605   679.9598866398925   679.143695833875
0.07133412173562886   658.474158828866   657.5915966802165
0.07342531334496233   634.1559154032781   633.2411801789098
0.07557780916945323   607.0941677370769   606.1872522992577
0.07779340636952398   577.603411003302   576.749878493755
0.08007395479015682   546.1491744648678   545.3977297746204
0.08242135850536496   513.4133013501694   512.8115850412973
0.08483757740794096   480.1543135703901   479.7451088132044
0.08732462884580919   447.20361616127036   447.0208147169266
0.08988458930634863   415.4687424193293   415.52963058068644
0.09251959615009227   385.84152282113973   386.14306209024033
0.09523184939525078   359.11037940653216   359.6262298409454
0.09802361355455057   335.9391844020228   336.6197182303899
0.10089721952591899   316.66532972922397   317.4452427464319
0.10385506653859616   301.3856934601996   302.1881457128116
0.10689962415629803   289.81270356495395   290.5505516130725
0.11003343433910281   281.45404908969533   282.0361187084741
0.11325911356578279   275.53853625290395   275.8871063060124
0.11657935501835284   271.13594354468785   271.1912515221523
0.11999693083066039   267.18008047556873   266.9080738596411
0.12351469440289359   262.5593379287433   261.9689101058683
0.12713558278394044   256.2862281382664   255.4330748982688
0.13086261912358757   247.63275401816753   246.61579725492527
0.13469891519660646   236.2765216024233   235.22951742454447
0.13864767400083483   222.36009997781724   221.4350328150353
0.14271219243142114   206.52794454970288   205.86791323268972
0.14689586403346616   189.88330355994663   189.58879688374824
0.1512021818353596   173.80387620142065   173.9037552245903
0.15563474126517718   159.55813214821768   160.0056933747134
0.16019724315257297   147.95580696613175   148.64589478548294
0.1648934968186736   139.2708136821036   140.0536288082578
0.1697274232565544   133.34106865160217   134.04547918085584
0.17470305840495237   129.61790306341763   130.08827927745753
0.17982455651794954   127.12479321897598   127.25859454372717
0.18509619363343993   124.59554314017166   124.38499612846387
0.19052237114327647   120.8934887349715   120.43574540069186
0.19610761946807834   115.41489894475357   114.88314528084938
0.20185660183976684   108.19495105625597   107.78543080607264
0.20777411819498756   99.85243593761149   99.73276623324553
0.21386510918267082   91.44864062298552   91.69303513853875
0.22013466028907505   84.06968673112112   84.62495173203311
0.22658800608375756   78.3900563650341   79.10241542138604
0.23323053459001789   74.51715672615195   75.18810784499584
0.2400677917834628   71.97214444543755   72.44820424503254
0.24710548622244882   69.84292498755222   70.06228151799937
0.25434949381426813   67.24563063627717   67.28186146253458
0.2618058627210567   63.70845358189377   63.73323426259463
0.2694808184095226   59.315387085701545   59.50051631439305
0.27738076884870827   54.6900867085334   55.11964336336253
0.2855123098601282   50.60190061747886   51.23770108352086
0.29388223062474755   47.471353740416816   48.169959346752854
0.3024975193514008   45.22462579795354   45.83834966234705
0.31136536911138296   43.371599829620806   43.83554809192234
0.3204931838440838   41.33027063835552   41.702171023346494
0.32988858453867975   38.85147533299545   39.25640369826626
0.3395594155970457   36.12411110165777   36.65427933861755
0.34951375138319807   33.569797170217   34.224453107230566
0.3597599029647371   31.495115439549966   32.187265385803954
0.37030642505191835   29.851190196788217   30.48707944939944
0.3811621231401457   28.334213352560198   28.899259554035176
0.3923360608618501   26.693321777007963   27.251698762410946
0.4038375675538918   24.934876748340088   25.55063637827512
0.41567624604680364   23.268623740080564   23.945398015504882
0.42786198068238046   21.84505857498843   22.5330471419213
0.4404049455663077   20.61627643338722   21.272284194950103
0.4533156130627191   19.420650377729075   20.056264618146464
0.4666047625377753   18.194530631914507   18.84773317409088
0.4802834893595659   17.011430484135424   17.693361130478287
0.49436321416184764   15.954424275831101   16.641318477477974
0.5088556923793517   15.00154503966176   15.67442905845895
0.5237730240626238   14.081794000296139   14.748924087921905
0.5391276639805903   13.182574791258705   13.85948631937354
0.5549324320192869   12.343805482694384   13.026934916406342
0.5712005238854289   11.578042216185464   12.255331880289154
0.5879455221237613   10.855685608738185   11.52785543118065
0.6051814074573895   10.162946312543149   10.836002176924817
0.622922570460556   9.514205485207368   10.187476174290214
0.6411838235736077   8.907483839607059   9.57877762338686
0.6599804134701901   8.338827774786406   9.006575024581204
0.6793280337869897   7.805688221987051   8.468710050920324
0.6992428382266549   7.305709882871475   7.963147996263613
0.7197414540448374   6.836714726603034   7.487971086307253
0.7408409959326054   6.396687001127281   7.041372117298235
0.7625590803058332   5.983759610173686   6.621648409267224
0.7849138400134885   5.596237446979405   6.227202903964944
0.8079239394770964   5.232670331570742   5.856555134408635
0.8316085902740278   4.8917104477271245   5.508311132403048
0.8559875671776167   4.5720726045123765   5.181152617434883
0.8810812246675007   4.272532589240642   4.873833517056739
0.9069105139239728   3.9919254338800245   4.585176585337587
0.9334970003205227   3.729143612252486   4.3140701230883645
0.960862881429187   3.483131166124385   4.059464433514687
0.9890310055537336   3.2528625754239546   3.820366958417748
1.0180248908061487   3.0373623744799985   3.5958412401968767
1.047868744742366   2.8357134594912905   3.385005017905839
1.0785874845736239   2.647053749111418   3.1870273747649804
1.1102067579703248   2.4705730029871162   3.0011260048711654
1.1427529644757777   2.305509817092096   2.826564599372149
1.1762532775476793   2.1511491026531373   2.662650521277066
1.210735667245765   2.006822372047293   2.5087340578121355
1.246228923584555   1.871902950486936   2.3642049893796875
1.2827626805706884   1.7458012427827359   2.2284891503093225
1.3203674409449337   1.6279626704980545   2.10104644859331
1.3590746016495152   1.5178657462613092   1.981368995315676
1.3989164800420282   1.4150202420120748   1.8689793203862064
1.4399263408778291   1.3189654129534858   1.7634286559896721
1.4821384240834183   1.2292676533279512   1.664294987716465
1.525587973344019   1.1455191769296524   1.571181614255996
1.5703112655292182   1.0673373284165848   1.4837160604502868
1.6163456409812174   0.9943631414520523   1.4015486824038867
1.6637295346910133   0.9262599419821529   1.3243513297178868
1.7125025083885144   0.8627120287046317   1.2518160786739136
1.7627052835733923   0.803423428593789   1.1836540163883984
1.814379775514258   0.7481168167120402   1.1195931568476243
1.8675691282445197   0.6965324224718284   1.0593771215361134
1.922317750584177   0.6484268155581469   1.0027657108099175
1.9786713532176083   0.6035719133560042   0.949534016112557
2.0366769868582977   0.5617540584047768   0.8994714503311222
2.0963830815323896   0.5227731478375552   0.8523808380752913
2.1578394870138577   0.48644181189382146   0.8080775605178083
2.2210975144450407   0.45258455806710884   0.7663881192943348
2.286209979177315   0.421036957113652   0.7271486548021394
2.3532312448676476   0.391645165223278   0.6902058122678774
2.4222172688678643   0.3642652973964355   0.6554162819431981
2.4932256489445366   0.3387628047571318   0.6226461216380103
2.5663156713684585   0.31501188915920797   0.5917701258258806
2.641548360413907   0.292894952972527   0.5626712380907701
2.7189865293089923   0.2723021386329257   0.5352391463740129
2.798694832679631   0.25313098508276194   0.5093674654118744
2.8807398205309562   0.23528574990548343   0.48495639896278875
2.9651899938111903   0.2186769284159429   0.4619131499984933
3.05211586160442   0.20322086496718372   0.44015139052475477
3.1415899999999994   0.18883938702832376   0.41959077431225067
