0.01   9210.587600874178   9208.090180810334
0.010293154462191829   9339.782953931592   9337.059044548923
0.010594902878253955   9466.782112390678   9463.810676252118
0.010905497183778876   9591.328947328999   9588.085646857931
0.011225196699963396   9713.161208752997   9709.618458186063
0.011554268350120923   9832.000820491516   9828.129058565539
0.011892986882540897   9947.559281712014   9943.32770361504
0.012241635099881474   10059.544183130149   10054.920788655332
0.012600504095286909   10167.65410294136   10162.604908669073
0.012969893495426888   10271.574825264646   10266.06243459044
0.013350111710660605   10370.989320269537   10364.972777345607
0.013741476192534558   10465.57755334319   10459.01237666557
0.014144313698828986   10555.005664412762   10547.843992312055
0.01455896056637426   10638.935403744103   10631.12611167002
0.014985762991865008   10717.030530162125   10708.519316376794
0.01542507732090645   10788.949968910165   10779.678637237927
0.015877270345534218   10854.346891874382   10844.252426608595
0.016342719610456153   10912.880146338213   10901.894816248945
0.016821813728271667   10964.213732585726   10952.265150347452
0.017314952703931925   11008.008730572737   10995.019424460383
0.017822548268711737   11043.934248666423   11029.821791349776
0.01834502422397195   11071.672586403709   11056.349942215855
0.018882816794999403   11090.916714439005   11074.292061818873
0.019436374995219892   11101.372672803735   11083.349340216422
0.02000616100108813   11102.76589548169   11083.242917781028
0.020592650537967844   11094.845404736676   11073.71791236294
0.021196333277324068   11077.389827112836   11054.548969041381
0.02181771324555934   11050.204591043414   11025.538184888903
0.022457309244835088   11013.124356353701   10986.517882685226
0.02311565528622961   10966.033648137025   10937.37260512138
0.023793301035594242   10908.861384926773   10878.033198597805
0.024490812272480036   10841.568490821704   10808.463515081616
0.025208771362518027   10764.17292746946   10728.686469356315
0.0259477777436476   10676.778160161633   10638.81363987921
0.02670844842659881   10579.525993988516   10538.9960474718
0.027491418510046592   10472.59970429425   10429.427473699305
0.028297341710866907   10356.29759511284   10310.42170178771
0.029126890909937666   10230.984650044771   10182.361556671658
0.029980758713939952   10097.049301577747   10045.653365560454
0.030859658033628758   9954.983343359523   9900.808502938691
0.031764322679055976   9805.42155189456   9748.483615876896
0.03269550797224261   9649.011770239904   9589.347659185838
0.033653991377811755   9486.424574094795   9424.09203999763
0.03464057315210884   9318.463622111278   9253.544752960732
0.03565607701135116   9145.959916125164   9078.560718336505
0.036701350819364466   8969.722964665767   8899.97074006332
0.03777726729548091   8790.740853105668   8718.77450820392
0.038884724743189276   8610.188886035929   8536.148419117906
0.04002464780014597   8429.180489728342   8353.204768815498
0.041197988210172884   8248.673778254577   8170.9035383673345
0.04240572561788674   8069.253610564523   7989.847723397811
0.04364886838662332   7891.387748475007   7810.524923846479
0.04492845444033957   7715.547451751643   7633.419773775489
0.04624555213019635   7542.849373770318   7459.597383592459
0.04760126112654554   7374.881663952245   7290.544468569857
0.04899671333706607   7213.10516055947   7127.625059508174
0.05043307385181555   7058.441367762996   6971.686422231502
0.05191154191598653   6910.613032890364   6822.427905239063
0.053433351931179485   6769.167555435152   6679.383292224491
0.05499977448602865   6633.634902996251   6542.072199659856
0.05661211741704101   6503.262149131584   6409.746184796566
0.05827172690053434   6377.218569415423   6281.585495991445
0.05997998857658587   6254.690133388685   6156.792627494858
0.06173832870592997   6134.634954098827   6034.376880012502
0.0635482153607709   6015.9645300674365   5913.314446145653
0.06541115965050462   5897.603132023388   5792.611284137458
0.06732871698337338   5778.322613821402   5671.183167285186
0.06930248836510605   5656.937929558822   5547.998375864918
0.07133412173562886   5532.102005186762   5421.939614911163
0.07342531334496233   5402.324608823661   5291.817736626199
0.07557780916945323   5266.273420749609   5156.604389725173
0.07779340636952398   5122.782208312039   5015.4867395431
0.08007395479015682   4970.999901758958   4867.929678851646
0.08242135850536496   4810.903780024696   4714.1767053084095
0.08483757740794096   4642.975051159464   4554.882726224367
0.08732462884580919   4468.793457001369   4391.529369358722
0.08988458930634863   4290.466443729422   4225.982643613092
0.09251959615009227   4110.688057889537   4060.6072889735124
0.09523184939525078   3932.2615410589337   3897.803055011825
0.09802361355455057   3758.003111356853   3739.721700993428
0.10089721952591899   3590.497833454764   3588.2583982011456
0.10385506653859616   3432.1200800527504   3445.1186060950604
0.10689962415629803   3284.9091018711074   3311.6127652663135
0.11003343433910281   3150.570448905932   3188.666069271636
0.11325911356578279   3029.9481601488596   3076.5772897503807
0.11657935501835284   2923.049633959405   2975.0226896453755
0.11999693083066039   2828.444504598413   2882.6347806379
0.12351469440289359   2743.5841449680024   2797.2672248919207
0.12713558278394044   2664.847696253674   2716.295161292248
0.13086261912358757   2588.30087323247   2637.0189181880946
0.13469891519660646   2510.139883177415   2556.9216192538665
0.13864767400083483   2427.290209861535   2474.3056608212564
0.14271219243142114   2337.6862402506044   2388.3903873260415
0.14689586403346616   2240.744048326518   2299.1310034460444
0.1512021818353596   2137.4100009156527   2207.3596923115892
0.15563474126517718   2030.0449985358205   2114.737405738154
0.16019724315257297   1922.01532855844   2023.4010988394923
0.1648934968186736   1817.0259102119446   1935.556775275743
0.1697274232565544   1718.7246296675505   1852.9852018975757
0.17470305840495237   1630.273779035912   1776.9036043975148
0.17982455651794954   1553.59693909274   1708.1547510554137
0.18509619363343993   1488.353364549192   1645.8120358830668
0.19052237114327647   1431.8313452733985   1588.2870136280271
0.19610761946807834   1380.040549049901   1533.6037191873952
0.20185660183976684   1329.1125830157666   1480.013335192193
0.20777411819498756   1275.9544783565734   1426.381879613981
0.21386510918267082   1218.4802835794317   1371.9454227630335
0.22013466028907505   1156.4752292204605   1317.0186426657094
0.22658800608375756   1092.2721242020746   1262.957766495301
0.23323053459001789   1029.623191977478   1210.9954386008667
0.2400677917834628   971.7451487817476   1161.9999262638146
0.24710548622244882   920.5027614422416   1116.5045869895682
0.25434949381426813   876.2158847506244   1074.1865378030927
0.2618058627210567   837.2997536986827   1034.2746215981012
0.2694808184095226   800.8756077832111   995.9911599261056
0.27738076884870827   764.1810301848437   958.7700101806973
0.2855123098601282   725.6985263519609   922.1169447940321
0.29388223062474755   685.7708149653373   886.4231655046444
0.3024975193514008   646.4962898366551   852.0211779274442
0.31136536911138296   609.9946903952804   819.3257172788343
0.3204931838440838   577.2874921336718   788.4437290569115
0.32988858453867975   548.1638937747689   759.151928594446
0.3395594155970457   521.111083591669   731.1615534976576
0.34951375138319807   494.4650456854422   704.1582610428798
0.3597599029647371   467.6183724522381   678.0373422695391
0.37030642505191835   441.05754838455783   652.9865657676312
0.3811621231401457   415.92071685582977   629.0610247670878
0.3923360608618501   392.9408772637679   606.2243534751336
0.4038375675538918   371.8373554613895   584.4677854506789
0.41567624604680364   351.8456285295334   563.6297551906097
0.42786198068238046   332.35043820579676   543.6231797955247
0.4404049455663077   313.3701120305256   524.4045827177675
0.4533156130627191   295.37625824387993   506.02840129831446
0.4666047625377753   278.6475436315045   488.4840743424041
0.4802834893595659   263.00476781541886   471.70832893038727
0.49436321416184764   248.09301200530203   455.62683125579434
0.5088556923793517   233.77682541733898   440.200123651342
0.5237730240626238   220.1740550633792   425.4087944445813
0.5391276639805903   207.41133158643726   411.266931064815
0.5549324320192869   195.39893392358775   397.71817031972387
0.5712005238854289   183.9947352432893   384.7197263309573
0.5879455221237613   173.15851288379272   372.2418882137826
0.6051814074573895   162.93083409494864   360.28041079230235
0.622922570460556   153.29840309318712   348.8064343165366
0.6411838235736077   144.1930293724883   337.7802752954441
0.6599804134701901   135.57772258238194   327.18753469557385
0.6793280337869897   127.44841298239442   317.0082939968526
0.6992428382266549   119.7856387438812   307.21948339041415
0.7197414540448374   112.55429772364326   297.7922900517651
0.7408409959326054   105.73186757078258   288.71819292195346
0.7625590803058332   99.30031421189548   279.9744094263544
0.7849138400134885   93.23947620903591   271.5403921620886
0.8079239394770964   87.52939201532665   263.3983881044274
0.8316085902740278   82.15108130624931   255.53182958442312
0.8559875671776167   77.0865028031939   247.925253909763
0.8810812246675007   72.31851352625183   240.56422945738888
0.9069105139239728   67.83082945231885   233.43528765566663
0.9334970003205227   63.607990608595664   226.5258261468017
0.960862881429187   59.63539219638838   219.8232607413371
0.9890310055537336   55.899230098657505   213.3150573500887
1.0180248908061487   52.3863849741508   206.98957775060194
1.047868744742366   49.0843907757277   200.83606364775153
1.0785874845736239   45.981407920202784   194.84458221181114
1.1102067579703248   43.0661971246969   189.00597593442617
1.1427529644757777   40.328093928931374   183.3118163514467
1.1762532775476793   37.756978285665895   177.75438830305936
1.210735667245765   35.343229991414084   172.32675712256608
1.246228923584555   33.0777313640333   167.0226209660142
1.2827626805706884   30.951853911018947   161.836228615122
1.3203674409449337   28.95743498000868   156.7623483218172
1.3590746016495152   27.086755308163436   151.79623845693695
1.3989164800420282   25.33251745650099   146.93361972155975
1.4399263408778291   23.687825094692673   142.17065706421104
1.4821384240834183   22.14616240200989   137.50438876284403
1.525587973344019   20.701374905718325   132.932860779137
1.5703112655292182   19.34765249415717   128.45438608255
1.6163456409812174   18.07951199289283   124.06746651083856
1.6637295346910133   16.89178039324713   119.77077862608913
1.7125025083885144   15.779578820927194   115.56315990896263
1.7627052835733923   14.738307220961794   111.44359527139635
1.814379775514258   13.763629434090898   107.41133545970895
1.8675691282445197   12.851457315393382   103.4667740626554
1.922317750584177   11.9979392785696   99.61073143944948
1.9786713532176083   11.1994488326801   95.84388955195276
2.0366769868582977   10.452572363401309   92.16679033363909
2.0963830815323896   9.754097500633566   88.57983813933438
2.1578394870138577   9.101002057478787   85.08330247277195
2.2210975144450407   8.490443512090659   81.67732223679648
2.286209979177315   7.919747951942268   78.36217748392676
2.3532312448676476   7.386399690944143   75.1385627994407
2.4222172688678643   6.888034802227027   72.00698916834915
2.4932256489445366   6.4224328014885845   68.9677083586605
2.5663156713684585   5.98750840874926   66.02072814704566
2.641548360413907   5.581303748944057   63.165827579283906
2.7189865293089923   5.201980970453267   60.40257218290279
2.798694832679631   4.847815497339536   57.73034934386927
2.8807398205309562   4.517192117373654   55.14862325538173
2.9651899938111903   4.208596950942482   52.65682023513631
3.05211586160442   3.9206091702023476   50.25413616295863
3.1415899999999994   3.651895587868745   47.939553330393984
