0.01   3246.863312075485   3246.6994293431935
0.010293154462191829   3259.7677705167944   3259.6027793822027
0.010594902878253955   3270.543755085581   3270.3780054358904
0.010905497183778876   3279.0938840087   3278.927647021435
0.011225196699963396   3285.322535479254   3285.1559394098713
0.011554268350120923   3289.1380610098304   3288.971094216294
0.011892986882540897   3290.4467099022463   3290.2793457927664
0.012241635099881474   3289.1526224364766   3288.9849567909996
0.012600504095286909   3285.165731928565   3284.9979897216567
0.012969893495426888   3278.40016494837   3278.2326581367042
0.013350111710660605   3268.766982741503   3268.5999463217227
0.013741476192534558   3256.1831864417186   3256.016738379179
0.014144313698828986   3240.574835999394   3240.4089806899733
0.01455896056637426   3221.8705086108885   3221.705179539504
0.014985762991865008   3200.003138757115   3199.8382369229803
0.01542507732090645   3174.917799148092   3174.753196364968
0.015877270345534218   3146.5696885935754   3146.405208352653
0.016342719610456153   3114.918339684879   3114.7536930809742
0.016821813728271667   3079.9367655096903   3079.7715452817747
0.017314952703931925   3041.6139829501403   3041.4476725317554
0.017822548268711737   2999.951841782722   2999.783822578649
0.01834502422397195   2954.967021077749   2954.7965822994934
0.018882816794999403   2906.6947667484383   2906.5211193192017
0.019436374995219892   2855.1901348770953   2855.012451819694
0.02000616100108813   2800.52933169586   2800.346825889406
0.020592650537967844   2742.808070812727   2742.6200145610787
0.021196333277324068   2682.1424626000826   2681.948204480035
0.02181771324555934   2618.6810622405487   2618.4801203868465
0.022457309244835088   2552.597391326091   2552.3895022278666
0.02311565528622961   2484.080272792287   2483.865383299993
0.023793301035594242   2413.348675837129   2413.1270478030488
0.024490812272480036   2340.6650158174734   2340.437432849668
0.025208771362518027   2266.300842234285   2266.068576903473
0.0259477777436476   2190.5376683260624   2190.3024411678025
0.02670844842659881   2113.7143449655946   2113.4784710868253
0.027491418510046592   2036.1870445374163   2035.9534305591665
0.028297341710866907   1958.2964699300946   1958.0684902895534
0.029126890909937666   1880.4142336047998   1880.1956855672777
0.029980758713939952   1802.9643438638418   1802.7594444376257
0.030859658033628758   1726.3360665248624   1726.1493215987755
0.031764322679055976   1650.8921150708338   1650.7281799690713
0.03269550797224261   1577.056411314955   1576.9199303380901
0.033653991377811755   1505.2302910475678   1505.1257968244222
0.03464057315210884   1435.748562898522   1435.6804101677533
0.03565607701135116   1368.954674507342   1368.9266542578594
0.036701350819364466   1305.2166767257465   1305.2316100369367
0.03777726729548091   1244.827122246913   1244.8869932551486
0.038884724743189276   1188.0106088600448   1188.1165365060274
0.04002464780014597   1134.9550350227216   1135.1064786205604
0.041197988210172884   1085.7994554635968   1085.9942632399993
0.04240572561788674   1040.6365526935242   1040.8712751360301
0.04364886838662332   999.5438597152311   999.8127165652234
0.04492845444033957   962.5938814877086   962.887718997925
0.04624555213019635   929.8402758654428   930.1470059658728
0.04760126112654554   901.1770633678477   901.4823621830959
0.04899671333706607   876.1366817238423   876.4250122203996
0.05043307385181555   854.2535900732215   854.5082725823643
0.05191154191598653   835.1201170530287   835.3231782561063
0.053433351931179485   818.3783542329467   818.5102925246442
0.05499977448602865   803.7052538062017   803.744971856411
0.05661211741704101   790.6550785207194   790.5811981032306
0.05827172690053434   778.6013967749059   778.3942051848743
0.05997998857658587   766.9142410878492   766.5564418758319
0.06173832870592997   754.802944671412   754.2833559235363
0.0635482153607709   741.4399221864606   740.7553986224027
0.06541115965050462   726.0455835991153   725.2029546129734
0.06732871698337338   707.9043751795242   706.9224251553044
0.06930248836510605   686.4849941659534   685.3945599160031
0.07133412173562886   661.5552400330437   660.3990791499393
0.07342531334496233   633.1211692820774   631.9516804515448
0.07557780916945323   601.5658505785086   600.4419338034654
0.07779340636952398   567.4258927308699   566.4089270371513
0.08007395479015682   531.3771477096235   530.5266350250251
0.08242135850536496   494.2447775501921   493.6144598789679
0.08483757740794096   457.05236187454614   456.6869502634615
0.08732462884580919   420.8831135991063   420.8115405984313
0.08988458930634863   386.8154306033598   387.0457302546238
0.09251959615009227   355.91952495787814   356.4304280692649
0.09523184939525078   329.032020470464   329.7767759081986
0.09802361355455057   306.642529434381   307.5499319801443
0.10089721952591899   288.9683733962067   289.9477472504103
0.10385506653859616   275.7576681181154   276.70573178809514
0.10689962415629803   266.5556978076104   267.36246090070097
0.11003343433910281   260.5747736048959   261.13904657021357
0.11325911356578279   256.8620663850928   257.0983727362199
0.11657935501835284   254.2542168023659   254.10446646378588
0.11999693083066039   251.4891355232015   250.9393509197883
0.12351469440289359   247.34577139760495   246.4336177387382
0.12713558278394044   240.82253770208027   239.63444745316153
0.13086261912358757   231.29337180921362   229.97161527333603
0.13469891519660646   218.60524059530266   217.32806523222578
0.13864767400083483   203.17529393738803   202.11962990755654
0.14271219243142114   186.08083187854447   185.39724107304397
0.14689586403346616   168.86723610340422   168.6330660518464
0.1512021818353596   153.07978406569998   153.282531458039
0.15563474126517718   139.8365698491308   140.38473473871616
0.16019724315257297   129.66507523029597   130.40480353788234
0.1648934968186736   122.62036438484692   123.36989116320639
0.1697274232565544   118.37785689984878   118.94386414943331
0.17470305840495237   116.09309820396837   116.3147561372003
0.17982455651794954   114.46029197442643   114.26602608210564
0.18509619363343993   112.13812442577755   111.58050823923749
0.19052237114327647   108.19991485293362   107.43064139456807
0.19610761946807834   102.29404436882513   101.52094273540716
0.20185660183976684   94.71292982468056   94.15034904067416
0.20777411819498756   86.39785124141211   86.19186697509721
0.21386510918267082   78.55586746235205   78.71981769792706
0.22013466028907505   72.13698401556378   72.56742624903441
0.22658800608375756   67.59040432804535   68.0866322892028
0.23323053459001789   64.74289958906755   65.10049378108381
0.2400677917834628   62.83282395287818   62.93072130502492
0.24710548622244882   60.92146192695833   60.759283976826296
0.25434949381426813   58.29642727882863   57.990295439456325
0.2618058627210567   54.679545105914634   54.43535423955764
0.2694808184095226   50.42622713665139   50.38708407350771
0.27738076884870827   46.29061364723199   46.489454843271794
0.2855123098601282   42.88755587091977   43.234703497113756
0.29388223062474755   40.428602537988475   40.76798581281358
0.3024975193514008   38.648619430057735   38.860452105748266
0.31136536911138296   36.986139095438716   37.05279064879437
0.3204931838440838   35.0110939916727   35.03387183755633
0.32988858453867975   32.6688463765842   32.762537558942626
0.3395594155970457   30.24890611742001   30.47162143623096
0.34951375138319807   28.133933941589053   28.445725331136938
0.3597599029647371   26.469147559230365   26.777732633308627
0.37030642505191835   25.088003065900637   25.32928909769437
0.3811621231401457   23.717206028425576   23.91149887382717
0.3923360608618501   22.218979712214384   22.43480735595131
0.4038375675538918   20.692682060610185   20.968123259817908
0.41567624604680364   19.313630914485973   19.62964376832217
0.42786198068238046   18.147378707155756   18.45713589474507
0.4404049455663077   17.092011649013557   17.376398706339547
0.4533156130627191   16.03826526116148   16.321077635953753
0.4666047625377753   14.98214101691567   15.290438136080912
0.4802834893595659   13.999738955710013   14.328547924331545
0.49436321416184764   13.124481542104075   13.45282739157713
0.5088556923793517   12.314054407009607   12.635568279335105
0.5237730240626238   11.526634541386032   11.852627764423534
0.5391276639805903   10.772827945188823   11.110595974304328
0.5549324320192869   10.07920402113122   10.421250849735554
0.5712005238854289   9.43832828182773   9.77917794073518
0.5879455221237613   8.83035526089802   9.17234254050183
0.6051814074573895   8.25403239339406   8.60035350202567
0.622922570460556   7.717825806672418   8.065914532242337
0.6411838235736077   7.218168944130895   7.565501661209483
0.6599804134701901   6.748828687644764   7.095656408960677
0.6793280337869897   6.30796512089478   6.654543377652427
0.6992428382266549   5.89420525483237   6.240557415002427
0.7197414540448374   5.506198899773666   5.852164833464656
0.7408409959326054   5.142624074069597   5.487902222538966
0.7625590803058332   4.802191560477656   5.146375038116726
0.7849138400134885   4.48364867591868   4.826256002889314
0.8079239394770964   4.185754824176917   4.526272837474715
0.8316085902740278   3.9072062954274593   4.2451763206392625
0.8559875671776167   3.646750502423415   3.9817806926428716
0.8810812246675007   3.4032176432959544   3.7349733601400263
0.9069105139239728   3.1755150046024316   3.5037105351268196
0.9334970003205227   2.962621675931306   3.287013118561134
0.960862881429187   2.763583645544256   3.0839628165794495
0.9890310055537336   2.5775108006778753   2.8936993078785216
1.0180248908061487   2.403587038590438   2.7154245338650207
1.047868744742366   2.2410552725738504   2.5483937292506798
1.0785874845736239   2.0892025234124434   2.391906330330816
1.1102067579703248   1.9473574617115827   2.2453035137070385
1.1427529644757777   1.8148882296279638   2.1079659345681803
1.1762532775476793   1.6912003551696169   1.9793115644534887
1.210735667245765   1.575734704793573   1.85879362321392
1.246228923584555   1.467963522653756   1.7458984808249536
1.2827626805706884   1.3673886105141855   1.6401437748930883
1.3203674409449337   1.2735427478717438   1.5410768183230414
1.3590746016495152   1.185988055092351   1.4482729030969586
1.3989164800420282   1.1043142235980377   1.3613336753004832
1.4399263408778291   1.0281368475885004   1.2798855931306707
1.4821384240834183   0.957095851917744   1.2035784649447647
1.525587973344019   0.8908541557279182   1.1320843099940077
1.5703112655292182   0.8290965091455128   1.0650964584488518
1.6163456409812174   0.771527727576813   1.002327564838718
1.6637295346910133   0.7178713844055482   0.9435083092026735
1.7125025083885144   0.6678686720351119   0.888386323557415
1.7627052835733923   0.6212773280067061   0.8367251755989605
1.814379775514258   0.5778706227826953   0.7883034072987753
1.8675691282445197   0.537436395479381   0.7429134846847766
1.922317750584177   0.49977609500282116   0.7003601024715942
1.9786713532176083   0.46470399642407545   0.6604601726387886
2.0366769868582977   0.43204644046526114   0.6230425530561776
2.0963830815323896   0.40164107892761364   0.5879472786443553
2.1578394870138577   0.3733361648871593   0.5550248379596265
2.2210975144450407   0.34698988535158826   0.5241354951212129
2.286209979177315   0.32246973110776533   0.4951486557155268
2.3532312448676476   0.2996518485636525   0.4679422983803693
2.4222172688678643   0.278420507585933   0.4424024098238412
2.4932256489445366   0.25866765069835657   0.4184224321439768
2.5663156713684585   0.2402924020742923   0.3959027746476083
2.641548360413907   0.2232006040217723   0.3747503581870246
2.7189865293089923   0.20730438233662238   0.354878188719009
2.798694832679631   0.19252173908360934   0.33620495284942314
2.8807398205309562   0.17877622315059916   0.31865359907280055
2.9651899938111903   0.1659966128619098   0.3021500525189125
3.05211586160442   0.15411645704798077   0.28662523488854114
3.1415899999999994   0.14307375121166996   0.2720150011405373
