0.01   1258.575063845532   1258.5314222353304
0.010293154462191829   1270.5557859665396   1270.5116827551535
0.010594902878253955   1281.9507982946739   1281.9062839523226
0.010905497183778876   1292.719411419395   1292.674508212051
0.011225196699963396   1302.8209022069911   1302.7756046338684
0.011554268350120923   1312.2127592005602   1312.167053357446
0.011892986882540897   1320.8513714980015   1320.8052495426568
0.012241635099881474   1328.693642127054   1328.6471028659635
0.012600504095286909   1335.6962213102026   1335.6492748504236
0.012969893495426888   1341.8143077893285   1341.7669863493181
0.013350111710660605   1347.003899045315   1346.9562588574472
0.013741476192534558   1351.2220507675272   1351.174170054338
0.014144313698828986   1354.4243138582005   1354.3762718384876
0.01455896056637426   1356.5664272587194   1356.518292450156
0.014985762991865008   1357.6062937671375   1357.558123416055
0.01542507732090645   1357.5027481747388   1357.454575738119
0.015877270345534218   1356.2146589207198   1356.1664722075566
0.016342719610456153   1353.7037933613185   1353.6555325772242
0.016821813728271667   1349.935093784787   1349.8866568924607
0.017314952703931925   1344.874991810859   1344.8262661306478
0.017822548268711737   1338.4932330950012   1338.4441085902515
0.01834502422397195   1330.7642041994568   1330.7145742528385
0.018882816794999403   1321.6665528134097   1321.6163100682982
0.019436374995219892   1311.1832932770606   1311.1323239923086
0.02000616100108813   1299.3030837702938   1299.2512687279107
0.020592650537967844   1286.0209452282918   1285.9681549653194
0.021196333277324068   1271.3398215818797   1271.28588858728
0.02181771324555934   1255.2695387755346   1255.2142523013229
0.022457309244835088   1237.8266371635584   1237.7697506645584
0.02311565528622961   1219.0387995067417   1218.9801037470525
0.023793301035594242   1198.9446165376078   1198.8840087305364
0.024490812272480036   1177.5888834752384   1177.5263658357883
0.025208771362518027   1155.026097809612   1154.9617655457034
0.0259477777436476   1131.3292888907024   1131.2633024357497
0.02670844842659881   1106.578204549914   1106.5107795853305
0.027491418510046592   1080.857006415883   1080.7884139688542
0.028297341710866907   1054.2703010423788   1054.200943923275
0.029126890909937666   1026.9364018078734   1026.8668615164124
0.029980758713939952   998.9721403082701   998.90315532347
0.030859658033628758   970.504400998888   970.4368427525919
0.031764322679055976   941.6868634253858   941.6217122330852
0.03269550797224261   912.6688986472826   912.6072197614885
0.033653991377811755   883.5928561709858   883.53577822735
0.03464057315210884   854.6223196547716   854.5710269348967
0.03565607701135116   825.9235724358753   825.8792919470023
0.036701350819364466   797.6453281926613   797.6093100172384
0.03777726729548091   769.9413811319133   769.9147837348099
0.038884724743189276   742.9873818551359   742.9710920107984
0.04002464780014597   716.9386569604005   716.9333030049245
0.041197988210172884   691.9251618536618   691.9311328907622
0.04240572561788674   668.0438121316403   668.0611758501462
0.04364886838662332   645.3691929335615   645.3976956346194
0.04492845444033957   623.9620952966989   624.0012063113069
0.04624555213019635   603.904092907839   603.9526730188486
0.04760126112654554   585.308881785151   585.36474267166
0.04899671333706607   568.2767721767841   568.3367726834937
0.05043307385181555   552.8366395209749   552.8969063655902
0.05191154191598653   538.8248884392231   538.8812467950153
0.053433351931179485   526.0565217060131   526.1045734660194
0.05499977448602865   514.3657905380335   514.400870043276
0.05661211741704101   503.60603818482855   503.6230803444533
0.05827172690053434   493.6436509511575   493.6371801915626
0.05997998857658587   484.31496760112964   484.2793827193069
0.06173832870592997   475.3966932641645   475.32675655059126
0.0635482153607709   466.6666000052166   466.55758565074717
0.06541115965050462   457.84560516138333   457.69412408769347
0.06732871698337338   448.6350050738066   448.4394800430433
0.06930248836510605   438.7370820430134   438.49827827026974
0.07133412173562886   427.8481465034215   427.56992252029664
0.07342531334496233   415.723457407534   415.4129597622084
0.07557780916945323   402.226227405413   401.89442263665995
0.07779340636952398   387.30225352692383   386.9632645519084
0.08007395479015682   371.042572855721   370.7121097378576
0.08242135850536496   353.62379143406224   353.3183139529397
0.08483757740794096   335.3549513517324   335.09132599730196
0.08732462884580919   316.5904389178257   316.384611191218
0.08988458930634863   297.73439586149   297.5993246636718
0.09251959615009227   279.2065520888685   279.1514588785275
0.09523184939525078   261.43992677872495   261.4696381058745
0.09802361355455057   244.88133132106884   244.99296667443076
0.10089721952591899   229.92478897838106   230.10737512651767
0.10385506653859616   216.8652118417726   217.1003922343856
0.10689962415629803   205.89842837591286   206.16148501339677
0.11003343433910281   197.00212611845382   197.26270722915223
0.11325911356578279   190.02853663170632   190.2525632036008
0.11657935501835284   184.6309487803616   184.78712410464536
0.11999693083066039   180.37615426367108   180.43808966419752
0.12351469440289359   176.7318791352441   176.6807365667104
0.12713558278394044   173.1307528298677   172.96076395711228
0.13086261912358757   169.020259364894   168.7416975747999
0.13469891519660646   163.9381189286292   163.576218595667
0.13864767400083483   157.60283980236508   157.19749942763966
0.14271219243142114   149.94903644074532   149.550025994004
0.14689586403346616   141.14603473006883   140.80443766707745
0.1512021818353596   131.58537586573422   131.3494720293253
0.15563474126517718   121.85254542394279   121.75325653766635
0.16019724315257297   112.63336374280102   112.6739835648133
0.1648934968186736   104.55166916912842   104.70882653079941
0.1697274232565544   97.97780486479849   98.20586665859602
0.17470305840495237   92.96085395364308   93.19852556396827
0.17982455651794954   89.3087514672736   89.49782471630405
0.18509619363343993   86.65743247259864   86.74671604088014
0.19052237114327647   84.4724049327607   84.4336936037669
0.19610761946807834   82.10688973210075   81.95071436915825
0.20185660183976684   79.03123211537134   78.80317989725624
0.20777411819498756   75.04779601928131   74.81406937909433
0.21386510918267082   70.30982682116421   70.14239656497526
0.22013466028907505   65.2138727489721   65.16241366083611
0.22658800608375756   60.29734644145511   60.3724150626425
0.23323053459001789   56.06210701994401   56.23482407626215
0.2400677917834628   52.762036075966414   52.96907795564786
0.24710548622244882   50.34576243393304   50.52054736658096
0.25434949381426813   48.49861127338889   48.593230015398206
0.2618058627210567   46.737804189638716   46.74770812836269
0.2694808184095226   44.65920398582665   44.62438141400461
0.27738076884870827   42.13723739968938   42.11963937456715
0.2855123098601282   39.31306866381599   39.36663392529697
0.29388223062474755   36.52058130919007   36.66422029982121
0.3024975193514008   34.10584054774299   34.310717905596164
0.31136536911138296   32.196473074689195   32.40889480536115
0.3204931838440838   30.67440952747215   30.851174367091705
0.32988858453867975   29.27568980658468   29.406392580059688
0.3395594155970457   27.751927751872223   27.866404075095446
0.34951375138319807   26.05474465143526   26.196920323452346
0.3597599029647371   24.328727945102134   24.521397610829357
0.37030642505191835   22.762699344458326   22.994231168068865
0.3811621231401457   21.4498947698775   21.687095673133427
0.3923360608618501   20.319372650248244   20.5371396217746
0.4038375675538918   19.222682097684086   19.425912520230337
0.41567624604680364   18.079653724370427   18.291201807112493
0.42786198068238046   16.93089093107606   17.16729558200391
0.4404049455663077   15.871026459100374   16.12702850340141
0.4533156130627191   14.937813642536401   15.19472154225398
0.4666047625377753   14.086830321311202   14.335743074363469
0.4802834893595659   13.25250942728983   13.501850347604256
0.49436321416184764   12.429371567286632   12.689300545381982
0.5088556923793517   11.654947525788794   11.924843643992238
0.5237730240626238   10.950724829581295   11.222254444725479
0.5391276639805903   10.29564961642703   10.565010566117174
0.5549324320192869   9.664722976039972   9.936482232200783
0.5712005238854289   9.061573203166413   9.338669002206055
0.5879455221237613   8.500267363214608   8.779871290596324
0.6051814074573895   7.978390000857835   8.257720205419346
0.622922570460556   7.483630412846915   7.763638222781695
0.6411838235736077   7.014433529242617   7.296383169537254
0.6599804134701901   6.575530924620784   6.858081948691547
0.6793280337869897   6.164367833093517   6.446700103979935
0.6992428382266549   5.777287236051295   6.059329586173259
0.7197414540448374   5.413002197172191   5.694653382695884
0.7408409959326054   5.07038276050308   5.351483876096307
0.7625590803058332   4.748331779383647   5.028679428677715
0.7849138400134885   4.445786560234774   4.725144343824493
0.8079239394770964   4.161720135122686   4.439828601109265
0.8316085902740278   3.8951417790116745   4.171727120805216
0.8559875671776167   3.6450673067074297   3.9198593121765617
0.8810812246675007   3.4105089154511354   3.683260963947372
0.9069105139239728   3.190531522038703   3.4610197300134264
0.9334970003205227   2.984255218920988   3.2522759361616087
0.960862881429187   2.790852051213491   3.056219721752276
0.9890310055537336   2.6095429825113143   2.87208832024257
1.0180248908061487   2.43959504820732   2.6991634822301482
1.047868744742366   2.2803222301380046   2.5367722762263365
1.0785874845736239   2.1310867941199354   2.3842884052675775
1.1102067579703248   1.991287678941402   2.241121669545331
1.1427529644757777   1.8603572033056495   2.106714865735818
1.1762532775476793   1.7377594216099004   1.9805421738146374
1.210735667245765   1.6229885442027845   1.8621076000715775
1.246228923584555   1.5155674209118961   1.7509434766489285
1.2827626805706884   1.4150455661416415   1.64660898880646
1.3203674409449337   1.3209965935195136   1.5486887208754592
1.3590746016495152   1.2330187743147398   1.456791427213505
1.3989164800420282   1.1507341713493415   1.370548778954332
1.4399263408778291   1.0737873142938639   1.289614136856447
1.4821384240834183   1.0018439426324792   1.2136613780904726
1.525587973344019   0.9345898132726906   1.1423837757679143
1.5703112655292182   0.8717296019122361   1.075493079255585
1.6163456409812174   0.8129859617100272   1.0127191163995222
1.6637295346910133   0.75809834853825   0.9538081052676977
1.7125025083885144   0.7068219958558334   0.8985214325907287
1.7627052835733923   0.6589270139397189   0.8466348145969941
1.814379775514258   0.6141975365097099   0.7979374972874265
1.8675691282445197   0.5724309124807969   0.7522314947006404
1.922317750584177   0.533436935081278   0.7093308215359794
1.9786713532176083   0.4970370777990418   0.6690604984351918
2.0366769868582977   0.46306384581115567   0.6312561571303895
2.0963830815323896   0.43136015473707107   0.5957636211912948
2.1578394870138577   0.4017787151221713   0.5624383005582037
2.2210975144450407   0.374181450719047   0.5311446173354901
2.286209979177315   0.3484389491122752   0.5017554632395995
2.3532312448676476   0.3244299367004337   0.47415167757179627
2.4222172688678643   0.3020407101658891   0.4482214406640826
2.4932256489445366   0.28116472372839163   0.42385988440565625
2.5663156713684585   0.2617022266022186   0.4009687732520546
2.641548360413907   0.24355984738624556   0.3794560944757709
2.7189865293089923   0.22665020098616878   0.35923566999253903
2.798694832679631   0.21089151864703207   0.3402267913425352
2.8807398205309562   0.19620730379584345   0.3223538260048907
2.9651899938111903   0.18252610020845458   0.3055446507644185
3.05211586160442   0.1697811578610369   0.2897305676361749
3.1415899999999994   0.1579100217821306   0.2748475462774186
