0.01   24272.6636407487   24268.943198526766
0.010293154462191829   24434.723802333978   24430.713823377868
0.010594902878253955   24581.913645908022   24577.593056409754
0.010905497183778876   24713.404203655387   24708.750883274046
0.011225196699963396   24828.31951227923   24823.308755768274
0.011554268350120923   24925.781975794776   24920.386001749055
0.011892986882540897   25004.93828720498   24999.12634491955
0.012241635099881474   25064.920870043283   25058.659527347936
0.012600504095286909   25104.847340257722   25098.10083015859
0.012969893495426888   25123.8748270193   25116.605270202588
0.013350111710660605   25121.188405703346   25113.35556942716
0.013741476192534558   25095.95131971338   25087.511088159674
0.014144313698828986   25047.37152478419   25038.27582675909
0.01455896056637426   24974.72364986065   24964.920683506814
0.014985762991865008   24877.30595006577   24866.737770369677
0.01542507732090645   24754.460637446435   24743.061510684896
0.015877270345534218   24605.62357741661   24593.32068293064
0.016342719610456153   24430.31334074535   24417.027383588313
0.016821813728271667   24228.1101015985   24213.755662522264
0.017314952703931925   23998.706347224197   23983.192942272566
0.017822548268711737   23741.921431896688   23725.15479844397
0.01834502422397195   23457.70591525004   23439.58944540679
0.018882816794999403   23146.148377118374   23126.584625598596
0.019436374995219892   22807.481915131077   22786.374204749136
0.02000616100108813   22442.126439812244   22419.383567188368
0.020592650537967844   22050.714389791647   22026.25718120517
0.021196333277324068   21634.027403481934   21607.79020659703
0.02181771324555934   21193.0226507038   21164.95648667163
0.022457309244835088   20728.992505427712   20699.078847878824
0.02311565528622961   20243.413303531604   20211.667854859636
0.023793301035594242   19737.86695057519   19704.338207774417
0.024490812272480036   19214.27161699459   19179.04913927735
0.025208771362518027   18674.878656970825   18638.10115900601
0.0259477777436476   18121.9573782391   18083.80774780456
0.02670844842659881   17557.925101705234   17518.628307945106
0.027491418510046592   16985.764024068376   16945.595100527997
0.028297341710866907   16408.453995028693   16367.73232844344
0.029126890909937666   15828.829471432684   15787.909543618978
0.029980758713939952   15250.104032749306   15209.371514700306
0.030859658033628758   14675.65332167449   14635.51951816591
0.031764322679055976   14108.501865861823   14069.394092274906
0.03269550797224261   13551.745623752877   13514.086689688374
0.033653991377811755   13009.142210574628   12973.315276711846
0.03464057315210884   12484.04016592697   12450.385005560704
0.03565607701135116   11979.213260329301   11948.026823396163
0.036701350819364466   11496.812137797853   11468.332043893006
0.03777726729548091   11038.486756201366   11012.88796263189
0.038884724743189276   10605.521061204247   10582.924168462234
0.04002464780014597   10199.820375368361   10180.205900074992
0.041197988210172884   9824.49191278113   9807.5620504065
0.04240572561788674   9482.242719127378   9467.44934830375
0.04364886838662332   9174.487749032041   9161.08275702549
0.04492845444033957   8899.011652023119   8886.126789160136
0.04624555213019635   8652.999502445715   8639.668800058344
0.04760126112654554   8433.921551766538   8419.077146575244
0.04899671333706607   8239.324080024484   8221.768373936946
0.05043307385181555   8066.971998080362   8045.37139152264
0.05191154191598653   7914.193556584248   7887.120884374494
0.053433351931179485   7777.090866807416   7743.117184717502
0.05499977448602865   7651.770942794567   7609.490549175838
0.05661211741704101   7533.2178600973175   7481.4312165027795
0.05827172690053434   7415.768610418465   7353.613656915023
0.05997998857658587   7293.42838934111   7220.541128643458
0.06173832870592997   7159.353744703056   7076.157547367825
0.0635482153607709   7007.153744252451   6914.930317798984
0.06541115965050462   6831.234801050123   6732.276606333506
0.06732871698337338   6627.26245191639   6524.819831009365
0.06930248836510605   6393.650787397696   6291.793038594549
0.07133412173562886   6130.644708496413   6034.080378276794
0.07342531334496233   5840.934655288854   5754.908309223679
0.07557780916945323   5528.919270246632   5458.818022647292
0.07779340636952398   5201.321383124713   5152.026311196094
0.08007395479015682   4865.820441363766   4841.508628683809
0.08242135850536496   4530.902958735815   4534.968500943995
0.08483757740794096   4206.176885316895   4240.412244520518
0.08732462884580919   3900.888705766495   3965.214337797032
0.08988458930634863   3623.746934640513   3715.8916599801314
0.09251959615009227   3382.0436524687134   3497.697951971578
0.09523184939525078   3179.9790025438992   3313.092165768611
0.09802361355455057   3019.2814011393916   3162.4728701637077
0.10089721952591899   2897.728139566406   3042.941912397439
0.10385506653859616   2810.852105063124   2949.9880537956997
0.10689962415629803   2751.3385869612425   2877.2310745565837
0.11003343433910281   2709.905859617437   2817.025206074654
0.11325911356578279   2675.7712160507713   2761.04055938565
0.11657935501835284   2637.213433928052   2701.0713566257605
0.11999693083066039   2583.390346308687   2629.9551636740675
0.12351469440289359   2505.7532725982646   2542.6645864723414
0.12713558278394044   2399.676907023305   2437.517660743986
0.13086261912358757   2265.3685928979976   2315.9372959300026
0.13469891519660646   2108.4243642306074   2182.6020529901602
0.13864767400083483   1939.6238007364266   2045.1084899051223
0.14271219243142114   1773.1940094250979   1912.6289694245688
0.14689586403346616   1623.1027498250244   1793.2925716982745
0.1512021818353596   1499.0788368566343   1691.4067726891142
0.15563474126517718   1405.275308839355   1608.31496782727
0.16019724315257297   1341.1230284296084   1542.807294045684
0.1648934968186736   1301.890935528855   1490.883894291773
0.1697274232565544   1278.2283483800327   1446.7315022139408
0.17470305840495237   1257.0507096228134   1403.4975018016294
0.17982455651794954   1225.6678052630702   1355.1253407414713
0.18509619363343993   1176.1111585599028   1299.8097754510366
0.19052237114327647   1107.0301804428825   1237.631975123202
0.19610761946807834   1023.6466541919326   1171.2862589185336
0.20185660183976684   936.6274720860904   1106.4569918586546
0.20777411819498756   858.0324525701042   1047.1262259083558
0.21386510918267082   796.3192806128336   996.1299605001706
0.22013466028907505   754.1059928518979   953.057128823272
0.22658800608375756   727.6343028004432   916.6886494738743
0.23323053459001789   707.8252505362193   882.5440505459193
0.2400677917834628   684.7023244857572   847.6044614260512
0.24710548622244882   651.9004935013073   811.7279810687061
0.25434949381426813   608.8183378630926   774.4765681274095
0.2618058627210567   561.1977526358813   737.4194675920104
0.2694808184095226   517.5940894487721   703.2549198674554
0.27738076884870827   483.69564364280467   671.9814902444532
0.2855123098601282   459.9498966900946   644.4558389427518
0.29388223062474755   441.8114125577838   618.6185047209708
0.3024975193514008   422.69720434615397   593.473082962773
0.31136536911138296   398.7968878115178   568.4671370546599
0.3204931838440838   371.19218152729786   543.9446795301022
0.32988858453867975   344.29824189918816   520.5324398830678
0.3395594155970457   322.1549307289872   498.89346494576597
0.34951375138319807   305.132975914668   478.9764688633197
0.3597599029647371   290.23091895863274   459.9324047144726
0.37030642505191835   274.226236358487   441.5879625198297
0.3811621231401457   256.487711281199   423.76973721378954
0.3923360608618501   239.1016460625849   406.7662947034258
0.4038375675538918   224.15366652816485   390.7575045551457
0.41567624604680364   211.61825344947948   375.7723099180635
0.42786198068238046   199.72470336856506   361.4535924101578
0.4404049455663077   187.37885017560058   347.5967543313262
0.4533156130627191   175.15786183612087   334.397389155817
0.4666047625377753   164.1700628910231   321.9246764715771
0.4802834893595659   154.444776667918   310.12087975357144
0.49436321416184764   145.16289666824238   298.84864781495304
0.5088556923793517   135.97793804566479   287.99721349392644
0.5237730240626238   127.30780226396513   277.6624434179901
0.5391276639805903   119.4385351095748   267.88307648954725
0.5549324320192869   112.0828553923402   258.5574514197799
0.5712005238854289   104.9731518678891   249.55119636967828
0.5879455221237613   98.3307941736838   241.06584776181398
0.6051814074573895   92.14760272273361   233.00536886054869
0.622922570460556   86.32224799996588   225.261743421852
0.6411838235736077   80.83929120393246   217.828123502562
0.6599804134701901   75.68331668721115   210.69740149981192
0.6793280337869897   70.83902378163563   203.86226864961364
0.6992428382266549   66.29130686671719   197.31526909555765
0.7197414540448374   62.025323854241044   191.04884744991742
0.7408409959326054   58.02596830708882   185.05288733673962
0.7625590803058332   54.2770491635102   179.31045377757036
0.7849138400134885   50.763057765607066   173.80453296018436
0.8079239394770964   47.469457749754504   168.5193514241354
0.8316085902740278   44.38262193580653   163.44027891318507
0.8559875671776167   41.48977351474273   158.5537402571395
0.8810812246675007   38.77893122684861   153.84713538606246
0.9069105139239728   36.23891124612248   149.30888252151794
0.9334970003205227   33.8594531375001   144.92876892611775
0.960862881429187   31.630941825293537   140.69744269712544
0.9890310055537336   29.544291964634912   136.60618482691453
1.0180248908061487   27.590922561500232   132.6468662782223
1.047868744742366   25.762732513189544   128.81190862976104
1.0785874845736239   24.05207704499347   125.09424792870739
1.1102067579703248   22.45173983466422   121.48723703250802
1.1427529644757777   20.954877707391415   117.98417002045497
1.1762532775476793   19.555031836665016   114.57858252420782
1.210735667245765   18.24612898572955   111.26449559522845
1.246228923584555   17.022459909969015   108.03638766727917
1.2827626805706884   15.878658734882988   104.88916706626196
1.3203674409449337   14.809683416400672   101.81814670900458
1.3590746016495152   13.810797418706851   98.81903013010921
1.3989164800420282   12.877554586967989   95.88801761021367
1.4399263408778291   12.005781128875595   93.02173571043298
1.4821384240834183   11.191557660059518   90.21710531286553
1.525587973344019   10.431204488581766   87.4713226468206
1.5703112655292182   9.721267742211197   84.78184423844718
1.6163456409812174   9.058506239539089   82.14637266738843
1.6637295346910133   8.4398790566189   79.56285117136443
1.7125025083885144   7.862533398546627   77.02970503800725
1.7627052835733923   7.32379355170628   74.54584078557879
1.814379775514258   6.82115091772584   72.11030442627593
1.8675691282445197   6.352254093018228   69.72225311553333
1.922317750584177   5.914899470722538   67.38094744229558
1.9786713532176083   5.507022370156591   65.08574389245288
2.0366769868582977   5.126688658972275   62.83608924878627
2.0963830815323896   4.7720860499860995   60.631705473804324
2.1578394870138577   4.441516248847181   58.47271772634195
2.2210975144450407   4.133389597531055   56.359278979817354
2.286209979177315   3.8462185506473823   54.29152308246654
2.3532312448676476   3.5786113469013157   52.2695625533623
2.4222172688678643   3.329266055589689   50.293486506196544
2.4932256489445366   3.0969649775650523   48.36335880390163
2.5663156713684585   2.8805701066447935   46.47939777839012
2.641548360413907   2.6790193356446386   44.642302471332435
2.7189865293089923   2.491319540451388   42.85272764281456
2.798694832679631   2.316541861202125   41.11117441488892
2.8807398205309562   2.153817726054449   39.41799770135752
2.9651899938111903   2.002335106162776   37.77341378671407
3.05211586160442   1.861334989594819   36.17750800472725
3.1415899999999994   1.7301069455715778   34.63016023266756
