0.01   940.7357973375978   940.7200326104618
0.010293154462191829   948.2757621473867   948.2598283277846
0.010594902878253955   955.2881799973027   955.2721781685251
0.010905497183778876   961.7388850001445   961.7228612512969
0.011225196699963396   967.5940650460859   967.5780082420312
0.011554268350120923   972.8196051419811   972.803473981557
0.011892986882540897   977.3804355144081   977.3642135986895
0.012241635099881474   981.2421657007048   981.2258685436908
0.012600504095286909   984.3710411539934   984.3547111681843
0.012969893495426888   986.7314863393832   986.7151539660948
0.013350111710660605   988.2880708082002   988.2717374139091
0.013741476192534558   989.0070514246755   988.990689563149
0.014144313698828986   988.8550836888413   988.8386608243968
0.01455896056637426   987.7989006848993   987.7824119034319
0.014985762991865008   985.8076400521038   985.7911104258259
0.01542507732090645   982.8526679173739   982.8361421031274
0.015877270345534218   978.9055162208288   978.8890101749622
0.016342719610456153   973.9403588046516   973.923846027392
0.016821813728271667   967.9351755729219   967.9185892267094
0.017314952703931925   960.8707817145217   960.8540406043195
0.017822548268711737   952.7312080141355   952.7142415245103
0.01834502422397195   943.5052990044713   943.488048428692
0.018882816794999403   933.1869734206575   933.1693857081099
0.019436374995219892   921.7753102004265   921.7573177686091
0.02000616100108813   909.2749752920729   909.2564934360596
0.020592650537967844   895.6966493456914   895.67757910973
0.021196333277324068   881.0594681008087   881.0397102305737
0.02181771324555934   865.3901418701805   865.3696064046442
0.022457309244835088   848.7211499555627   848.6997573092076
0.02311565528622961   831.0940721229815   831.0717662455627
0.023793301035594242   812.5632286433492   812.540003547788
0.024490812272480036   793.1882124555832   793.1641124437335
0.025208771362518027   773.0341766933693   773.0092943549328
0.0259477777436476   752.1833985982732   752.1578875366839
0.02670844842659881   730.7260652484392   730.7001411244787
0.027491418510046592   708.7525443649915   708.7264763118665
0.028297341710866907   686.366328858759   686.3404439237466
0.029126890909937666   663.688775510151   663.6634681521912
0.029980758713939952   640.8364315895195   640.8121514747224
0.030859658033628758   617.9238617187328   617.9011036203873
0.031764322679055976   595.085638860089   595.0649487884466
0.03269550797224261   572.4525952880482   572.434561574286
0.033653991377811755   550.1420998163643   550.1273364006537
0.03464057315210884   528.2881461489121   528.27723084034
0.03565607701135116   507.0390318087737   507.03245209889803
0.036701350819364466   486.52131282735394   486.51947262959726
0.03777726729548091   466.8384332395678   466.84165783795527
0.038884724743189276   448.06989250057984   448.0784195986111
0.04002464780014597   430.2774202907821   430.29141088362877
0.041197988210172884   413.5120837533292   413.5316213526903
0.04240572561788674   397.8701104714274   397.8949687147016
0.04364886838662332   383.4731939330563   383.5027013110525
0.04492845444033957   370.42203983047517   370.4551499230216
0.04624555213019635   358.73065856586055   358.7660426771816
0.04760126112654554   348.2905277365175   348.3266663051065
0.04899671333706607   338.9945542481546   339.0297516670833
0.05043307385181555   330.743437269345   330.77579164043834
0.05191154191598653   323.440529053558   323.46787523384023
0.053433351931179485   316.99719280054035   317.01710262465446
0.05499977448602865   311.28886025459565   311.29876155526335
0.05661211741704101   306.15808630027385   306.15537546531846
0.05827172690053434   301.44321198592576   301.4253150132588
0.05997998857658587   296.926269144937   296.89092854825617
0.06173832870592997   292.38029778888796   292.32569455450334
0.0635482153607709   287.5496313324947   287.4747377463623
0.06541115965050462   282.1603045384412   282.06519567797613
0.06732871698337338   275.9637548034426   275.8498367251232
0.06930248836510605   268.7456976625097   268.6159884352199
0.07133412173562886   260.36200977227156   260.22109897199044
0.07342531334496233   250.77492602140933   250.62886095066565
0.07557780916945323   240.02250332513728   239.87831354475335
0.07779340636952398   228.23363295276715   228.0986766496404
0.08007395479015682   215.61594650605755   215.49783597892807
0.08242135850536496   202.45193366374764   202.35848280174366
0.08483757740794096   189.06620958150194   189.0041216774421
0.08732462884580919   175.80561770530258   175.77957470213357
0.08988458930634863   163.07115658525416   163.08327290746968
0.09251959615009227   151.21909195840448   151.2689144625244
0.09523184939525078   140.59663753665484   140.67989664286037
0.09802361355455057   131.46057897257978   131.56966868611528
0.10089721952591899   123.94812687324163   124.0722447273411
0.10385506653859616   118.08200722566271   118.20805133924935
0.10689962415629803   113.74439637172303   113.85781694634724
0.11003343433910281   110.71480471582575   110.80098594179333
0.11325911356578279   108.6821029589457   108.72778079671646
0.11657935501835284   107.24584746511287   107.24118413665273
0.11999693083066039   105.95944146879859   105.89962037957613
0.12351469440289359   104.35207823328803   104.2388754793684
0.12713558278394044   102.00743565241115   101.84984306862917
0.13086261912358757   98.62387739260011   98.43845206324077
0.13469891519660646   94.0677581016928   93.87731472763875
0.13864767400083483   88.40955240444904   88.23891295512465
0.14271219243142114   81.94381106177296   81.81564095383342
0.14689586403346616   75.16368987907538   75.09368400624116
0.1512021818353596   68.65775699021088   68.65045078399257
0.15563474126517718   62.950145291301105   62.99729431678522
0.16019724315257297   58.36526000944054   58.447947141364025
0.1648934968186736   55.007440247049125   55.10052170333002
0.1697274232565544   52.804991739058075   52.8799891129338
0.17470305840495237   51.513389846439786   51.54321920731556
0.17982455651794954   50.697516093529934   50.665449155815004
0.18509619363343993   49.813280987300985   49.719543027722665
0.19052237114327647   48.388189501199854   48.249826213662395
0.19610761946807834   46.18154047923024   46.02724884260233
0.20185660183976684   43.218821478802035   43.084238765615716
0.20777411819498756   39.78705124309866   39.70003765882933
0.21386510918267082   36.359198843326276   36.32998253759475
0.22013466028907505   33.39596787811789   33.41452787903532
0.22658800608375756   31.172249010307805   31.209792690202097
0.23323053459001789   29.71752503556328   29.7419569823193
0.2400677917834628   28.802626545200628   28.785431487514582
0.24710548622244882   28.026494780175458   27.959634497735774
0.25434949381426813   27.016031232761488   26.914166933830483
0.2618058627210567   25.577115866005467   25.47023683106146
0.2694808184095226   23.76530452036299   23.685060899650324
0.27738076884870827   21.87342654000228   21.83459558740264
0.2855123098601282   20.232610742250998   20.22520037957886
0.29388223062474755   19.0123356462955   19.012420148502976
0.3024975193514008   18.164965626037805   18.143125382629773
0.31136536911138296   17.462179061071804   17.408491226378814
0.3204931838440838   16.65248226744609   16.580623799850123
0.32988858453867975   15.640873045369858   15.574274839545458
0.3395594155970457   14.523527483651337   14.480107277475952
0.34951375138319807   13.493478184188401   13.471843282433056
0.3597599029647371   12.677977406042777   12.66078849962034
0.37030642505191835   12.042255365511757   12.01133254924498
0.3811621231401457   11.44605286618581   11.400243756855442
0.3923360608618501   10.782878815810705   10.736214677945537
0.4038375675538918   10.065993385765024   10.031320481551765
0.41567624604680364   9.394217342750892   9.371605917605494
0.42786198068238046   8.831033960550332   8.809772775623884
0.4404049455663077   8.346585519825732   8.318450374112249
0.4533156130627191   7.8676186341498795   7.8361938520304735
0.4666047625377753   7.3701854829662246   7.343930916839863
0.4802834893595659   6.892462151386152   6.873272148517118
0.49436321416184764   6.470628321186486   6.4530732233924555
0.5088556923793517   6.090683647113811   6.071072873036044
0.5237730240626238   5.720060243995737   5.700898269494884
0.5391276639805903   5.356144008122953   5.341020470292535
0.5549324320192869   5.018623029774482   5.00647717224231
0.5712005238854289   4.711488876892271   4.699656718871093
0.5879455221237613   4.420199685323941   4.409384387152975
0.6051814074573895   4.140186825637696   4.131769612974692
0.622922570460556   3.8777147492961332   3.871767158646284
0.6411838235736077   3.6322407666346876   3.6282964154969286
0.6599804134701901   3.4024187883779735   3.40012635440143
0.6793280337869897   3.187073657510341   3.186200196202895
0.6992428382266549   2.9851382586730737   2.9855455990899196
0.7197414540448374   2.7956425458997374   2.797267120283844
0.7408409959326054   2.617703757675308   2.620539401061586
0.7625590803058332   2.4505186914220003   2.4546016405436353
0.7849138400134885   2.2934148124417844   2.2987892620215153
0.8079239394770964   2.1458567123824426   2.152537516894552
0.8316085902740278   2.0073373900204152   2.0153122856063983
0.8559875671776167   1.8773688854049595   1.8866035674571235
0.8810812246675007   1.7554824059553003   1.7659249774020815
0.9069105139239728   1.64122833952204   1.6528131874213412
0.9334970003205227   1.5341761466547488   1.5468273081598998
0.960862881429187   1.4339065956394654   1.447543215400054
0.9890310055537336   1.3400031318295342   1.3545472831415353
1.0180248908061487   1.2520713244383264   1.2674487489567694
1.047868744742366   1.1697407514995712   1.1858805141727178
1.0785874845736239   1.092663551525788   1.1094977596591702
1.1102067579703248   1.0205130626320387   1.0379766388666323
1.1427529644757777   0.9529825437847985   0.9710130440786647
1.1762532775476793   0.8897847363599476   0.9083220146451318
1.210735667245765   0.8306527383172709   0.8496381500778657
1.246228923584555   0.7753359371253354   0.7947123315198897
1.2827626805706884   0.723598254097375   0.7433101727498014
1.3203674409449337   0.6752173750874093   0.6952112198930931
1.3590746016495152   0.6299840161198853   0.6502081882960262
1.3989164800420282   0.5877012228190727   0.6081062353902205
1.4399263408778291   0.5481836088588905   0.5687222702928643
1.4821384240834183   0.5112562264159766   0.5318843053087762
1.525587973344019   0.4767544892396831   0.4974308188368953
1.5703112655292182   0.44452387443947783   0.46521015453245734
1.6163456409812174   0.41441933735917996   0.4350799569679139
1.6637295346910133   0.3863047573487484   0.4069066360768332
1.7125025083885144   0.3600524139699226   0.38056485920651306
1.7627052835733923   0.33554249958321697   0.3559370857849043
1.814379775514258   0.3126627294487092   0.3329132795156717
1.8675691282445197   0.29130784495015083   0.31139035976273266
1.922317750584177   0.2713791318954355   0.29127165266121235
1.9786713532176083   0.25278403222676726   0.27246651444395786
2.0366769868582977   0.235435778417257   0.2548899770690287
2.0963830815323896   0.21925304818164598   0.23846241254614214
2.1578394870138577   0.20415963587985042   0.22310922644017175
2.2210975144450407   0.19008408613035344   0.20876081339588914
2.286209979177315   0.17695942126692416   0.1953522019493447
2.3532312448676476   0.16472293992617137   0.1828224726298137
2.4222172688678643   0.1533159568612538   0.17111451058382918
2.4932256489445366   0.1426835546484114   0.16017478530766252
2.5663156713684585   0.13277435008182745   0.1499531413312015
2.641548360413907   0.12354027517055936   0.14040259676331485
2.7189865293089923   0.11493641927302667   0.13147897246846466
2.798694832679631   0.10692084803419241   0.12314065732868007
2.8807398205309562   0.09945433163564059   0.11534876759269062
2.9651899938111903   0.09250017028336276   0.108066999931923
3.05211586160442   0.08602403822021147   0.10126146271298102
3.1415899999999994   0.0799938367732996   0.0949005179637106
