0.01   13012.014949521834   13010.731439940648
0.010293154462191829   13116.151347395173   13114.796379160392
0.010594902878253955   13213.682354228331   13212.251105039768
0.010905497183778876   13304.220500822215   13302.70623193485
0.011225196699963396   13387.378238781048   13385.77254731326
0.011554268350120923   13462.75166812059   13461.045825477591
0.011892986882540897   13529.937591005639   13528.122979183412
0.012241635099881474   13588.54138762801   13586.609515106242
0.012600504095286909   13638.161089906156   13636.10295422096
0.012969893495426888   13678.38820051574   13676.193606242212
0.013350111710660605   13708.828634159048   13706.486197279146
0.013741476192534558   13729.09894684137   13726.596118595124
0.014144313698828986   13738.808930793359   13736.131960772518
0.01455896056637426   13737.584873110116   13734.718863766346
0.014985762991865008   13725.077577223901   13722.00653488322
0.01542507732090645   13700.9459803902   13697.652184949542
0.015877270345534218   13664.863164556138   13661.326672633897
0.016342719610456153   13616.536343481668   13612.735133252243
0.016821813728271667   13555.705629805687   13551.615677878319
0.017314952703931925   13482.137639984574   13477.732801565277
0.017822548268711737   13395.64028330125   13390.892492191064
0.01834502422397195   13296.06840425896   13290.947999018852
0.018882816794999403   13183.328292747328   13177.804720190452
0.019436374995219892   13057.379340419024   13051.421753831213
0.02000616100108813   12918.234741627775   12911.81235714394
0.020592650537967844   12765.978312482164   12759.06120375036
0.021196333277324068   12600.785265807659   12593.345715034648
0.02181771324555934   12422.890889289401   12414.90382209133
0.022457309244835088   12232.59369374724   12224.037306911836
0.02311565528622961   12030.324858300666   12021.184208794175
0.023793301035594242   11816.606447703583   11806.875242026543
0.024490812272480036   11592.004309374723   11581.684683078924
0.025208771362518027   11357.201392481698   11346.305679387588
0.0259477777436476   11113.053706056471   11101.607711167575
0.02670844842659881   10860.446339272832   10848.488677279658
0.027491418510046592   10600.303107650334   10587.884475566914
0.028297341710866907   10333.774051373353   10320.959395873506
0.029126890909937666   10062.078543793952   10048.946752453545
0.029980758713939952   9786.393364095828   9773.035217789444
0.030859658033628758   9508.022847809696   9494.53934616038
0.031764322679055976   9228.459018409261   9214.959836470687
0.03269550797224261   8949.102219371052   8935.703630787088
0.033653991377811755   8671.293631658838   8658.11558659259
0.03464057315210884   8396.576102063274   8383.735297799085
0.03565607701135116   8126.439044091701   8114.046317311512
0.036701350819364466   7862.200999422332   7850.360672999385
0.03777726729548091   7605.17891420903   7593.977901713798
0.038884724743189276   7356.708234401395   7346.2047253200535
0.04002464780014597   7117.94336690984   7108.16942168352
0.041197988210172884   6889.851398711176   6880.810807460296
0.04240572561788674   6673.197166774971   6664.845398231159
0.04364886838662332   6468.602077649785   6460.846068202367
0.04492845444033957   6276.570058496456   6269.273432190045
0.04624555213019635   6097.349167457481   6090.315871766609
0.04760126112654554   5930.973224233292   5923.9330353372925
0.04899671333706607   5777.444744108912   5770.059667647175
0.05043307385181555   5636.129927495159   5628.020343681674
0.05191154191598653   5505.0936770300295   5495.885867914261
0.053433351931179485   5382.396662443632   5371.727689795912
0.05499977448602865   5266.311184509894   5253.829190073933
0.05661211741704101   5155.353704855469   5140.720070414712
0.05827172690053434   5048.155131713693   5031.047008139731
0.05997998857658587   4942.9092186698845   4923.073625249318
0.06173832870592997   4837.299259972807   4814.616085795891
0.0635482153607709   4729.065807500831   4703.564794471035
0.06541115965050462   4615.551144900153   4587.510942353822
0.06732871698337338   4494.170948337767   4464.143926194358
0.06930248836510605   4362.83093931564   4331.684495085053
0.07133412173562886   4219.971457020905   4188.915197215655
0.07342531334496233   4065.0378337081565   4035.5521980602275
0.07557780916945323   3898.9697771575557   3872.711923686317
0.07779340636952398   3723.405809861305   3702.0988337787367
0.08007395479015682   3541.019082846103   3526.3069024312244
0.08242135850536496   3354.8587120578977   3348.221750138108
0.08483757740794096   3168.569266688828   3171.241193521628
0.08732462884580919   2985.7498186935663   2998.616491157225
0.08988458930634863   2809.9828485646003   2833.457368992184
0.09251959615009227   2644.830421218885   2678.746039871515
0.09523184939525078   2493.666564151467   2537.2185406811814
0.09802361355455057   2359.2678373701533   2410.9332536042034
0.10089721952591899   2243.5685739963437   2301.218824470228
0.10385506653859616   2146.5726210473817   2207.693521482633
0.10689962415629803   2067.1959516251754   2129.0604873381653
0.11003343433910281   2002.2600646642375   2062.3467653151943
0.11325911356578279   1947.846955206672   2004.0636456947434
0.11657935501835284   1899.1139234176962   1950.1707897979688
0.11999693083066039   1851.158723570063   1896.7464779103695
0.12351469440289359   1799.2588703393674   1840.199955728305
0.12713558278394044   1739.6295686789394   1777.9255880027695
0.13086261912358757   1669.9608683735805   1708.5511360308374
0.13469891519660646   1589.8973124904428   1632.1916816804703
0.13864767400083483   1501.0386978744864   1550.3598134088872
0.14271219243142114   1406.536211311671   1465.7029789857495
0.14689586403346616   1310.8117744514582   1381.6388219442922
0.1512021818353596   1219.3330405854813   1301.8178532115098
0.15563474126517718   1137.4831957606073   1229.9726156811807
0.16019724315257297   1068.8333929340415   1167.9011415940263
0.1648934968186736   1014.086743622073   1115.3960340572114
0.1697274232565544   971.2859215292954   1071.2628823310197
0.17470305840495237   937.1008357190434   1032.493293486725
0.17982455651794954   907.4026740742095   996.6665295711649
0.18509619363343993   877.2642597476726   960.8669492357201
0.19052237114327647   842.0581173227597   922.6514371367349
0.19610761946807834   799.8460890631775   881.1409827499734
0.20185660183976684   751.9989289256913   837.4625688588444
0.20777411819498756   701.7857956945788   793.7628524560312
0.21386510918267082   653.1720475378072   752.1309525238128
0.22013466028907505   610.0154950728995   714.1846376540358
0.22658800608375756   574.5299050103868   680.8902387701072
0.23323053459001789   546.3669255822421   651.497397917129
0.2400677917834628   523.2010941107839   624.8932741538857
0.24710548622244882   501.4979525945084   599.3839758010884
0.25434949381426813   477.92838220920186   573.7258550777963
0.2618058627210567   451.40515897299343   547.5534338685629
0.2694808184095226   423.0830951261438   521.664016197102
0.27738076884870827   395.17419986260415   496.75211597479154
0.2855123098601282   370.1399176016351   473.7139287082407
0.29388223062474755   349.13290994257835   452.5732525420569
0.3024975193514008   331.3030222030849   433.0599932138772
0.31136536911138296   314.8478353760174   414.44009728758766
0.3204931838440838   298.0361028702943   396.4738945637803
0.32988858453867975   280.33887423752566   378.83026290211956
0.3395594155970457   262.71352904977465   361.88473950009006
0.34951375138319807   246.40256753766306   345.8894504040857
0.3597599029647371   232.01030686733526   330.936835245204
0.37030642505191835   219.167394214682   316.82179000478664
0.3811621231401457   206.9245198969724   303.35194533711024
0.3923360608618501   194.70591261157318   290.4194751081014
0.4038375675538918   182.72557162452648   278.02902532464446
0.41567624604680364   171.50696502743853   266.28072806227914
0.42786198068238046   161.30670780314088   255.18675656933047
0.4404049455663077   151.86422762135652   244.6409862004159
0.4533156130627191   142.81312856849524   234.5877602061351
0.4666047625377753   134.066344943939   224.9881862952022
0.4802834893595659   125.81422920075454   215.85668235521666
0.49436321416184764   118.16185332821648   207.1941941492011
0.5088556923793517   111.00604368566971   198.95918689337145
0.5237730240626238   104.20209492207482   191.10337681128692
0.5391276639805903   97.74601961543301   183.61884387817418
0.5549324320192869   91.69448561365003   176.50252443838494
0.5712005238854289   86.02829754269162   169.7306390843065
0.5879455221237613   80.6835564641285   163.2771650028399
0.6051814074573895   75.63878583106653   157.12626691239197
0.622922570460556   70.90004239308257   151.26739007798554
0.6411838235736077   66.45375358181052   145.68533719143764
0.6599804134701901   62.26692844786381   140.36050842391882
0.6793280337869897   58.33016774264888   135.28123888078122
0.6992428382266549   54.63296347572036   130.4353747155173
0.7197414540448374   51.16123378956766   125.80988978683523
0.7408409959326054   47.90165732864354   121.39255941499414
0.7625590803058332   44.84168387669744   117.17192632963435
0.7849138400134885   41.96948993281124   113.13724742282041
0.8079239394770964   39.27393687897902   109.2784445337914
0.8316085902740278   36.744539474232305   105.58603397413519
0.8559875671776167   34.37155344943083   102.05067263130252
0.8810812246675007   32.145881348278756   98.66324549189378
0.9069105139239728   30.058910211572055   95.41523166025759
0.9334970003205227   28.102485677215483   92.2986739047025
0.960862881429187   26.268891232070754   89.30613798081956
0.9890310055537336   24.550828105537317   86.43067525437523
1.0180248908061487   22.941395013986646   83.66578062972592
1.047868744742366   21.434043554620313   81.00510095229237
1.0785874845736239   20.02256245403216   78.44238195764565
1.1102067579703248   18.701096756027134   75.97178583833328
1.1427529644757777   17.46413096535927   73.58788262661668
1.1762532775476793   16.306470686018976   71.285621423113
1.210735667245765   15.223225158680163   69.0603040330342
1.246228923584555   14.209790685126896   66.90755990471135
1.2827626805706884   13.261837086644125   64.82324304437817
1.3203674409449337   12.375293688945384   62.803359579543134
1.3590746016495152   11.546330701314599   60.84419547936811
1.3989164800420282   10.77134548368194   58.94231383239137
1.4399263408778291   10.046949970030589   57.09453692565464
1.4821384240834183   9.369958721002755   55.29792973113853
1.525587973344019   8.737377578428834   53.54978469650115
1.5703112655292182   8.146392490364942   51.84762963711536
1.6163456409812174   7.5943587949900815   50.189246931662275
1.6637295346910133   7.078792652248379   48.57260615628747
1.7125025083885144   6.597361998047537   46.99584297901985
1.7627052835733923   6.147877780645045   45.45724915217305
1.814379775514258   5.728285664514271   43.955263100618794
1.8675691282445197   5.336658179608563   42.48846104184527
1.922317750584177   4.9711871079026455   41.05560303894023
1.9786713532176083   4.6301759963676   39.65577537789743
2.0366769868582977   4.3120342399687   38.288193522810126
2.0963830815323896   4.015270978562434   36.952138006759206
2.1578394870138577   3.7384891281911274   35.646949826542404
2.2210975144450407   3.480379747853157   34.372025998811125
2.286209979177315   3.2397167245045932   33.12681526718061
2.3532312448676476   3.015351616010806   31.910845798964605
2.4222172688678643   2.8062082849773744   30.72387306461339
2.4932256489445366   2.6112791963150817   29.565728193251807
2.5663156713684585   2.4296215439424578   28.436236953668704
2.641548360413907   2.2603532423297787   27.335218596235247
2.7189865293089923   2.10264915449732   26.262484914562346
2.798694832679631   1.9557375439510716   25.217839379717056
2.8807398205309562   1.8188968729444315   24.201102250580732
2.9651899938111903   1.691453702312146   23.21231925638832
3.05211586160442   1.5727788289346374   22.25161045436969
3.1415899999999994   1.4622837790757737   21.31902419424451
