0.01   1645.82209609509   1645.7706688895366
0.010293154462191829   1666.9769885065182   1666.924925469903
0.010594902878253955   1687.5738243520268   1687.5212187321795
0.010905497183778876   1707.5589128120607   1707.5057672506846
0.011225196699963396   1726.8767045104566   1726.8229635100436
0.011554268350120923   1745.468081320148   1745.4137218279507
0.011892986882540897   1763.2729681725002   1763.2180155690676
0.012241635099881474   1780.2307379195363   1780.1752608173247
0.012600504095286909   1796.2783401373385   1796.222385466893
0.012969893495426888   1811.3515354535507   1811.295091562919
0.013350111710660605   1825.3863468937964   1825.3293419087174
0.013741476192534558   1838.31731965375   1838.2596685048375
0.014144313698828986   1850.0763969751565   1850.0180823431306
0.01455896056637426   1860.5962821863627   1860.5373641290548
0.014985762991865008   1869.8105947727752   1869.751193511465
0.01542507732090645   1877.6517702825345   1877.5919590142407
0.015877270345534218   1884.0533441909688   1883.9931097281383
0.016342719610456153   1888.9513537007654   1888.8905954771105
0.016821813728271667   1892.282857246686   1892.2213920906154
0.017314952703931925   1893.9861412738396   1893.923709581665
0.017822548268711737   1894.0032950744123   1893.9395622728966
0.01834502422397195   1892.2805205765208   1892.2151008878925
0.018882816794999403   1888.7678473013991   1888.7003854504887
0.019436374995219892   1883.420446013439   1883.3506374129486
0.02000616100108813   1876.1994697479372   1876.1270539143634
0.020592650537967844   1867.0741452460932   1866.9987852854872
0.021196333277324068   1856.0217323356442   1855.9429272768425
0.02181771324555934   1843.0266005898382   1842.9436911615287
0.022457309244835088   1828.0834666717417   1827.995751554627
0.02311565528622961   1811.2015036086932   1811.1084956246598
0.023793301035594242   1792.398402089966   1792.2998612103588
0.024490812272480036   1771.70113348709   1771.5970516593102
0.025208771362518027   1749.1583869706512   1749.0489033125978
0.0259477777436476   1724.8326876724138   1724.7180437812628
0.02670844842659881   1698.7929576892602   1698.6734939050486
0.027491418510046592   1671.127816102876   1671.0040861417153
0.028297341710866907   1641.9517301395738   1641.8246712591122
0.029126890909937666   1611.3833108924698   1611.2542279514935
0.029980758713939952   1579.5498393941143   1579.4203724530594
0.030859658033628758   1546.6164576962874   1546.4885619382849
0.031764322679055976   1512.7567063857625   1512.632616374461
0.03269550797224261   1478.1394042072454   1478.0215912004664
0.033653991377811755   1442.9549163300212   1442.8460478745558
0.03464057315210884   1407.412573692107   1407.3154750563008
0.03565607701135116   1371.7092231295155   1371.626839627007
0.036701350819364466   1336.0459918436927   1335.981242984973
0.03777726729548091   1300.6696083717575   1300.6250003110329
0.038884724743189276   1265.8165177065468   1265.7940973806174
0.04002464780014597   1231.6968765947465   1231.6982678126924
0.041197988210172884   1198.4679204132015   1198.4942709048944
0.04240572561788674   1166.2477053658913   1166.2996720432943
0.04364886838662332   1135.139559139891   1135.2173620174656
0.04492845444033957   1105.2870700468054   1105.3898360347855
0.04624555213019635   1076.932248859548   1077.0566029202391
0.04760126112654554   1050.305223444273   1050.445365890136
0.04899671333706607   1025.5621026624258   1025.710203325963
0.05043307385181555   1002.5841502270497   1002.7312730890396
0.05191154191598653   981.177966664055   981.3143802851988
0.053433351931179485   961.1637163124674   961.278898398623
0.05499977448602865   942.36280999102   942.4453179922226
0.05661211741704101   924.6057189087766   924.6431846850072
0.05827172690053434   907.702707581664   907.6822793324851
0.05997998857658587   891.3882369793579   891.2976872975357
0.06173832870592997   875.3959800481288   875.2239711381991
0.0635482153607709   859.4102792830934   859.1475243426382
0.06541115965050462   843.0809517236354   842.7211942376209
0.06732871698337338   826.0509888880927   825.5921504305709
0.06930248836510605   807.9177991991264   807.3645737749275
0.07133412173562886   788.317042407995   787.6814158980492
0.07342531334496233   766.9618864688821   766.2647813599847
0.07557780916945323   743.6480903027523   742.9190638607181
0.07779340636952398   718.3543767417061   717.6307968285308
0.08007395479015682   691.1848639173095   690.5098541696165
0.08242135850536496   662.4611985993185   661.8790119650015
0.08483757740794096   632.6091237458747   632.1627146893143
0.08732462884580919   602.1789426989648   601.9090977759397
0.08988458930634863   571.7505927546762   571.6920487158912
0.09251959615009227   541.9363053710247   542.1114321874633
0.09523184939525078   513.3593611915496   513.7751577841744
0.09802361355455057   486.61368558307885   487.26108015067734
0.10089721952591899   462.21952838029665   463.0698564695884
0.10385506653859616   440.61593773812683   441.61925297894425
0.10689962415629803   422.0056291128059   423.0952573820702
0.11003343433910281   406.40265340527833   407.4990989495569
0.11325911356578279   393.48604984957836   394.5055599414299
0.11657935501835284   382.74611977155377   383.6090620152212
0.11999693083066039   373.44222134541786   374.0886651159627
0.12351469440289359   364.7527508760359   365.1507305369525
0.12713558278394044   355.82552211000893   355.9790966311351
0.13086261912358757   345.8818579950666   345.839456711076
0.13469891519660646   334.33470747494863   334.18567457998313
0.13864767400083483   320.8783677865198   320.74413688287257
0.14271219243142114   305.57865951366637   305.60193174750066
0.14689586403346616   288.84834749976727   289.167867134615
0.1512021818353596   271.3834601905357   272.10760813128655
0.15563474126517718   254.08071648650107   255.26612964030437
0.16019724315257297   237.9267137726223   239.56365981109354
0.1648934968186736   223.78631819735125   225.79179249639304
0.1697274232565544   212.1396085336983   214.36807063965188
0.17470305840495237   202.95012777904822   205.2356187246793
0.17982455651794954   195.74023670734243   197.93019706322553
0.18509619363343993   189.77054143962962   191.75318776529832
0.19052237114327647   184.15546034554666   185.8951781567056
0.19610761946807834   177.96452908903672   179.52881322161122
0.20185660183976684   170.50289927690116   172.05313389807725
0.20777411819498756   161.64751195942787   163.3738658060252
0.21386510918267082   151.86907117363188   153.94074942956027
0.22013466028907505   141.9518999724356   144.45715893829214
0.22658800608375756   132.73662742511218   135.64717405823302
0.23323053459001789   124.89793771197748   128.08877287700335
0.2400677917834628   118.67016097982375   121.94201547550354
0.24710548622244882   113.74887316846574   116.93050054575737
0.25434949381426813   109.48039109864531   112.48108999241573
0.2618058627210567   105.08581460590698   107.942598374076
0.2694808184095226   100.02578001655708   102.88601435060212
0.27738076884870827   94.3025982907676   97.32234552624446
0.2855123098601282   88.35682155230079   91.64567236919443
0.29388223062474755   82.77568535383502   86.3170340037798
0.3024975193514008   78.02170586868132   81.68899773996124
0.31136536911138296   74.13932116727601   77.7808300010898
0.3204931838440838   70.76328161425731   74.28265483761898
0.32988858453867975   67.4162375711368   70.84314484978891
0.3395594155970457   63.79387868715538   67.23274765835599
0.34951375138319807   59.970042677810184   63.52035885700441
0.3597599029647371   56.287873066851425   59.96795766205355
0.37030642505191835   53.02823245685315   56.76460058665531
0.3811621231401457   50.2196765781975   53.91642879965762
0.3923360608618501   47.64517202863594   51.26693771645799
0.4038375675538918   45.05913952914024   48.64904780970412
0.41567624604680364   42.41658703603658   46.0371321219103
0.42786198068238046   39.866171099226555   43.5336312516907
0.4404049455663077   37.55344221280574   41.22738145810676
0.4533156130627191   35.47216886748347   39.10371515981457
0.4666047625377753   33.49820862243985   37.08518551004968
0.4802834893595659   31.549225354778198   35.12417089496948
0.49436321416184764   29.665524330107136   33.24355795230807
0.5088556923793517   27.91910456890081   31.482771372963594
0.5237730240626238   26.31002219865968   29.83730202411677
0.5391276639805903   24.780773143734603   28.27249242123184
0.5549324320192869   23.30577769629959   26.77594541354475
0.5712005238854289   21.910985738257875   25.35866995532018
0.5879455221237613   20.612117381618   24.025827826066475
0.6051814074573895   19.388856305400278   22.76546972248063
0.622922570460556   18.223389212012105   21.56703119141521
0.6411838235736077   17.122563474812132   20.432943480127566
0.6599804134701901   16.090490877300425   19.36288234189283
0.6793280337869897   15.118059544784936   18.350868813135833
0.6992428382266549   14.20015364748038   17.39310352741319
0.7197414540448374   13.3342252091973   16.486899895600526
0.7408409959326054   12.51780633028991   15.629683132456224
0.7625590803058332   11.748497247628839   14.818982498368255
0.7849138400134885   11.023969666291915   14.052429715113833
0.8079239394770964   10.341969383149658   13.327757107022803
0.8316085902740278   9.70031663458356   12.642794688526912
0.8559875671776167   9.096839301330991   11.995433129691124
0.8810812246675007   8.529369472761474   11.383616934162745
0.9069105139239728   7.995849653087324   10.805394453332415
0.9334970003205227   7.49433485020296   10.258916965730402
0.960862881429187   7.0229866856564005   9.742433808377163
0.9890310055537336   6.58006780068946   9.254287682796075
1.0180248908061487   6.163936543971031   8.792910134933507
1.047868744742366   5.773043225018464   8.356817246001203
1.0785874845736239   5.405937523007416   7.944605825041077
1.1102067579703248   5.06125485751431   7.554949154685525
1.1427529644757777   4.737702457870526   7.186592863107866
1.1762532775476793   4.4340559511202695   6.8383512546714105
1.210735667245765   4.149156218428847   6.509103801432065
1.246228923584555   3.881906359615883   6.197791787142482
1.2827626805706884   3.6312687649704336   5.903415099837618
1.3203674409449337   3.396261560597963   5.625025016859562
1.3590746016495152   3.175953839524487   5.3617090292407426
1.3989164800420282   2.9694660113311153   5.112603879509829
1.4399263408778291   2.7759680929413104   4.876897647382337
1.4821384240834183   2.594677134647822   4.653826646735656
1.525587973344019   2.4248547634797606   4.4426725104916605
1.5703112655292182   2.265804839738934   4.2427594522924075
1.6163456409812174   2.1168712226449324   4.05345161994224
1.6637295346910133   1.9774356466889156   3.874143823318708
1.7125025083885144   1.8469156958002768   3.704255309954917
1.7627052835733923   1.7247628606453622   3.543240461733269
1.814379775514258   1.6104607000092948   3.390587822155026
1.8675691282445197   1.5035230929705548   3.245817819880442
1.922317750584177   1.4034925769383733   3.1084806522578003
1.9786713532176083   1.309938768020949   2.9781543170673626
2.0366769868582977   1.222456839883266   2.854441765754232
2.0963830815323896   1.140665806554858   2.7369541201354637
2.1578394870138577   1.0642073266171412   2.6253150865649575
2.2210975144450407   0.9927447089072049   2.519173739823569
2.286209979177315   0.9259616800125221   2.418203016173036
2.3532312448676476   0.8635612089465678   2.322097926929765
2.4222172688678643   0.8052643948845274   2.2305739176982096
2.4932256489445366   0.7508094149051061   2.1433653604975755
2.5663156713684585   0.699950617212285   2.0602233671022545
2.641548360413907   0.6524579520490206   1.9809109160570078
2.7189865293089923   0.6081156347962261   1.9052052927567396
2.798694832679631   0.5667211221419248   1.8328987384290525
2.8807398205309562   0.5280843475118391   1.7637973488291598
2.9651899938111903   0.4920269970823552   1.6977200599595161
3.05211586160442   0.45838182425786744   1.6344977155024698
3.1415899999999994   0.4269919988980333   1.5739721868941987
