0.01   15827.71793571006   15825.693461132782
0.010293154462191829   15957.802956906713   15955.625924895443
0.010594902878253955   16079.892705691404   16077.550568848494
0.010905497183778876   16193.486423276947   16190.964672872564
0.011225196699963396   16298.087054936936   16295.369196047955
0.011554268350120923   16393.195112180038   16390.26293507993
0.011892986882540897   16478.28660024979   16475.12114012239
0.012241635099881474   16552.840653238352   16549.42247131327
0.012600504095286909   16616.348090054034   16612.657257396044
0.012969893495426888   16668.292094018245   16664.306751140986
0.013350111710660605   16708.15637844937   16703.851646272444
0.013741476192534558   16735.44595251242   16730.7940086459
0.014144313698828986   16749.67769301149   16744.648025428163
0.01455896056637426   16750.364552398634   16744.924415686088
0.014985762991865008   16737.0466844243   16731.16134898015
0.01542507732090645   16709.297920666228   16702.930706353734
0.015877270345534218   16666.712057994097   16659.822736461414
0.016342719610456153   16608.915934849178   16601.460060624337
0.016821813728271667   16535.583767602962   16527.513073655915
0.017314952703931925   16446.43794237167   16437.70115531093
0.017822548268711737   16341.250560699267   16331.79450729165
0.01834502422397195   16219.85169970795   16209.62190583144
0.018882816794999403   16082.137667738667   16071.07895641643
0.019436374995219892   15928.096132221817   15916.153335594554
0.02000616100108813   15757.790388200588   15744.90901998286
0.020592650537967844   15571.352520981898   15557.479546909186
0.021196333277324068   15369.035210715814   15354.123264906806
0.02181771324555934   15151.21863310674   15135.230629536767
0.022457309244835088   14918.348822785696   14901.258336557861
0.02311565528622961   14670.972315790365   14652.764434463776
0.023793301035594242   14409.847587208646   14390.521953067238
0.024490812272480036   14135.813314645337   14115.384376296797
0.025208771362518027   13849.75441051269   13828.251097675096
0.0259477777436476   13552.777185886865   13530.248599105307
0.02670844842659881   13246.15264976277   13222.671772447628
0.027491418510046592   12931.142241417905   12906.803734393268
0.028297341710866907   12609.11607325108   12584.034050919727
0.029126890909937666   12281.745841924992   12256.051911593227
0.029980758713939952   11950.673917843524   11924.514401746323
0.030859658033628758   11617.477809471588   11591.010836093219
0.031764322679055976   11283.956770285924   11257.348978840377
0.03269550797224261   10951.950490003943   10925.374090585961
0.033653991377811755   10623.132768700942   10596.763056157833
0.03464057315210884   10299.24847070216   10273.250794580175
0.03565607701135116   9982.28084900699   9956.790423152966
0.036701350819364466   9674.019067694198   9649.141169895905
0.03777726729548091   9375.981826479381   9351.792713425019
0.038884724743189276   9089.224354243115   9065.762855268502
0.04002464780014597   8814.54190269761   8791.809102792611
0.041197988210172884   8552.611052587534   8530.573317894725
0.04240572561788674   8304.443275043337   8282.98569005909
0.04364886838662332   8071.469988240136   8050.341477141571
0.04492845444033957   7854.970836857601   7833.794520176932
0.04624555213019635   7655.292698512107   7633.600105758059
0.04760126112654554   7470.487937500016   7447.791178409378
0.04899671333706607   7298.381934507402   7274.186133166633
0.05043307385181555   7137.02380681251   7110.828540180001
0.05191154191598653   6984.723702968935   6956.027457552315
0.053433351931179485   6839.937989347057   6808.240268092557
0.05499977448602865   6700.79548834273   6665.635170987831
0.05661211741704101   6564.862862127966   6525.877312156838
0.05827172690053434   6429.745037313735   6386.688831085234
0.05997998857658587   6292.505737286968   6245.374343356221
0.06173832870592997   6150.097178385818   6099.1811410504015
0.0635482153607709   5999.502899058866   5945.453486914457
0.06541115965050462   5837.6956789349515   5781.608682602948
0.06732871698337338   5662.347376505729   5605.754326497687
0.06930248836510605   5472.314035986969   5417.200707026271
0.07133412173562886   5267.382676181232   5216.091016417896
0.07342531334496233   5049.019328125178   5004.093541748865
0.07557780916945323   4819.598846914604   4783.623356282761
0.07779340636952398   4582.946806483343   4558.320279082811
0.08007395479015682   4343.2772661861745   4332.07256570224
0.08242135850536496   4105.228497966353   4109.042510042768
0.08483757740794096   3873.440238952884   3893.2418468918654
0.08732462884580919   3652.5057059534356   3688.4940902158073
0.08988458930634863   3446.999097378329   3498.3883336009962
0.09251959615009227   3260.8783459041188   3325.938103216469
0.09523184939525078   3096.972116038577   3173.0034270785736
0.09802361355455057   2956.9989626642478   3040.482848063236
0.10089721952591899   2840.151489439446   2927.2474316828293
0.10385506653859616   2744.1511892631997   2830.966399231497
0.10689962415629803   2664.408064653844   2747.3951097543936
0.11003343433910281   2595.4245821210147   2671.8830771637818
0.11325911356578279   2530.8574095390795   2599.571799940899
0.11657935501835284   2464.3868951337336   2525.692988681154
0.11999693083066039   2390.337103983618   2446.239693070609
0.12351469440289359   2304.471733647346   2358.774176048032
0.12713558278394044   2204.919374898869   2262.480476824255
0.13086261912358757   2092.351096974929   2158.3003837055894
0.13469891519660646   1969.9318631976562   2048.9719950803283
0.13864767400083483   1842.8306981041576   1938.4723228649186
0.14271219243142114   1717.6804295368727   1831.2140509694623
0.14689586403346616   1601.6364081483407   1731.686519215627
0.1512021818353596   1500.8239646407824   1643.5567853622836
0.15563474126517718   1418.379102288282   1568.0140844738899
0.16019724315257297   1353.5539112890326   1503.9511155729554
0.1648934968186736   1302.7111907832334   1448.7366893272074
0.1697274232565544   1260.6473228085333   1398.741311314769
0.17470305840495237   1221.1064518789055   1350.3877377794347
0.17982455651794954   1177.467582847197   1300.0906764450071
0.18509619363343993   1125.0013789556565   1246.3380697859304
0.19052237114327647   1063.2093239687586   1189.2589434215815
0.19610761946807834   995.5267697715666   1130.6327935194104
0.20185660183976684   927.3237728764852   1073.5283941744199
0.20777411819498756   864.2122357950514   1020.3777401652715
0.21386510918267082   810.7162296306685   972.7387405807285
0.22013466028907505   768.1831870444553   931.013347250835
0.22658800608375756   734.4914126193812   893.3324115825367
0.23323053459001789   705.221140913088   858.1310214704777
0.2400677917834628   675.162449835194   823.49397753329
0.24710548622244882   640.8754237683314   788.2534037436301
0.25434949381426813   602.5586969288292   752.9193234735955
0.2618058627210567   563.0368122074383   718.3505953368698
0.2694808184095226   526.0556137250976   685.8857297987403
0.27738076884870827   494.5467372923431   655.907352960766
0.2855123098601282   468.65237607050426   628.4402878960459
0.29388223062474755   446.04059677447333   602.596423568422
0.3024975193514008   423.7545428290996   577.6217521890217
0.31136536911138296   399.91686954581934   553.1984054661539
0.3204931838440838   375.04301371139076   529.5717251329124
0.32988858453867975   351.20807490492143   506.98706754190954
0.3395594155970457   330.0434932850277   485.76266603314576
0.34951375138319807   311.69857243265676   465.92033355853016
0.3597599029647371   294.86426180234974   447.00893329199096
0.37030642505191835   278.1074511935753   428.8661492508799
0.3811621231401457   261.18428528596206   411.4047380046619
0.3923360608618501   244.93292782530847   394.73305567750987
0.4038375675538918   230.15936875454918   378.96611102660796
0.41567624604680364   216.80378913779649   364.0525061508549
0.42786198068238046   204.1826491298921   349.82233437395433
0.4404049455663077   191.83289018627676   336.1690405114452
0.4533156130627191   179.9741706607811   323.1680058484382
0.4666047625377753   168.97099873792016   310.8038979856868
0.4802834893595659   158.81564749863657   299.0589417615628
0.49436321416184764   149.2014350958173   287.85246014486313
0.5088556923793517   139.9916766401588   277.13181217689515
0.5237730240626238   131.30802723074243   266.914379253874
0.5391276639805903   123.21871689286476   257.19200612675206
0.5549324320192869   115.61796764126436   247.9181590802924
0.5712005238854289   108.41178272975479   239.05022356556202
0.5879455221237613   101.6246418125634   230.5879822342746
0.6051814074573895   95.26816000122209   222.51469549997884
0.622922570460556   89.29549674893886   214.7996412984775
0.6411838235736077   83.67469010185003   207.42666782655593
0.6599804134701901   78.38747533609533   200.37775402641984
0.6793280337869897   73.41637349916654   193.63479921574407
0.6992428382266549   68.74459258262026   187.18085331443834
0.7197414540448374   64.35602280968578   181.00003587171005
0.7408409959326054   60.235229376907725   175.07746136754895
0.7625590803058332   56.36744294993946   169.39917026424146
0.7849138400134885   52.738531735596354   163.95202905808708
0.8079239394770964   49.33468054468204   158.72296322161833
0.8316085902740278   46.14249453097355   153.69905102840207
0.8559875671776167   43.14932921161681   148.86821914601018
0.8810812246675007   40.34326333289304   144.21920966573003
0.9069105139239728   37.713059414791225   139.74152163908786
0.9334970003205227   35.24812633957643   135.42535746071266
0.960862881429187   32.93848388429683   131.26157365808916
0.9890310055537336   30.774735865892353   127.24157966390257
1.0180248908061487   28.74809075245871   123.35683460505405
1.047868744742366   26.8502865353229   119.59911216078045
1.0785874845736239   25.073524908757037   115.96077610169239
1.1102067579703248   23.410447582299593   112.43474355022782
1.1427529644757777   21.854113980657203   109.01444817420246
1.1762532775476793   20.39797987780853   105.69380641947706
1.210735667245765   19.035876941484737   102.46718648241256
1.246228923584555   17.761990238668034   99.32936331493651
1.2827626805706884   16.570829443846502   96.27543022335131
1.3203674409449337   15.457224281973744   93.30084026852911
1.3590746016495152   14.416311893814134   90.40141061474868
1.3989164800420282   13.443519751958554   87.57330073646641
1.4399263408778291   12.534549436078228   84.81299213483953
1.4821384240834183   11.685361232358007   82.11726940726757
1.525587973344019   10.892159521277076   79.48320270229398
1.5703112655292182   10.15137891377152   76.90825927402507
1.6163456409812174   9.459671105850056   74.39048543853838
1.6637295346910133   8.813892442520464   71.92816097056105
1.7125025083885144   8.21109212493658   69.51972389751501
1.7627052835733923   7.648501040679559   67.16376047445087
1.814379775514258   7.123521190823387   64.85899552822106
1.8675691282445197   6.633715685629591   62.60428313485986
1.922317750584177   6.176799263478441   60.39860134598903
1.9786713532176083   5.750628306826264   58.24126408694264
2.0366769868582977   5.353192187161759   56.13199576157985
2.0963830815323896   4.982607077472179   54.07056293814819
2.1578394870138577   4.637108450122913   52.05673793231756
2.2210975144450407   4.315043843841544   50.09029579710011
2.286209979177315   4.014866045089606   48.17101144279933
2.3532312448676476   3.735126661856044   46.29865689116737
2.4222172688678643   3.474470164580161   44.47302047633389
2.4932256489445366   3.231629834820364   42.694296652237476
2.5663156713684585   3.0054216490137735   40.96296780828792
2.641548360413907   2.7947374172570534   39.27939013313295
2.7189865293089923   2.5985401074513894   37.64378519037363
2.798694832679631   2.4158595002922443   36.056247194215494
2.8807398205309562   2.245788091349328   34.51675034781174
2.9651899938111903   2.08747722763686   33.025156203130614
3.05211586160442   1.9401328258001898   31.58119028242518
3.1415899999999994   1.8030072993779487   30.184216086369787
