0.01   205.5956277074382   205.59544131980456
0.010293154462191829   208.28410801654346   208.28394173264638
0.010594902878253955   210.91342428018794   210.91326912875803
0.010905497183778876   213.47728515069744   213.47713393500024
0.011225196699963396   215.96923488440666   215.9690834700828
0.011554268350120923   218.38272638244462   218.3825735660384
0.011892986882540897   220.711123494503   220.7109687940001
0.012241635099881474   222.94772995171658   222.9475725177664
0.012600504095286909   225.08581478285075   225.08565338622708
0.012969893495426888   227.11839764436576   227.11823100875057
0.013350111710660605   229.03814501099583   229.03797232931439
0.013741476192534558   230.83771753054316   230.83753852676696
0.014144313698828986   232.50976691475677   232.5095818689489
0.01455896056637426   234.04671096596897   234.04652076234302
0.014985762991865008   235.44097433428757   235.4407804849973
0.01542507732090645   236.68511800131532   236.68492259175326
0.015877270345534218   237.77173953379994   237.77154365047133
0.016342719610456153   238.69350525231638   238.69330732769194
0.016821813728271667   239.44333153274235   239.4431272323902
0.017314952703931925   240.01437275149334   240.0141554031436
0.017822548268711737   240.399917676556   240.3996797861271
0.01834502422397195   240.5935981310847   240.59333173063962
0.018882816794999403   240.5894846698978   240.58918141914248
0.019436374995219892   240.3822032168882   240.38185529549727
0.02000616100108813   239.96695833740577   239.96655909533553
0.020592650537967844   239.33952402585976   239.33906803095942
0.021196333277324068   238.4964971375986   238.49598025424797
0.02181771324555934   237.43559966105528   237.4350191844509
0.022457309244835088   236.15528904403692   236.15464371796955
0.02311565528622961   234.65484328518858   234.6541330305858
0.023793301035594242   232.93527545838558   232.93449921790838
0.024490812272480036   230.99879983664948   230.99795457174764
0.025208771362518027   228.84834342234194   228.84742426197764
0.0259477777436476   226.48859449113036   226.48759857439703
0.02670844842659881   223.9265135881131   223.9254457205266
0.027491418510046592   221.1697332536369   221.1686060446213
0.028297341710866907   218.22696315977345   218.22579555400614
0.029126890909937666   215.11042482260194   215.109236210422
0.029980758713939952   211.83353567741412   211.83234395688342
0.030859658033628758   208.4098467231486   208.4086684779092
0.031764322679055976   204.85508086906677   204.85393680191137
0.03269550797224261   201.18702391639735   201.18594419835603
0.033653991377811755   197.42306689134406   197.42209058978128
0.03464057315210884   193.58190322097082   193.58107280380833
0.03565607701135116   189.68795753566204   189.6873024677197
0.036701350819364466   185.76565236851408   185.76518652803398
0.03777726729548091   181.83751630423492   181.83724152869942
0.038884724743189276   177.92014573292568   177.92008584357927
0.04002464780014597   174.02575853594166   174.02598154173728
0.041197988210172884   170.1656160969783   170.16623051544732
0.04240572561788674   166.35710976750056   166.35819970591
0.04364886838662332   162.63228860277988   162.63377524550933
0.04492845444033957   159.02258516154214   159.0242216273659
0.04624555213019635   155.5543654416635   155.55577917193415
0.04760126112654554   152.23308783416584   152.234023883455
0.04899671333706607   149.05425350453507   149.05468180336783
0.05043307385181555   146.01325536932669   146.0133483335119
0.05191154191598653   143.0993970681565   143.0993736891339
0.053433351931179485   140.29566733400947   140.2956341060648
0.05499977448602865   137.58570731217006   137.58565806889789
0.05661211741704101   134.94964444801633   134.94945142034769
0.05827172690053434   132.36368281461938   132.36308591174566
0.05997998857658587   129.80505294976578   129.80367680089043
0.06173832870592997   127.24819747289429   127.24564631102267
0.0635482153607709   124.66678311026332   124.66269808607494
0.06541115965050462   122.03392007531153   122.02803237805576
0.06732871698337338   119.31728989093779   119.30956543287456
0.06930248836510605   116.48639524453242   116.47704270574481
0.07133412173562886   113.51219263560743   113.50162609192834
0.07342531334496233   110.36913013304085   110.35793276709417
0.07557780916945323   107.0441261532982   107.03290527758513
0.07779340636952398   103.53644509288216   103.52569809118346
0.08007395479015682   99.86290321555215   99.85302706224115
0.08242135850536496   96.05985560533561   96.05116733739939
0.08483757740794096   92.17562783668892   92.16840804355942
0.08732462884580919   88.26980456897361   88.26434579661097
0.08988458930634863   84.40413145019437   84.40076532403195
0.09251959615009227   80.63947000550391   80.63856041359671
0.09523184939525078   77.03266296263905   77.03440960753335
0.09802361355455057   73.63434062450759   73.63864367374121
0.10089721952591899   70.4895147683153   70.4957999003635
0.10385506653859616   67.63139076298485   67.63866693055313
0.10689962415629803   65.07530889274865   65.08228610873466
0.11003343433910281   62.81629036537439   62.821620134763954
0.11325911356578279   60.81663132003233   60.819315763676066
0.11657935501835284   59.016474602612135   59.01583474554018
0.11999693083066039   57.33438311851126   57.329989969311036
0.12351469440289359   55.68403491443872   55.6757281862507
0.12713558278394044   53.984151157074834   53.972113316485924
0.13086261912358757   52.1700223736552   52.154936071480826
0.13469891519660646   50.2025248086057   50.18555090141801
0.13864767400083483   48.072670382069916   48.05533254819528
0.14271219243142114   45.807922258365906   45.79189606835073
0.14689586403346616   43.46567650716418   43.45255189138309
0.1512021818353596   41.1219017953914   41.112924110443444
0.15563474126517718   38.85965595059038   38.85539671216443
0.16019724315257297   36.75957066591181   36.75945997037666
0.1648934968186736   34.88802661476287   34.89022885002619
0.1697274232565544   33.2778147969223   33.27993184683593
0.17470305840495237   31.911238276178693   31.91119536578514
0.17982455651794954   30.721291279186875   30.717637115778604
0.18509619363343993   29.618114933647263   29.60990831791925
0.19052237114327647   28.518388749953303   28.50542961977225
0.19610761946807834   27.356047857000917   27.339585689614015
0.20185660183976684   26.090433894836178   26.073169968726276
0.20777411819498756   24.728121208491068   24.712650664968002
0.21386510918267082   23.330609186021295   23.318515328012005
0.22013466028907505   21.982018359121543   21.973711809987634
0.22658800608375756   20.749490650778576   20.74431476503024
0.23323053459001789   19.66944294137317   19.665255237510618
0.2400677917834628   18.741048165900963   18.735398129894925
0.24710548622244882   17.92053148933792   17.911652699704778
0.25434949381426813   17.141003947433756   17.128518558552038
0.2618058627210567   16.344532040957205   16.329597942898392
0.2694808184095226   15.502517905350873   15.48760848553894
0.27738076884870827   14.63301480448576   14.61995359148415
0.2855123098601282   13.787191155813899   13.776707777200118
0.29388223062474755   13.009687336209648   13.001127302595982
0.3024975193514008   12.319260164032558   12.3107631746014
0.31136536911138296   11.704546113320605   11.69439636798471
0.3204931838440838   11.126963593985973   11.114843420362789
0.32988858453867975   10.551612288303689   10.538459714873033
0.3395594155970457   9.969648793203422   9.95697643103003
0.34951375138319807   9.396923364847288   9.385800233634905
0.3597599029647371   8.860547106188593   8.850648686489528
0.37030642505191835   8.373178851920724   8.36336728129528
0.3811621231401457   7.9248727672614665   7.914324253458011
0.3923360608618501   7.497044981704256   7.485870516505397
0.4038375675538918   7.0774063529321625   7.066446729850938
0.41567624604680364   6.669670036273511   6.6595739398164495
0.42786198068238046   6.285578704135684   6.276238964624858
0.4404049455663077   5.929743374148517   5.92061376135588
0.4533156130627191   5.59640517816968   5.587164914828689
0.4666047625377753   5.277241274742506   5.268174280125349
0.4802834893595659   4.970641077727401   4.962148879182975
0.49436321416184764   4.6802232425044465   4.672341629466722
0.5088556923793517   4.408385448479654   4.4008787225372705
0.5237730240626238   4.152270898142781   4.145029371626841
0.5391276639805903   3.9086882414095365   3.901859042365927
0.5549324320192869   3.677354807634952   3.6710850255242984
0.5712005238854289   3.4593975354198507   3.4536212302695413
0.5879455221237613   3.254181735686239   3.248825180880524
0.6051814074573895   3.0600499943804436   3.0551541745906574
0.622922570460556   2.8764058044041323   2.872022671705558
0.6411838235736077   2.703283390282983   2.6993897544620067
0.6599804134701901   2.5401287227689635   2.53669447169038
0.6793280337869897   2.3861337725493352   2.3831831845261053
0.6992428382266549   2.240915731338912   2.2384547094218545
0.7197414540448374   2.1040629436148808   2.1020791065836373
0.7408409959326054   1.975126630871506   1.9736101543022204
0.7625590803058332   1.853679465278785   1.8526224203227815
0.7849138400134885   1.7393151229465933   1.7387107817482583
0.8079239394770964   1.6316473867568964   1.6314896523698952
0.8316085902740278   1.530309278819254   1.5305922242628063
0.8559875671776167   1.4349522583472742   1.4356697568606667
0.8810812246675007   1.345246692727339   1.346391988441042
0.9069105139239728   1.2608810368637362   1.2624463934841186
0.9334970003205227   1.1815592072709589   1.1835358276127876
0.960862881429187   1.1069998347522174   1.1093778344826382
0.9890310055537336   1.0369356628673365   1.0397040769827521
1.0180248908061487   0.971112961102503   0.9742597771362603
1.047868744742366   0.9092909532003675   0.912803165864914
1.0785874845736239   0.8512411788000459   0.8551048513563934
1.1102067579703248   0.7967465152244314   0.8009467993180965
1.1427529644757777   0.745601112788996   0.750122332129394
1.1762532775476793   0.6976101347668187   0.7024359052652123
1.210735667245765   0.6525892363377725   0.6577025865963744
1.246228923584555   0.6103640623529623   0.615747552605402
1.2827626805706884   0.570769764541443   0.5764056025773073
1.3203674409449337   0.5336505376363503   0.5395206900169093
1.3590746016495152   0.49885915916468526   0.5049453895873155
1.3989164800420282   0.4662565526144937   0.4725404096015076
1.4399263408778291   0.4357114107545506   0.44217435519507015
1.4821384240834183   0.40709980595167466   0.41372334285064544
1.525587973344019   0.38030481313419306   0.38707060894482365
1.5703112655292182   0.35521614921904415   0.3621061355610202
1.6163456409812174   0.33172982849117344   0.33872629306540136
1.6637295346910133   0.3097478286667768   0.31683353158691496
1.7125025083885144   0.2891777274414401   0.2963363942442268
1.7627052835733923   0.2699324374588269   0.2771489707783808
1.814379775514258   0.2519299614730865   0.2591903202010894
1.8675691282445197   0.23509311690168266   0.2423842088845624
1.922317750584177   0.21934927297034737   0.22665886472128846
1.9786713532176083   0.2046301007293247   0.2119467416007007
2.0366769868582977   0.19087133541542456   0.19818429397284285
2.0963830815323896   0.1780125339840062   0.18531165045511544
2.1578394870138577   0.16599683055961054   0.17327220576178518
2.2210975144450407   0.15477078743346365   0.16201278456027435
2.286209979177315   0.14428421145689735   0.15148351853918962
2.3532312448676476   0.13448996780433892   0.14163764902699683
2.4222172688678643   0.12534380363140268   0.1324313406609253
2.4932256489445366   0.11680418115996055   0.12382350554922082
2.5663156713684585   0.10883212218091151   0.11577564479319902
2.641548360413907   0.10139111281870719   0.10825185699058995
2.7189865293089923   0.09444694547088037   0.10121864272377885
2.798694832679631   0.08796751904284657   0.0946445651560232
2.8807398205309562   0.08192271455066936   0.08850012345252757
2.9651899938111903   0.07628428032789841   0.0827576418889166
3.05211586160442   0.07102572327023984   0.07739116450869403
3.1415899999999994   0.06612220584876417   0.07237635512720245
