0.01   3931.0712080889593   3930.914579139566
0.010293154462191829   3981.350017181153   3981.188390220287
0.010594902878253955   4030.3744453572394   4030.2073262460253
0.010905497183778876   4078.0216692272293   4077.8487047076314
0.011225196699963396   4124.167134513419   4123.988116404575
0.011554268350120923   4168.682138228049   4168.496869053433
0.011892986882540897   4211.433440377274   4211.241560136605
0.012241635099881474   4252.286850133584   4252.087820192174
0.012600504095286909   4291.106079138011   4290.899197201406
0.012969893495426888   4327.74751169252   4327.531990681783
0.013350111710660605   4362.066057041553   4361.8410465795805
0.013741476192534558   4393.917363498221   4393.681949777642
0.014144313698828986   4423.154303078298   4422.9074794685575
0.01455896056637426   4449.628169812928   4449.368811956965
0.014985762991865008   4473.192957899287   4472.919825206034
0.01542507732090645   4493.703836348365   4493.415516951329
0.015877270345534218   4511.013727317946   4510.708482120648
0.016342719610456153   4524.979535956813   4524.655275264513
0.016821813728271667   4535.4638273199225   4535.11812395544
0.017314952703931925   4542.332738662761   4541.9629079285505
0.017822548268711737   4545.458252480451   4545.06140715191
0.01834502422397195   4544.721095033291   4544.294162022273
0.018882816794999403   4540.012136402396   4539.551844863217
0.019436374995219892   4531.2336892591375   4530.736535340817
0.02000616100108813   4518.299745356668   4517.762011462062
0.020592650537967844   4501.138009483015   4500.555805464454
0.021196333277324068   4479.697549976616   4479.066925847228
0.02181771324555934   4453.944582708984   4453.261593674943
0.022457309244835088   4423.860159485332   4423.120907296038
0.02311565528622961   4389.453752478799   4388.654713779663
0.023793301035594242   4350.7668846173065   4349.90530838259
0.024490812272480036   4307.856765392394   4306.9307030352
0.025208771362518027   4260.804165316687   4259.812597746416
0.0259477777436476   4209.742493402439   4208.685865613987
0.02670844842659881   4154.827202287973   4153.707515711504
0.027491418510046592   4096.22659424027   4095.047342327446
0.028297341710866907   4034.16345520837   4032.9297431364785
0.029126890909937666   3968.9059110577978   3967.624522020937
0.029980758713939952   3900.725149275265   3899.404407914879
0.030859658033628758   3829.9210134843784   3828.570781316048
0.031764322679055976   3756.8706340239046   3755.5025553155106
0.03269550797224261   3681.95375862806   3680.5811199498808
0.033653991377811755   3605.542106306183   3604.179558859617
0.03464057315210884   3528.060972363124   3526.723703852265
0.03565607701135116   3449.9544547988926   3448.657663396419
0.036701350819364466   3371.6388388499217   3370.3976172370603
0.03777726729548091   3293.552194313083   3292.3804386632237
0.038884724743189276   3216.196044653064   3215.1045657151594
0.04002464780014597   3140.0395246838634   3139.036069021436
0.041197988210172884   3065.4943100304517   3064.5836836121575
0.04240572561788674   2992.834647592315   2992.0180068653553
0.04364886838662332   2922.265648027558   2921.5404395197347
0.04492845444033957   2853.9726416252925   2853.332837476008
0.04624555213019635   2788.243600034015   2787.6746485369426
0.04760126112654554   2725.4996175556507   2724.9721214655106
0.04899671333706607   2666.1315734276163   2665.6021315944886
0.05043307385181555   2610.2884768662207   2609.7035279501856
0.05191154191598653   2557.4834115416993   2556.7881440752476
0.053433351931179485   2507.148780259461   2506.2887379536455
0.05499977448602865   2458.772008098402   2457.693269725937
0.05661211741704101   2411.91878705076   2410.568559502099
0.05827172690053434   2366.1921975443265   2364.51907475566
0.05997998857658587   2321.1285710056904   2319.0866132283063
0.06173832870592997   2276.1425869874397   2273.697781217452
0.0635482153607709   2230.662147564978   2227.7941431645386
0.06541115965050462   2184.007876802536   2180.7222074415336
0.06732871698337338   2135.4827621031213   2131.816182838584
0.06930248836510605   2084.4138690248956   2080.4412263396557
0.07133412173562886   2030.1430171612847   2025.986633972724
0.07342531334496233   1972.1764262004815   1968.0072156170033
0.07557780916945323   1910.3055208843496   1906.3511678524865
0.07779340636952398   1844.5629091198157   1841.093738926359
0.08007395479015682   1775.4795923774443   1772.7765456299906
0.08242135850536496   1703.8089999990937   1702.1500676315943
0.08483757740794096   1630.6629799110985   1630.3157753114374
0.08732462884580919   1557.2304841325986   1558.4329513214973
0.08988458930634863   1484.7946178892637   1487.7217737003075
0.09251959615009227   1414.5844852510468   1419.340757180293
0.09523184939525078   1347.7655331038939   1354.3783179083018
0.09802361355455057   1285.4274270008164   1293.8130558055134
0.10089721952591899   1228.5016456813287   1238.4627266078055
0.10385506653859616   1177.594577588534   1188.8365154083606
0.10689962415629803   1133.0167242495331   1145.1661186295778
0.11003343433910281   1094.3805951741817   1107.016889180896
0.11325911356578279   1060.8792032396877   1073.5754836165881
0.11657935501835284   1031.0631213491445   1043.4828908043678
0.11999693083066039   1003.2722463364892   1015.2130464652726
0.12351469440289359   975.7097709750839   987.1463235287671
0.12713558278394044   946.7508597633166   957.8756904854564
0.13086261912358757   915.0993877018382   926.3153559734734
0.13469891519660646   879.9864768884169   891.8522404307581
0.13864767400083483   841.3609411079085   854.5204244752142
0.14271219243142114   799.8672389056453   814.9583927311521
0.14689586403346616   756.7584481614539   774.3091918079291
0.1512021818353596   713.6663055963461   733.9911537633533
0.15563474126517718   672.3851223978569   695.5067306975368
0.16019724315257297   634.6532758273829   660.2157292054529
0.1648934968186736   601.81232173836   629.1241613569038
0.1697274232565544   574.3369886106834   602.5851478615587
0.17470305840495237   551.5608654866178   579.8239936753533
0.17982455651794954   531.97901150096   559.6414553638988
0.18509619363343993   513.8194945035342   540.605974633049
0.19052237114327647   495.38643096884044   521.4161136664894
0.19610761946807834   475.22973886566007   501.01785552309474
0.20185660183976684   452.58697503459143   478.90396057998186
0.20777411819498756   427.9025611271482   455.54449468130775
0.21386510918267082   402.6437944825033   432.12135670506143
0.22013466028907505   378.4918389383274   409.778135166483
0.22658800608375756   356.78240856914863   389.43983171977425
0.23323053459001789   338.2534593365302   371.51867130726185
0.2400677917834628   322.73809559127426   355.8003293700539
0.24710548622244882   309.14176431030074   341.50076510036257
0.25434949381426813   296.04576384363867   327.6648368369445
0.2618058627210567   282.2558332177112   313.55642452873207
0.2694808184095226   267.3231004871603   298.98292737295094
0.27738076884870827   251.8395668982533   284.32113442771754
0.2855123098601282   236.89562015597014   270.3044353336477
0.29388223062474755   223.37441744081735   257.3638426207076
0.3024975193514008   211.64711871270868   245.637159397284
0.31136536911138296   201.3192841057707   234.87767356169232
0.3204931838440838   191.51271176229332   224.58028231204028
0.32988858453867975   181.5636424810402   214.43953972492653
0.3395594155970457   171.3498919256253   204.37613889554206
0.34951375138319807   161.3153030752341   194.6649207804027
0.3597599029647371   152.04780868286244   185.5709156121319
0.37030642505191835   143.73210765806408   177.09967116717064
0.3811621231401457   136.11805692835532   169.1356172933674
0.3923360608618501   128.78325922307235   161.49902634707527
0.4038375675538918   121.50608298174456   154.09460059766894
0.41567624604680364   114.43004556370568   146.98837658821304
0.42786198068238046   107.81727094761656   140.269721716089
0.4404049455663077   101.73627850724837   133.93716794739063
0.4533156130627191   96.03687941902386   127.9213302944801
0.4666047625377753   90.54599359402197   122.16404667017142
0.4802834893595659   85.25358369494376   116.66332239581126
0.49436321416184764   80.26228474814178   111.43584473757318
0.5088556923793517   75.60719781904875   106.48445162654589
0.5237730240626238   71.2195917216566   101.77570721510905
0.5391276639805903   67.03356069366869   97.28575322366761
0.5549324320192869   63.05841023508168   93.01409157337558
0.5712005238854289   59.322003332793415   88.95642070967575
0.5879455221237613   55.805948722881716   85.10099657604658
0.6051814074573895   52.47583669074764   81.4318840523372
0.622922570460556   49.324841069125675   77.94025105633615
0.6411838235736077   46.35782783793185   74.62241987772826
0.6599804134701901   43.56140606709105   71.46796314755731
0.6793280337869897   40.92316981970043   68.46702395045482
0.6992428382266549   38.43549846453728   65.61318194005158
0.7197414540448374   36.09059720207097   62.898922426633135
0.7408409959326054   33.880986999806716   60.31705246961441
0.7625590803058332   31.79952316415771   57.86076326218126
0.7849138400134885   29.839384918423022   55.5236094863576
0.8079239394770964   27.994064935256766   53.299489765135554
0.8316085902740278   26.257358862686804   51.18262815579925
0.8559875671776167   24.62334478349419   49.16750384922495
0.8810812246675007   23.08634370668513   47.24867193321281
0.9069105139239728   21.640950311120132   45.42094574118077
0.9334970003205227   20.28203436115909   43.679445355577464
0.960862881429187   19.00472857976759   42.01957802386773
0.9890310055537336   17.80441692302791   40.437019907365645
1.0180248908061487   16.676723252856   38.92769906868325
1.047868744742366   15.617500431424356   37.48777799457765
1.0785874845736239   14.622821732838817   36.11352218338067
1.1102067579703248   13.688971325813812   34.80122947988612
1.1427529644757777   12.81243090091354   33.54741762958126
1.1762532775476793   11.989870092337167   32.34882783215149
1.210735667245765   11.218137606108996   31.20240891754119
1.246228923584555   10.49425268069776   30.105302751135685
1.2827626805706884   9.815396874107789   29.054830765073064
1.3203674409449337   9.178905988745345   28.048469918002628
1.3590746016495152   8.582260505021138   27.083708692978476
1.3989164800420282   8.02307964547312   26.15810351204622
1.4399263408778291   7.499116102544538   25.269376612475547
1.4821384240834183   7.008249244550523   24.41540593977886
1.525587973344019   6.54847858652182   23.59421382570629
1.5703112655292182   6.117917552551247   22.80395660092822
1.6163456409812174   5.714787519927033   22.042915057369942
1.6637295346910133   5.3374119315420305   21.309470341765497
1.7125025083885144   4.984210301186103   20.60204849723537
1.7627052835733923   4.6536938770032545   19.919169133419363
1.814379775514258   4.344460942454999   19.259457052182142
1.8675691282445197   4.055192080114766   18.621634955536603
1.922317750584177   3.7846456671265147   18.00451674047669
1.9786713532176083   3.531653592904966   17.40700132555954
2.0366769868582977   3.295117182543818   16.828066692632923
2.0963830815323896   3.074002832138538   16.266745825146465
2.1578394870138577   2.867338191005052   15.72211263768894
2.2210975144450407   2.6742095931550964   15.193309468325223
2.286209979177315   2.4937587879327276   14.67954565070442
2.3532312448676476   2.3251797560659226   14.180093173087364
2.4222172688678643   2.1677156956445662   13.694282641347353
2.4932256489445366   2.020656169893597   13.221499514691143
2.5663156713684585   1.8833345048255485   12.761189426786963
2.641548360413907   1.7551262635856395   12.312954393874449
2.7189865293089923   1.635446118914047   11.876497949028588
2.798694832679631   1.5237446984634984   11.451540911503502
2.8807398205309562   1.4195064954437568   11.037818680129533
2.9651899938111903   1.322247906231043   10.635080213879124
3.05211586160442   1.2315153716838572   10.243087057848081
3.1415899999999994   1.1468836174708763   9.861612412624881
