0.01   9243.248098766893   9240.5461860643
0.010293154462191829   9377.992438107307   9375.031728421702
0.010594902878253955   9510.784298718398   9507.53840931463
0.010905497183778876   9641.359322919385   9637.80000299379
0.011225196699963396   9769.44281776776   9765.540373664431
0.011554268350120923   9894.754184273805   9890.477483288594
0.011892986882540897   10016.999900569615   10012.315432212643
0.012241635099881474   10135.871158112244   10130.741727163066
0.012600504095286909   10251.05397661432   10245.438569572565
0.012969893495426888   10362.22784542269   10356.081708190197
0.013350111710660605   10469.054849379287   10462.330000142152
0.013741476192534558   10571.190268211689   10563.835707419661
0.014144313698828986   10668.287741239994   10660.24949228832
0.01455896056637426   10759.990506937476   10751.210559214649
0.014985762991865008   10845.931524797528   10836.346670829169
0.01542507732090645   10925.74537288983   10915.287251258786
0.015877270345534218   10999.066386144337   10987.661528846718
0.016342719610456153   11065.518597099464   11053.088226466953
0.016821813728271667   11124.729059887812   11111.189240616506
0.017314952703931925   11176.333055743939   11161.594939460596
0.017822548268711737   11219.967612463934   11203.936643206715
0.01834502422397195   11255.27457968178   11237.849895509768
0.018882816794999403   11281.910392671027   11262.985282189213
0.019436374995219892   11299.547596095035   11279.009820656822
0.02000616100108813   11307.875024201423   11285.606705572096
0.020592650537967844   11306.60268749819   11282.480911277118
0.021196333277324068   11295.465483825912   11269.363141933132
0.02181771324555934   11274.234999887592   11246.021699840705
0.022457309244835088   11242.71863654107   11212.261697863325
0.02311565528622961   11200.754484087201   11167.920034580231
0.023793301035594242   11148.228189515308   11112.883240896126
0.024490812272480036   11085.095827124765   11047.11165226135
0.025208771362518027   11011.353177326335   10970.606780185226
0.0259477777436476   10927.037854864024   10883.413519792612
0.02670844842659881   10832.289790989465   10785.68416787878
0.027491418510046592   10727.32031332769   10677.645516060455
0.028297341710866907   10612.373148644467   10559.557431448837
0.029126890909937666   10487.783552385967   10431.773935533118
0.029980758713939952   10354.030182025515   10294.796648693997
0.030859658033628758   10211.623080605836   10149.158685179575
0.031764322679055976   10061.106614936387   9995.427730757334
0.03269550797224261   9903.184535649767   9834.3360536556
0.033653991377811755   9738.625701590285   9666.68209271479
0.03464057315210884   9568.190717490053   9493.253903059556
0.03565607701135116   9392.774869816205   9314.970228938559
0.036701350819364466   9213.473598984829   9132.944703150108
0.03777726729548091   9031.34995061676   8948.255577072252
0.038884724743189276   8847.408148512635   8761.920480757233
0.04002464780014597   8662.583742062325   8574.89098114443
0.041197988210172884   8477.748538169957   8388.053801343473
0.04240572561788674   8293.721199643307   8202.23884605222
0.04364886838662332   8111.539070879287   8018.4679794790045
0.04492845444033957   7932.5017598762415   7837.994600657885
0.04624555213019635   7757.81730803136   7661.980099015729
0.04760126112654554   7588.529720187021   7491.41833591743
0.04899671333706607   7425.337045115618   7326.935980418513
0.05043307385181555   7268.798427792983   7169.018602773271
0.05191154191598653   7119.371094188286   7018.0559889824035
0.053433351931179485   6976.901500724151   6873.849756317225
0.05499977448602865   6840.867095019913   6735.848086741147
0.05661211741704101   6710.744755553287   6603.503472301914
0.05827172690053434   6585.694243690169   6475.980707449099
0.05997998857658587   6464.692416439133   6352.281463505461
0.06173832870592997   6346.72788757219   6231.428717819606
0.0635482153607709   6230.549315549503   6112.256459629784
0.06541115965050462   6114.878854364598   5993.589024784204
0.06732871698337338   5998.338174145059   5874.194368510673
0.06930248836510605   5879.338401187712   5752.701311261644
0.07133412173562886   5756.33603795895   5627.8046338643835
0.07342531334496233   5627.620223068228   5498.145808330636
0.07557780916945323   5491.585526740943   5362.488170541578
0.07779340636952398   5346.935306757035   5219.948754870505
0.08007395479015682   5192.702369851227   5069.9629976233255
0.08242135850536496   5028.766869870815   4912.713125837916
0.08483757740794096   4855.720301656681   4748.979387923293
0.08732462884580919   4675.117884522586   4580.256752858237
0.08988458930634863   4489.188411521429   4408.532790836746
0.09251959615009227   4300.800789945029   4236.3346291125745
0.09523184939525078   4113.032733303152   4066.2884375177323
0.09802361355455057   3929.0772019149827   3900.8199669738588
0.10089721952591899   3751.9807445990823   3742.1359902114878
0.10385506653859616   3584.635452165796   3592.271294749272
0.10689962415629803   3429.476289156059   3452.826063296676
0.11003343433910281   3288.5363705624045   3324.927637429251
0.11325911356578279   3162.88585495384   3208.9689556776807
0.11657935501835284   3052.542095045294   3104.526841016354
0.11999693083066039   2955.9826921154217   3010.1380247620114
0.12351469440289359   2870.4911895688915   2923.5657195419108
0.12713558278394044   2792.1031044257866   2841.9154213277657
0.13086261912358757   2716.473082727883   2762.21856282407
0.13469891519660646   2639.2090018641065   2681.709864245792
0.13864767400083483   2556.5965211265448   2598.3213327469225
0.14271219243142114   2465.9993461078334   2510.765502306908
0.14689586403346616   2366.3293028996995   2418.7388452351306
0.1512021818353596   2258.4034252018246   2323.448214361672
0.15563474126517718   2144.744533559506   2226.752318600304
0.16019724315257297   2029.1754865861308   2130.8137867196633
0.1648934968186736   1916.210390778092   2038.203098192973
0.1697274232565544   1810.4509119473569   1951.078707178057
0.17470305840495237   1715.8676668540659   1871.3806289803363
0.17982455651794954   1634.7874438997637   1799.6198226439756
0.18509619363343993   1566.963666398651   1734.941901890331
0.19052237114327647   1509.478545313681   1675.8577981688998
0.19610761946807834   1457.820907073861   1619.8608800928632
0.20185660183976684   1407.2794937040242   1564.946207633897
0.20777411819498756   1353.7177780812551   1509.6217107128737
0.21386510918267082   1294.2616531983213   1453.1664773259618
0.22013466028907505   1228.5549846879205   1395.6877761411893
0.22658800608375756   1159.3630387554447   1338.6968776774129
0.23323053459001789   1091.2018980181351   1283.7933697441836
0.2400677917834628   1028.2642586995767   1232.0715321543419
0.24710548622244882   973.3142371541651   1184.2577322879313
0.25434949381426813   927.0153982704819   1139.9803486208089
0.2618058627210567   887.4201794407592   1098.5883276777377
0.2694808184095226   850.8099349409653   1058.9346432076893
0.27738076884870827   813.4568350946853   1020.0821986256697
0.2855123098601282   773.1345054251955   981.7253450536022
0.29388223062474755   730.2029774625114   943.8799253551513
0.3024975193514008   687.3794572820781   907.6812277324972
0.31136536911138296   647.6573564201889   873.1821689567697
0.3204931838440838   612.7801529025127   840.589763887944
0.32988858453867975   582.565312978608   809.9085757765694
0.3395594155970457   554.8866835972948   780.5572974111744
0.34951375138319807   527.322273800678   752.1964279809597
0.3597599029647371   498.8111076091545   724.6675591735413
0.37030642505191835   470.0418254185863   698.1605381537598
0.3811621231401457   442.79588574320815   672.8304000516346
0.3923360608618501   418.2842983330563   648.7793890846909
0.4038375675538918   396.23194013823223   625.8292143665607
0.41567624604680364   375.4321549817097   603.8861283013091
0.42786198068238046   354.82130901563653   582.7184405801893
0.4404049455663077   334.4098423719719   562.345641118727
0.4533156130627191   315.0196409067554   542.8831714524415
0.4666047625377753   297.2136930450814   524.3093013187972
0.4802834893595659   280.7571660887564   506.5691010398332
0.49436321416184764   265.01153122281175   489.5538445042416
0.5088556923793517   249.71120283446066   473.1690090674976
0.5237730240626238   235.1107350109058   457.4617704538809
0.5391276639805903   221.5064080194025   442.4464852340856
0.5549324320192869   208.779777854616   428.0666222515205
0.5712005238854289   196.65400866583295   414.25362158264375
0.5879455221237613   185.06152216079323   400.9721588808921
0.6051814074573895   174.12956629164552   388.2358152819218
0.622922570460556   163.87610917802328   376.0255922680957
0.6411838235736077   154.1777493662717   364.28050051507876
0.6599804134701901   144.9715830023927   352.9771690733312
0.6793280337869897   136.28674386818605   342.1133339770089
0.6992428382266549   128.11331734817372   331.6664147720515
0.7197414540448374   120.39545560145547   321.58770141078986
0.7408409959326054   113.11232159371032   311.8729026449556
0.7625590803058332   106.24318673160433   302.5072781516369
0.7849138400134885   99.7668451007421   293.46971223350215
0.8079239394770964   93.66298470518514   284.7405463916817
0.8316085902740278   87.91216549176195   276.3014784160749
0.8559875671776167   82.49579647481256   268.13546956525585
0.8810812246675007   77.39609854811209   260.2266238825158
0.9069105139239728   72.59594189752434   252.55973001754325
0.9334970003205227   68.07891810835632   245.12038698794123
0.960862881429187   63.82942909890863   237.89523318451535
0.9890310055537336   59.832655216823355   230.87188532073523
1.0180248908061487   56.074522184331336   224.0388773451386
1.047868744742366   52.541669035517536   217.385604179465
1.0785874845736239   49.221417053147356   210.902269687222
1.1102067579703248   46.10174513550833   204.57974587728134
1.1427529644757777   43.171268299951144   198.40937781105487
1.1762532775476793   40.41919403173063   192.3831838400026
1.210735667245765   37.83529291021836   186.49386327932405
1.246228923584555   35.40987317727879   180.73475786977042
1.2827626805706884   33.13375616097601   175.0998156633641
1.3203674409449337   30.99825254837731   169.58355704226085
1.3590746016495152   28.99513905499583   164.18108403478308
1.3989164800420282   27.116630184794715   158.8886539321748
1.4399263408778291   25.35536035132574   153.70342583590596
1.4821384240834183   23.704369471075918   148.6228727404653
1.525587973344019   22.157083032878994   143.6447461128306
1.5703112655292182   20.70729281885424   138.7670573217781
1.6163456409812174   19.349138435524132   133.9880595566481
1.6637295346910133   18.07708963240743   129.30623021401388
1.7125025083885144   16.88592861291099   124.72062192507181
1.7627052835733923   15.770732293365509   120.23167546829416
1.814379775514258   14.726859506130001   115.84003743109338
1.8675691282445197   13.749936762594656   111.54625199673332
1.922317750584177   12.835844021450855   107.35075998155261
1.9786713532176083   11.98070112390347   103.25389816237193
2.0366769868582977   11.180854871180356   99.25589889488455
2.0963830815323896   10.432866595209909   95.3569168215978
2.1578394870138577   9.733497987873841   91.55757634275318
2.2210975144450407   9.079700867138541   87.8588484380538
2.286209979177315   8.468609431938592   84.2614426761574
2.3532312448676476   7.897530107499478   80.76579508622036
2.4222172688678643   7.363931796230854   77.37208255003338
2.4932256489445366   6.865436636266211   74.08023733707485
2.5663156713684585   6.399811244409969   70.88996170294857
2.641548360413907   5.964959597838001   67.80086141402674
2.7189865293089923   5.558918517963561   64.81282168469595
2.798694832679631   5.1798453754999745   61.925564577219454
2.8807398205309562   4.82600974013752   59.138516811267706
2.9651899938111903   4.495787013626558   56.4508349642154
3.05211586160442   4.187652386930763   53.8614300537158
3.1415899999999994   3.9001751078609166   51.36899138769511
