0.01   1027.9179248206128   1027.9089875794145
0.010293154462191829   1035.6975482777932   1035.6884703268568
0.010594902878253955   1042.8788705694983   1042.8696878292938
0.010905497183778876   1049.4252823809493   1049.416041570342
0.011225196699963396   1055.2996234631398   1055.2903662880135
0.011554268350120923   1060.464052626178   1060.4547952875687
0.011892986882540897   1064.881527345291   1064.872258640563
0.012241635099881474   1068.5153399550131   1068.5060309139874
0.012600504095286909   1071.3268333365902   1071.3174798919729
0.012969893495426888   1073.278014692974   1073.268649371222
0.013350111710660605   1074.3325650107613   1074.3232544010757
0.013741476192534558   1074.4540330080054   1074.444827926737
0.014144313698828986   1073.6063981877376   1073.5972899183505
0.01455896056637426   1071.7562445666288   1071.7471635614254
0.014985762991865008   1068.8720419266872   1068.862879417049
0.01542507732090645   1064.9225102397384   1064.9131773944027
0.015877270345534218   1059.8795342018864   1059.8699724916414
0.016342719610456153   1053.7189023049068   1053.7090813225614
0.016821813728271667   1046.4192888461455   1046.4091836427333
0.017314952703931925   1037.963218803372   1037.9527966421592
0.017822548268711737   1028.3382944714683   1028.3275151562425
0.01834502422397195   1017.5373630974318   1017.526169951002
0.018882816794999403   1005.5586663180044   1005.5469693594877
0.019436374995219892   992.4063197247518   992.3939961380627
0.02000616100108813   978.0910208371102   978.0779230034946
0.020592650537967844   962.6328669200207   962.6188587563488
0.021196333277324068   946.0593250439871   946.0442964756321
0.02181771324555934   928.4040054578599   928.3878727748884
0.022457309244835088   909.7118616910187   909.6945797770719
0.02311565528622961   890.040030816167   890.0216072900413
0.023793301035594242   869.4505534589724   869.431046116356
0.024490812272480036   848.0132342263868   847.9927510163767
0.025208771362518027   825.8168119592203   825.7955235003915
0.0259477777436476   802.9552599565565   802.9333966181391
0.02670844842659881   779.5236663171181   779.5015107444124
0.027491418510046592   755.6363467459722   755.6142444589024
0.028297341710866907   731.4210391399371   731.3994038399485
0.029126890909937666   706.9993214198399   706.9786217721233
0.029980758713939952   682.4960305781385   682.4767868644675
0.030859658033628758   658.0560664388059   658.038864411504
0.031764322679055976   633.8154165589232   633.8008950593717
0.03269550797224261   609.8993613430372   609.8881889161414
0.033653991377811755   586.4602260406006   586.4530138823907
0.03464057315210884   563.6541822868253   563.6514420342256
0.03565607701135116   541.6138114655554   541.6159651849865
0.036701350819364466   520.4461085655539   520.4534969164292
0.03777726729548091   500.23215542766957   500.24504367212353
0.038884724743189276   481.03579745569306   481.0543880732455
0.04002464780014597   462.91819898969004   462.9425939781182
0.041197988210172884   446.0037459250838   446.0336330637749
0.04240572561788674   430.4255369875041   430.4601252599672
0.04364886838662332   416.2890943306306   416.32719339310626
0.04492845444033957   403.5739561760459   403.61409102655875
0.04624555213019635   392.1613565305888   392.2018479721828
0.04760126112654554   381.94232795674293   381.98130234844854
0.04899671333706607   372.8128165288631   372.8481715710142
0.05043307385181555   364.67325132516777   364.7026225820371
0.05191154191598653   357.4276855110262   357.4484589188401
0.053433351931179485   350.9292611296157   350.9386882373049
0.05499977448602865   345.01215079781343   345.00740756157336
0.05661211741704101   339.49416045099025   339.47249547987735
0.05827172690053434   334.13891556564636   334.09800148552944
0.05997998857658587   328.7076947155016   328.6457455366819
0.06173832870592997   322.9204525011465   322.83661853421546
0.0635482153607709   316.49274797945924   316.38733032442013
0.06541115965050462   309.16777283172814   309.04259298520066
0.06732871698337338   300.72495179325585   300.58359232669494
0.06930248836510605   291.0354999124646   290.88319258762897
0.07133412173562886   280.0693945128826   279.9127892429404
0.07342531334496233   267.88886527859404   267.7356114619375
0.07557780916945323   254.64350772130325   254.50177747475686
0.07779340636952398   240.5796572805675   240.4577900948169
0.08007395479015682   226.00467079795678   225.9106884493875
0.08242135850536496   211.2728364950989   211.2134296129909
0.08483757740794096   196.76285636978042   196.74265620699893
0.08732462884580919   182.8969090007385   182.9177657177483
0.08988458930634863   170.04954061176008   170.11028867074066
0.09251959615009227   158.5850382209536   158.68054221433414
0.09523184939525078   148.7529802360092   148.87445703245254
0.09802361355455057   140.69138654709587   140.82618392814018
0.10089721952591899   134.38807941620576   134.52150008702148
0.10385506653859616   129.70695631184196   129.82350138259122
0.10689962415629803   126.37674384612316   126.46079202504909
0.11003343433910281   124.04528306829454   124.08256170693417
0.11325911356578279   122.26491375994239   122.24600495045893
0.11657935501835284   120.54383557840835   120.4649370038651
0.11999693083066039   118.38486353643779   118.24913798711036
0.12351469440289359   115.35914410934748   115.17889004689287
0.12713558278394044   111.18241770578283   110.9769670655641
0.13086261912358757   105.75949846650225   105.55342771219223
0.13469891519660646   99.21503242854905   99.0357140022924
0.13864767400083483   91.90671659992202   91.77767470875965
0.14271219243142114   84.39156426977266   84.32767129342668
0.14689586403346616   77.30025519701674   77.30358309361311
0.1512021818353596   71.16499927160429   71.2240889720369
0.15563474126517718   66.2933841833063   66.38622403288993
0.16019724315257297   62.754111987943844   62.851545257062874
0.1648934968186736   60.42561874408621   60.49575068387719
0.1697274232565544   59.00184684552745   59.018522564753866
0.17470305840495237   57.981558970698714   57.92953059291243
0.17982455651794954   56.772954140256395   56.6562650938132
0.18509619363343993   54.90817585663481   54.74814854457194
0.19052237114327647   52.18527615434013   52.01615973737441
0.19610761946807834   48.700225914330325   48.56005101139441
0.20185660183976684   44.81315450021032   44.728855874504916
0.20777411819498756   41.04733440551514   41.02602435776361
0.21386510918267082   37.87174501153766   37.89598503467026
0.22013466028907505   35.53081424487073   35.570384072614736
0.22658800608375756   33.995624630476286   34.01221336130646
0.23323053459001789   32.96917622434206   32.936296556905866
0.2400677917834628   32.00197111039292   31.916433420075283
0.24710548622244882   30.718889463402487   30.600759988207038
0.25434949381426813   28.966237664934596   28.851413971401907
0.2618058627210567   26.866210179370885   26.785627530697138
0.2694808184095226   24.763692949692878   24.72894217443323
0.27738076884870827   22.99558841789225   22.989965392254263
0.2855123098601282   21.69625584627185   21.69069371375187
0.29388223062474755   20.764412666398023   20.73200162738103
0.3024975193514008   19.92973311573589   19.864187177631212
0.31136536911138296   18.9413016503229   18.85998044553413
0.3204931838440838   17.743287052055305   17.673948587139126
0.32988858453867975   16.475573865997067   16.433227682117963
0.3395594155970457   15.346633184226407   15.324922712236027
0.34951375138319807   14.46060153014546   14.43889335794491
0.3597599029647371   13.745140482081865   13.707213826549747
0.37030642505191835   13.041959266874855   12.990397532491881
0.3811621231401457   12.25948278119919   12.210548800685856
0.3923360608618501   11.440156723418301   11.40624080746756
0.4038375675538918   10.694073814992942   10.671500454981674
0.41567624604680364   10.069824753401678   10.046288277559679
0.42786198068238046   9.516154147769301   9.485074851738405
0.4404049455663077   8.957872044898894   8.925240467458153
0.4533156130627191   8.385964292376753   8.360762095585027
0.4666047625377753   7.848772595947449   7.830872670542863
0.4802834893595659   7.375460843797481   7.358050394630254
0.49436321416184764   6.941067666462017   6.921721462522727
0.5088556923793517   6.51392933855708   6.496346214360673
0.5237730240626238   6.099468393038871   6.086675074237676
0.5391276639805903   5.718488439012625   5.7084713669060685
0.5549324320192869   5.369152504909268   5.359355303286481
0.5712005238854289   5.035477353207564   5.0272989513526865
0.5879455221237613   4.71572519069472   4.710632502514594
0.6051814074573895   4.419656471391648   4.416684405517557
0.622922570460556   4.141634175058959   4.140569876742437
0.6411838235736077   3.88019789621819   3.8809510350984846
0.6599804134701901   3.6344560207944676   3.636956328359353
0.6793280337869897   3.4035555653092526   3.4077479837528863
0.6992428382266549   3.18668136340042   3.192521982021897
0.7197414540448374   2.983055181811442   2.9905078678729446
0.7408409959326054   2.7919340807565263   2.800967266226849
0.7625590803058332   2.6125985176500235   2.623175398127767
0.7849138400134885   2.4443565259740314   2.456429041910179
0.8079239394770964   2.286553903927279   2.3000644262847283
0.8316085902740278   2.138572680122113   2.153455755051981
0.8559875671776167   1.9998292750221907   2.0160131892779294
0.8810812246675007   1.8697727439280167   1.8871809245726394
0.9069105139239728   1.7478831145070297   1.7664354077875999
0.9334970003205227   1.6336702902043194   1.6532851283466268
0.960862881429187   1.5266724716139517   1.5472688207332348
0.9890310055537336   1.4264539823777147   1.447951722376613
1.0180248908061487   1.3326038784378071   1.3549240705252419
1.047868744742366   1.2447346641285864   1.2677997995517682
1.0785874845736239   1.162481065958542   1.1862152944926323
1.1102067579703248   1.0854988605562423   1.1098281977586035
1.1427529644757777   1.0134636191738808   1.0383161277514716
1.1762532775476793   0.9460695837541833   0.9713755295956965
1.210735667245765   0.8830289238870327   0.9087209172687296
1.246228923584555   0.8240707843783903   0.8500839008779377
1.2827626805706884   0.7689403506617354   0.7952122316089411
1.3203674409449337   0.7173979607166535   0.743868893970239
1.3590746016495152   0.6692182614464781   0.6958312438863038
1.3989164800420282   0.624189357826571   0.6508903841542979
1.4399263408778291   0.5821119920735472   0.6088506273784896
1.4821384240834183   0.5427989593137943   0.5695282326278246
1.525587973344019   0.5060744406543378   0.5327506409018005
1.5703112655292182   0.4717733477354572   0.4983558408569751
1.6163456409812174   0.4397407022625138   0.46619176620364317
1.6637295346910133   0.4098310488508701   0.43611572358216766
1.7125025083885144   0.38190790354607135   0.40799391134165786
1.7627052835733923   0.3558432383173958   0.3817010584651493
1.814379775514258   0.3315169692670227   0.35711970296986145
1.8675691282445197   0.3088164837702657   0.3341396738205918
1.922317750584177   0.2876361979956849   0.3126576664298111
1.9786713532176083   0.2678771389335465   0.2925768401197587
2.0366769868582977   0.24944654970146632   0.2738064366700345
2.0963830815323896   0.23225750242146068   0.2562614881447428
2.1578394870138577   0.2162284825326025   0.2398627830759064
2.2210975144450407   0.20128313279565155   0.22453618979513215
2.286209979177315   0.18734997297458547   0.21021219495480517
2.3532312448676476   0.17436209968058097   0.1968256368263589
2.4222172688678643   0.16225690379362911   0.1843154520639258
2.4932256489445366   0.15097580455216517   0.17262443519257184
2.5663156713684585   0.14046401005964265   0.1616989710159355
2.641548360413907   0.13067036339640745   0.15148851446693704
2.7189865293089923   0.12154704940707098   0.1419456420630768
2.798694832679631   0.11304932921392773   0.13302607028880944
2.8807398205309562   0.10513535072055129   0.12468845299482431
2.9651899938111903   0.09776597063742595   0.11689418933334172
3.05211586160442   0.09090458680551525   0.10960724386445132
3.1415899999999994   0.08451696602176131   0.10279405154423807
