0.01   621.5612741529895   621.5406758809838
0.010293154462191829   629.5887088522861   629.5678003309315
0.010594902878253955   637.44160595109   637.4203910558285
0.010905497183778876   645.1023862806134   645.0808921115603
0.011225196699963396   652.5530896316079   652.5313596674657
0.011554268350120923   659.775060949678   659.7531240273124
0.011892986882540897   666.7493338694101   666.7271954962139
0.012241635099881474   673.4567388918035   673.4343815172019
0.012600504095286909   679.876971127021   679.8543761786634
0.012969893495426888   685.9887681085928   685.9659356188935
0.013350111710660605   691.770817878879   691.7477678088804
0.013741476192534558   697.2016175711864   697.1783822098118
0.014144313698828986   702.2591042577832   702.2357055179523
0.01455896056637426   706.9213006252786   706.8977456835437
0.014985762991865008   711.1664241635514   711.1427071338455
0.01542507732090645   714.971936852854   714.9480614676085
0.015877270345534218   718.315070312631   718.2910643544499
0.016342719610456153   721.173631884358   721.1495476118398
0.016821813728271667   723.52578227293   723.5016733846722
0.017314952703931925   725.3498078533344   725.3256833210453
0.017822548268711737   726.6248760967588   726.600694254028
0.01834502422397195   727.3311468590855   727.3068229166402
0.018882816794999403   727.4492169455492   727.4246793501185
0.019436374995219892   726.9607136948337   726.9359293730612
0.02000616100108813   725.8488018268442   725.8237759196015
0.020592650537967844   724.0984820940461   724.073230177623
0.021196333277324068   721.6967974305898   721.6713061722318
0.02181771324555934   718.6327669448606   718.6069916168705
0.022457309244835088   714.8977646899752   714.8716355154507
0.02311565528622961   710.486692181265   710.4601427367048
0.023793301035594242   705.3971371936258   705.3701133754997
0.024490812272480036   699.6291365823737   699.6015967463059
0.025208771362518027   693.1875795216943   693.159493422088
0.0259477777436476   686.0822304165582   686.0535780457153
0.02670844842659881   678.3252472647882   678.2960187658068
0.027491418510046592   669.9328367056452   669.9030417675842
0.028297341710866907   660.9294990969673   660.8991989265791
0.029126890909937666   651.3427619745315   651.3120734874155
0.029980758713939952   641.2021842945559   641.1712757476922
0.030859658033628758   630.5463636025768   630.5154408401227
0.031764322679055976   619.4202541421769   619.3895496046093
0.03269550797224261   607.8689326699583   607.8387017685329
0.033653991377811755   595.9424113881132   595.9129412451756
0.03464057315210884   583.7022995916332   583.673934002439
0.03565607701135116   571.2097957726504   571.1829324616602
0.036701350819364466   558.5246745211693   558.4997514290142
0.03777726729548091   545.715233786004   545.6926648874899
0.038884724743189276   532.8516810384285   532.8318247610267
0.04002464780014597   519.9994006645426   519.9825626386572
0.041197988210172884   507.2272492708476   507.2137140631179
0.04240572561788674   494.61278946079165   494.60287042249695
0.04364886838662332   482.2277930003076   482.2218338519209
0.04492845444033957   470.1345384885826   470.13284502746865
0.04624555213019635   458.3740168870304   458.37645627862383
0.04760126112654554   446.9769596998964   446.9828498467062
0.04899671333706607   435.9708839902983   435.9790582330324
0.05043307385181555   425.398245998774   425.4074380273338
0.05191154191598653   415.3194808837151   415.3287532925553
0.053433351931179485   405.7900190037756   405.79875988476516
0.05499977448602865   396.8261718940737   396.83390856472926
0.05661211741704101   388.34763012137677   388.35357354835367
0.05827172690053434   380.26371938991696   380.2667124532033
0.05997998857658587   372.4931794365772   372.49169536052443
0.06173832870592997   364.96799836306656   364.96007794635216
0.0635482153607709   357.6262429598454   357.6095208663244
0.06541115965050462   350.39522790811384   350.36723088199886
0.06732871698337338   343.1842173318247   343.14278601869626
0.06930248836510605   335.9048573399118   335.8482567718493
0.07133412173562886   328.4518286553013   328.37937052882376
0.07342531334496233   320.71809783081636   320.63039300393643
0.07557780916945323   312.601758435785   312.50075730812546
0.07779340636952398   304.00546174501045   303.8945081927971
0.08007395479015682   294.85927442026986   294.7428167119173
0.08242135850536496   285.1391078874397   285.0221643412326
0.08483757740794096   274.8589258061081   274.74685331499285
0.08732462884580919   264.1086606106225   264.00694680088935
0.08988458930634863   253.01034695890726   252.924394551298
0.09251959615009227   241.73664252238333   241.67149621777654
0.09523184939525078   230.46907695171927   230.4292198773954
0.09802361355455057   219.40007751364897   219.38917756465165
0.10089721952591899   208.71270237658854   208.73279336594942
0.10385506653859616   198.5790794324722   198.629704962099
0.10689962415629803   189.15914441782965   189.23669374467704
0.11003343433910281   180.58730798925095   180.68503941940244
0.11325911356578279   172.94467598464496   173.05263011247365
0.11657935501835284   166.26634141447994   166.3719379108088
0.11999693083066039   160.47925183481502   160.57029640613166
0.12351469440289359   155.44934727322487   155.51511650066027
0.12713558278394044   150.95028188231686   150.982127702153
0.13086261912358757   146.7300304882384   146.72244462935444
0.13469891519660646   142.521853697777   142.4740063411188
0.13864767400083483   138.08949842983984   138.006207330367
0.14271219243142114   133.2490007349017   133.14086925656895
0.14689586403346616   127.89959185478213   127.78218683626814
0.1512021818353596   122.04826563658179   121.9401181720284
0.15563474126517718   115.80312921200726   115.72306121322003
0.16019724315257297   109.35843446028451   109.32250084030068
0.1648934968186736   102.95862507242609   102.97715043682535
0.1697274232565544   96.86880892390172   96.94329537333697
0.17470305840495237   91.34052168703124   91.46153832677932
0.17982455651794954   86.55862123947696   86.7069563007622
0.18509619363343993   82.56945536970748   82.72209794139482
0.19052237114327647   79.25290038440215   79.38801941482865
0.19610761946807834   76.37935079308596   76.48111907486552
0.20185660183976684   73.69050037350102   73.7518639472267
0.20777411819498756   70.94128473641345   70.96726934321366
0.21386510918267082   67.92660246563398   67.93636592429993
0.22013466028907505   64.55397220581361   64.57453915479468
0.22658800608375756   60.911799717755024   60.9695051422579
0.23323053459001789   57.223091678060214   57.33287938017022
0.2400677917834628   53.72621068551761   53.88965917721214
0.24710548622244882   50.60543941429279   50.80957803942206
0.25434949381426813   47.954679291962314   48.175312236380044
0.2618058627210567   45.72986329203758   45.94340782144317
0.2694808184095226   43.7616127407879   43.953360012997145
0.27738076884870827   41.847903594972045   42.0191048890587
0.2855123098601282   39.824242750747835   39.99157124854597
0.29388223062474755   37.644059359753065   37.831320147081534
0.3024975193514008   35.40707989391658   35.631014796333496
0.31136536911138296   33.267863518317384   33.53184394926228
0.3204931838440838   31.345278298329305   31.636037297996555
0.32988858453867975   29.68104173800057   29.979156058021353
0.3395594155970457   28.205684135799387   28.497045308882672
0.34951375138319807   26.793876012262658   27.077242996948026
0.3597599029647371   25.359210045682943   25.646694528682637
0.37030642505191835   23.89386602523849   24.199754118070317
0.3811621231401457   22.46718094013948   22.796750778694857
0.3923360608618501   21.1577556288083   21.503763151553457
0.4038375675538918   19.982955004090478   20.333414312352
0.41567624604680364   18.902814239174912   19.250695891145085
0.42786198068238046   17.858420355741764   18.206091237115764
0.4404049455663077   16.824591770561472   17.17979994987687
0.4533156130627191   15.825557470060925   16.192229349653456
0.4666047625377753   14.895959222122181   15.270135163695555
0.4802834893595659   14.041186435819064   14.416498077810106
0.49436321416184764   13.237979423520148   13.612475893476226
0.5088556923793517   12.4644439399234   12.840575936036075
0.5237730240626238   11.721343795448037   12.101699971048479
0.5391276639805903   11.023067850403901   11.406279265924164
0.5549324320192869   10.37210715909633   10.755155472215835
0.5712005238854289   9.758226206024917   10.140335370779393
0.5879455221237613   9.173243001948576   9.55568188216156
0.6051814074573895   8.619230482085745   9.002162415691187
0.622922570460556   8.099314293631943   8.481536157786387
0.6411838235736077   7.610233353687283   7.99090902083587
0.6599804134701901   7.147509841849838   7.526807056236741
0.6793280337869897   6.7104932273776665   7.088501906383109
0.6992428382266549   6.29955472976523   6.6756536600137375
0.7197414540448374   5.912686921125804   6.286451579139365
0.7408409959326054   5.548008119930388   5.919265788141949
0.7625590803058332   5.2046142106729585   5.5731579606879755
0.7849138400134885   4.8813738211621365   5.246996793172546
0.8079239394770964   4.577191921014228   4.93969144505599
0.8316085902740278   4.291026231310174   4.6502046215177035
0.8559875671776167   4.021885190104569   4.377550505546788
0.8810812246675007   3.7688259580642516   4.1207927192066505
0.9069105139239728   3.530952466672497   3.8790423189314662
0.9334970003205227   3.3074132249113712   3.6514563988964643
0.960862881429187   3.0973981761136633   3.437238747835758
0.9890310055537336   2.9001383519212642   3.2356351035632227
1.0180248908061487   2.7149047639625907   3.045930009534574
1.047868744742366   2.5410066034485026   2.867445186478689
1.0785874845736239   2.3777895003500897   2.6995379396923207
1.1102067579703248   2.224633842961854   2.5415996023755674
1.1427529644757777   2.0809531569645126   2.3930540197539427
1.1762532775476793   1.9461924960010495   2.253356547095613
1.210735667245765   1.8198268966348716   2.121993046681697
1.246228923584555   1.7013600447971513   1.9984773861652096
1.2827626805706884   1.5903228957850664   1.8823499784522697
1.3203674409449337   1.4862723327419982   1.773176529063976
1.3590746016495152   1.3887898794835252   1.670546823221593
1.3989164800420282   1.297480466340281   1.5740735533812344
1.4399263408778291   1.2119712379800975   1.4833912105084086
1.4821384240834183   1.1319102509750252   1.3981554002169612
1.525587973344019   1.0569654625273623   1.3180416404199944
1.5703112655292182   0.9868238808537586   1.2427439148361854
1.6163456409812174   0.9211905683144399   1.1719737153653067
1.6637295346910133   0.8597876834265559   1.1054591384393386
1.7125025083885144   0.8023535674821471   1.0429440178415883
1.7627052835733923   0.7486418741550771   0.9841870935649136
1.814379775514258   0.6984207190426852   0.9289612878002764
1.8675691282445197   0.6514717963553988   0.8770532665570555
1.922317750584177   0.6075897387432484   0.8282623591868756
1.9786713532176083   0.5665814508554607   0.7823997036438111
2.0366769868582977   0.5282654233775704   0.7392876038498088
2.0963830815323896   0.49247108178654336   0.698758916533626
2.1578394870138577   0.45903816841133716   0.6606564665191512
2.2210975144450407   0.4278161560911155   0.6248324866979246
2.286209979177315   0.3986636419666831   0.5911474694424037
2.3532312448676476   0.37144777907518706   0.5594690941087672
2.4222172688678643   0.34604389732879504   0.5296731626730904
2.4932256489445366   0.3223350415077721   0.5016432929612287
2.5663156713684585   0.30021151750119257   0.4752704299602339
2.641548360413907   0.2795704634747098   0.4504523867937278
2.7189865293089923   0.2603154447246257   0.42709341367468284
2.798694832679631   0.24235607802594827   0.4051037333353245
2.8807398205309562   0.22560779107298318   0.384398101794048
2.9651899938111903   0.20999142734343884   0.3648958223858553
3.05211586160442   0.19543279261058175   0.3465215296235824
3.1415899999999994   0.18186235722405092   0.3292048583091106
