0.01   18980.984844808416   18977.79574046385
0.010293154462191829   19121.056535311094   19117.631846192453
0.010594902878253955   19251.559873620925   19247.881561174825
0.010905497183778876   19371.95819724204   19368.0030815255
0.011225196699963396   19481.720741104575   19477.460649106182
0.011554268350120923   19580.301459161812   19575.706414576915
0.011892986882540897   19667.145154125836   19662.186127596022
0.012241635099881474   19741.70992492412   19736.35906340261
0.012600504095286909   19803.45768580332   19797.687053662445
0.012969893495426888   19851.832645821265   19845.610305601636
0.013350111710660605   19886.294650170523   19879.58406217667
0.013741476192534558   19906.326549233974   19899.08681763469
0.014144313698828986   19911.408597350037   19903.595728375734
0.01455896056637426   19901.032372983413   19892.60023399623
0.014985762991865008   19874.72526966813   19865.6258878792
0.01542507732090645   19832.03950625451   19822.22207916309
0.015877270345534218   19772.536669515845   19761.94495672915
0.016342719610456153   19695.821959011097   19684.394343406737
0.016821813728271667   19601.551180732786   19589.22124867741
0.017314952703931925   19489.41924493735   19476.116672470253
0.017822548268711737   19359.172413188757   19344.82379889052
0.01834502422397195   19210.621493501083   19195.15111086828
0.018882816794999403   19043.648617105773   19026.978762966784
0.019436374995219892   18858.212883744793   18840.26392195003
0.02000616100108813   18654.347658517316   18635.03890860689
0.020592650537967844   18432.169365631344   18411.42073044945
0.021196333277324068   18191.92166439971   18169.658811402
0.02181771324555934   17933.945270164182   17910.102205796033
0.022457309244835088   17658.65723900364   17633.177072153787
0.02311565528622961   17366.62202214946   17339.461771594597
0.023793301035594242   17058.577575767264   17029.71441739282
0.024490812272480036   16735.32797355425   16704.759303762316
0.025208771362518027   16397.77113944645   16365.515426962897
0.0259477777436476   16047.068085500618   16013.171816012333
0.02670844842659881   15684.474213739102   15649.01258242153
0.027491418510046592   15311.260448077926   15274.33515057741
0.028297341710866907   14928.919294442505   14890.662322896746
0.029126890909937666   14539.169577753646   14499.74704107296
0.029980758713939952   14143.68061749247   14103.288554605058
0.030859658033628758   13744.151417016936   13703.011377510667
0.031764322679055976   13342.619821504215   13300.975202940635
0.03269550797224261   12941.088175370394   12899.199580717619
0.033653991377811755   12541.40975155512   12499.549939477813
0.03464057315210884   12145.604830663195   12104.047048826584
0.03565607701135116   11755.795933974094   11714.80403816951
0.036701350819364466   11373.872973975682   11333.699513352984
0.03777726729548091   11001.591804239195   10962.467035159496
0.038884724743189276   10640.80671059276   10602.906838584373
0.04002464780014597   10293.176197958026   10256.622074193276
0.041197988210172884   9960.103222818901   9924.964063106992
0.04240572561788674   9642.698600794187   9608.962329154256
0.04364886838662332   9341.83217606775   9309.388567145841
0.04492845444033957   9058.21382278306   9026.866038355141
0.04624555213019635   8792.302103029031   8761.755012637663
0.04760126112654554   8544.153249176145   8513.9667808358
0.04899671333706607   8313.734096872566   8283.329140268637
0.05043307385181555   8100.691902949152   8069.379191695107
0.05191154191598653   7902.77594788149   7869.867645581104
0.053433351931179485   7717.1849575946635   7682.034384335063
0.05499977448602865   7541.387512741404   7503.388216823595
0.05661211741704101   7373.231134440502   7331.827350902044
0.05827172690053434   7210.806780054797   7165.497163146217
0.05997998857658587   7052.025358908918   7002.408931967319
0.06173832870592997   6893.86268919434   6839.790116232075
0.0635482153607709   6733.308003598981   6674.908827577126
0.06541115965050462   6567.042942494545   6504.879989549821
0.06732871698337338   6391.522594029457   6326.727085498276
0.06930248836510605   6203.750750991844   6138.014438391397
0.07133412173562886   6001.532184077521   5937.153764751679
0.07342531334496233   5783.559784452406   5723.346289329616
0.07557780916945323   5550.724131779186   5497.840350334817
0.07779340636952398   5304.961643356551   5262.756151541294
0.08007395479015682   5049.634015949083   5021.342569053745
0.08242135850536496   4788.705029664528   4777.250579515823
0.08483757740794096   4526.971902681173   4534.674323212919
0.08732462884580919   4269.252538511662   4297.704647825665
0.08988458930634863   4020.410815618379   4070.2723187117253
0.09251959615009227   3785.0205667721784   3855.9671037626968
0.09523184939525078   3567.7185055564646   3658.284039188059
0.09802361355455057   3372.3107790733393   3479.7374566516023
0.10089721952591899   3201.742693805652   3321.9009222615678
0.10385506653859616   3056.749452935846   3184.76066255677
0.10689962415629803   2936.1716816602643   3066.8845127241934
0.11003343433910281   2836.493765467281   2965.0185949823795
0.11325911356578279   2752.5798474467942   2874.7015619058175
0.11657935501835284   2678.1416910703433   2791.0572014999075
0.11999693083066039   2606.6188357177703   2709.3501689749583
0.12351469440289359   2531.590093654473   2625.370588357946
0.12713558278394044   2447.7350369517644   2535.846926248802
0.13086261912358757   2351.397256876771   2438.7687068815535
0.13469891519660646   2241.6190501773804   2334.1541957050854
0.13864767400083483   2119.9326418616806   2223.801508016148
0.14271219243142114   1990.0628224181287   2110.746184637269
0.14689586403346616   1857.462135988053   1998.3075210985141
0.1512021818353596   1728.9675383871609   1890.759087867171
0.15563474126517718   1611.6804457748572   1791.9804456674613
0.16019724315257297   1511.215737514854   1704.3898131127469
0.1648934968186736   1429.5733851074954   1628.8692031044488
0.1697274232565544   1364.8155319547304   1563.0847343845728
0.17470305840495237   1312.747990001722   1504.4325885558583
0.17982455651794954   1268.1247891564783   1450.0570967055328
0.18509619363343993   1224.7756247894638   1396.9124309028382
0.19052237114327647   1176.4594981246948   1342.2303071085557
0.19610761946807834   1119.4585480186417   1284.908401236602
0.20185660183976684   1054.4871733512618   1226.1356511126182
0.20777411819498756   985.5469540861415   1167.5015545356393
0.21386510918267082   917.6753903835086   1111.1774431895642
0.22013466028907505   855.9666848400212   1059.0556741428056
0.22658800608375756   803.9901188214643   1011.7149541825845
0.23323053459001789   762.1046020959685   969.2180520916118
0.2400677917834628   727.7702102586195   930.0297172567934
0.24710548622244882   696.7171559613276   892.6672620664013
0.25434949381426813   664.3419771393011   855.8145848777986
0.2618058627210567   628.3092037801365   819.6819869389498
0.2694808184095226   589.5872122885207   783.9525602254124
0.27738076884870827   550.8280556065037   749.6750444571004
0.2855123098601282   515.176835916168   717.263463065041
0.29388223062474755   484.71504486781356   687.3100950159967
0.3024975193514008   458.92120317238465   659.1707256010445
0.31136536911138296   435.60367609063036   632.4544340546793
0.3204931838440838   412.43392089350675   606.8415298148185
0.32988858453867975   388.2307181833121   581.9281942957687
0.3395594155970457   363.8246250675072   558.098184655629
0.34951375138319807   340.8771974686277   535.4763529713082
0.3597599029647371   320.385418913941   514.0376914808251
0.37030642505191835   302.1796696130193   493.79101374915155
0.3811621231401457   285.13145381624685   474.47564585272073
0.3923360608618501   268.29870561731224   456.04834572235785
0.4038375675538918   251.72264055726913   438.33635999733434
0.41567624604680364   236.0407618182289   421.47684631400585
0.42786198068238046   221.70697061417928   405.50740058402505
0.4404049455663077   208.51415299691362   390.30632841367765
0.4533156130627191   195.9925179937666   375.8089300057849
0.4666047625377753   183.89991799045958   361.93264957397827
0.4802834893595659   172.43715777173486   348.70029620988197
0.49436321416184764   161.7783726576261   336.1094133052857
0.5088556923793517   151.84902402951207   324.1212602817575
0.5237730240626238   142.44937641771503   312.6621372812431
0.5391276639805903   133.5264179331157   301.7092720870814
0.5549324320192869   125.14669777612897   291.2638715726893
0.5712005238854289   117.30978913777118   281.2951657373568
0.5879455221237613   109.93812395521891   271.77019140689447
0.6051814074573895   102.98225611204951   262.65797050014277
0.622922570460556   96.44859693622456   253.9466831980926
0.6411838235736077   90.32154322803953   245.6152528839285
0.6599804134701901   84.56483508832008   237.63960259314382
0.6793280337869897   79.15127496647523   229.9952826710916
0.6992428382266549   74.07056050738086   222.67048614342752
0.7197414540448374   69.30436432788856   215.64758212899505
0.7408409959326054   64.83369582305984   208.90870735366087
0.7625590803058332   60.64070185308434   202.43719413569798
0.7849138400134885   56.708597772489966   196.21748323206972
0.8079239394770964   53.02160277085516   190.2350439240338
0.8316085902740278   49.56487924427146   184.47630069158583
0.8559875671776167   46.32454477768571   178.9283875483571
0.8810812246675007   43.287803861893835   173.5785544669399
0.9069105139239728   40.442624367291856   168.41473953852525
0.9334970003205227   37.77761955661974   163.4257172610545
0.960862881429187   35.28201894527195   158.6010404753023
0.9890310055537336   32.94564002363587   153.9309872126009
1.0180248908061487   30.758860855629596   149.4065119928816
1.047868744742366   28.71258177599879   145.0191199650392
1.0785874845736239   26.798153047860776   140.76047500621897
1.1102067579703248   25.007407724164786   136.62270563324282
1.1427529644757777   23.332660065822008   132.5985327281868
1.1762532775476793   21.766679013921696   128.6812327918092
1.210735667245765   20.302662972944223   124.86460402155781
1.246228923584555   18.934215871845325   121.14293506805868
1.2827626805706884   17.655325388915934   117.51099052281958
1.3203674409449337   16.460346795967656   113.96407247353514
1.3590746016495152   15.343976976011108   110.4979247042324
1.3989164800420282   14.301231847090675   107.10865899330582
1.4399263408778291   13.327428404147241   103.79273423998283
1.4821384240834183   12.418167692370144   100.54693706177991
1.525587973344019   11.569318655277154   97.36836346335761
1.5703112655292182   10.77700269002176   94.25444165689504
1.6163456409812174   10.037578062951797   91.20326882118786
1.6637295346910133   9.347627048888535   88.2133706657555
1.7125025083885144   8.70394369548361   85.2834354683473
1.7627052835733923   8.103521418593647   82.41230036315173
1.814379775514258   7.543541260816423   79.59894108041665
1.8675691282445197   7.021360791265376   76.84246193841594
1.922317750584177   6.534503550564414   74.14212118349928
1.9786713532176083   6.080648352743621   71.49777046416497
2.0366769868582977   5.657620426997808   68.90964016854879
2.0963830815323896   5.263383303342879   66.37793602978506
2.1578394870138577   4.896030424970722   63.90282744637973
2.2210975144450407   4.55377722309171   61.48444559880736
2.286209979177315   4.2349536474271945   59.12288173005167
2.3532312448676476   3.937997089499526   56.81819995427277
2.4222172688678643   3.661445032686323   54.57071408823685
2.4932256489445366   3.4039291073641946   52.38091598531909
2.5663156713684585   3.1641700298666695   50.24917245659785
2.641548360413907   2.9409720373036667   48.17571842097439
2.7189865293089923   2.733217624286703   46.1606625822536
2.798694832679631   2.5398625969664637   44.20399324275754
2.8807398205309562   2.3599314620714997   42.30559121864913
2.9651899938111903   2.1925141502873293   40.46545603428793
3.05211586160442   2.0367617525614783   38.683710671965
3.1415899999999994   1.8918811467669052   36.96031166233695
