0.01   5974.9323516662635   5974.293543885582
0.010293154462191829   6062.425906388668   6061.734123995044
0.010594902878253955   6148.487973660778   6147.73817728616
0.010905497183778876   6232.934453006266   6232.121369705544
0.011225196699963396   6315.577178702439   6314.695302738334
0.011554268350120923   6396.2196717831175   6395.263012093637
0.011892986882540897   6474.655351342892   6473.61705788759
0.012241635099881474   6550.674062844841   6549.546381168479
0.012600504095286909   6624.061353474864   6622.835664233204
0.012969893495426888   6694.59102128746   6693.258121191254
0.013350111710660605   6762.031994148015   6760.582203972473
0.013741476192534558   6826.1521093024485   6824.57528324936
0.014144313698828986   6886.712644174986   6884.997842928788
0.01455896056637426   6943.467862142279   6941.602957155148
0.014985762991865008   6996.173076538027   6994.144740413654
0.01542507732090645   7044.583830215643   7042.377530575744
0.015877270345534218   7088.449130445286   7086.049035047027
0.016342719610456153   7127.519917804009   7124.908904278483
0.016821813728271667   7161.552869100789   7158.712574173956
0.017314952703931925   7190.30649422408   7187.21719476394
0.017822548268711737   7213.542638703654   7210.183151085814
0.01834502422397195   7231.033127620911   7227.380901819408
0.018882816794999403   7242.5612464881015   7238.592321204608
0.019436374995219892   7247.922549028274   7243.611113841494
0.02000616100108813   7246.927287240235   7242.245718091568
0.020592650537967844   7239.402668901707   7234.32175378938
0.021196333277324068   7225.201099504721   7219.690864890203
0.02181771324555934   7204.200217582457   7198.230652221507
0.022457309244835088   7176.29860754183   7169.839916703802
0.02311565528622961   7141.426671054911   7134.449572891615
0.023793301035594242   7099.565320947068   7092.041426908795
0.024490812272480036   7050.723413993482   7042.625501934785
0.025208771362518027   6994.937031232213   6986.239443357888
0.0259477777436476   6932.310738201297   6922.991392282762
0.02670844842659881   6863.001002440392   6853.04271163275
0.027491418510046592   6787.185564098895   6776.576119680284
0.028297341710866907   6705.099886292053   6693.832475906107
0.029126890909937666   6617.082887094728   6605.156934506015
0.029980758713939952   6523.496252947226   6510.917347616169
0.030859658033628758   6424.7198386658   6411.499650684912
0.031764322679055976   6321.234411975823   6307.3919530801395
0.03269550797224261   6213.569481984358   6199.131445485713
0.033653991377811755   6102.246169210865   6087.24628411417
0.03464057315210884   5987.869420381067   5972.346194232664
0.03565607701135116   5871.201290178939   5855.194415396168
0.036701350819364466   5752.984120810858   5736.533680009606
0.03777726729548091   5633.90928765571   5617.055836809007
0.038884724743189276   5514.567376829474   5497.355233846742
0.04002464780014597   5395.483676168066   5377.961905325293
0.041197988210172884   5277.149120472301   5259.370542791906
0.04240572561788674   5160.240901306238   5142.247419707397
0.04364886838662332   5045.723024845682   5027.524652634897
0.04492845444033957   4934.503280537219   4916.078585400352
0.04624555213019635   4827.351336719677   4808.650563368987
0.04760126112654554   4724.639486302046   4705.591589779621
0.04899671333706607   4626.583655118247   4607.0996279793035
0.05043307385181555   4533.357783445738   4513.331759161528
0.05191154191598653   4444.800224001155   4424.1099839541885
0.053433351931179485   4360.495682066285   4339.0034193000565
0.05499977448602865   4280.036959986475   4257.591076918588
0.05661211741704101   4202.834697953227   4179.281928537795
0.05827172690053434   4128.1603901867165   4103.355872273221
0.05997998857658587   4055.302861351884   4029.113334984751
0.06173832870592997   3983.4056153515585   3955.729336750455
0.0635482153607709   3911.5814204106223   3882.35689760125
0.06541115965050462   3838.8836380241323   3808.109165847341
0.06732871698337338   3764.184613803276   3731.958311830008
0.06930248836510605   3686.3931643796645   3652.921907601803
0.07133412173562886   3604.332608196762   3569.983090430507
0.07342531334496233   3516.8957129016203   3482.204213730389
0.07557780916945323   3423.253513723182   3388.917597361725
0.07779340636952398   3322.8513642631333   3289.7139433903994
0.08007395479015682   3215.7355969606992   3184.7773695097917
0.08242135850536496   3102.5154839801517   3074.8355224270067
0.08483757740794096   2984.393119204087   2961.079039689688
0.08732462884580919   2863.041645919805   2845.0622444765922
0.08988458930634863   2740.4672763639414   2728.6451463291346
0.09251959615009227   2618.790431726857   2613.7729851413496
0.09523184939525078   2500.1559271292044   2502.2988434176195
0.09802361355455057   2386.591630139492   2395.923171089927
0.10089721952591899   2280.0359144943823   2296.2349340733176
0.10385506653859616   2182.0857072891135   2204.466299318511
0.10689962415629803   2094.005095230309   2121.4159101679606
0.11003343433910281   2016.3702977532212   2047.354669236767
0.11325911356578279   1948.898097372806   1981.897128945169
0.11657935501835284   1890.3054258712998   1923.8031009963074
0.11999693083066039   1838.4564668750857   1871.1218040925532
0.12351469440289359   1790.5248647614085   1821.4999601393395
0.12713558278394044   1743.5036056604963   1772.5423662007086
0.13086261912358757   1694.4812876748033   1722.0267571751228
0.13469891519660646   1641.0926888170436   1668.262442667206
0.13864767400083483   1581.7820007617331   1610.2921150304232
0.14271219243142114   1516.1428291475138   1548.1410653710307
0.14689586403346616   1445.07420736464   1482.7333230567158
0.1512021818353596   1370.5641674244034   1415.6395410878292
0.15563474126517718   1295.3738115960987   1348.8860134457436
0.16019724315257297   1222.6402530059863   1284.770212947014
0.1648934968186736   1155.4888985832476   1225.2722246975118
0.1697274232565544   1096.4461353539068   1171.9102725024043
0.17470305840495237   1046.6772341955607   1125.2248339015487
0.17982455651794954   1005.4559367526851   1084.3996744881322
0.18509619363343993   970.388206263186   1047.6532931170113
0.19052237114327647   938.3311714293166   1012.9274956550177
0.19610761946807834   906.1801356023379   978.3407319620654
0.20185660183976684   871.2407848826844   942.5582880842379
0.20777411819498756   831.8715316640951   904.7499467322123
0.21386510918267082   788.4346926565987   865.4126495684742
0.22013466028907505   743.3046148914771   825.9788175604657
0.22658800608375756   699.5809694983723   788.2236146430379
0.23323053459001789   659.8815270340369   753.2401614506149
0.2400677917834628   625.791513536712   721.7679639671072
0.24710548622244882   597.3198844545906   693.4020210428511
0.25434949381426813   572.7245334924121   667.2502775212575
0.2618058627210567   549.4185419092443   642.0742885501459
0.2694808184095226   525.0076080617966   616.9163745988864
0.27738076884870827   498.375477661302   591.3931131498027
0.2855123098601282   470.31107492070396   566.1269818368468
0.29388223062474755   442.8285703157774   541.7793516693629
0.3024975193514008   417.7550713509839   518.9448839772583
0.31136536911138296   395.9979177188868   497.8741526714153
0.3204931838440838   377.0540392220062   478.12420583108576
0.32988858453867975   359.3066621103177   459.3447674299437
0.3395594155970457   341.3202411898085   440.9230911413333
0.34951375138319807   322.67707387731303   422.96859930167506
0.3597599029647371   304.1010991355733   405.5989049179821
0.37030642505191835   286.7958630372172   389.12839857141677
0.3811621231401457   271.31237250757766   373.6222242336428
0.3923360608618501   257.26432377673825   358.91979609236176
0.4038375675538918   243.80881836932792   344.8366720107675
0.41567624604680364   230.38918269700872   331.23016919050156
0.42786198068238046   217.20126377623927   318.14847355764863
0.4404049455663077   204.8061869990618   305.70163175500886
0.4533156130627191   193.4410666452971   293.8745446821381
0.4666047625377753   182.85018151521697   282.6053329225616
0.4802834893595659   172.63741918249235   271.8084282011929
0.49436321416184764   162.73124306775313   261.45210104536613
0.5088556923793517   153.34106982869912   251.56444828038553
0.5237730240626238   144.5968461804678   242.152712624476
0.5391276639805903   136.3736917491538   233.16118663911348
0.5549324320192869   128.51201543147678   224.56381409803276
0.5712005238854289   121.01390292309476   216.3330261097983
0.5879455221237613   113.9573136288068   208.47819287076535
0.6051814074573895   107.32292338157276   200.97987144751832
0.622922570460556   101.031797934002   193.80435204157013
0.6411838235736077   95.06309043494132   186.93730882008165
0.6599804134701901   89.43618512906095   180.3758743724703
0.6793280337869897   84.13121118780852   174.10222521140795
0.6992428382266549   79.11868838976999   168.09436008485198
0.7197414540448374   74.38604434333959   162.34411458172758
0.7408409959326054   69.91946950448937   156.83830748257765
0.7625590803058332   65.7054794300838   151.56390668384333
0.7849138400134885   61.731152695896334   146.50867330818858
0.8079239394770964   57.98411706706268   141.6611083661116
0.8316085902740278   54.452535172453835   137.01040335714492
0.8559875671776167   51.12508895876701   132.54638960343308
0.8810812246675007   47.99090339888434   128.25911788688651
0.9069105139239728   45.0395082119144   124.13861308435277
0.9334970003205227   42.260936227460085   120.17549195727248
0.960862881429187   39.64571382193277   116.36098604148614
0.9890310055537336   37.184839989304756   112.68689867146752
1.0180248908061487   34.869766055111114   109.14556542992217
1.047868744742366   32.69237603158936   105.72981772309899
1.0785874845736239   30.64496895937398   102.4328942255374
1.1102067579703248   28.720250911978273   99.24796326637409
1.1427529644757777   26.91130846265988   96.16839189878213
1.1762532775476793   25.2115842620976   93.18801822275387
1.210735667245765   23.61486112489065   90.30112242005224
1.246228923584555   22.115246717265048   87.50239723220857
1.2827626805706884   20.707158761681146   84.78692083209793
1.3203674409449337   19.385310747863176   82.15013175453495
1.3590746016495152   18.144695628171554   79.58776229726351
1.3989164800420282   16.980569644220132   77.09575791935097
1.4399263408778291   15.888446195743134   74.67036277101126
1.4821384240834183   14.864084343246029   72.30811893777422
1.525587973344019   13.903476658117606   70.00584824860701
1.5703112655292182   13.002837578789606   67.76063535336964
1.6163456409812174   12.158592258794407   65.56981193310565
1.6637295346910133   11.36736581362853   63.430954985038916
1.7125025083885144   10.625972010949164   61.34206366204331
1.7627052835733923   9.931404106075304   59.30147491970189
1.814379775514258   9.280826585708988   57.30767406533592
1.8675691282445197   8.67156620724802   55.35928060848826
1.922317750584177   8.101103422079664   53.4550396658128
1.9786713532176083   7.567064199951104   51.593813708192776
2.0366769868582977   7.067212239465664   49.77457461759613
2.0963830815323896   6.599440942082342   47.99647646733101
2.1578394870138577   6.161764900659107   46.25905920292748
2.2210975144450407   5.752315458686603   44.56196583210245
2.286209979177315   5.369334844730313   42.90485670238647
2.3532312448676476   5.011169974326492   41.287406535047076
2.4222172688678643   4.6762665706242   39.709301573608165
2.4932256489445366   4.363163589356736   38.1702368490936
2.5663156713684585   4.07048800562332   36.66992436178775
2.641548360413907   3.796951830389395   35.208407293691764
2.7189865293089923   3.5413470182571585   33.78604886399296
2.798694832679631   3.3025382363208378   32.40311971491782
2.8807398205309562   3.079458640142601   31.059779644523942
2.9651899938111903   2.8711060190319992   29.756083790321526
3.05211586160442   2.676539136311647   28.49198884789257
3.1415899999999994   2.4948742564252626   27.26735929040539
