0.01   11105.172306512723   11104.591815602427
0.010293154462191829   11187.136689598918   11186.533846339538
0.010594902878253955   11262.703135871914   11262.076724869836
0.010905497183778876   11331.50194269505   11330.850342713367
0.011225196699963396   11393.146662552983   11392.467869242524
0.011554268350120923   11447.24097059215   11446.532617092304
0.011892986882540897   11493.397507175134   11492.656869714974
0.012241635099881474   11531.230203917641   11530.454223237404
0.012600504095286909   11560.341970039912   11559.527294825997
0.012969893495426888   11580.348220795302   11579.491228706116
0.013350111710660605   11590.880003192893   11589.97678685952
0.013741476192534558   11591.56170989389   11590.607799387293
0.014144313698828986   11582.027470187855   11581.01770539643
0.01455896056637426   11561.938665768066   11560.867227575209
0.014985762991865008   11530.974353235617   11529.834465867621
0.01542507732090645   11488.82646841641   11487.609902743048
0.015877270345534218   11435.22258591686   11433.919692107616
0.016342719610456153   11369.928601672444   11368.528345552042
0.016821813728271667   11292.740131797773   11291.229845201138
0.017314952703931925   11203.495348591641   11201.86075436259
0.017822548268711737   11102.083274590372   11100.308690920769
0.01834502422397195   10988.450883091837   10986.520048207945
0.018882816794999403   10862.605832299358   10860.502790749371
0.019436374995219892   10724.613504556362   10722.322819557558
0.02000616100108813   10574.610516938686   10572.117701830903
0.020592650537967844   10412.837438873281   10410.130044004942
0.021196333277324068   10239.60207528415   10236.669990080009
0.02181771324555934   10055.273717652362   10052.109381905775
0.022457309244835088   9860.358258961369   9856.958967510349
0.02311565528622961   9655.470450258981   9651.839892342601
0.023793301035594242   9441.264867454931   9437.412770264362
0.024490812272480036   9218.49957813591   9214.442549263236
0.025208771362518027   8988.122221625568   8983.886227252935
0.0259477777436476   8751.105862801716   8746.725628058668
0.02670844842659881   8508.44410552687   8503.962162151858
0.027491418510046592   8261.363820503826   8256.831183578606
0.028297341710866907   8011.169337995574   8006.645000989588
0.029126890909937666   7759.0940495772775   7754.64339105343
0.029980758713939952   7506.456759928128   7502.150266197409
0.030859658033628758   7254.7375235301615   7250.649732452873
0.031764322679055976   7005.297154358889   7001.505267357032
0.03269550797224261   6759.429400803418   6756.010620483081
0.033653991377811755   6518.718533488948   6515.741367057686
0.03464057315210884   6284.6913361339775   6282.213431572224
0.03565607701135116   6058.649531315428   6056.718697054349
0.036701350819364466   5841.607884301269   5840.260074250711
0.03777726729548091   5634.315789660513   5633.57318687248
0.038884724743189276   5437.375292790537   5437.248239693786
0.04002464780014597   5251.462445588811   5251.94079642397
0.041197988210172884   5077.851507815107   5078.86872119624
0.04240572561788674   4917.783005522959   4919.215246747951
0.04364886838662332   4772.1606710348215   4773.836137223064
0.04492845444033957   4640.298573044455   4642.018773700109
0.04624555213019635   4520.777244608791   4522.327515164845
0.04760126112654554   4412.3145082496385   4413.4635741146085
0.04899671333706607   4313.716988645402   4314.209708817234
0.05043307385181555   4223.883186141636   4223.43696981419
0.05191154191598653   4141.671731167014   4139.982693696323
0.053433351931179485   4065.3675407333776   4062.1371776224814
0.05499977448602865   3993.1761007600853   3988.1197984931637
0.05661211741704101   3923.017381476774   3915.8918388991465
0.05827172690053434   3852.3860697493074   3843.027316368484
0.05997998857658587   3778.780495639762   3767.1210430286537
0.06173832870592997   3699.3498135203063   3685.4751695590953
0.0635482153607709   3611.407979451859   3595.574411362866
0.06541115965050462   3512.831602802378   3495.520681849245
0.06732871698337338   3402.0483250100797   3383.9716854629924
0.06930248836510605   3278.553267527576   3260.586534882725
0.07133412173562886   3142.724558157512   3125.8470127000937
0.07342531334496233   2996.168392602093   2981.4478024729183
0.07557780916945323   2841.281292013855   2829.8267903758483
0.07779340636952398   2681.1989431303778   2674.0363388143555
0.08007395479015682   2519.3419300680703   2517.3434804320273
0.08242135850536496   2359.5145948564877   2363.353082386718
0.08483757740794096   2205.6781621754153   2215.709597724712
0.08732462884580919   2061.8765334191135   2078.028639260938
0.08988458930634863   1931.5684774769934   1953.35159164512
0.09251959615009227   1817.7798009077108   1844.277786764257
0.09523184939525078   1722.1028699973012   1752.0079431142751
0.09802361355455057   1644.9073605130375   1676.5359986332694
0.10089721952591899   1584.8130864598886   1616.4009513230972
0.10385506653859616   1539.3370089649916   1569.191133679762
0.10689962415629803   1504.656517499845   1531.2681036894528
0.11003343433910281   1476.3128167875307   1498.5889147680384
0.11325911356578279   1449.2549336334405   1466.8400616905972
0.11657935501835284   1418.4397552855257   1431.7639420725907
0.11999693083066039   1379.493052073669   1389.835150886623
0.12351469440289359   1329.407270512486   1338.863219360317
0.12713558278394044   1267.1764521503537   1278.2429251906533
0.13086261912358757   1193.9047859463883   1209.3718854393844
0.13469891519660646   1112.807312733871   1135.2511988201668
0.13864767400083483   1028.9820134776764   1059.8342186178409
0.14271219243142114   948.6932432606079   988.1955776273177
0.14689586403346616   877.7124534449806   924.7029478248049
0.1512021818353596   819.7071333541161   871.7013022228283
0.15563474126517718   775.6521146138349   829.6848875287309
0.16019724315257297   744.2756232596294   797.3037534079034
0.1648934968186736   722.6028808217877   771.7499434398435
0.1697274232565544   705.9629912747959   749.8320994072461
0.17470305840495237   688.472780412669   727.2217791880913
0.17982455651794954   664.9744183609577   700.4905017018954
0.18509619363343993   633.1200627824438   668.5082132011266
0.19052237114327647   593.7210893905564   632.2853086182473
0.19610761946807834   550.0594010989801   594.0520477876458
0.20185660183976684   507.0889132592054   557.1129256221365
0.20777411819498756   469.68303513835247   524.4321907497808
0.21386510918267082   440.6456285226759   497.2862723040978
0.22013466028907505   419.97874087646034   475.5496897865386
0.22658800608375756   405.09573247835016   457.1983022631156
0.23323053459001789   391.6039993883591   439.8270936026769
0.2400677917834628   375.46342971226557   421.2900608535727
0.24710548622244882   354.97220317124487   400.88702360946826
0.25434949381426813   331.0484054904966   379.3357926636524
0.2618058627210567   306.7382677146341   358.3663987977604
0.2694808184095226   285.51271269576966   339.3319079507256
0.27738076884870827   268.9948684517827   323.0339480719833
0.2855123098601282   256.41033834042247   308.6786481565503
0.29388223062474755   245.32210679566958   295.2813644271921
0.3024975193514008   233.14380753342834   281.7549425976549
0.31136536911138296   219.04862510119153   267.97768864439104
0.3204931838440838   204.2277619446414   254.4383546691982
0.32988858453867975   190.6188601149643   241.76449975572896
0.3395594155970457   179.39846560608112   230.29762275547787
0.34951375138319807   170.08537171473114   219.8026988290538
0.3597599029647371   161.20462575119282   209.73250972876218
0.37030642505191835   151.75907276709023   199.8861211964281
0.3811621231401457   141.99483283443544   190.33074436787444
0.3923360608618501   132.90005192226388   181.3057852053879
0.4038375675538918   125.02213772633054   172.92668800292694
0.41567624604680364   118.0014281403298   165.07020693724888
0.42786198068238046   111.1113808888743   157.52120997958824
0.4404049455663077   104.18386732043983   150.26427800573865
0.4533156130627191   97.60384935318936   143.39266808662728
0.4666047625377753   91.67977977025727   136.93140395104564
0.4802834893595659   86.23870189878849   130.82320605687738
0.49436321416184764   80.97715305203775   124.99205695742901
0.5088556923793517   75.89388921552464   119.43099002232555
0.5237730240626238   71.16597137393691   114.17299444029922
0.5391276639805903   66.80559144779308   109.19976678124189
0.5549324320192869   62.67269476455254   104.4713603912364
0.5712005238854289   58.73379644872252   99.96633827075271
0.5879455221237613   55.0439064223881   95.70449301852047
0.6051814074573895   51.58285959154591   91.65951436095857
0.622922570460556   48.333125055828816   87.81592553865313
0.6411838235736077   45.28155440305611   84.16351195356822
0.6599804134701901   42.41587820803383   80.69257652915127
0.6793280337869897   39.724641192346056   77.39391482261138
0.6992428382266549   37.197142907112955   74.25879168300278
0.7197414540448374   34.82338319782087   71.27891872522423
0.7408409959326054   32.5941696225437   68.44622530881712
0.7625590803058332   30.50132149443714   65.7524721389086
0.7849138400134885   28.537148120620227   63.18981800929698
0.8079239394770964   26.694332499444727   60.7509131053228
0.8316085902740278   24.965918495177025   58.428865439326245
0.8559875671776167   23.345297963437872   56.21720975201093
0.8810812246675007   21.82619788492349   54.10987868670871
0.9069105139239728   20.402646544703067   52.101124616784645
0.9334970003205227   19.068897064076403   50.18532609873148
0.960862881429187   17.819503687898123   48.357161913062875
0.9890310055537336   16.649335475510934   46.61165726022274
1.0180248908061487   15.553559163474437   44.94415885447865
1.047868744742366   14.527622887836825   43.350311973052925
1.0785874845736239   13.567240729811322   41.82603930025089
1.1102067579703248   12.668379853234667   40.36748955620514
1.1427529644757777   11.827256175332602   38.97083911741793
1.1762532775476793   11.040310969527647   37.63243144207923
1.210735667245765   10.304192908792524   36.348860027450364
1.246228923584555   9.615746886361983   35.116950251942754
1.2827626805706884   8.972003388928595   33.93374237909599
1.3203674409449337   8.37016837984385   32.79647596823104
1.3590746016495152   7.807613341541911   31.70256573319207
1.3989164800420282   7.28186307321029   30.649492844376514
1.4399263408778291   6.790589344260134   29.634848688637124
1.4821384240834183   6.331605012355011   28.65639481075546
1.525587973344019   5.902855972699421   27.712051800533416
1.5703112655292182   5.502413497849477   26.79988808544297
1.6163456409812174   5.128466986633063   25.91810964607003
1.6637295346910133   4.779317129771521   25.065050093736644
1.7125025083885144   4.453369874688562   24.239153643064267
1.7627052835733923   4.1491300787016   23.438969365434595
1.814379775514258   3.8651952169657027   22.663152235943603
1.8675691282445197   3.6002499205761036   21.910456450901098
1.922317750584177   3.353060830959023   21.179728957381275
1.9786713532176083   3.122471737417702   20.469903455048374
2.0366769868582977   2.9073989627572048   19.779995177754216
2.0963830815323896   2.7068262865133446   19.109108658462805
2.1578394870138577   2.5198008980472384   18.4564345117633
2.2210975144450407   2.3454306231136983   17.821227007837145
2.286209979177315   2.182880276696422   17.20279885329673
2.3532312448676476   2.0313681564397537   16.60051745411633
2.4222172688678643   1.8901627419215024   16.01380138834083
2.4932256489445366   1.7585795951769205   15.442117837888492
2.5663156713684585   1.6359791191164443   14.885059732284637
2.641548360413907   1.521764137601512   14.342397401207839
2.7189865293089923   1.4153759186138668   13.813922781580526
2.798694832679631   1.3162916703431602   13.299430674250033
2.8807398205309562   1.2240223373856627   12.798718328473853
2.9651899938111903   1.1381105232749658   12.311585052271676
3.05211586160442   1.0581285311353879   11.837831775456626
3.1415899999999994   0.9836753116464835   11.37720614314928
