0.01   545.9119941082475   545.9074461099767
0.010293154462191829   551.3939982589241   551.3893912946302
0.010594902878253955   556.6421985889926   556.6375454437796
0.010905497183778876   561.6396334563484   561.634947366414
0.011225196699963396   566.3693194524623   566.3646139910852
0.011554268350120923   570.8134489842215   570.8087335446812
0.011892986882540897   574.9529192521877   574.9481917918956
0.012241635099881474   578.768637810444   578.7638838892044
0.012600504095286909   582.2416468593127   582.2368422137913
0.012969893495426888   585.3528098076024   585.3479372906003
0.013350111710660605   588.0832003574789   588.0782564939063
0.013741476192534558   590.4143529039344   590.4093479696473
0.014144313698828986   592.327467670898   592.3224174719153
0.01455896056637426   593.8032609320752   593.7981761445482
0.014985762991865008   594.8231694149033   594.818054801537
0.01542507732090645   595.3694102811512   595.3642644489131
0.015877270345534218   595.4245946793071   595.4194092260262
0.016342719610456153   594.9723265594605   594.9670858726995
0.016821813728271667   593.9975125069055   593.9921940932762
0.017314952703931925   592.4861198611115   592.4806998293487
0.017822548268711737   590.4253081438367   590.419766778174
0.01834502422397195   587.8039519743435   587.7982740709958
0.018882816794999403   584.6129477287006   584.6071191118044
0.019436374995219892   580.8457428007321   580.8397376767425
0.02000616100108813   576.4979958283488   576.4917744052719
0.020592650537967844   571.5676416342336   571.5611518032474
0.021196333277324068   566.0564695544252   566.0496637437793
0.02181771324555934   559.9698364916541   559.96268501564
0.022457309244835088   553.3153904670072   553.3078815156554
0.02311565528622961   546.1045746113134   546.0967115883187
0.023793301035594242   538.3553078909049   538.3471029314776
0.024490812272480036   530.0881435007514   530.0796160207759
0.025208771362518027   521.3259075896103   521.3170845247234
0.0259477777436476   512.0992425585563   512.090165934879
0.02670844842659881   502.4438652459166   502.43459623115217
0.027491418510046592   492.39611171113523   492.38672893636635
0.028297341710866907   481.9973895961496   481.9879922782123
0.029126890909937666   471.2992927198743   471.2900093230481
0.029980758713939952   460.35331146958396   460.3442976033135
0.030859658033628758   449.21026049606064   449.2016935396165
0.031764322679055976   437.92953153445944   437.92159300224023
0.03269550797224261   426.57259119153883   426.5654574293019
0.033653991377811755   415.1967580546995   415.19059928597864
0.03464057315210884   403.86439534013215   403.85938671030823
0.03565607701135116   392.6489253275378   392.64526589427766
0.036701350819364466   381.6181580259763   381.6160692959232
0.03777726729548091   370.83120278348497   370.83089985229014
0.038884724743189276   360.33064505825496   360.33216363402255
0.04002464780014597   350.1497971961835   350.15294192201446
0.041197988210172884   340.3179977051675   340.3223706872284
0.04240572561788674   330.8820975841756   330.88723395879106
0.04364886838662332   321.91327072179297   321.9188048896522
0.04492845444033957   313.47642625221073   313.4820945260529
0.04624555213019635   305.60639095519895   305.6120071842466
0.04760126112654554   298.26065051081645   298.2660519481554
0.04899671333706607   291.3853433896469   291.390378609973
0.05043307385181555   284.9295305084174   284.93397391619385
0.05191154191598653   278.8410244927404   278.84429854258076
0.053433351931179485   273.07046041961183   273.07160532971983
0.05499977448602865   267.5592255912401   267.5569951791566
0.05661211741704101   262.23024956556304   262.22325020403383
0.05827172690053434   257.00763256910665   256.9943929516143
0.05997998857658587   251.79940143956344   251.7787864834835
0.06173832870592997   246.508636364741   246.48005932092477
0.0635482153607709   241.03417899029043   240.99765987773247
0.06541115965050462   235.26560099277145   235.2218598073783
0.06732871698337338   229.10486632561285   229.0552503103076
0.06930248836510605   222.47137412610948   222.41769859922474
0.07133412173562886   215.31078563464527   215.2552009364072
0.07342531334496233   207.62257937869447   207.56730837354263
0.07557780916945323   199.4413842726549   199.3886277239698
0.07779340636952398   190.86047466580823   190.81239777701964
0.08007395479015682   182.00051057449684   181.95930007982616
0.08242135850536496   173.01685345409456   172.98490936993588
0.08483757740794096   164.07328091377045   164.0529163259618
0.08732462884580919   155.33897023734656   155.3319933271684
0.08988458930634863   146.98760416884997   146.9946480382276
0.09251959615009227   139.17803789689816   139.1983274706019
0.09523184939525078   132.05237904991182   132.08333731397443
0.09802361355455057   125.72552775844854   125.76285996707621
0.10089721952591899   120.24741101694906   120.28611558560169
0.10385506653859616   115.61644703477774   115.65125980731928
0.10689962415629803   111.73841412598578   111.76401654624406
0.11003343433910281   108.46701796706967   108.47852174301492
0.11325911356578279   105.59643286161231   105.59018139474992
0.11657935501835284   102.89775316893177   102.87150977205539
0.11999693083066039   100.13878852020414   100.09224089130981
0.12351469440289359   97.1087268540108   97.04453003413458
0.12713558278394044   93.65255085283951   93.57606361095263
0.13086261912358757   89.6937189226526   89.6123653148581
0.13469891519660646   85.25538127803752   85.17784778292014
0.13864767400083483   80.45604982549233   80.39119635584687
0.14271219243142114   75.48844063580228   75.44356812232995
0.14689586403346616   70.5960594918259   70.57487724345451
0.1512021818353596   66.04139723075161   66.04237000561483
0.15563474126517718   62.052168826786065   62.06844728975337
0.16019724315257297   58.7512649607602   58.77339422843656
0.1648934968186736   56.12137952889994   56.139111504887154
0.1697274232565544   54.02705971888873   54.03046300566871
0.17470305840495237   52.26427408716802   52.24555146316696
0.17982455651794954   50.593743906036266   50.55006888399382
0.18509619363343993   48.769917495167704   48.706485162839755
0.19052237114327647   46.61396912001685   46.54204934376342
0.19610761946807834   44.100197541356586   44.03225517567032
0.20185660183976684   41.35988244562931   41.306562017646336
0.20777411819498756   38.60483260292338   38.572749008287374
0.21386510918267082   36.056466192548086   36.04419411036677
0.22013466028907505   33.887032633352696   33.88612996597335
0.22658800608375756   32.15176074276736   32.14894225265207
0.23323053459001789   30.763603241492568   30.747398194865582
0.2400677917834628   29.544492979954942   29.509311864287127
0.24710548622244882   28.290802146531234   28.240128516219794
0.25434949381426813   26.865736983144117   26.810298130644
0.2618058627210567   25.276094752847715   25.22803917945359
0.2694808184095226   23.642116116025946   23.608837808828007
0.27738076884870827   22.11742622781657   22.098367515673
0.2855123098601282   20.818274340413794   20.804818303600555
0.29388223062474755   19.750165639130216   19.731687625407147
0.3024975193514008   18.81358614008809   18.78412738896984
0.31136536911138296   17.883847722252213   17.845934253265725
0.3204931838440838   16.88575455577562   16.848092823464377
0.32988858453867975   15.842668684728466   15.812996919021916
0.3395594155970457   14.845048883544907   14.824704351771087
0.34951375138319807   13.963406338281922   13.947297771222368
0.3597599029647371   13.20100843953063   13.182263608086066
0.37030642505191835   12.499348494897635   12.475578107280208
0.3811621231401457   11.795941656512118   11.771062692498457
0.3923360608618501   11.081848026333969   11.061401487949837
0.4038375675538918   10.39672613849997   10.381947316002945
0.41567624604680364   9.77673912212164   9.76445762864242
0.42786198068238046   9.217975300633704   9.204753524271107
0.4404049455663077   8.687646054005686   8.67355868848998
0.4533156130627191   8.165740868065017   8.153813032551898
0.4666047625377753   7.663636184240068   7.655311383020547
0.4802834893595659   7.1993631204455255   7.193141899015264
0.49436321416184764   6.7716946037139145   6.765923630428069
0.5088556923793517   6.365540946329342   6.360580721605524
0.5237730240626238   5.974923229745036   5.972060768483568
0.5391276639805903   5.606714275937115   5.606021198300493
0.5549324320192869   5.264388039518218   5.264901460258415
0.5712005238854289   4.942341638781764   4.943915536866353
0.5879455221237613   4.636186801498369   4.6394108367398745
0.6051814074573895   4.347752666334794   4.352643735729645
0.622922570460556   4.077746042203171   4.083930343694516
0.6411838235736077   3.823922531522949   3.8312838025866434
0.6599804134701901   3.584819836548361   3.5934150759749404
0.6793280337869897   3.35967950162521   3.3695480620349296
0.6992428382266549   3.1478230872555475   3.1589738091027604
0.7197414540448374   2.948590205015665   2.9610066798704286
0.7408409959326054   2.7613397234067047   2.774984957552659
0.7625590803058332   2.5854507339270607   2.600271259037013
0.7849138400134885   2.4203167010774043   2.4362478044853058
0.8079239394770964   2.2653191318840866   2.2822962119714942
0.8316085902740278   2.119860237781143   2.1378216918788815
0.8559875671776167   1.9833761170099113   2.002262650438348
0.8810812246675007   1.8553349168968345   1.8750889973702307
0.9069105139239728   1.7352350781042536   1.7558005174094884
0.9334970003205227   1.622603672082882   1.643925315452785
0.960862881429187   1.5169948328596663   1.5390183368617885
0.9890310055537336   1.4179900626321775   1.440661177495755
1.0180248908061487   1.3251986411119114   1.3484619878157755
1.047868744742366   1.238251763709698   1.262051111541781
1.0785874845736239   1.156800792274592   1.1810795275331079
1.1102067579703248   1.0805162889089488   1.10521783754329
1.1427529644757777   1.0090870854153096   1.0341552914753953
1.1762532775476793   0.9422193879152907   0.9675988498365
1.210735667245765   0.8796358951775851   0.9052722786000499
1.246228923584555   0.8210744416192175   0.846915173566498
1.2827626805706884   0.7662873261300663   0.7922821557916583
1.3203674409449337   0.7150412359795596   0.7411422205467514
1.3590746016495152   0.6671165075789856   0.6932779758737708
1.3989164800420282   0.6223063865550373   0.6484849078657401
1.4399263408778291   0.5804163235950563   0.6065706795940409
1.4821384240834183   0.5412633046522545   0.5673544626726258
1.525587973344019   0.5046752157739104   0.530666323389213
1.5703112655292182   0.4704902494795099   0.4963467789172159
1.6163456409812174   0.43855631930252104   0.4642460745986874
1.6637295346910133   0.4087305062146874   0.4342235270000248
1.7125025083885144   0.38087854143720473   0.40614701369845946
1.7627052835733923   0.3548743158083973   0.3798924889301564
1.814379775514258   0.33059941447885466   0.35534352321194085
1.8675691282445197   0.30794267581275164   0.3323908660683561
1.922317750584177   0.2867997432731336   0.3109322306126251
1.9786713532176083   0.2670726052004217   0.29087233240814975
2.0366769868582977   0.24866932775971717   0.27212181100937843
2.0963830815323896   0.23150372213351528   0.2545967285038933
2.1578394870138577   0.21549500268378788   0.23821827239925122
2.2210975144450407   0.20056746417003565   0.2229124715592827
2.286209979177315   0.18665017705510029   0.20860992494237746
2.3532312448676476   0.17367670105117616   0.19524553723855442
2.4222172688678643   0.16158488084700556   0.182757920729552
2.4932256489445366   0.15031660611577277   0.17108906573309257
2.5663156713684585   0.13981745035339033   0.16018473943783074
2.641548360413907   0.13003644008387563   0.14999429653138754
2.7189865293089923   0.1209258478048157   0.14047044489997554
2.798694832679631   0.1124409963718387   0.13156902623535197
2.8807398205309562   0.10454007426799883   0.1232488106417739
2.9651899938111903   0.09718394221769239   0.11547139763743655
3.05211586160442   0.09033573151740905   0.10820221278253363
3.1415899999999994   0.08396083747451538   0.10140965132585102
