0.01   3837.0817347192465   3836.903156818791
0.010293154462191829   3897.006671450561   3896.8157103838203
0.010594902878253955   3956.242161559763   3956.0374759369797
0.010905497183778876   4014.674914847722   4014.455071599089
0.011225196699963396   4072.188193653903   4071.9516738020525
0.011554268350120923   4128.661573491654   4128.406771976739
0.011892986882540897   4183.965314008393   4183.690535450126
0.012241635099881474   4237.963789011688   4237.667246617172
0.012600504095286909   4290.518780657723   4290.198596232667
0.012969893495426888   4341.487071392162   4341.141157845752
0.013350111710660605   4390.719069800449   4390.344939301377
0.013741476192534558   4438.063166619367   4437.657905091154
0.014144313698828986   4483.36520668105   4482.925509413758
0.01455896056637426   4526.46214101073   4525.984559633235
0.014985762991865008   4567.1875775260505   4566.668619649933
0.01542507732090645   4605.37520534236   4604.811340270987
0.015877270345534218   4640.855486482622   4640.242876843485
0.016342719610456153   4673.455376311012   4672.789540259015
0.016821813728271667   4703.003782283218   4702.279575381345
0.017314952703931925   4729.331109335059   4728.542752606344
0.017822548268711737   4752.264646829971   4751.405828629552
0.01834502422397195   4771.634627097586   4770.698549701285
0.018882816794999403   4787.2770720452445   4786.25647355426
0.019436374995219892   4799.032585944706   4797.919619232329
0.02000616100108813   4806.747569686603   4805.533695265131
0.020592650537967844   4810.277531681651   4808.953560378746
0.021196333277324068   4809.489096807688   4808.045218766236
0.02181771324555934   4804.26287387953   4802.688632371316
0.022457309244835088   4794.492564222437   4792.7769137438045
0.02311565528622961   4780.086258511572   4778.217687485857
0.023793301035594242   4760.977031679035   4758.94415201478
0.024490812272480036   4737.120922260937   4734.912923820166
0.025208771362518027   4708.490191992316   4706.096938879058
0.0259477777436476   4675.084967733422   4672.497300285503
0.02670844842659881   4636.9495823962425   4634.159917814425
0.027491418510046592   4594.148632681968   4591.151086936899
0.028297341710866907   4546.7673306742145   4543.557833275273
0.029126890909937666   4494.951768837924   4491.528924353001
0.029980758713939952   4438.886523019284   4435.252029996756
0.030859658033628758   4378.767618991157   4374.926166944161
0.031764322679055976   4314.83613947907   4310.795799334965
0.03269550797224261   4247.405096600975   4243.178095367334
0.033653991377811755   4176.795196756815   4172.397715462414
0.03464057315210884   4103.339620913984   4098.791331834505
0.03565607701135116   4027.4675513752823   4022.7904060862247
0.036701350819364466   3949.6371604169444   3944.854700852829
0.03777726729548091   3870.2880423807674   3865.4251246428453
0.038884724743189276   3789.8799167850475   3784.963368655121
0.04002464780014597   3708.9053744865505   3703.9649802789445
0.041197988210172884   3627.8290626776484   3622.897212394002
0.04240572561788674   3547.099599175813   3542.209187141932
0.04364886838662332   3467.2213027815546   3462.396779378846
0.04492845444033957   3388.68522835704   3383.9403669776143
0.04624555213019635   3311.9404484197526   3307.279125837637
0.04760126112654554   3237.4493452631873   3232.864262579583
0.04899671333706607   3165.6912895777355   3161.1626014889744
0.05043307385181555   3097.1027260702785   3092.59899238946
0.05191154191598653   3031.9578892163854   3027.4365099681945
0.053433351931179485   2970.203781800038   2965.6105887294502
0.05499977448602865   2911.7425016075244   2907.012405126448
0.05661211741704101   2856.40675813382   2851.4650287149084
0.05827172690053434   2803.84724400903   2798.611574869421
0.05997998857658587   2753.7053695234345   2748.0867397841002
0.06173832870592997   2705.5363580277067   2699.4443111459345
0.0635482153607709   2658.773502331115   2652.1230387531186
0.06541115965050462   2612.852486340903   2605.566964321793
0.06732871698337338   2567.078749025444   2559.1063143175907
0.06930248836510605   2520.7300798163724   2512.050510099079
0.07133412173562886   2473.014530498991   2463.654525965745
0.07342531334496233   2423.0571857643577   2413.1078727370723
0.07557780916945323   2370.0306605093397   2359.6579511492496
0.07779340636952398   2313.141061570476   2302.6094715588742
0.08007395479015682   2251.766900922062   2241.4304602793873
0.08242135850536496   2185.604717893712   2175.8875262345205
0.08483757740794096   2114.6401017363014   2106.0299659135667
0.08732462884580919   2039.346300047783   2032.40568730668
0.08988458930634863   1960.5089441947982   1955.8206547226587
0.09251959615009227   1879.305832995945   1877.38722053336
0.09523184939525078   1797.0964415452943   1798.391850906022
0.09802361355455057   1715.3638717289214   1720.2401771174054
0.10089721952591899   1635.6729254896616   1644.3449955753981
0.10385506653859616   1559.4834336134772   1571.996040108323
0.10689962415629803   1488.2061098112636   1504.399098322859
0.11003343433910281   1423.0547353293914   1442.5671410994223
0.11325911356578279   1364.8780214189264   1387.1273482366826
0.11657935501835284   1314.1090648594975   1338.3325586666704
0.11999693083066039   1270.4603034020274   1295.8026752008382
0.12351469440289359   1233.0507349048883   1258.6657832206167
0.12713558278394044   1200.356657582814   1225.5226777842236
0.13086261912358757   1170.424155606949   1194.6389775522214
0.13469891519660646   1141.1313108012364   1164.203090470353
0.13864767400083483   1110.385227338846   1132.5360844560807
0.14271219243142114   1076.4338477196457   1098.2753275740542
0.14689586403346616   1038.0988234881615   1060.572165513325
0.1512021818353596   995.0132208591194   1019.2862270830441
0.15563474126517718   947.7665822757965   975.0321705553314
0.16019724315257297   897.7787644967078   929.0905693377858
0.1648934968186736   847.0843915784528   883.1326452375265
0.1697274232565544   798.0532464005539   838.9147954019354
0.17470305840495237   753.0512324255384   798.1213432783995
0.17982455651794954   713.9361609232919   762.1102030740583
0.18509619363343993   681.4846588800207   731.153360683661
0.19052237114327647   655.1235915529365   704.6842967689834
0.19610761946807834   633.1769991463161   681.4212283719688
0.20185660183976684   613.40414260281   659.6936246204925
0.20777411819498756   593.4269152823392   637.8718633063521
0.21386510918267082   571.1091275924883   614.6705626753641
0.22013466028907505   545.235561439565   589.4399340664658
0.22658800608375756   516.1699312251719   562.6145156578428
0.23323053459001789   485.6917750046466   535.3744158465437
0.2400677917834628   456.1136052367103   509.2486414584641
0.24710548622244882   429.509631481709   485.3096112253323
0.25434949381426813   407.16275738412503   464.29090257101984
0.2618058627210567   389.03556877890037   445.7682181432322
0.2694808184095226   373.7472149904164   429.0436330232504
0.27738076884870827   359.23515934114954   412.93707561201
0.2855123098601282   343.5995476540313   396.48775969706253
0.29388223062474755   326.0049773387626   379.4638599088428
0.3024975193514008   307.1186930872061   362.1903820953045
0.31136536911138296   288.54293519612554   345.5804690526398
0.3204931838440838   271.82115846383937   330.11921811521086
0.32988858453867975   257.72264282093624   316.1475530908974
0.3395594155970457   245.76033943143696   303.3841371552136
0.34951375138319807   234.57848781327533   291.167453198056
0.3597599029647371   222.96809814368163   279.0123160333049
0.37030642505191835   210.58268707089388   267.0436400153764
0.3811621231401457   198.11388168873387   255.38111838079027
0.3923360608618501   186.6151387246467   244.37658353739175
0.4038375675538918   176.5666473761196   234.13859962952822
0.41567624604680364   167.6216055219535   224.54006823547957
0.42786198068238046   158.98738746868506   215.29702149479434
0.4404049455663077   150.1764169596644   206.29263413008783
0.4533156130627191   141.40784767295037   197.64539901856114
0.4666047625377753   133.2260091325039   189.4270552306921
0.4802834893595659   125.86251336566687   181.66547961747682
0.49436321416184764   119.05201372874266   174.30632673561354
0.5088556923793517   112.40990677960437   167.22274716268606
0.5237730240626238   105.88060080046375   160.41854641314254
0.5391276639805903   99.70826968524055   153.94152934858337
0.5549324320192869   94.02628972286868   147.79333750200104
0.5712005238854289   88.70295536412412   141.93667883090703
0.5879455221237613   83.57110374843225   136.33143975349063
0.6051814074573895   78.65356571984618   130.97187740902007
0.622922570460556   74.04983456386734   125.87252213468224
0.6411838235736077   69.74146353720641   121.01606442090335
0.6599804134701901   65.64280365608197   116.37406727477997
0.6793280337869897   61.7421793263656   111.94141048899614
0.6992428382266549   58.07502162692036   107.71597796645862
0.7197414540448374   54.62529480948428   103.68391631164066
0.7408409959326054   51.36613597454581   99.83441036339156
0.7625590803058332   48.28520779098153   96.157948887698
0.7849138400134885   45.37513958501829   92.64605413522396
0.8079239394770964   42.62861856363294   89.29069654996246
0.8316085902740278   40.038399941320215   86.08426730639847
0.8559875671776167   37.597337320167206   83.01955496324679
0.8810812246675007   35.298163919383484   80.08951682161867
0.9069105139239728   33.13313566736118   77.28690030516937
0.9334970003205227   31.09477660733718   74.60479066521866
0.960862881429187   29.176010402747593   72.03670168162446
0.9890310055537336   27.370139670328605   69.57654634447478
1.0180248908061487   25.670826362130146   67.21860973671382
1.047868744742366   24.072073143198992   64.95752393942911
1.0785874845736239   22.568209737542414   62.7882272191269
1.1102067579703248   21.15393690634809   60.70566591600873
1.1427529644757777   19.824280731198034   58.704866181065036
1.1762532775476793   18.57451606319627   56.781179552904796
1.210735667245765   17.400154522528563   54.93026763448549
1.246228923584555   16.296934747943077   53.148080140120406
1.2827626805706884   15.260812882773036   51.430834713534956
1.3203674409449337   14.287953305711696   49.774998358516285
1.3590746016495152   13.37471510476931   48.17720501089833
1.3989164800420282   12.517633317528995   46.6340787405136
1.4399263408778291   11.713426540383493   45.142430566294266
1.4821384240834183   10.958992186859362   43.699301397939806
1.525587973344019   10.251397690836045   42.3019463374198
1.5703112655292182   9.58787207433737   40.94782025988233
1.6163456409812174   8.965797869697838   39.63456455012976
1.6637295346910133   8.382703410317221   38.35999497680247
1.7125025083885144   7.8362559588110114   37.12209253607359
1.7627052835733923   7.324254466026196   35.91899273319975
1.814379775514258   6.844622173453534   34.74897352009566
1.8675691282445197   6.395400166502161   33.61044624628962
1.922317750584177   5.974741245245161   32.50194733951357
1.9786713532176083   5.580904072612266   31.4221305403684
2.0366769868582977   5.212247590516709   30.36975963450733
2.0963830815323896   4.867225212857348   29.34371214281103
2.1578394870138577   4.544378269303744   28.34300813098916
2.2210975144450407   4.2423332274759   27.366763775707966
2.286209979177315   3.959797696968263   26.414171033790268
2.3532312448676476   3.695555927764949   25.484492735855085
2.4222172688678643   3.4484645371566947   24.577057904923862
2.4932256489445366   3.217448455137802   23.691257276806766
2.5663156713684585   3.001497126535291   22.826544584221736
2.641548360413907   2.7996624202496934   21.98262005833807
2.7189865293089923   2.611055016813793   21.159438013652586
2.798694832679631   2.434838913409248   20.35694890872533
2.8807398205309562   2.2702283276189337   19.575083100989964
2.9651899938111903   2.116484894533129   18.81375132215087
3.05211586160442   1.9729150032560345   18.072845186357803
3.1415899999999994   1.8388672672197035   17.352237729389564
