0.01   1384.1532024893902   1384.1193716022551
0.010293154462191829   1395.396398793931   1395.3622984013195
0.010594902878253955   1405.9078640477328   1405.8734940188792
0.010905497183778876   1415.640302167644   1415.6056647262744
0.011225196699963396   1424.546830730289   1424.5119306453314
0.011554268350120923   1432.5799466110998   1432.5447929287993
0.011892986882540897   1439.6909753648074   1439.655584128098
0.012241635099881474   1445.8321407301244   1445.7965353380773
0.012600504095286909   1450.956264160457   1450.9204738877033
0.012969893495426888   1455.0137009454313   1454.9777523902712
0.013350111710660605   1457.9552861068978   1457.9192001863632
0.013741476192534558   1459.733954657827   1459.6977467037034
0.014144313698828986   1460.3029718087812   1460.2666564225256
0.01455896056637426   1459.616092190006   1459.579688562147
0.014985762991865008   1457.6301987900251   1457.5937309590029
0.01542507732090645   1454.3048082672346   1454.2682934327488
0.015877270345534218   1449.599918320159   1449.5633256007807
0.016342719610456153   1443.4792112610821   1443.4424533796146
0.016821813728271667   1435.9111601695822   1435.874097432541
0.017314952703931925   1426.868063950134   1426.830541597472
0.017822548268711737   1416.3268486929162   1416.2887247866581
0.01834502422397195   1404.2705490737433   1404.231695997675
0.018882816794999403   1390.6889237474616   1390.6492148379946
0.019436374995219892   1375.5790769093528   1375.5383547099036
0.02000616100108813   1358.945247359524   1358.9033219037758
0.020592650537967844   1340.7994945504456   1340.7561515098876
0.021196333277324068   1321.165906814489   1321.1209497978846
0.02181771324555934   1300.0781458657934   1300.0314174899818
0.022457309244835088   1277.5770919046797   1277.5284743621621
0.02311565528622961   1253.7172110523402   1253.6666434870708
0.023793301035594242   1228.5696083650823   1228.51711234761
0.024490812272480036   1202.2114929090224   1202.1571697344102
0.025208771362518027   1174.7285671358916   1174.672602002948
0.0259477777436476   1146.2308375146044   1146.173547142534
0.02670844842659881   1116.8364143748297   1116.7782511770772
0.027491418510046592   1086.6641110103799   1086.605647297157
0.028297341710866907   1055.8547177168216   1055.7966672113341
0.029126890909937666   1024.5691384041456   1024.5123752758016
0.029980758713939952   992.9613736018815   992.9069060545378
0.030859658033628758   961.1870788347676   961.1360047381694
0.031764322679055976   929.4280422981733   929.3814681192416
0.03269550797224261   897.8578615946079   897.8168750839423
0.033653991377811755   866.6360383653591   866.6017014517337
0.03464057315210884   835.9516572384946   835.9250533715007
0.03565607701135116   806.0044145816187   805.9866771866059
0.036701350819364466   776.9669509778256   776.9592490527832
0.03777726729548091   748.979452303401   748.9826941097219
0.038884724743189276   722.1444932728789   722.158701971419
0.04002464780014597   696.5438801495192   696.5682278098205
0.041197988210172884   672.2538688126491   672.2868577737695
0.04240572561788674   649.4264355840875   649.4664681178376
0.04364886838662332   628.2341670829824   628.2798091078042
0.04492845444033957   608.8189771097674   608.8689411181828
0.04624555213019635   591.169963106093   591.2227773125805
0.04760126112654554   575.1284398002914   575.182108539477
0.04899671333706607   560.5444780458469   560.5964923528938
0.05043307385181555   547.2764917705285   547.3234216118603
0.05191154191598653   535.1887462496259   535.225794119136
0.053433351931179485   524.1518338677188   524.172948578886
0.05499977448602865   513.9777663091716   513.9763003429944
0.05661211741704101   504.4491927371794   504.41830674141846
0.05827172690053434   495.3361869536589   495.26936231491635
0.05997998857658587   486.34383411527915   486.23629953739953
0.06173832870592997   477.17657697515614   477.0256191517542
0.0635482153607709   467.4951765019435   467.3008952516884
0.06541115965050462   456.95433966827346   456.7200061989124
0.06732871698337338   445.2575271954175   444.98920777821525
0.06930248836510605   432.1650172594265   431.87111461562046
0.07133412173562886   417.5396298289186   417.2306524579465
0.07342531334496233   401.36453268270003   401.0527591365568
0.07557780916945323   383.75272589287914   383.45177232166714
0.07779340636952398   364.94979427108666   364.6741403749762
0.08007395479015682   345.2930785253705   345.0580577388922
0.08242135850536496   325.1815266796358   325.00287464042555
0.08483757740794096   305.0670252511968   304.95824355370195
0.08732462884580919   285.41940256779276   285.38959186573396
0.08988458930634863   266.7539049818576   266.8048375518198
0.09251959615009227   249.5188415740651   249.64517793040227
0.09523184939525078   234.14050529308665   234.32886790553067
0.09802361355455057   220.90958120350467   221.13989067680146
0.10089721952591899   209.9577962532744   210.20374478795554
0.10385506653859616   201.23613865674992   201.46861976959025
0.10689962415629803   194.515366795967   194.70560391903993
0.11003343433910281   189.40425176375334   189.52455005294152
0.11325911356578279   185.40711314400514   185.43293216565138
0.11657935501835284   181.9263069044212   181.8423819116727
0.11999693083066039   178.33774572281   178.14121616408804
0.12351469440289359   174.04061888055557   173.74296033507193
0.12713558278394044   168.56010681562287   168.18693126831613
0.13086261912358757   161.630330952372   161.22299292533998
0.13469891519660646   153.2362875902338   152.84662059009986
0.13864767400083483   143.62950869257077   143.3079072976952
0.14271219243142114   133.32003816858196   133.10911249427798
0.14689586403346616   123.01921962272355   122.94000559609486
0.1512021818353596   113.4911145448868   113.53765018270006
0.15563474126517718   105.35084755680585   105.49407789511729
0.16019724315257297   98.90708363970289   99.10000006995786
0.1648934968186736   94.14733352945545   94.33232892102784
0.1697274232565544   90.81862084601971   90.93912740162209
0.17470305840495237   88.46014581052518   88.4672478510691
0.17982455651794954   86.40944951822178   86.28744508170172
0.18509619363343993   83.94467194144427   83.71486919131904
0.19052237114327647   80.56170916330589   80.27354757818505
0.19610761946807834   76.14798487891343   75.86890972599561
0.20185660183976684   70.95335662263356   70.75426591253769
0.20777411819498756   65.49015803326846   65.40898089701236
0.21386510918267082   60.40266458066596   60.438702863129514
0.22013466028907505   56.20314977231931   56.31330543426667
0.22658800608375756   53.08564587920679   53.20683297294507
0.23323053459001789   50.90105545853216   50.966152138069084
0.2400677917834628   49.20595645544103   49.17853712611816
0.24710548622244882   47.43510689212292   47.32492277941531
0.25434949381426813   45.19798246365539   45.0505607855154
0.2618058627210567   42.43103703049351   42.31913706854036
0.2694808184095226   39.381630576533006   39.350088536724236
0.27738076884870827   36.49227804983215   36.54486819427258
0.2855123098601282   34.11820242194456   34.2157404131427
0.29388223062474755   32.32337219559608   32.40848235711609
0.3024975193514008   30.900824506710972   30.93506951944291
0.31136536911138296   29.50517459109798   29.491034494869705
0.3204931838440838   27.888603516941473   27.8692006894332
0.32988858453867975   26.072670293864213   26.091822609503804
0.3395594155970457   24.27413583191272   24.34647268423899
0.34951375138319807   22.717604323363897   22.820518909985203
0.3597599029647371   21.460207709282887   21.555997046073244
0.37030642505191835   20.36350485138288   20.432450747111012
0.3811621231401457   19.24514701334479   19.30193328762557
0.3923360608618501   18.048177314400863   18.12263661367727
0.4038375675538918   16.862308857702324   16.965953959509424
0.41567624604680364   15.80698907318652   15.926161959608645
0.42786198068238046   14.897617302886413   15.011861336478239
0.4404049455663077   14.051843838915618   14.156852881899466
0.4533156130627191   13.198713189433207   13.308536907602338
0.4666047625377753   12.35619074305491   12.481226858314487
0.4802834893595659   11.581466338471785   11.715995043273226
0.49436321416184764   10.886652746290844   11.020476690616608
0.5088556923793517   10.232050740238451   10.364555241333493
0.5237730240626238   9.592707426122073   9.730671461236026
0.5391276639805903   8.985415275637791   9.13087003412546
0.5549324320192869   8.427453623134033   8.575370770389705
0.5712005238854289   7.907608284858288   8.055869564959885
0.5879455221237613   7.4106884513598485   7.562030156805795
0.6051814074573895   6.941172875701399   7.096330405756427
0.622922570460556   6.5011804994615705   6.6596532879748676
0.6411838235736077   6.088844349420742   6.249726096504977
0.6599804134701901   5.702257332676111   5.864855914638868
0.6793280337869897   5.339661924782358   5.50347193627118
0.6992428382266549   4.999440853253686   5.164107327350501
0.7197414540448374   4.680104498784832   4.845391862627822
0.7408409959326054   4.3802795091244695   4.546045118900375
0.7625590803058332   4.098706285314932   4.264873854874284
0.7849138400134885   3.8343175837859755   4.000807855377648
0.8079239394770964   3.58617267112686   3.7528679713094433
0.8316085902740278   3.353372801423197   3.5201249143115003
0.8559875671776167   3.135058848176655   3.3016966689145146
0.8810812246675007   2.9304105532246214   3.0967467138756137
0.9069105139239728   2.738645680504182   2.904482247951929
0.9334970003205227   2.559018187357601   2.724152041480301
0.960862881429187   2.3908018347198556   2.5550380646581936
0.9890310055537336   2.2332958906208202   2.396456541474991
1.0180248908061487   2.0858406456940024   2.2477633621577766
1.047868744742366   1.9478156582895452   2.108352200589252
1.0785874845736239   1.818637497618619   1.9776524607891497
1.1102067579703248   1.6977576121012348   1.8551273199882405
1.1427529644757777   1.5846603946406377   1.7402719375623161
1.1762532775476793   1.4788634338177582   1.6326136824260238
1.210735667245765   1.3799153141099822   1.5317101254183403
1.246228923584555   1.2873910485776114   1.4371447928024896
1.2827626805706884   1.2008905109605164   1.3485256554525245
1.3203674409449337   1.1200371017135364   1.2654838303162337
1.3590746016495152   1.044476476249274   1.1876723373965157
1.3989164800420282   0.9738753239128172   1.1147649170202434
1.4399263408778291   0.9079197586795786   1.0464551818759869
1.4821384240834183   0.846314166546   0.9824555788796022
1.525587973344019   0.7887809150125537   0.9224958875245279
1.5703112655292182   0.735059374887019   0.8663222232812272
1.6163456409812174   0.6849049330435438   0.8136961256602528
1.6637295346910133   0.6380880585056155   0.7643936893001648
1.7125025083885144   0.5943934198352441   0.7182047386506913
1.7627052835733923   0.5536191106491009   0.6749322339603296
1.814379775514258   0.5155758915869281   0.634391632633681
1.8675691282445197   0.48008632009060537   0.5964097898736908
1.922317750584177   0.44698403921987473   0.5608242591978309
1.9786713532176083   0.4161131199216004   0.5274826729325238
2.0366769868582977   0.38732743964828015   0.49624215397531635
2.0963830815323896   0.3604900953353146   0.4669687579282873
2.1578394870138577   0.33547278770516964   0.43953701328361233
2.2210975144450407   0.31215523453716737   0.4138294969425353
2.286209979177315   0.29042483688554294   0.38973618573668295
2.3532312448676476   0.270176230404744   0.3671539873222653
2.4222172688678643   0.25131083760767214   0.3459863241880421
2.4932256489445366   0.23373644655938913   0.32614274014720995
2.5663156713684585   0.21736681455468357   0.30753852824545763
2.641548360413907   0.2021213502348288   0.2900939592254761
2.7189865293089923   0.18792485883783278   0.2737331745005593
2.798694832679631   0.17470703388520575   0.25838519102918406
2.8807398205309562   0.1624021176695602   0.24398385119607988
2.9651899938111903   0.1509486207340156   0.23046748624056712
3.05211586160442   0.1402890575220906   0.21777860356648843
3.1415899999999994   0.13036969735647586   0.20586359622296624
