0.01   750.5424860246849   750.5274669465135
0.010293154462191829   760.0653597891798   760.0501548844478
0.010594902878253955   769.34387156923   769.3284537062216
0.010905497183778876   778.3539911598014   778.3383394759425
0.011225196699963396   787.0708736430558   787.0549805410176
0.011554268350120923   795.4693825438376   795.4532543386096
0.011892986882540897   803.5233253009936   803.5069814928388
0.012241635099881474   811.2051427534002   811.1886146320311
0.012600504095286909   818.4870912291273   818.4704220863637
0.012969893495426888   825.3412415046578   825.324481403326
0.013350111710660605   831.7387627612922   831.7219400078765
0.013741476192534558   837.6507043804302   837.633815495512
0.014144313698828986   843.048406502109   843.0314162428625
0.01455896056637426   847.9025333441195   847.8854002301667
0.014985762991865008   852.183075202281   852.1657805354225
0.01542507732090645   855.8606864698883   855.8432364302118
0.015877270345534218   858.9066632954361   858.8890809712688
0.016342719610456153   861.2923718804203   861.2746646762525
0.016821813728271667   862.9901830755633   862.97233456162
0.017314952703931925   863.973882721881   863.955852869256
0.017822548268711737   864.2184534833818   864.2001848113632
0.01834502422397195   863.700333673159   863.6817567520342
0.018882816794999403   862.3979832921285   862.3790173658081
0.019436374995219892   860.2923080775396   860.2728678892668
0.02000616100108813   857.3672599779061   857.3472746510686
0.020592650537967844   853.6095019389924   853.5889186624903
0.021196333277324068   849.0086550201846   848.9874370247111
0.02181771324555934   843.5596109057605   843.5377105669771
0.022457309244835088   837.2618201277272   837.2391617169693
0.02311565528622961   830.1178133104887   830.0942942696201
0.023793301035594242   822.1356465956895   822.1111661022028
0.024490812272480036   813.3317915504293   813.306310793382
0.025208771362518027   803.7262535379864   803.6998017774347
0.0259477777436476   793.3428185282704   793.3154894486481
0.02670844842659881   782.2171347216212   782.189076520608
0.027491418510046592   770.3915189223897   770.3629272770289
0.028297341710866907   757.9097924716813   757.8809065778928
0.029126890909937666   744.8237919114594   744.7948945374518
0.029980758713939952   731.1974363957763   731.1688563886387
0.030859658033628758   717.0949565000218   717.0670637867178
0.031764322679055976   702.5826391915643   702.5558399024403
0.03269550797224261   687.7461663514788   687.7209034299303
0.033653991377811755   672.6755281920165   672.6522776741463
0.03464057315210884   657.4556966828237   657.4349609555055
0.03565607701135116   642.1691090606527   642.1513879642669
0.036701350819364466   626.8961401043058   626.881897527558
0.03777726729548091   611.7112185051847   611.7008810300043
0.038884724743189276   596.6892612137713   596.6832003356805
0.04002464780014597   581.9303401676985   581.9287845896727
0.041197988210172884   567.5343197984524   567.5373427666467
0.04240572561788674   553.5907074382092   553.598238989229
0.04364886838662332   540.1743883277616   540.1861077473601
0.04492845444033957   527.3468004053883   527.3620353208322
0.04624555213019635   515.1623136878768   515.1800696779197
0.04760126112654554   503.6473924106636   503.6663794633227
0.04899671333706607   492.774682926592   492.7933306232839
0.05043307385181555   482.5113902091706   482.52786777782563
0.05191154191598653   472.81291294060657   472.82518036731517
0.053433351931179485   463.6043691284506   463.61026958144674
0.05499977448602865   454.81090102657146   454.80818161732054
0.05661211741704101   446.3441785758111   446.3305553792933
0.05827172690053434   438.0981114593391   438.0713507744933
0.05997998857658587   429.96752007820066   429.92549053066773
0.06173832870592997   421.8227378059806   421.763670101886
0.0635482153607709   413.5304685974713   413.4530683622991
0.06541115965050462   404.9464975663757   404.85025545069044
0.06732871698337338   395.9155987545582   395.8011187144061
0.06930248836510605   386.29724366120234   386.16638630802595
0.07133412173562886   375.9677271065458   375.82389310527117
0.07342531334496233   364.8422208196961   364.69031150478173
0.07557780916945323   352.9051349017209   352.7515432351009
0.07779340636952398   340.1953897268555   340.0475640106177
0.08007395479015682   326.8383572144287   326.7040500580987
0.08242135850536496   313.0073048110029   312.8941351063789
0.08483757740794096   298.93110861649   298.84613791774314
0.08732462884580919   284.8581390967262   284.80711277848684
0.08988458930634863   271.0456248291866   271.0322976247962
0.09251959615009227   257.75762959645584   257.7829897269426
0.09523184939525078   245.23325688340583   245.29544790680754
0.09802361355455057   233.69437883337952   233.7879504612586
0.10089721952591899   223.32017687326675   223.43613182090544
0.10385506653859616   214.2066103787463   214.33223271364318
0.10689962415629803   206.36857521635397   206.48848105960923
0.11003343433910281   199.68757605577835   199.78597880849964
0.11325911356578279   193.94996149874544   194.01199640475224
0.11657935501835284   188.84971823247213   188.86307128524382
0.11999693083066039   184.03206048980311   183.99018647483177
0.12351469440289359   179.13825241744178   179.04156866232304
0.12713558278394044   173.84008684289418   173.6959974093121
0.13086261912358757   167.89233667870684   167.7170433690847
0.13469891519660646   161.17005364576602   160.98642533195533
0.13864767400083483   153.69798486423676   153.5310828611763
0.14271219243142114   145.65524052714028   145.5302050258966
0.14689586403346616   137.3383803144161   137.27529400857725
0.1512021818353596   129.1202531517322   129.12986946726835
0.15563474126517718   121.40094206012333   121.48175655355443
0.16019724315257297   114.54010088113475   114.67652666043898
0.1648934968186736   108.7582882317299   108.92378865448029
0.1697274232565544   104.05838363047502   104.22041483270822
0.17470305840495237   100.23406582546826   100.36181133489654
0.17982455651794954   96.95127190700582   97.0241612719411
0.18509619363343993   93.8284392969939   93.84128328809774
0.19052237114327647   90.4874986471907   90.45353425555776
0.19610761946807834   86.63973915219148   86.58869847230088
0.20185660183976684   82.21706944497765   82.18770741877238
0.20777411819498756   77.41611747972233   77.44374423347638
0.21386510918267082   72.58651243862336   72.690119262165
0.22013466028907505   68.08789833927015   68.264187074255
0.22658800608375756   64.1973600080801   64.42125814432464
0.23323053459001789   61.01706469369476   61.2510318969422
0.2400677917834628   58.42029775802464   58.6318104191422
0.24710548622244882   56.11595672174908   56.28651775683823
0.25434949381426813   53.77742330365157   53.91508081251026
0.2618058627210567   51.16750931754299   51.30666277916716
0.2694808184095226   48.282785405530234   48.45829794383722
0.27738076884870827   45.32375964825978   45.55774459366786
0.2855123098601282   42.54715670429461   42.83812942417188
0.29388223062474755   40.143747901690695   40.466719718737934
0.3024975193514008   38.135452501961076   38.45815915885039
0.31136536911138296   36.360329887598546   36.66364483976311
0.3204931838440838   34.60550181868568   34.896712464628095
0.32988858453867975   32.74395536695715   33.04616921439439
0.3395594155970457   30.806970538404858   31.143691704778814
0.34951375138319807   28.94630556802768   29.32125708913639
0.3597599029647371   27.28714774257573   27.684103969040674
0.37030642505191835   25.83603080890215   26.232691852220075
0.3811621231401457   24.49641770579616   24.885099999014514
0.3923360608618501   23.15984666002708   23.55116382431862
0.4038375675538918   21.80726279571524   22.215570262370434
0.41567624604680364   20.506361238738332   20.935105262772623
0.42786198068238046   19.321070313483116   19.760411608805356
0.4404049455663077   18.24663901791   18.685097802748253
0.4533156130627191   17.225748144217324   17.662731219166762
0.4666047625377753   16.223154867839433   16.66621006428089
0.4802834893595659   15.256608045769841   15.709605849039697
0.49436321416184764   14.35931335295178   14.817418402006252
0.5088556923793517   13.529441570325467   13.987165467402585
0.5237730240626238   12.740572495136846   13.198135579238135
0.5391276639805903   11.981315671815425   12.442093425760222
0.5549324320192869   11.263784687919586   11.727593724432992
0.5712005238854289   10.594634082824637   11.05828782377973
0.5879455221237613   9.963874914540241   10.426561074862054
0.6051814074573895   9.36348592299366   9.826372640625992
0.622922570460556   8.796589696281876   9.259470974040411
0.6411838235736077   8.264737846455564   8.726256334250055
0.6599804134701901   7.763211729530415   8.222842430149367
0.6793280337869897   7.290035251449328   7.747607752558284
0.6992428382266549   6.8438545657778125   7.2991873405268946
0.7197414540448374   6.423338493513833   6.876202110706701
0.7408409959326054   6.027201133053999   6.47732965188238
0.7625590803058332   5.654202326023288   6.101303339853168
0.7849138400134885   5.303147843921526   5.746911255759932
0.8079239394770964   4.972874896693976   5.412988377817179
0.8316085902740278   4.662230444431913   5.098405276383583
0.8559875671776167   4.370113011765994   4.802085819350564
0.8810812246675007   4.0954785573497405   4.523008739218928
0.9069105139239728   3.837337765153037   4.260205311489922
0.9334970003205227   3.5947534452782803   4.012757088041412
0.960862881429187   3.3668380410174437   3.779793688461858
0.9890310055537336   3.152751375661644   3.5604908129780517
1.0180248908061487   2.951701303177489   3.354071649392322
1.047868744742366   2.762940614451837   3.1598038944636966
1.0785874845736239   2.5857614190717864   2.9769936677387583
1.1102067579703248   2.4194932037714274   2.804983666958677
1.1427529644757777   2.263501118246104   2.643151557548197
1.1762532775476793   2.1171843200210243   2.4909084021171823
1.210735667245765   1.9799743778631729   2.3476971322234697
1.246228923584555   1.8513335644925908   2.2129911683694923
1.2827626805706884   1.730752652795509   2.0862934356738356
1.3203674409449337   1.6177503415716743   1.9671344614438209
1.3590746016495152   1.5118722452846747   1.8550708058127412
1.3989164800420282   1.4126895262829309   1.7496837910958754
1.4399263408778291   1.3197975859211284   1.6505782760265464
1.4821384240834183   1.2328148133346513   1.5573814747384471
1.525587973344019   1.1513813895738925   1.4697418217469758
1.5703112655292182   1.0751580972702273   1.3873280196320523
1.6163456409812174   1.0038252046013258   1.309828076340628
1.6637295346910133   0.9370815276111912   1.2369480190864242
1.7125025083885144   0.8746434460822614   1.1684109119946706
1.7627052835733923   0.8162439543987672   1.103955949123686
1.814379775514258   0.7616317581017981   1.043337587156482
1.8675691282445197   0.7105704143490528   0.986324716916419
1.922317750584177   0.662837498763741   0.9326998685493688
1.9786713532176083   0.618223655035238   0.8822584103581367
2.0366769868582977   0.5765319745202341   0.8348078596427181
2.0963830815323896   0.537577445200937   0.7901672397091949
2.1578394870138577   0.5011862757720537   0.7481664285260653
2.2210975144450407   0.46719525227439007   0.7086455393013854
2.286209979177315   0.43545112887993864   0.6714543326452025
2.3532312448676476   0.4058100512137606   0.6364516591064491
2.4222172688678643   0.37813709235530063   0.603503905004114
2.4932256489445366   0.3523059237747389   0.5724820063619587
2.5663156713684585   0.3281980249014885   0.5432645823637057
2.641548360413907   0.3057021556010402   0.5157383657255131
2.7189865293089923   0.28471393746539475   0.4897976341080185
2.798694832679631   0.2651354569000131   0.46534368299017403
2.8807398205309562   0.24687488905285185   0.44228433687680496
2.9651899938111903   0.22984612809397184   0.4205335675846201
3.05211586160442   0.2139679662771145   0.4000136919264161
3.1415899999999994   0.1991638026113566   0.38065512908171945
