0.01   5934.148843466002   5933.8448172164935
0.010293154462191829   5999.224666066446   5998.910078496095
0.010594902878253955   6061.9261235497   6061.601365453595
0.010905497183778876   6122.063320518685   6121.728074275185
0.011225196699963396   6179.443993615539   6179.0970812790865
0.011554268350120923   6233.874678254021   6233.5141436632175
0.011892986882540897   6285.154999241562   6284.778989632633
0.012241635099881474   6333.081941105241   6332.689157652235
0.012600504095286909   6377.453987098558   6377.043703847962
0.012969893495426888   6418.064778673132   6417.636387892134
0.013350111710660605   6454.699506588182   6454.251768447597
0.013741476192534558   6487.146363610282   6486.677329773247
0.014144313698828986   6515.196773351178   6514.703876247141
0.01455896056637426   6538.637305180856   6538.117911261071
0.014985762991865008   6557.25786102507   6556.709482638843
0.01542507732090645   6570.856706576696   6570.277004116394
0.015877270345534218   6579.234002304355   6578.620338383655
0.016342719610456153   6582.191523466759   6581.540422692443
0.016821813728271667   6579.5432518835105   6578.850387150815
0.017314952703931925   6571.115478422511   6570.375765007314
0.017822548268711737   6556.7419089695395   6555.949820415317
0.01834502422397195   6536.271481348807   6535.421164894276
0.018882816794999403   6509.572155590233   6508.6574658649815
0.019436374995219892   6476.532254270451   6475.54654734747
0.02000616100108813   6437.061928542338   6435.997890873814
0.020592650537967844   6391.094685859235   6389.944404155581
0.021196333277324068   6338.59264209987   6337.347898947089
0.02181771324555934   6279.555757536395   6278.208756621351
0.022457309244835088   6214.01237895846   6212.555934523438
0.02311565528622961   6142.019812971605   6140.447451232796
0.023793301035594242   6063.69224022572   6061.998769138157
0.024490812272480036   5979.18994951966   5977.371830604833
0.025208771362518027   5888.697892042839   5886.753235475083
0.0259477777436476   5792.452022473583   5790.381199804169
0.02670844842659881   5690.771040605809   5688.5780379427815
0.027491418510046592   5583.997118657952   5581.689507267536
0.028297341710866907   5472.495774416922   5470.084525422894
0.029126890909937666   5356.737102933976   5354.23704576706
0.029980758713939952   5237.239064166267   5234.668869995623
0.030859658033628758   5114.512801952118   5111.894521995604
0.031764322679055976   4989.134120521912   4986.493147033041
0.03269550797224261   4861.784461544807   4859.14973409897
0.033653991377811755   4733.120182871459   4730.5236437634385
0.03464057315210884   4603.780336316087   4601.256141366901
0.03565607701135116   4474.505035266594   4472.0878529409465
0.036701350819364466   4346.027233186066   4343.751439167238
0.03777726729548091   4219.013528828288   4216.912871020108
0.038884724743189276   4094.171191880662   4092.2756053429353
0.04002464780014597   3972.2661418156295   3970.5982132708
0.041197988210172884   3853.981331210041   3852.556824600032
0.04240572561788674   3739.8926272243807   3738.7204040078873
0.04364886838662332   3630.4079241756467   3629.486848274765
0.04492845444033957   3525.8502089030703   3525.1692857705702
0.04624555213019635   3426.4986918859995   3426.037785406667
0.04760126112654554   3332.7224411519273   3332.441600334264
0.04899671333706607   3244.968334185508   3244.7986294269544
0.05043307385181555   3163.631302041125   3163.477384580756
0.05191154191598653   3088.6668135567593   3088.4158785120776
0.053433351931179485   3019.181521488593   3018.718742305257
0.05499977448602865   2954.2496932166123   2953.459919000716
0.05661211741704101   2893.051746637974   2891.819022332882
0.05827172690053434   2834.8976973184863   2833.1045594414527
0.05997998857658587   2779.151608924838   2776.6796244316483
0.06173832870592997   2724.9969783661986   2721.7383308947497
0.0635482153607709   2671.405152235015   2667.2761644364246
0.06541115965050462   2617.35612929227   2612.3027837753298
0.06732871698337338   2561.589868207735   2555.617472990904
0.06930248836510605   2502.8398281834557   2496.022482764155
0.07133412173562886   2439.8997579274915   2432.398376642953
0.07342531334496233   2371.6475253931417   2363.7252266492637
0.07557780916945323   2297.349999678891   2289.367079399344
0.07779340636952398   2216.851112154253   2209.260948174675
0.08007395479015682   2130.412445876056   2123.731014792759
0.08242135850536496   2038.960607916232   2033.7205284140116
0.08483757740794096   1943.7569688509434   1940.48514727204
0.08732462884580919   1846.5496029055626   1845.7536597121532
0.08988458930634863   1749.1687787917972   1751.2829442526784
0.09251959615009227   1653.5162932841392   1658.8334444455238
0.09523184939525078   1561.4918966831997   1570.1536872485856
0.09802361355455057   1474.9344792519425   1486.9248163088328
0.10089721952591899   1395.6229842568573   1410.6959573636975
0.10385506653859616   1325.0031888895464   1342.6976070992605
0.10689962415629803   1263.881812460244   1283.5391922542412
0.11003343433910281   1212.5317253113524   1233.341426804282
0.11325911356578279   1170.0878133941271   1191.1860251307246
0.11657935501835284   1135.1206078232237   1155.6700714618714
0.11999693083066039   1105.3914038125629   1124.727663559205
0.12351469440289359   1078.4094384691725   1096.1159586929423
0.12713558278394044   1051.5259688820527   1067.5158494802922
0.13086261912358757   1022.2705444472614   1036.881686536111
0.13469891519660646   988.6576248153527   1002.6435292520144
0.13864767400083483   949.5045327651122   963.936541337704
0.14271219243142114   904.7392062142371   920.8404739961986
0.14689586403346616   855.3049028657456   874.2647885597498
0.1512021818353596   803.0221354141978   825.8211117643023
0.15563474126517718   750.3980177828821   777.6503419190255
0.16019724315257297   700.3765404955581   732.0434705005234
0.1648934968186736   655.7527095802268   691.1322333162573
0.1697274232565544   618.396712962629   656.2455456918474
0.17470305840495237   588.6178301409325   627.3191178333177
0.17982455651794954   565.2567252260637   603.3702754564484
0.18509619363343993   546.3492404579293   582.7658389577538
0.19052237114327647   529.4945843097506   563.673261763825
0.19610761946807834   511.96674750682865   544.1451524790762
0.20185660183976684   491.36719033766985   522.5384155286481
0.20777411819498756   466.76079229992297   498.42121754380366
0.21386510918267082   439.0784518172195   472.7198596561402
0.22013466028907505   410.294551816015   446.737253170622
0.22658800608375756   382.73605219442226   422.00565640050183
0.23323053459001789   358.5242061181721   399.8803012931571
0.2400677917834628   338.77847501780013   380.83507274733194
0.24710548622244882   323.1295227663535   364.51400825222885
0.25434949381426813   310.06850182452104   349.9004828414491
0.2618058627210567   297.5039998336841   335.7572241615657
0.2694808184095226   283.6064154488846   321.06300199086047
0.27738076884870827   267.8872128158927   305.77028169781397
0.2855123098601282   251.19517106786702   290.2833982789078
0.29388223062474755   234.9589057018493   275.4556131869243
0.3024975193514008   220.59256421123877   261.9193336292796
0.31136536911138296   208.64237402494598   249.83818421762203
0.3204931838440838   198.46424340474542   238.79214631192923
0.32988858453867975   188.88500159676542   228.2656085243594
0.3395594155970457   178.91005782219793   217.8656291399111
0.34951375138319807   168.35345923052103   207.48517512593543
0.3597599029647371   157.9054580509467   197.50425460537764
0.37030642505191835   148.3529279027394   188.16643386310756
0.3811621231401457   139.9961136773102   179.51979910445263
0.3923360608618501   132.5066833135552   171.43105254495146
0.4038375675538918   125.26032454858706   163.67011467326301
0.41567624604680364   117.95126768463328   156.14312657788915
0.42786198068238046   110.78926102382626   148.92804725173096
0.4404049455663077   104.13654495080509   142.11799113665705
0.4533156130627191   98.11779211483783   135.7132897036344
0.4666047625377753   92.5185548537404   129.6396120915107
0.4802834893595659   87.09946498034728   123.83705967109486
0.49436321416184764   81.84370744262228   118.28740243261352
0.5088556923793517   76.90216151366775   113.02369373808568
0.5237730240626238   72.33275551009827   108.04637691490242
0.5391276639805903   68.04471503718118   103.31586930628531
0.5549324320192869   63.94491330461821   98.81212351980643
0.5712005238854289   60.0502399521801   94.52535496167413
0.5879455221237613   56.40485902319322   90.45848935388078
0.6051814074573895   52.98796395393767   86.59841277923077
0.622922570460556   49.75373806493241   82.92450228566328
0.6411838235736077   46.696089803321826   79.43004788901176
0.6599804134701901   43.82356939946781   76.11191293040959
0.6793280337869897   41.12351391831568   72.95751360938799
0.6992428382266549   38.58169003932709   69.95830050930769
0.7197414540448374   36.18798230127002   67.10630298387508
0.7408409959326054   33.93467698938704   64.39370629012636
0.7625590803058332   31.814399990941936   61.81313367395694
0.7849138400134885   29.820083781102678   59.357624615498395
0.8079239394770964   27.944962078935472   57.02061029136113
0.8316085902740278   26.182563834920654   54.79589053553328
0.8559875671776167   24.526706643570083   52.67761220503156
0.8810812246675007   22.971467295827935   50.6602029614545
0.9069105139239728   21.511065220887264   48.738115991508586
0.9334970003205227   20.13997424667761   46.90603186708408
0.960862881429187   18.852973090698587   45.1589641741171
0.9890310055537336   17.645129781034537   43.49223690475538
1.0180248908061487   16.511786651152118   41.90146321908929
1.047868744742366   15.44854604889274   40.38252578240618
1.0785874845736239   14.451256729553835   38.93155855272423
1.1102067579703248   13.516006243473141   37.54487127359314
1.1427529644757777   12.639122356899563   36.218768851896094
1.1762532775476793   11.817140651596898   34.94974298561466
1.210735667245765   11.046788216855468   33.734519733303586
1.246228923584555   10.324974151144701   32.570042365441076
1.2827626805706884   9.648780452616684   31.453455611459237
1.3203674409449337   9.015453288805864   30.382091179209922
1.3590746016495152   8.422394631532299   29.353454312318686
1.3989164800420282   7.867152418745643   28.365153998535728
1.4399263408778291   7.347410748077174   27.41481183391213
1.4821384240834183   6.860987478616429   26.50019291733789
1.525587973344019   6.40582783615093   25.619219379061107
1.5703112655292182   5.979997487626203   24.7699590660977
1.6163456409812174   5.581675954797292   23.95061517161043
1.6637295346910133   5.209150353168505   23.159516719710066
1.7125025083885144   4.860809440535747   22.39510959272786
1.7627052835733923   4.535137812009571   21.65593116348833
1.814379775514258   4.230710485143979   20.940593880915472
1.8675691282445197   3.9461880950122685   20.24780830143058
1.922317750584177   3.6803120758376315   19.576379411059722
1.9786713532176083   3.431900064937326   18.925200360654802
2.0366769868582977   3.1998415473289423   18.293246675737205
2.0963830815323896   2.9830937299197933   17.679570894875976
2.1578394870138577   2.7806776153392883   17.083297982145208
2.2210975144450407   2.591673805735306   16.50363115059178
2.286209979177315   2.4152191156559097   15.939847087926207
2.3532312448676476   2.2505039113440204   15.391279100049768
2.4222172688678643   2.0967689693017397   14.857312836180292
2.4932256489445366   1.9533024756822155   14.337382938680072
2.5663156713684585   1.8194371940672867   13.830969885336419
2.641548360413907   1.6945477929231265   13.337597005418523
2.7189865293089923   1.5780483858374548   12.85683591253026
2.798694832679631   1.4693909116325115   12.38841073174937
2.8807398205309562   1.3680624186862256   11.932147059536772
2.9651899938111903   1.2735822536520847   11.487875096471223
3.05211586160442   1.1855001162424939   11.055426924730924
3.1415899999999994   1.1033942388664153   10.634636167796048
