0.01   6305.932562751269   6305.641629981626
0.010293154462191829   6363.5842336220085   6363.286812251408
0.010594902878253955   6418.076129446546   6417.772091720813
0.010905497183778876   6469.196051470457   6468.885058786817
0.011225196699963396   6516.732121316938   6516.413601051712
0.011554268350120923   6560.472851387666   6560.146017838546
0.011892986882540897   6600.195193053311   6599.859256071015
0.012241635099881474   6635.672634845846   6635.326907935415
0.012600504095286909   6666.6832897582635   6666.327194115328
0.012969893495426888   6693.004849127151   6692.637746204179
0.013350111710660605   6714.412073276101   6714.032995260746
0.013741476192534558   6730.687264595795   6730.294891549759
0.014144313698828986   6741.619957283568   6741.2126373320825
0.01455896056637426   6746.9963294260315   6746.572177303881
0.014985762991865008   6746.610312120171   6746.167251424794
0.01542507732090645   6740.270086114532   6739.805854587524
0.015877270345534218   6727.793409753572   6727.30534239529
0.016342719610456153   6709.0084933855815   6708.4932808350495
0.016821813728271667   6683.762810280212   6683.216514717248
0.017314952703931925   6651.924443752095   6651.342571512453
0.017822548268711737   6613.3816128528315   6612.759291960485
0.01834502422397195   6568.046510368935   6567.378570444448
0.018882816794999403   6515.858025000714   6515.139057026345
0.019436374995219892   6456.791213851185   6456.015737960166
0.02000616100108813   6390.856527813606   6390.019139990076
0.020592650537967844   6318.093652748816   6317.18908403239
0.021196333277324068   6238.584259243697   6237.6077284356425
0.02181771324555934   6152.471779082285   6151.419808454559
0.022457309244835088   6059.932596770239   6058.803126392784
0.02311565528622961   5961.175918631355   5959.9683422747485
0.023793301035594242   5856.495986335548   5855.21178442563
0.024490812272480036   5746.241837862297   5744.884853936261
0.025208771362518027   5630.779630506805   5629.355911514636
0.0259477777436476   5510.541666116821   5509.059878621817
0.02670844842659881   5386.0631963740625   5384.535475284516
0.027491418510046592   5257.885353761397   5256.32702876809
0.028297341710866907   5126.56288673438   5124.992106046927
0.029126890909937666   4992.784749244614   4991.222350077009
0.029980758713939952   4857.267681497799   4855.736840862373
0.030859658033628758   4720.6889203326655   4719.214671973365
0.031764322679055976   4583.78229786095   4582.390829044875
0.03269550797224261   4447.356008883751   4446.07394670646
0.033653991377811755   4312.152327060859   4311.006416232227
0.03464057315210884   4178.883648242048   4177.899718361439
0.03565607701135116   4048.3896953213375   4047.5890099864714
0.036701350819364466   3921.466680794018   3920.865375527453
0.03777726729548091   3798.8042604470625   3798.4138316583353
0.038884724743189276   3680.9295728221637   3680.7550292796277
0.04002464780014597   3568.22791044535   3568.2663196920785
0.041197988210172884   3461.0200203138506   3461.2614912837917
0.04240572561788674   3359.6577066934674   3360.082216381292
0.04364886838662332   3264.70412963978   3265.2698364589555
0.04492845444033957   3176.6996262467196   3177.3428764195896
0.04624555213019635   3096.004283459639   3096.64296608761
0.04760126112654554   3022.035126677378   3022.5787745912835
0.04899671333706607   2953.8372192011093   2954.1914134518483
0.05043307385181555   2890.5437567342847   2890.6100835472394
0.05191154191598653   2831.4005391751352   2831.0762270744176
0.053433351931179485   2775.732879081493   2774.910793019982
0.05499977448602865   2722.8252987586193   2721.396891530634
0.05661211741704101   2671.642723806497   2669.5090481341667
0.05827172690053434   2621.123500714505   2618.198601172868
0.05997998857658587   2570.041490939668   2566.2673834789875
0.06173832870592997   2516.979554855548   2512.3434902987096
0.0635482153607709   2460.57658667989   2455.118845060286
0.06541115965050462   2399.430358245361   2393.269307355943
0.06732871698337338   2332.3342077574857   2325.6665715911545
0.06930248836510605   2258.6257587243736   2251.7214728475706
0.07133412173562886   2178.0396918110664   2171.231075745687
0.07342531334496233   2091.0051458633793   2084.677267475655
0.07557780916945323   1998.41199385161   1992.9847572704589
0.07779340636952398   1901.7639649680455   1897.6545361934054
0.08007395479015682   1802.8422991814687   1800.4365499953794
0.08242135850536496   1703.6601103416676   1703.2769256856943
0.08483757740794096   1606.2350588399013   1608.10563362176
0.08732462884580919   1512.6792357028573   1516.9181837769258
0.08988458930634863   1425.051491679547   1431.6289334672956
0.09251959615009227   1345.3142379739643   1354.0365312563804
0.09523184939525078   1274.910240829367   1285.4125028089613
0.09802361355455057   1214.821924948371   1226.5522408333163
0.10089721952591899   1165.0545793248705   1177.3597751167472
0.10385506653859616   1124.8246751175325   1137.0130812710454
0.10689962415629803   1092.398356138853   1103.8166244624542
0.11003343433910281   1065.5325322677895   1075.6311058575936
0.11325911356578279   1041.4948761277956   1049.9547239316846
0.11657935501835284   1017.4769182895209   1024.2556375160204
0.11999693083066039   990.7640953914329   996.1330162679477
0.12351469440289359   959.1841480746009   963.7769463570999
0.12713558278394044   921.4535855212176   926.1943876282808
0.13086261912358757   877.4107133846595   883.370466010119
0.13469891519660646   828.0720340666331   836.3169434351983
0.13864767400083483   775.442109203763   786.8514746114805
0.14271219243142114   722.3333659703343   737.4316308203544
0.14689586403346616   672.0353097788795   690.8446316567382
0.1512021818353596   627.638532830293   649.5607948322167
0.15563474126517718   591.0272656567493   614.9936203167111
0.16019724315257297   562.4109190903193   587.1571574020916
0.1648934968186736   540.6116024053049   564.8855896563808
0.1697274232565544   523.5995522237753   546.4213369512914
0.17470305840495237   508.7174773805808   529.6249646157804
0.17982455651794954   492.866623681413   512.0522063460868
0.18509619363343993   473.429828180138   491.8316813243395
0.19052237114327647   449.5161077451147   468.459177215408
0.19610761946807834   422.1182329780343   442.8272704043051
0.20185660183976684   393.3569221076775   416.58728690238945
0.20777411819498756   365.8551904454929   391.6930219023951
0.21386510918267082   342.00653407396874   369.6831425131624
0.22013466028907505   322.9968056480866   351.3350498567244
0.22658800608375756   308.4008373454864   336.18234418478403
0.23323053459001789   296.5445483177839   322.9310792546526
0.2400677917834628   285.04755798832673   309.998025767866
0.24710548622244882   271.9142981147466   296.234538723373
0.25434949381426813   256.6640692619438   281.3600379110473
0.2618058627210567   240.19614645855708   266.152892211799
0.2694808184095226   224.1524708089568   251.45486351533356
0.27738076884870827   210.17389323830682   238.31115965014683
0.2855123098601282   198.8141619797207   226.86793543324347
0.29388223062474755   189.34725243424012   216.6303886958142
0.3024975193514008   180.44369412750783   206.88293984817065
0.31136536911138296   170.9513847138049   197.03903600514084
0.3204931838440838   160.70672907060953   187.08257528096172
0.32988858453867975   150.50790925820016   177.43299815161262
0.3395594155970457   141.25625359586766   168.4885498491844
0.34951375138319807   133.31522538903496   160.35244299019206
0.3597599029647371   126.28177426220722   152.8115927967947
0.37030642505191835   119.42763408400928   145.54112172173805
0.3811621231401457   112.41112505981833   138.42689071524683
0.3923360608618501   105.4860094002743   131.586943570577
0.4038375675538918   99.09282534177945   125.15707531537079
0.41567624604680364   93.37402505716544   119.17178612193126
0.42786198068238046   88.07789030049855   113.5125359386464
0.4404049455663077   82.90936545248312   108.08277846160776
0.4533156130627191   77.86692156940984   102.89646540848516
0.4666047625377753   73.1342990331419   97.98539881470073
0.4802834893595659   68.78812267276214   93.35760276612324
0.49436321416184764   64.71493140166874   88.97573051841981
0.5088556923793517   60.80392310032023   84.79622098054564
0.5237730240626238   57.08190876726697   80.82559837087771
0.5391276639805903   53.608332988690584   77.07084370969699
0.5549324320192869   50.35977748670623   73.514871714041
0.5712005238854289   47.27947242733849   70.13586660032831
0.5879455221237613   44.364035693040194   66.92889747622259
0.6051814074573895   41.629792398934015   63.89001448645419
0.622922570460556   39.06415186679809   61.01003927799723
0.6411838235736077   36.646898796102846   58.27761927406638
0.6599804134701901   34.36931533195659   55.68477356202699
0.6793280337869897   32.22470174260884   53.2243372694025
0.6992428382266549   30.20653132331668   50.889502477118555
0.7197414540448374   28.308462624830565   48.67380246129025
0.7408409959326054   26.524349329381124   46.571096436575004
0.7625590803058332   24.848247279137514   44.57555431931571
0.7849138400134885   23.274262779414002   42.681529042572855
0.8079239394770964   21.796413833070982   40.88342469399543
0.8316085902740278   20.409009531421162   39.175940384811135
0.8559875671776167   19.106688256430278   37.55408938260612
0.8810812246675007   17.884398831723   36.01317948813376
0.9069105139239728   16.737382756318038   34.54879469306625
0.9334970003205227   15.661157472287725   33.15677800140654
0.960862881429187   14.651520760227136   31.833171634427536
0.9890310055537336   13.704567270706516   30.574126227031968
1.0180248908061487   12.816613690077439   29.376009552725883
1.047868744742366   11.984175985296938   28.235416560183502
1.0785874845736239   11.203959987848526   27.14915387133319
1.1102067579703248   10.472852315359304   26.11422541843002
1.1427529644757777   9.787911627475948   25.127819130883797
1.1762532775476793   9.14635690553393   24.18725859521563
1.210735667245765   8.545551280309384   23.28989540057998
1.246228923584555   7.983006769747103   22.433222811305175
1.2827626805706884   7.456379775227925   21.61490072590285
1.3203674409449337   6.963463253555345   20.832743466755023
1.3590746016495152   6.502179273904002   20.084708553982882
1.3989164800420282   6.070571943578524   19.368886377797736
1.4399263408778291   5.666800941156594   18.683472491267167
1.4821384240834183   5.289136058178376   18.026687343042852
1.525587973344019   4.935949951159103   17.396843959554246
1.5703112655292182   4.605711971837786   16.792372137072547
1.6163456409812174   4.296982783560535   16.211809817395686
1.6637295346910133   4.0084092506414875   15.653795167595272
1.7125025083885144   3.7387195885987423   15.117059315955643
1.7627052835733923   3.486718706548916   14.600414508715888
1.814379775514258   3.251283543405467   14.10271879976719
1.8675691282445197   3.0313592572112866   13.622895691575634
1.922317750584177   2.825955478369389   13.159944888818753
1.9786713532176083   2.63414257705252   12.712936984961086
2.0366769868582977   2.4550481305026945   12.281008522682171
2.0963830815323896   2.287853581291592   11.863357448258158
2.1578394870138577   2.131791003094746   11.459237320982636
2.2210975144450407   1.9861395493240788   11.06794052696199
2.286209979177315   1.8502231258533648   10.688803563893805
2.3532312448676476   1.7234081208974001   10.321212456162268
2.4222172688678643   1.6051008464290784   9.964599546360017
2.4932256489445366   1.494745121869482   9.618440433692575
2.5663156713684585   1.3918199966842963   9.282251128766736
2.641548360413907   1.2958376723478608   8.95559061203165
2.7189865293089923   1.2063422360538394   8.638119316150426
2.798694832679631   1.122907242329696   8.32956627089961
2.8807398205309562   1.045133261862903   8.029676094462015
2.9651899938111903   0.9726462425670045   7.738206982054549
3.05211586160442   0.905095976211637   7.454929833272382
3.1415899999999994   0.8421546513183361   7.179627422579657
