0.01   338.36313488533256   338.3594097652709
0.010293154462191829   342.0484138595203   342.0446320186312
0.010594902878253955   345.6066715031182   345.6028434475784
0.010905497183778876   349.02791893417043   349.0240528928496
0.011225196699963396   352.30206141891915   352.298159865283
0.011554268350120923   355.41896988236846   355.41502954439335
0.011892986882540897   358.3682451943439   358.364262238197
0.012241635099881474   361.13925080873537   361.1352261279604
0.012600504095286909   363.7214110780309   363.7173506676683
0.012969893495426888   366.1039939770509   366.099907433465
0.013350111710660605   368.27551947067275   368.27141463592784
0.013741476192534558   370.224503782679   370.2203855510359
0.014144313698828986   371.93968797851016   371.9355580322385
0.01455896056637426   373.4099672640924   373.40582147459946
0.014985762991865008   374.6244862200203   374.6203127132128
0.01542507732090645   375.5727984402043   375.5685775241857
0.015877270345534218   376.24460666473175   376.24031829932875
0.016342719610456153   376.6293686176297   376.62501041360207
0.016821813728271667   376.7170332521617   376.71262321889884
0.017314952703931925   376.49821939187035   376.49379290326544
0.017822548268711737   375.9642046938953   375.9597863025399
0.01834502422397195   375.10704362101205   375.10263178572484
0.018882816794999403   373.9196926917674   373.91525997707134
0.019436374995219892   372.3961292115749   372.3916348967327
0.02000616100108813   370.53145453297276   370.52686641513435
0.020592650537967844   368.3218806367976   368.3171772529149
0.021196333277324068   365.7649111418826   365.7600813690664
0.02181771324555934   362.8601048461702   362.85514565019776
0.022457309244835088   359.6085821002945   359.60349752804956
0.02311565528622961   356.0127417055133   356.0075425220866
0.023793301035594242   352.0775276067712   352.07222537762885
0.024490812272480036   347.8107637620433   347.8053634562365
0.025208771362518027   343.2215099757102   343.21600978449453
0.0259477777436476   338.320687506159   338.31508241966554
0.02670844842659881   333.1237520314563   333.1180486222871
0.027491418510046592   327.6478901667449   327.6421100566587
0.028297341710866907   321.9110350346283   321.9052137223629
0.029126890909937666   315.93544271910685   315.9296259015613
0.029980758713939952   309.7471650996595   309.7414051797941
0.030859658033628758   303.37205218321384   303.36640725952344
0.031764322679055976   296.8375757365748   296.8321084284576
0.03269550797224261   290.1773210651337   290.17209678123754
0.033653991377811755   283.42470817851574   283.41979417104
0.03464057315210884   276.6117403362394   276.60720532876746
0.03565607701135116   269.7740841187736   269.7700022246504
0.036701350819364466   262.9488636432269   262.94531663754935
0.03777726729548091   256.1702738854285   256.16734998039385
0.038884724743189276   249.47235179633876   249.47013189755455
0.04002464780014597   242.89262083271333   242.89114920752007
0.041197988210172884   236.46571376375974   236.46499746706672
0.04240572561788674   230.2218547178553   230.2218680917725
0.04364886838662332   224.18198237994815   224.18267483548752
0.04492845444033957   218.36132926432788   218.36263039604086
0.04624555213019635   212.77310021218972   212.77492195035543
0.04760126112654554   207.43235061577192   207.43456360958723
0.04899671333706607   202.35856087130048   202.36095405383193
0.05043307385181555   197.56953297858814   197.5718170201294
0.05191154191598653   193.06964800240638   193.07147361642586
0.053433351931179485   188.81566177264992   188.81667128819754
0.05499977448602865   184.7557214964465   184.75556154372677
0.05661211741704101   180.8435181857654   180.8418408514717
0.05827172690053434   177.0424128880215   177.03888039151983
0.05997998857658587   173.3201803451236   173.3144670195377
0.06173832870592997   169.64040794985956   169.63221700949984
0.0635482153607709   165.9550661945494   165.94416460601627
0.06541115965050462   162.21749612519247   162.20372311928355
0.06732871698337338   158.37345643748208   158.35677974234423
0.06930248836510605   154.36640910241172   154.3469590139296
0.07133412173562886   150.146769457921   150.12487956888253
0.07342531334496233   145.67258636032304   145.6488695334013
0.07557780916945323   140.9167848013194   140.89210018052967
0.07779340636952398   135.8834586016846   135.85883803980198
0.08007395479015682   130.59484055645788   130.57142464598186
0.08242135850536496   125.11195385483647   125.0908877361477
0.08483757740794096   119.50913789968502   119.4915072715458
0.08732462884580919   113.87883851606865   113.86558813601394
0.08988458930634863   108.31343596641354   108.3052974657473
0.09251959615009227   102.90605471703387   102.9033976771219
0.09523184939525078   97.7431597183971   97.74595501291743
0.09802361355455057   92.90623055845167   92.91400812534037
0.10089721952591899   88.46644512319129   88.47818077064696
0.10385506653859616   84.48199178856929   84.49608500989576
0.10689962415629803   80.97523074567222   80.98967046056269
0.11003343433910281   77.94080110241687   77.9532845127629
0.11325911356578279   75.31865782707264   75.32680524268773
0.11657935501835284   73.01860415551486   73.02017878935008
0.11999693083066039   70.91617309629211   70.90967284426172
0.12351469440289359   68.88207833638435   68.86690640245467
0.12713558278394044   66.79072550066269   66.76725796831784
0.13086261912358757   64.53977644554865   64.50955922433756
0.13469891519660646   62.05944327494342   62.02513432083403
0.13864767400083483   59.32905670649783   59.29393331950598
0.14271219243142114   56.38088272899769   56.348404970662706
0.14689586403346616   53.29152368186186   53.26485486008456
0.1512021818353596   50.169163381551606   50.15064089570508
0.15563474126517718   47.137909364359764   47.12860116072369
0.16019724315257297   44.32530597352129   44.324382492926865
0.1648934968186736   41.84061872720804   41.84534278421381
0.1697274232565544   39.74192410460863   39.74831361465943
0.17470305840495237   38.005645985277404   38.0088189151877
0.17982455651794954   36.538874999990554   36.53508782858708
0.18509619363343993   35.22109576956794   35.20818097643631
0.19052237114327647   33.93289153029368   33.91062556049147
0.19610761946807834   32.56461552348478   32.53529616332695
0.20185660183976684   31.039643408300506   31.00763184680442
0.20777411819498756   29.35818566434543   29.32846793619747
0.21386510918267082   27.603401474040435   27.579960361999795
0.22013466028907505   25.889354106061155   25.87376597487144
0.22658800608375756   24.31618776595195   24.30707150044966
0.23323053459001789   22.948908103970183   22.942851633379746
0.2400677917834628   21.80013483237725   21.79251459208714
0.24710548622244882   20.81543419375445   20.80215512666123
0.25434949381426813   19.90445234991852   19.884253154918824
0.2618058627210567   18.978650364533827   18.95342487434937
0.2694808184095226   17.984967648494067   17.9585918466624
0.27738076884870827   16.939605010033162   16.916356907692638
0.2855123098601282   15.907674588624161   15.889440163107357
0.29388223062474755   14.952213672696685   14.938046351438022
0.3024975193514008   14.111679544798351   14.098577281154641
0.31136536911138296   13.379514426751419   13.364120567883184
0.3204931838440838   12.705539183923184   12.686457999799458
0.32988858453867975   12.039773908663799   12.018419263791792
0.3395594155970457   11.36040253379431   11.339388024498087
0.34951375138319807   10.682586183821998   10.664202654428887
0.3597599029647371   10.043884587635933   10.028142833206541
0.37030642505191835   9.466011107577037   9.450982049808626
0.3811621231401457   8.942147828802527   8.9261041663773
0.3923360608618501   8.4485698900401   8.431288159118441
0.4038375675538918   7.964840261292174   7.947620740116774
0.41567624604680364   7.491682520104318   7.475857765526304
0.42786198068238046   7.0440857218147   7.029775516098017
0.4404049455663077   6.630870246032039   6.617179790791842
0.4533156130627191   6.247414753370558   6.233577552943275
0.4666047625377753   5.882303326688775   5.8685959538436485
0.4802834893595659   5.531208573778202   5.518367463374094
0.49436321416184764   5.197961012226414   5.1861849338259995
0.5088556923793517   4.886710115218411   4.875633386696354
0.5237730240626238   4.595101671238008   4.584435794001789
0.5391276639805903   4.318660707976257   4.308570361145733
0.5549324320192869   4.0561454454179415   4.046906033479963
0.5712005238854289   3.809007521754452   3.8005685296262506
0.5879455221237613   3.577063884936851   3.5692677710254244
0.6051814074573895   3.358299822717569   3.351168566341507
0.622922570460556   3.151610208365763   3.145238973078473
0.6411838235736077   2.9570367099193224   2.95141420920511
0.6599804134701901   2.774095158107238   2.76917171154783
0.6793280337869897   2.6018251884210186   2.5976063524719892
0.6992428382266549   2.4395913031204426   2.4360951446888826
0.7197414540448374   2.2869944367083073   2.2842067389999965
0.7408409959326054   2.143508943705058   2.1414144844641325
0.7625590803058332   2.0086187425032165   2.0072042759157203
0.7849138400134885   1.8818352517452428   1.8810886638620297
0.8079239394770964   1.7626960276726813   1.7626056549186573
0.8316085902740278   1.6507634631755483   1.6513175525250676
0.8559875671776167   1.5456235460617676   1.546809837652175
0.8810812246675007   1.446884815609626   1.448690188217162
0.9069105139239728   1.3541797084259142   1.3565891744977427
0.9334970003205227   1.267162445361703   1.2701585367067214
0.960862881429187   1.1855053065976262   1.1890683329508418
0.9890310055537336   1.1088977385293117   1.1130060726230067
1.0180248908061487   1.0370455892053507   1.0416759440456653
1.047868744742366   0.9696703673341851   0.9747980634379929
1.0785874845736239   0.9065085249933317   0.9121077457985814
1.1102067579703248   0.8473106360694272   0.8533546707619202
1.1427529644757777   0.791840084797766   0.798301558733667
1.1762532775476793   0.7398731193225062   0.7467242032946056
1.210735667245765   0.6911985799949091   0.6984111824750978
1.246228923584555   0.6456172544004823   0.6531631991857323
1.2827626805706884   0.6029412597816122   0.6107924489731845
1.3203674409449337   0.562993453098208   0.5711220155065801
1.3590746016495152   0.525606867817241   0.5339852930673987
1.3989164800420282   0.4906241854485077   0.4992254680830991
1.4399263408778291   0.45789723443557045   0.4666950354048836
1.4821384240834183   0.4272864766767189   0.4362552054841395
1.525587973344019   0.398660538871708   0.40777541458060995
1.5703112655292182   0.37189577064523   0.3811328744819635
1.6163456409812174   0.346875823889172   0.3562121436740252
1.6637295346910133   0.3234912525051698   0.3329047192110695
1.7125025083885144   0.30163913032944073   0.3111086548037546
1.7627052835733923   0.2812226479142487   0.2907283754584404
1.814379775514258   0.262150775280168   0.27167430016822125
1.8675691282445197   0.24433799215572632   0.25386225847852073
1.922317750584177   0.22770397752415983   0.2372131763255667
1.9786713532176083   0.21217331203451695   0.2216527915361397
2.0366769868582977   0.19767519605196626   0.20711138299771276
2.0963830815323896   0.1841431826285987   0.19352351304228133
2.1578394870138577   0.17151492018342232   0.1808277772324807
2.2210975144450407   0.15973187991264548   0.16896653207544368
2.286209979177315   0.14873915934768067   0.15788570912410324
2.3532312448676476   0.13848529138240806   0.14753463294485203
2.4222172688678643   0.12892203952888653   0.13786581999826045
2.4932256489445366   0.12000420441185462   0.12883478808961046
2.5663156713684585   0.11168944115731884   0.12039987619154897
2.641548360413907   0.10393808711365891   0.11252207416651974
2.7189865293089923   0.09671301866418816   0.10516487749616948
2.798694832679631   0.08997953887924734   0.09829416890627005
2.8807398205309562   0.08370516412422709   0.09187802010499012
2.9651899938111903   0.07785947410931704   0.08588654524719355
3.05211586160442   0.07241398775027395   0.08029177652125895
3.1415899999999994   0.0673420459369939   0.0750675466849582
