0.01   9847.53798167781   9846.039577190244
0.010293154462191829   9971.600483499085   9969.963866372074
0.010594902878253955   10092.772380486738   10090.984663881969
0.010905497183778876   10210.765512874737   10208.812355540433
0.011225196699963396   10325.286909949147   10323.152505255764
0.011554268350120923   10436.02896498653   10433.696190114473
0.011892986882540897   10542.671136149776   10540.12169837732
0.012241635099881474   10644.890042922152   10642.104503610411
0.012600504095286909   10742.35522551299   10739.312819248313
0.012969893495426888   10834.71851314747   10831.396539762527
0.013350111710660605   10921.62860493965   10918.002331268772
0.013741476192534558   11002.734494343596   10998.777183288938
0.014144313698828986   11077.673254667534   11073.35613569551
0.01455896056637426   11146.07554265537   11141.367824553276
0.014985762991865008   11207.577254425769   11202.446212822411
0.01542507732090645   11261.813891267557   11256.224526547037
0.015877270345534218   11308.411572223455   11302.325650724606
0.016342719610456153   11347.004524747686   11340.38056197862
0.016821813728271667   11377.238509091389   11370.031900970132
0.017314952703931925   11398.760569865693   11390.923366698575
0.017822548268711737   11411.227340394122   11402.708254291374
0.01834502422397195   11414.315169775735   11405.05986969774
0.018882816794999403   11407.71919436612   11397.670328927126
0.019436374995219892   11391.152682650003   11380.24966348837
0.02000616100108813   11364.355534415185   11352.534922520997
0.020592650537967844   11327.098625605939   11314.294616469173
0.021196333277324068   11279.193187917217   11265.337992866576
0.02181771324555934   11220.488478305233   11205.512857066764
0.022457309244835088   11150.870576623116   11134.70452318551
0.02311565528622961   11070.283836827351   11052.858615987217
0.023793301035594242   10978.741978611772   10959.992811058086
0.024490812272480036   10876.300855706646   10856.167698523743
0.025208771362518027   10763.069593711023   10741.498342043775
0.0259477777436476   10639.270236684515   10616.216653957106
0.02670844842659881   10505.187006782187   10480.618190919336
0.027491418510046592   10361.141434213032   10335.03604310813
0.028297341710866907   10207.574516127575   10179.925852499071
0.029126890909937666   10045.056839360705   10015.876165971258
0.029980758713939952   9874.182062226413   9843.49805321041
0.030859658033628758   9695.59644456655   9663.455377863187
0.031764322679055976   9510.124324249153   9476.593713109049
0.03269550797224261   9318.625982160855   9283.794061293536
0.033653991377811755   9121.952570850119   9085.926160743677
0.03464057315210884   8921.141240433371   8884.0418190046
0.03565607701135116   8717.38342110261   8679.343192440163
0.036701350819364466   8511.809204361018   8472.968906677088
0.03777726729548091   8305.492305277665   8266.000806257185
0.038884724743189276   8099.487116386514   8059.504770774576
0.04002464780014597   7894.77643885979   7854.473740177322
0.041197988210172884   7692.280923046455   7651.834096200056
0.04240572561788674   7493.175007643033   7452.733609165241
0.04364886838662332   7298.775900645659   7258.440701414368
0.04492845444033957   7110.268314178711   7070.094446287175
0.04624555213019635   6928.668799801664   6888.663796392531
0.04760126112654554   6754.77911624824   6714.891979015522
0.04899671333706607   6589.290568099692   6549.414530385963
0.05043307385181555   6432.712991431246   6392.690413125569
0.05191154191598653   6284.8445086521015   6244.471843373694
0.053433351931179485   6145.230998729725   6104.262924844678
0.05499977448602865   6013.385855550752   5971.541091904186
0.05661211741704101   5888.432190036878   5845.413379735696
0.05827172690053434   5769.383344609778   5724.88575626178
0.05997998857658587   5655.212540576274   5608.936448715403
0.06173832870592997   5544.590284892688   5496.27921765761
0.0635482153607709   5436.192507395704   5385.642614985407
0.06541115965050462   5328.4912424724635   5275.607108989312
0.06732871698337338   5219.7711493251845   5164.619112908418
0.06930248836510605   5108.3081242498265   5051.1452409332915
0.07133412173562886   4992.134686908011   4933.497952509474
0.07342531334496233   4869.418803235576   4810.13791881279
0.07557780916945323   4738.537406547312   4679.809640433408
0.07779340636952398   4598.20119993593   4541.580236702233
0.08007395479015682   4447.97924516473   4395.329400293706
0.08242135850536496   4288.07483056564   4241.4866081326045
0.08483757740794096   4119.785173188791   4081.3831776281068
0.08732462884580919   3945.031499748905   3916.8458639954533
0.08988458930634863   3766.5462512715317   3750.390124064221
0.09251959615009227   3587.310364968853   3584.662953322211
0.09523184939525078   3410.5504140679864   3422.373208914315
0.09802361355455057   3239.5048827487053   3266.1153323319313
0.10089721952591899   3077.289013652432   3118.298442667977
0.10385506653859616   2926.6988749201955   2980.969745115277
0.10689962415629803   2790.2024638812686   2855.81982926278
0.11003343433910281   2669.293490642956   2743.628496189834
0.11325911356578279   2564.5858808811254   2644.411558436755
0.11657935501835284   2475.025648130156   2557.0197656085493
0.11999693083066039   2398.463876488153   2479.5103815799844
0.12351469440289359   2331.324015669859   2408.8775001318418
0.12713558278394044   2269.432795227627   2341.935160470207
0.13086261912358757   2208.3000529616697   2275.5298935072033
0.13469891519660646   2143.6874407533783   2206.7810105715193
0.13864767400083483   2072.1734887254083   2133.698730335371
0.14271219243142114   1991.6137141787601   2055.3475338679723
0.14689586403346616   1901.6855386158747   1971.7436337224076
0.1512021818353596   1803.959908237743   1884.4672389552647
0.15563474126517718   1701.603655447588   1795.9372639343583
0.16019724315257297   1598.9129822514258   1708.835459030309
0.1648934968186736   1500.7581517588567   1626.131897956412
0.1697274232565544   1411.845900102012   1550.2138926440132
0.17470305840495237   1335.5632101034903   1482.7440939460967
0.17982455651794954   1272.8915268438766   1423.837413600824
0.18509619363343993   1222.1211939942773   1371.7916095315609
0.19052237114327647   1179.5998870487938   1324.3530526406232
0.19610761946807834   1140.809229098456   1279.2438921684793
0.20185660183976684   1101.0503227301147   1234.1885234039244
0.20777411819498756   1056.2455998458977   1187.4511398038997
0.21386510918267082   1004.4726062169289   1138.4845562966548
0.22013466028907505   947.060524075774   1088.4119680269405
0.22658800608375756   887.7920976915851   1039.082333132078
0.23323053459001789   831.1083461154253   992.2510546248219
0.2400677917834628   780.830270852834   949.1931374381736
0.24710548622244882   739.0657883673297   910.120587797266
0.25434949381426813   705.235017923527   874.8170805533656
0.2618058627210567   676.3748210243639   841.6299162561004
0.2694808184095226   648.5273149396494   809.5714079666691
0.27738076884870827   618.2429672478253   777.834276739406
0.2855123098601282   584.3813551293746   745.8668791544916
0.29388223062474755   548.6497431050021   714.4963464220762
0.3024975193514008   514.0716350953264   684.7058819810179
0.31136536911138296   483.35613315104257   656.6797460494696
0.3204931838440838   457.6046489995232   630.7148101760272
0.32988858453867975   435.5424949037249   606.2734389244013
0.3395594155970457   414.62499020521983   582.8759936541802
0.34951375138319807   392.8275854270348   559.9987026379345
0.3597599029647371   369.8023348921388   537.8517938249241
0.37030642505191835   347.0088266683157   516.6140477817224
0.3811621231401457   326.2412349766273   496.5163572206881
0.3923360608618501   308.1146743884399   477.4232720094918
0.4038375675538918   291.8408388225277   459.3866168047626
0.41567624604680364   276.013528471946   442.0540260415629
0.42786198068238046   259.9499680041508   425.30544747056473
0.4404049455663077   244.17214375012801   409.2759518569357
0.4533156130627191   229.58181753371682   394.0244517296784
0.4666047625377753   216.4437988726095   379.54818465026307
0.4802834893595659   204.21517276658767   365.75111959559337
0.49436321416184764   192.29904560456927   352.4987379296729
0.5088556923793517   180.6846039494806   339.7677328961227
0.5237730240626238   169.7909029124406   327.6358783428028
0.5391276639805903   159.76323261977146   316.08758527615083
0.5549324320192869   150.34565562717987   305.0416339483169
0.5712005238854289   141.2945348759144   294.4394020912686
0.5879455221237613   132.6800355062767   284.28844200980615
0.6051814074573895   124.63990743822175   274.59530664382385
0.622922570460556   117.11223510398878   265.3300367799412
0.6411838235736077   109.96633952348358   256.43455894670984
0.6599804134701901   103.1980660710198   247.90866348281392
0.6793280337869897   96.85091121623418   239.74683853309702
0.6992428382266549   90.88936200870266   231.91777396775063
0.7197414540448374   85.27041285420606   224.403561860757
0.7408409959326054   79.97390041240064   217.188109706651
0.7625590803058332   74.98474025297911   210.25494866774002
0.7849138400134885   70.28818165892277   203.58865953877154
0.8079239394770964   65.86984315869176   197.17480013121065
0.8316085902740278   61.71574208596502   190.99983831488615
0.8559875671776167   57.81222662164761   185.050976279867
0.8810812246675007   54.1453049048216   179.31518970709664
0.9069105139239728   50.701254528378996   173.77978756423718
0.9334970003205227   47.46711040111722   168.43295855805178
0.960862881429187   44.430629203791035   163.2637156403025
0.9890310055537336   41.5802508744895   158.26183959230855
1.0180248908061487   38.90506207265884   153.41782725674653
1.047868744742366   36.39476156366144   148.72284382524006
1.0785874845736239   34.03966563065173   144.16852843344583
1.1102067579703248   31.830731901946134   139.7467019315528
1.1427529644757777   29.75941845735095   135.44972837639494
1.1762532775476793   27.817639562544578   131.2705580609275
1.210735667245765   25.99774470076798   127.20269088063164
1.246228923584555   24.29249830308046   123.24014250813758
1.2827626805706884   22.69506017550444   119.37741308126783
1.3203674409449337   21.198965962851275   115.60946385528331
1.3590746016495152   19.798095155596478   111.93181584985821
1.3989164800420282   18.486658112540656   108.34050604256645
1.4399263408778291   17.25919563181959   104.83192289616734
1.4821384240834183   16.11056234997005   101.4027794846721
1.525587973344019   15.035910164471366   98.0500941889807
1.5703112655292182   14.030672423706108   94.77117235078536
1.6163456409812174   13.090548856746883   91.56358877293792
1.6637295346910133   12.211491286530174   88.42528439041776
1.7125025083885144   11.38969025515912   85.3550627119431
1.7627052835733923   10.621561654721853   82.35206796187403
1.814379775514258   9.903734202517764   79.41551912380767
1.8675691282445197   9.23303769427054   76.54470233163192
1.922317750584177   8.606491838581471   73.73896382300697
1.9786713532176083   8.021295648678358   70.99770310027314
2.0366769868582977   7.474817355514146   68.32036875684902
2.0963830815323896   6.964583491616901   65.70672038889933
2.1578394870138577   6.488269120510302   63.15700785005634
2.2210975144450407   6.043692024326533   60.67144468014365
2.286209979177315   5.628804707926848   58.25014725572523
2.3532312448676476   5.241686513630705   55.893137367358456
2.4222172688678643   4.880536165276977   53.60034495973813
2.4932256489445366   4.543664720593134   51.37161102249929
2.5663156713684585   4.229489140937947   49.2067290632143
2.641548360413907   3.9365284747050135   47.10588051862437
2.7189865293089923   3.6633961902650047   45.069397413297274
2.798694832679631   3.408792444920421   43.09740431363884
2.8807398205309562   3.1714989551058657   41.189825786949406
2.9651899938111903   2.950374183726646   39.346401172169074
3.05211586160442   2.7443487867266265   37.56669915611215
3.1415899999999994   2.5524213068834416   35.850132077928855
