0.01   58.16311535898457   58.163115939597056
0.010293154462191829   58.98964535035365   58.9896443664547
0.010594902878253955   59.80111137433222   59.80110920044128
0.010905497183778876   60.595765719686625   60.59576334689342
0.011225196699963396   61.3717044715392   61.371702719830054
0.011554268350120923   62.12694538773002   62.12694460229352
0.011892986882540897   62.859472341874735   62.85947237501434
0.012241635099881474   63.567158368039564   63.56715880850293
0.012600504095286909   64.2477516656994   64.24775213006066
0.012969893495426888   64.89897453504534   64.89897468812093
0.013350111710660605   65.51852424762741   65.5185238444241
0.013741476192534558   66.10403997508595   66.10403902690418
0.014144313698828986   66.65315030476496   66.6531491310232
0.01455896056637426   67.16349210514775   67.16349132053612
0.014985762991865008   67.63262870466963   67.63262879381567
0.01542507732090645   68.05806750966757   68.0580684280989
0.015877270345534218   68.43735573978245   68.4373568858366
0.016342719610456153   68.76805642043787   68.76805684297855
0.016821813728271667   69.04767754842652   69.04767661433885
0.017314952703931925   69.27378584871798   69.27378337978189
0.017822548268711737   69.4440455499506   69.44404180252099
0.01834502422397195   69.55622672984602   69.55622204131946
0.018882816794999403   69.60822448628987   69.60821902746837
0.019436374995219892   69.5980814170417   69.59807518528204
0.02000616100108813   69.52399987924869   69.52399261034714
0.020592650537967844   69.38435269551891   69.38434366601102
0.021196333277324068   69.17770803952345   69.17769604622721
0.02181771324555934   68.90286817757318   68.90285160959563
0.022457309244835088   68.55905424812994   68.55903163104965
0.02311565528622961   68.14582310189662   68.14579337989878
0.023793301035594242   67.6629788524064   67.66294138970582
0.024490812272480036   67.11079252382156   67.11074712887832
0.025208771362518027   66.49015135364498   66.4900983187945
0.0259477777436476   65.80221738926912   65.80215747844832
0.02670844842659881   65.04850179599903   65.04843609382468
0.027491418510046592   64.23145484532294   64.23138392665697
0.028297341710866907   63.353983794466316   63.3539074318542
0.029126890909937666   62.419164788874355   62.41908204929875
0.029980758713939952   61.43087804148641   61.43078939339011
0.030859658033628758   60.393934365025025   60.39384423289524
0.031764322679055976   59.31318616568592   59.3131028185165
0.03269550797224261   58.19378126238883   58.1937143317635
0.033653991377811755   57.04233011919638   57.0422805911414
0.03464057315210884   55.86563227380006   55.86559033144293
0.03565607701135116   54.67019895579457   54.67014595549448
0.036701350819364466   53.46295592987813   53.46288892182972
0.03777726729548091   52.251136890011566   52.25109038133593
0.038884724743189276   51.041489900787475   51.04153337369564
0.04002464780014597   49.84066487727003   49.840877214342996
0.041197988210172884   48.6561718141766   48.65656637050294
0.04240572561788674   47.49513381033496   47.4956490343409
0.04364886838662332   46.36405817635557   46.364569683954066
0.04492845444033957   45.26977203451268   45.27016920088823
0.04624555213019635   44.219130605793744   44.219367902975364
0.04760126112654554   43.218277378667985   43.218369482987605
0.04899671333706607   42.27034342430971   42.27034104006053
0.05043307385181555   41.37421200491671   41.37416809491931
0.05191154191598653   40.528429869327404   40.52839657495306
0.053433351931179485   39.730110306267356   39.7301310141919
0.05499977448602865   38.974001557933235   38.974097982670926
0.05661211741704101   38.25487572671126   38.25504783845939
0.05827172690053434   37.56585647176949   37.566075940607384
0.05997998857658587   36.898678857223494   36.898883517936994
0.06173832870592997   36.244970221826705   36.24507353814606
0.0635482153607709   35.59429487456524   35.5942205850451
0.06541115965050462   34.936090003096375   34.935781860666694
0.06732871698337338   34.25835311450992   34.25778965476369
0.06930248836510605   33.548271138600754   33.54747631523808
0.07133412173562886   32.79364633896145   32.79268175360305
0.07342531334496233   31.982865848951704   31.981819880233324
0.07557780916945323   31.10730288619584   31.106269404790407
0.07779340636952398   30.162710576432424   30.161753454513132
0.08007395479015682   29.149642484913024   29.148793335903804
0.08242135850536496   28.07521472054291   28.074475801376135
0.08483757740794096   26.95152406395287   26.950889100985723
0.08732462884580919   25.7956121716422   25.79509125616684
0.08988458930634863   24.627439248837714   24.627080005015863
0.09251959615009227   23.468339735105936   23.46822795925932
0.09523184939525078   22.3410237336273   22.341237543260455
0.09802361355455057   21.266330450801608   21.266917288257677
0.10089721952591899   20.264784881312938   20.26570858081709
0.10385506653859616   19.353420578086187   19.354565477065147
0.10689962415629803   18.544247746868127   18.54545208182911
0.11003343433910281   17.842355378614972   17.843455648911203
0.11325911356578279   17.24318987501472   17.244083063631347
0.11657935501835284   16.732778242980693   16.733405097009157
0.11999693083066039   16.28909530017759   16.289416628135847
0.12351469440289359   15.88361414493897   15.883583376981955
0.12713558278394044   15.485920240094046   15.485494635185177
0.13086261912358757   15.066089256369143   15.065259892586534
0.13469891519660646   14.599117158950303   14.597928131321748
0.13864767400083483   14.068637133070249   14.067201560943081
0.14271219243142114   13.469936426420542   13.468431626726412
0.14689586403346616   12.811998176724163   12.810625522329401
0.1512021818353596   12.115734769213093   12.114738310867388
0.15563474126517718   11.410727732652969   11.410314623315193
0.16019724315257297   10.731287991648722   10.731499138176115
0.1648934968186736   10.111288188153901   10.111958750049762
0.1697274232565544   9.576612192189351   9.577484803170375
0.17470305840495237   9.13697612083709   9.137813969983823
0.17982455651794954   8.782910785369285   8.783561880774638
0.18509619363343993   8.490141561062217   8.490407198343418
0.19052237114327647   8.22683283609103   8.226508039460908
0.19610761946807834   7.958878276055494   7.957945955637437
0.20185660183976684   7.655717415426372   7.654428611758038
0.20777411819498756   7.3010325234328945   7.299712591105926
0.21386510918267082   6.901540472613755   6.900450739031571
0.22013466028907505   6.483188162905435   6.482506613156473
0.22658800608375756   6.078690521118896   6.078545464890236
0.23323053459001789   5.717389132968127   5.717654602591217
0.2400677917834628   5.41693990170543   5.417311943959097
0.24710548622244882   5.1756395096038466   5.1757842252012125
0.25434949381426813   4.9730923946006635   4.972783588450091
0.2618058627210567   4.779857919833281   4.779052908243627
0.2694808184095226   4.569243403448368   4.568155349216305
0.27738076884870827   4.330325987963689   4.329274044337202
0.2855123098601282   4.07365785383031   4.072862065009527
0.29388223062474755   3.8220913088902027   3.821692330845691
0.3024975193514008   3.5973713953451725   3.5972275575154224
0.31136536911138296   3.4097667215410654   3.4095672117066647
0.3204931838440838   3.2513525791277478   3.250882792665605
0.32988858453867975   3.102767142478254   3.1019652997096006
0.3395594155970457   2.947193470552564   2.9462225454404614
0.34951375138319807   2.7803747094332762   2.779500159611215
0.3597599029647371   2.61278527234227   2.6121309849300123
0.37030642505191835   2.459183773831301   2.4586858888183087
0.3811621231401457   2.3258732399209285   2.3253354910316952
0.3923360608618501   2.207513653675779   2.206778422210985
0.4038375675538918   2.0927352717759162   2.0918433892206703
0.41567624604680364   1.9750570614245673   1.9741646152738315
0.42786198068238046   1.8580102428347862   1.857227794387748
0.4404049455663077   1.7492958378726928   1.748589849898716
0.4533156130627191   1.6519192706087684   1.6511539766475385
0.4666047625377753   1.5618405873710108   1.5609643234265256
0.4802834893595659   1.4737238151691223   1.47280143576462
0.49436321416184764   1.3870214033559087   1.386138102684083
0.5088556923793517   1.3053096922949203   1.304458300615584
0.5237730240626238   1.2303152820582044   1.2294318520273162
0.5391276639805903   1.1600506368216488   1.1591086664070245
0.5549324320192869   1.0922122610936311   1.091258334889475
0.5712005238854289   1.0272601928917664   1.026322594911507
0.5879455221237613   0.966590973777108   0.965645162253243
0.6051814074573895   0.909863476818092   0.9088881545365385
0.622922570460556   0.8558720652671604   0.8548820650276129
0.6411838235736077   0.8045185718876939   0.8035301960116722
0.6599804134701901   0.7563117591597942   0.7553160159275356
0.6793280337869897   0.7109757172273418   0.7099648334758836
0.6992428382266549   0.6681671981288694   0.6671433072776989
0.7197414540448374   0.6277328952728133   0.6267009611730168
0.7408409959326054   0.5895695109116676   0.5885331915057463
0.7625590803058332   0.5535758003789057   0.5525376164483441
0.7849138400134885   0.5196521021995522   0.5186136513618261
0.8079239394770964   0.4877006692857183   0.4866628114638656
0.8316085902740278   0.45762378102934687   0.45658693743171175
0.8559875671776167   0.42931859328776845   0.42828337023353275
0.8810812246675007   0.40268547363995344   0.4016527464134673
0.9069105139239728   0.3776301453287663   0.3766009955709548
0.9334970003205227   0.354063410903532   0.35303907231333603
0.960862881429187   0.331900889670527   0.3308827011641263
0.9890310055537336   0.3110627682741013   0.31005213382365693
1.0180248908061487   0.2914735899870728   0.29047194614242744
1.047868744742366   0.27306266783923094   0.27207149810840164
1.0785874845736239   0.2557637199502386   0.25478456341085925
1.1102067579703248   0.23951386169568312   0.23854827314167373
1.1427529644757777   0.22425342174144922   0.22330293638373416
1.1762532775476793   0.20992580457898302   0.20899190924250435
1.210735667245765   0.1964773568659519   0.1955614668990306
1.246228923584555   0.1838572376391512   0.18296067882352393
1.2827626805706884   0.17201725393120554   0.1711412531224265
1.3203674409449337   0.16091160794969822   0.16005730242042845
1.3590746016495152   0.15049695127540907   0.14966538185510828
1.3989164800420282   0.1407323278682722   0.13992442835177354
1.4399263408778291   0.13157905434237285   0.13079564430167506
1.4821384240834183   0.12300060532472777   0.1222423858248738
1.525587973344019   0.11496250376449506   0.11423005553631489
1.5703112655292182   0.1074322161534194   0.10672600149659309
1.6163456409812174   0.10037905654212254   0.09969948530085167
1.6637295346910133   0.09377409071096597   0.09312158655968622
1.7125025083885144   0.087590038348753   0.08696501260995505
1.7627052835733923   0.0818011857677036   0.08120401136818288
1.814379775514258   0.07638330307615628   0.07581429452831621
1.8675691282445197   0.07131356519898285   0.07077296374440892
1.922317750584177   0.0665704766061906   0.06605843975397195
1.9786713532176083   0.0621337952682943   0.061650365390584834
2.0366769868582977   0.057984444513721665   0.057529407745020404
2.0963830815323896   0.054104470906866965   0.05367734827740447
2.1578394870138577   0.05047699277051005   0.05007709192888131
2.2210975144450407   0.04708613995566817   0.04671260011074401
2.286209979177315   0.04391699670294817   0.0435688274115376
2.3532312448676476   0.040955547477865686   0.0406316619676601
2.4222172688678643   0.038188625915491756   0.037887870101209
2.4932256489445366   0.035603883271868315   0.035325094129526696
2.5663156713684585   0.033189746678402125   0.032931815324060795
2.641548360413907   0.03093534500245056   0.030697216261205182
2.7189865293089923   0.028830466604338852   0.028611133699128377
2.798694832679631   0.0268655220586961   0.02666402217252031
2.8807398205309562   0.02503150876470862   0.024846919346622445
2.9651899938111903   0.023319977366809085   0.023151413067896472
3.05211586160442   0.02172298976649791   0.021569599817789706
3.1415899999999994   0.020233026816946418   0.020093992287408925
