0.01   3450.9271456070355   3450.7720662334714
0.010293154462191829   3490.7629922734372   3490.604965374578
0.010594902878253955   3529.2944316620856   3529.1339087893875
0.010905497183778876   3566.41248650834   3566.249811907667
0.011225196699963396   3602.0045904908657   3601.8397841464953
0.011554268350120923   3635.957606850514   3635.7903562942556
0.011892986882540897   3668.1559899918825   3667.985882194074
0.012241635099881474   3698.4813394534517   3698.3081863820266
0.012600504095286909   3726.815630186577   3726.639500429924
0.012969893495426888   3753.040290060214   3752.8614356353123
0.013350111710660605   3777.030456884966   3776.848925432726
0.013741476192534558   3798.6608281839376   3798.476339362796
0.014144313698828986   3817.8084218464232   3817.6203709797105
0.01455896056637426   3834.3493101789422   3834.15701213663
0.014985762991865008   3848.1591046008607   3847.9620514877406
0.01542507732090645   3859.117644227628   3858.915522706212
0.015877270345534218   3867.1080502334144   3866.90064594272
0.016342719610456153   3872.0126255293517   3871.799469137992
0.016821813728271667   3873.7188972189606   3873.4991865567854
0.017314952703931925   3872.1217819470617   3871.894390925323
0.017822548268711737   3867.121626080132   3866.8851904659477
0.01834502422397195   3858.625716713126   3858.3787059902975
0.018882816794999403   3846.551496198006   3846.292226664618
0.019436374995219892   3830.82783761202   3830.554489947556
0.02000616100108813   3811.396439000508   3811.1070845866107
0.020592650537967844   3788.2118148992313   3787.9044345882967
0.021196333277324068   3761.2425841774657   3760.9150948756615
0.02181771324555934   3730.4790647197406   3730.129423916818
0.022457309244835088   3695.930524918115   3695.5567996537507
0.02311565528622961   3657.620925203535   3657.2213103187887
0.023793301035594242   3615.5992901362015   3615.1723272349805
0.024490812272480036   3569.949436407247   3569.4944211991233
0.025208771362518027   3520.770968211553   3520.287976362456
0.0259477777436476   3468.1813965296246   3467.6712771706993
0.02670844842659881   3412.3479206109946   3411.8124444575747
0.027491418510046592   3353.4639274427964   3352.9058111336312
0.028297341710866907   3291.730410757592   3291.153246757941
0.029126890909937666   3227.3883814305896   3226.7968536389685
0.029980758713939952   3160.732110460176   3160.132327987149
0.030859658033628758   3092.0561100852724   3091.4554835987587
0.031764322679055976   3021.66357642571   3021.0706620720994
0.03269550797224261   2949.9295397034734   2949.3539407821245
0.033653991377811755   2877.238366587985   2876.6905798584335
0.03464057315210884   2803.953914968715   2803.4451399778786
0.03565607701135116   2730.4722351846167   2730.0137470901805
0.036701350819364466   2657.223158543135   2656.8256792373004
0.03777726729548091   2584.602571292457   2584.2762202207027
0.038884724743189276   2512.9899694281835   2512.7440251031244
0.04002464780014597   2442.811502983475   2442.653482642031
0.041197988210172884   2374.4679796215205   2374.4035748141714
0.04240572561788674   2308.3112987401814   2308.344422445311
0.04364886838662332   2244.6096237159645   2244.7394536138554
0.04492845444033957   2183.560260783805   2183.7789764370573
0.04624555213019635   2125.3317845350757   2125.6252707936333
0.04760126112654554   2070.088958740896   2070.4377145083054
0.04899671333706607   2018.034914447408   2018.4152260715562
0.05043307385181555   1969.3592918797892   1969.743771710806
0.05191154191598653   1924.1662701715568   1924.5240755423513
0.053433351931179485   1882.0660042081406   1882.362411259409
0.05499977448602865   1842.481615792768   1842.6779761306452
0.05661211741704101   1804.888102364571   1804.9422808026309
0.05827172690053434   1768.8524624405543   1768.7202830710219
0.05997998857658587   1733.9981215137198   1733.6341614639052
0.06173832870592997   1699.924087013429   1699.284075395791
0.0635482153607709   1666.0582912060866   1665.1075267902145
0.06541115965050462   1631.8210813139046   1630.5364946717834
0.06732871698337338   1596.5602553687484   1594.938186522505
0.06930248836510605   1559.5471943117934   1557.6117115078393
0.07133412173562886   1520.1201448602287   1517.9242962699025
0.07342531334496233   1477.6861370558827   1475.317854209486
0.07557780916945323   1431.7961116148883   1429.3754121603877
0.07779340636952398   1382.3952025798985   1380.0678104303615
0.08007395479015682   1329.6607013587177   1327.5907740334355
0.08242135850536496   1274.1425521505594   1272.5031959580178
0.08483757740794096   1216.5941042463242   1215.5584162103016
0.08732462884580919   1158.0185249688625   1157.7454388086808
0.08988458930634863   1099.4853256444649   1100.1108235803379
0.09251959615009227   1042.0958006084634   1043.7207229342528
0.09523184939525078   986.8964912037571   989.577104107612
0.09802361355455057   934.9384286763379   938.6659697977809
0.10089721952591899   887.1694417765617   891.8602759315974
0.10385506653859616   844.4243335926553   849.9142547524385
0.10689962415629803   807.1594879599085   813.2219446962208
0.11003343433910281   775.4682347434359   781.8276228187796
0.11325911356578279   748.8940358107038   755.2593329464139
0.11657935501835284   726.5207444048633   732.6144730285196
0.11999693083066039   707.0465701700908   712.6560263134431
0.12351469440289359   688.9973833912292   694.0060628984961
0.12713558278394044   670.8468645700084   675.2621594233807
0.13086261912358757   651.2228273060601   655.1913650485615
0.13469891519660646   629.0332039637034   632.8446108286478
0.13864767400083483   603.7180533312903   607.7671201397357
0.14271219243142114   575.3055480398674   580.0391655440523
0.14689586403346616   544.426791471385   550.2870406903561
0.1512021818353596   512.1875123199118   519.5654706178225
0.15563474126517718   480.02005653080784   489.1345744128972
0.16019724315257297   449.5400576489809   460.367137727132
0.1648934968186736   422.31217310012966   434.5956816689841
0.1697274232565544   399.3712477617024   412.62276922404345
0.17470305840495237   380.81808616834513   394.4781828883401
0.17982455651794954   365.90103816073247   379.4455925011655
0.18509619363343993   353.3949464360746   366.42199869894637
0.19052237114327647   341.9030161291024   354.2196054656087
0.19610761946807834   329.9394224748834   341.6568621722305
0.20185660183976684   316.2160180836277   327.7735359048908
0.20777411819498756   300.27218961564523   312.21414984633094
0.21386510918267082   282.7333951561046   295.5546598145713
0.22013466028907505   264.82295262443375   278.8060898783989
0.22658800608375756   247.82696556995828   262.9656264352711
0.23323053459001789   232.87011478364406   248.8201141700109
0.2400677917834628   220.50103213974648   236.7567756603777
0.24710548622244882   210.42574863951523   226.4595762064572
0.25434949381426813   201.72794255398526   217.2190336895302
0.2618058627210567   193.24434468550456   208.2007775308899
0.2694808184095226   184.00572322142372   198.77165655352562
0.27738076884870827   173.81317698433043   188.79963740708519
0.2855123098601282   163.23283503518846   178.76229925048602
0.29388223062474755   153.07059061921737   169.18396257198833
0.3024975193514008   144.04771363909012   160.4826500594411
0.31136536911138296   136.4054235401948   152.77619649745168
0.3204931838440838   129.7252045910521   145.78085944937894
0.32988858453867975   123.34626646643542   139.05824097348048
0.3395594155970457   116.77328716452654   132.37248165895178
0.34951375138319807   109.95672459175742   125.67208158460619
0.3597599029647371   103.3029811998376   119.2276848007541
0.37030642505191835   97.22330650830429   113.23794657470944
0.3811621231401457   91.82623384108443   107.72623930682342
0.3923360608618501   86.90472719418398   102.57798771279681
0.4038375675538918   82.12950786565821   97.62370006593811
0.41567624604680364   77.36717424240241   92.80352052277124
0.42786198068238046   72.75164932598797   88.1844864979154
0.4404049455663077   68.46447604037083   83.84101351089092
0.4533156130627191   64.5454631911418   79.77147703093551
0.4666047625377753   60.86820601089597   75.91537144774789
0.4802834893595659   57.319503174739964   72.22865318116408
0.49436321416184764   53.90156154934443   68.7046235615818
0.5088556923793517   50.69199956731579   65.37207151853289
0.5237730240626238   47.706383593290774   62.22589785855955
0.5391276639805903   44.89296031530869   59.241301249540996
0.5549324320192869   42.20883130927174   56.40151578682271
0.5712005238854289   39.66560111082049   53.705489175124484
0.5879455221237613   37.280587271795795   51.153125971367366
0.6051814074573895   35.0380188263042   48.73449411331005
0.622922570460556   32.915696600835716   46.43795759151187
0.6411838235736077   30.910867332805925   44.259192659219686
0.6599804134701901   29.025441696100724   42.19446591749344
0.6793280337869897   27.251770007407423   40.23772615124827
0.6992428382266549   25.57734294992937   38.38064637071313
0.7197414540448374   24.000679958547902   36.619727197764995
0.7408409959326054   22.51707119537581   34.950193371318505
0.7625590803058332   21.121242948510545   33.36714412706487
0.7849138400134885   19.80821033290365   31.86594377854747
0.8079239394770964   18.573261837296208   30.442207780569426
0.8316085902740278   17.411944691366564   29.091789475707376
0.8559875671776167   16.320051009140247   27.81076749554792
0.8810812246675007   15.293605059280088   26.595433435752057
0.9069105139239728   14.328881113636278   25.44225260494751
0.9334970003205227   13.422403276737306   24.347839278078386
0.960862881429187   12.570877375748914   23.308996445886965
0.9890310055537336   11.771177492719401   22.322709792779243
1.0180248908061487   11.020338791266235   21.386136967453364
1.047868744742366   10.315550537658162   20.496597494137685
1.0785874845736239   9.65414932040189   19.6515632860966
1.1102067579703248   9.033612080755205   18.84864656109333
1.1427529644757777   8.45154155698298   18.085523086351326
1.1762532775476793   7.9056627578765735   17.359937475758045
1.210735667245765   7.393826677808962   16.66977280737502
1.246228923584555   6.9140043177785335   16.01304447763799
1.2827626805706884   6.4642805392145   15.387891198776046
1.3203674409449337   6.042848192818715   14.792566654511022
1.3590746016495152   5.6480025129597   14.22543176279048
1.3989164800420282   5.27813585485708   13.68494027191364
1.4399263408778291   4.9317333287921965   13.169567708130684
1.4821384240834183   4.607367341374188   12.677846934577436
1.525587973344019   4.303692409480607   12.208408391788337
1.5703112655292182   4.019440791235688   11.759973478009524
1.6163456409812174   3.7534183296032104   11.33134789394255
1.6637295346910133   3.5045004932496653   10.921415522993152
1.7125025083885144   3.271628607150127   10.529132800459418
1.7627052835733923   3.0538061046201395   10.153514296040202
1.814379775514258   2.8500945053990008   9.793590220631472
1.8675691282445197   2.6596109403284043   9.448441252981853
1.922317750584177   2.481525351729623   9.117211554255404
1.9786713532176083   2.3150575181028534   8.799104093181937
2.0366769868582977   2.159474232662816   8.493376347964565
2.0963830815323896   2.0140866289591473   8.19933636259153
2.1578394870138577   1.8782476467187128   7.916339115715492
2.2210975144450407   1.7513494964972718   7.643771754470038
2.286209979177315   1.6328211867799602   7.381030935661948
2.3532312448676476   1.5221267762470176   7.127551183203009
2.4222172688678643   1.4187633974003289   6.882808350510813
2.4932256489445366   1.3222593093570854   6.646316696559782
2.5663156713684585   1.2321720583607345   6.41762620037232
2.641548360413907   1.1480867405511939   6.19632009080648
2.7189865293089923   1.0696143669736986   5.9820128520320965
2.798694832679631   0.9963906675330646   5.774367924053684
2.8807398205309562   0.9280747314872143   5.573105279497126
2.9651899938111903   0.8643469840202576   5.3779658249888795
3.05211586160442   0.804907863905319   5.188706869372089
3.1415899999999994   0.7494766354273865   5.005101089363454
