0.01   10719.834524990121   10718.763738152365
0.010293154462191829   10829.950945003617   10828.803438038272
0.010594902878253955   10935.240664808773   10934.009527891687
0.010905497183778876   11035.343501682422   11034.02153355196
0.011225196699963396   11129.895094761403   11128.474907778944
0.011554268350120923   11218.53133158904   11217.005340741283
0.011892986882540897   11300.873214757577   11299.232950981457
0.012241635099881474   11376.52930264876   11374.764765250002
0.012600504095286909   11445.112620357053   11443.212256332286
0.012969893495426888   11506.236665233439   11504.187649253441
0.013350111710660605   11559.504452400015   11557.293506384613
0.013741476192534558   11604.526101269403   11602.139699751386
0.014144313698828986   11640.922961312626   11638.347288296329
0.01455896056637426   11668.312062672125   11665.531788710221
0.014985762991865008   11686.315511495937   11683.31303975455
0.01542507732090645   11694.57537194494   11691.330916783922
0.015877270345534218   11692.74940568707   11689.241032689006
0.016342719610456153   11680.506606417384   11676.710222212523
0.016821813728271667   11657.542894027765   11653.432404330562
0.017314952703931925   11623.585185283404   11619.132723132609
0.017822548268711737   11578.390807478881   11573.567124399873
0.01834502422397195   11521.752565324918   11516.52736138614
0.018882816794999403   11453.503406983287   11447.845615492526
0.019436374995219892   11373.529455204112   11367.407422254442
0.02000616100108813   11281.775946418344   11275.157585345221
0.020592650537967844   11178.235018450754   11171.088156495096
0.021196333277324068   11062.957622950573   11055.250934392201
0.02181771324555934   10936.096061301221   10927.802007041868
0.022457309244835088   10797.864370395711   10788.96017020871
0.02311565528622961   10648.525734081997   10638.99361604967
0.023793301035594242   10488.466625118881   10478.295936224638
0.024490812272480036   10318.186638789874   10307.375647379158
0.025208771362518027   10138.220028391752   10126.775698196594
0.0259477777436476   9949.184322496152   9937.122892752053
0.02670844842659881   9751.885277434529   9739.234643149912
0.027491418510046592   9547.164106938248   9533.963449992432
0.028297341710866907   9335.875961146307   9322.174834812911
0.029126890909937666   9119.078610832512   9104.937497103612
0.029980758713939952   8897.933557571494   8883.423552460885
0.030859658033628758   8673.55111539397   8658.752367075154
0.031764322679055976   8447.099333362748   8432.098834270742
0.03269550797224261   8219.91020531588   8204.798979913843
0.033653991377811755   7993.240729524682   7978.112377481139
0.03464057315210884   7768.284829413379   7753.232855658532
0.03565607701135116   7546.46086097001   7531.566562388912
0.036701350819364466   7329.188537573665   7314.516537213969
0.03777726729548091   7117.724862883746   7103.324273036629
0.038884724743189276   6913.052856102577   6898.954950159098
0.04002464780014597   6715.857000596954   6702.071824879663
0.041197988210172884   6526.713001777376   6513.231216111655
0.04240572561788674   6346.233847184133   6333.018825646965
0.04364886838662332   6175.533445270937   6162.475939105819
0.04492845444033957   6015.766116519236   6002.6771195277815
0.04624555213019635   5867.845522491104   5854.466135322584
0.04760126112654554   5731.179372068589   5717.218372197609
0.04899671333706607   5604.245269925638   5589.4034510944175
0.05043307385181555   5485.634340947651   5469.605080291789
0.05191154191598653   5374.090216593642   5356.559028057888
0.053433351931179485   5268.481018679351   5249.125703291032
0.05499977448602865   5167.668993824273   5146.167179168711
0.05661211741704101   5070.033388313219   5046.103974187834
0.05827172690053434   4973.849564799926   4947.26872566355
0.05997998857658587   4877.2248587998065   4847.861445653951
0.06173832870592997   4777.903355909822   4745.779118294
0.0635482153607709   4673.703210346124   4639.013446112518
0.06541115965050462   4562.285215706724   4525.495440130885
0.06732871698337338   4441.507744940739   4403.3688596581605
0.06930248836510605   4309.953510626007   4271.496525388231
0.07133412173562886   4166.832414463202   4129.338620011318
0.07342531334496233   4012.4307691988424   3977.367299537685
0.07557780916945323   3847.9350841787614   3816.882094400345
0.07779340636952398   3675.5727552415733   3650.1196397182184
0.08007395479015682   3498.257378858535   3479.9080821294506
0.08242135850536496   3319.357059626705   3309.3730476034334
0.08483757740794096   3142.325282972967   3141.641774613896
0.08732462884580919   2970.7600543840695   2979.905644569019
0.08988458930634863   2808.147401226881   2827.1608590914075
0.09251959615009227   2657.929869679573   2686.2397676272335
0.09523184939525078   2522.837204391128   2559.2785468702664
0.09802361355455057   2404.9540208174394   2447.7029671954915
0.10089721952591899   2304.957676222437   2351.756451856357
0.10385506653859616   2222.047242663929   2270.4154550069425
0.10689962415629803   2153.787666112285   2201.3267122432335
0.11003343433910281   2096.577097286863   2141.215638834282
0.11325911356578279   2045.8230950942573   2086.1734739667722
0.11657935501835284   1996.675688135367   2032.2406938423624
0.11999693083066039   1944.315431544125   1975.6779476024228
0.12351469440289359   1884.6814322664893   1913.572802759984
0.12713558278394044   1815.0221184508678   1844.1262267728941
0.13086261912358757   1734.4725236463735   1767.0093417553599
0.13469891519660646   1644.2844467114069   1683.6743999718983
0.13864767400083483   1547.4860914666735   1596.6745071685555
0.14271219243142114   1448.516266224293   1509.3704504487127
0.14689586403346616   1352.777011079383   1425.7498707198963
0.1512021818353596   1265.8101569739765   1349.3369531423377
0.15563474126517718   1191.7727854476118   1282.8560266782677
0.16019724315257297   1132.1486908924392   1226.7757161240265
0.1648934968186736   1085.541127947008   1179.54153416554
0.1697274232565544   1048.5572003581444   1138.7602385366908
0.17470305840495237   1016.7543833469394   1101.3796721001115
0.17982455651794954   984.9982230077298   1064.1860726861273
0.18509619363343993   948.3192041905313   1024.3400347750478
0.19052237114327647   903.9533714900595   980.574287124988
0.19610761946807834   852.699012538982   933.9066329361235
0.20185660183976684   798.0253206936767   886.6125973459012
0.20777411819498756   744.4618346570916   841.0423229832325
0.21386510918267082   696.3725078477183   799.354696726634
0.22013466028907505   656.6503211471949   762.6917764960697
0.22658800608375756   625.3910682961636   730.9624679894503
0.23323053459001789   600.10177125269   702.3738706730396
0.2400677917834628   576.820180576745   675.1178281587836
0.24710548622244882   551.5637043942382   647.5711988722909
0.25434949381426813   522.4981343956721   618.9490967052412
0.2618058627210567   490.7205936546213   590.4414311276183
0.2694808184095226   458.9633215614674   562.7100679453721
0.27738076884870827   430.26045734543567   536.891978744187
0.2855123098601282   406.34995027041595   513.563963743567
0.29388223062474755   386.4989368812022   492.13369415621395
0.3024975193514008   368.4193720106215   471.8122651019139
0.31136536911138296   349.82086228700894   451.8224336116066
0.3204931838440838   329.79071237458874   432.3018416673258
0.32988858453867975   309.4006292323403   413.2747435881784
0.3395594155970457   290.43393110627227   395.298232976032
0.34951375138319807   273.87441721359465   378.53140186748396
0.3597599029647371   259.3525199263659   362.81433458545007
0.37030642505191835   245.56484966775062   347.75472371243006
0.3811621231401457   231.58066985323862   333.2121256729834
0.3923360608618501   217.60582336784034   319.23932110012004
0.4038375675538918   204.4615261672894   305.939940776512
0.41567624604680364   192.62848046164996   293.4192636482562
0.42786198068238046   181.78209966489555   281.53386521949767
0.4404049455663077   171.3323315093573   270.1458964142339
0.4533156130627191   161.0851383174979   259.2597947491252
0.4666047625377753   151.36200687374557   248.8822338220571
0.4802834893595659   142.39387715758582   239.03152870982385
0.49436321416184764   134.04500528524616   229.66822526863027
0.5088556923793517   126.05962095008131   220.71512721590187
0.5237730240626238   118.42136972849356   212.1640453663669
0.5391276639805903   111.25785037631421   204.03138953884744
0.5549324320192869   104.568279982517   196.28621740561715
0.5712005238854289   98.24180762277771   188.89620390904983
0.5879455221237613   92.23798990224108   181.84052186558745
0.6051814074573895   86.592796735581   175.1156353362889
0.622922570460556   81.29536389349036   168.70232385589637
0.6411838235736077   76.30463403903812   162.5808105457174
0.6599804134701901   71.60040966391243   156.7354955735327
0.6793280337869897   67.16859077291066   151.15175458919555
0.6992428382266549   62.9955369132566   145.8158304919157
0.7197414540448374   59.06807555816429   140.71477699289008
0.7408409959326054   55.373507777263406   135.83640615438645
0.7625590803058332   51.89961109772079   131.16923960265535
0.7849138400134885   48.634636336378385   126.70245645935013
0.8079239394770964   45.56705356486056   122.42535343916569
0.8316085902740278   42.685460519608675   118.32704732461931
0.8559875671776167   39.97904204831734   114.39729430322681
0.8810812246675007   37.437584813849135   110.62652669291367
0.9069105139239728   35.05144530931171   107.00580429932546
0.9334970003205227   32.811519494783006   103.52676970134458
0.960862881429187   30.709213977240335   100.18160712001732
0.9890310055537336   28.736421051482306   96.96298806631282
1.0180248908061487   26.885540846690994   93.86369055490876
1.047868744742366   25.14944009909345   90.87662618827194
1.0785874845736239   23.521372901769457   87.99518754830889
1.1102067579703248   21.994959928991985   85.21322965510929
1.1427529644757777   20.564170845356927   82.52503765498372
1.1762532775476793   19.223307380315354   79.92529718307377
1.210735667245765   17.966987056925518   77.40906714913022
1.246228923584555   16.790126230718517   74.9717372028738
1.2827626805706884   15.687914126515551   72.60885206321824
1.3203674409449337   14.655807485354602   70.31618698617237
1.3590746016495152   13.689524818150707   68.08983485317788
1.3989164800420282   12.785032507601395   65.92618695335663
1.4399263408778291   11.93853147431174   63.82191401796913
1.4821384240834183   11.14644448595137   61.77394867894375
1.525587973344019   10.405404083784754   59.77946920468567
1.5703112655292182   9.712241140966396   57.835915360369945
1.6163456409812174   9.063974093887476   55.94109765718488
1.6637295346910133   8.457798388262459   54.09305551118526
1.7125025083885144   7.891076565706956   52.289989256886486
1.7627052835733923   7.361328926167985   50.53025024495944
1.814379775514258   6.866224666100068   48.812331489175236
1.8675691282445197   6.403573471489297   47.134858776259115
1.922317750584177   5.971317544819919   45.496582276233056
1.9786713532176083   5.567523372016262   43.89645090175091
2.0366769868582977   5.190373603810053   42.3337396217624
2.0963830815323896   4.838162250514888   40.8078197906049
2.1578394870138577   4.50928853730595   39.318109188376816
2.2210975144450407   4.202250717553628   37.86406792662329
2.286209979177315   3.9156402276739843   36.44519449288842
2.3532312448676476   3.648136166250544   35.06102193072429
2.4222172688678643   3.398500100650829   33.71111764284578
2.4932256489445366   3.165572397402309   32.395308970406795
2.5663156713684585   2.94826789503601   31.113775721727595
2.641548360413907   2.745569271852155   29.8666570497728
2.7189865293089923   2.556522842004168   28.65401696585054
2.798694832679631   2.380234789570791   27.475848003164394
2.8807398205309562   2.215867608311275   26.332074923069925
2.9651899938111903   2.0626367372194685   25.22255844658042
3.05211586160442   1.919807157328866   24.14709121491722
3.1415899999999994   1.786686215911752   23.105252037844185
