0.01   9834.8003995365   9834.05659429662
0.010293154462191829   9934.743945806596   9933.953167900412
0.010594902878253955   10030.151894284607   10029.31082937439
0.010905497183778876   10120.688158365821   10119.793135347541
0.011225196699963396   10206.009667828303   10205.05641950943
0.011554268350120923   10285.774373884136   10284.758031680514
0.011892986882540897   10359.631172734762   10358.54628205681
0.012241635099881474   10427.211246286046   10426.051798815402
0.012600504095286909   10488.148507643016   10486.907957722906
0.012969893495426888   10542.080744643841   10540.752029920597
0.013350111710660605   10588.634863084064   10587.210439020428
0.013741476192534558   10627.440377927362   10625.91225343177
0.014144313698828986   10658.139049080813   10656.49880887851
0.01455896056637426   10680.37261108749   10678.610866404522
0.014985762991865008   10693.780910385569   10691.88658919405
0.01542507732090645   10698.02237944433   10695.982737334014
0.015877270345534218   10692.773688058189   10690.574463725236
0.016342719610456153   10677.718168296415   10675.34401166132
0.016821813728271667   10652.56236676286   10649.997044761425
0.017314952703931925   10617.043692294612   10614.270172148339
0.017822548268711737   10570.927431733071   10567.927084396884
0.01834502422397195   10514.010317336477   10510.76226017346
0.018882816794999403   10446.12868870519   10442.60999019738
0.019436374995219892   10367.16517594729   10363.351571861096
0.02000616100108813   10277.05823138726   10272.925693435323
0.020592650537967844   10175.794641608123   10171.319862448812
0.021196333277324068   10063.412719451704   10058.573460865957
0.02181771324555934   9940.039093016912   9934.815473838917
0.022457309244835088   9805.872776753846   9800.248101429857
0.02311565528622961   9661.160536913829   9655.121445078645
0.023793301035594242   9506.241000416167   9499.778836879545
0.024490812272480036   9341.583279675428   9334.696523176002
0.025208771362518027   9167.701324874022   9160.395600961303
0.0259477777436476   8985.162009843496   8977.450221559722
0.02670844842659881   8794.70939192423   8786.61464434189
0.027491418510046592   8597.161027572658   8588.71719333279
0.028297341710866907   8393.33713010985   8384.587786805845
0.029126890909937666   8184.198762169365   8175.196995489839
0.029980758713939952   7970.877375086281   7961.685721056532
0.030859658033628758   7754.465850212398   7745.154864515
0.031764322679055976   7536.055078629505   7526.701879159242
0.03269550797224261   7316.9257787026645   7307.612805014952
0.033653991377811755   7098.329356140493   7089.142985490849
0.03464057315210884   6881.41748181198   6872.446331826221
0.03565607701135116   6667.50877506038   6658.834953073535
0.036701350819364466   6458.036974203254   6449.7289843403405
0.03777726729548091   6254.271463793851   6246.385019587983
0.038884724743189276   6057.263529051476   6049.841333450559
0.04002464780014597   5867.758671473604   5860.827474934025
0.041197988210172884   5686.358617968275   5679.930306237726
0.04240572561788674   5513.612495350299   5507.682754052777
0.04364886838662332   5350.523678027536   5345.035340900383
0.04492845444033957   5198.312668606986   5193.136689593474
0.04624555213019635   5058.032678163548   5052.976065437718
0.04760126112654554   4929.710967256269   4924.53901689213
0.04899671333706607   4812.065323509173   4806.5278514294805
0.05043307385181555   4703.833211974441   4697.666643190514
0.05191154191598653   4603.859544555827   4596.783829968312
0.053433351931179485   4511.077671700238   4502.791966861674
0.05499977448602865   4424.479356219115   4414.664218683496
0.05661211741704101   4342.674894101151   4331.019871704649
0.05827172690053434   4263.998672699894   4250.224625938008
0.05997998857658587   4186.739325646271   4170.614226579504
0.06173832870592997   4108.72138435694   4090.118059884359
0.0635482153607709   4027.763467280808   4006.6763293058802
0.06541115965050462   3941.4923580961663   3918.092108779202
0.06732871698337338   3847.50895868893   3822.1768633550328
0.06930248836510605   3743.8911421168405   3717.2572460552374
0.07133412173562886   3629.293222658924   3602.2762524697414
0.07342531334496233   3503.149946488723   3476.8866538258603
0.07557780916945323   3365.9295443577366   3341.6735190212244
0.07779340636952398   3218.9660273061695   3198.0415163719554
0.08007395479015682   3064.609269696279   3048.374175963328
0.08242135850536496   2905.7160521099017   2895.430793594879
0.08483757740794096   2745.516466245824   2742.2250059167127
0.08732462884580919   2587.4703062266444   2591.944212869166
0.08988458930634863   2435.0475247848294   2447.720239287408
0.09251959615009227   2291.930612904667   2312.6868306410433
0.09523184939525078   2161.252850404646   2189.4700512672703
0.09802361355455057   2045.7180851664757   2080.2553125632426
0.10089721952591899   1947.0741879389514   1986.3522434101128
0.10385506653859616   1865.5342647664058   1907.5401091678755
0.10689962415629803   1800.067766149191   1842.6008587927836
0.11003343433910281   1748.0743582535338   1789.0927094694691
0.11325911356578279   1705.9443993452762   1743.7179876726225
0.11657935501835284   1669.3361247698147   1702.636003945617
0.11999693083066039   1633.4787198589127   1661.9762448104852
0.12351469440289359   1593.7774281794148   1618.1145851347676
0.12713558278394044   1546.2673497203386   1568.017011886925
0.13086261912358757   1488.4503144214948   1510.1150880412295
0.13469891519660646   1419.6775281005305   1444.2208673124323
0.13864767400083483   1341.2660630387284   1371.660671516992
0.14271219243142114   1256.3600214498913   1295.3737293905592
0.14689586403346616   1169.651051367981   1218.8407859773797
0.1512021818353596   1086.7492475856181   1146.1663997355527
0.15563474126517718   1012.9818825403804   1081.1254007303207
0.16019724315257297   951.9202240792048   1025.8249077999017
0.1648934968186736   904.4028509428688   980.4519645961657
0.1697274232565544   868.8256890794498   943.6209205997885
0.17470305840495237   842.0032135369554   912.4935025208997
0.17982455651794954   819.505218539832   884.2234847240179
0.18509619363343993   795.9766787997019   855.3805531169024
0.19052237114327647   766.6566323596062   823.1839093349352
0.19610761946807834   729.4788311201754   786.6149537796535
0.20185660183976684   685.6530107212853   746.9827989347951
0.20777411819498756   638.6425782112805   706.485563007445
0.21386510918267082   592.9544877996948   667.7128241019238
0.22013466028907505   553.0181419852701   633.0998167944491
0.22658800608375756   521.3028075441159   603.3387903978308
0.23323053459001789   497.49832966298857   578.2358398344561
0.2400677917834628   478.9420986378434   555.9969176293878
0.24710548622244882   461.4948425030524   534.547918456068
0.25434949381426813   441.38692773294093   512.3248270729557
0.2618058627210567   417.2946738098793   488.928820162394
0.2694808184095226   390.4887557529435   465.06365119378796
0.27738076884870827   363.8395815346795   442.0104502785373
0.2855123098601282   340.4700616659968   421.02160946502534
0.29388223062474755   321.742852865299   402.24816882822654
0.3024975193514008   306.6419983725542   385.2908494661815
0.31136536911138296   292.80554857282993   369.12692455653615
0.3204931838440838   277.94624051312354   353.1393963510761
0.32988858453867975   261.46210780322934   337.17716818720925
0.3395594155970457   244.65590555109367   321.68417400934743
0.34951375138319807   229.29982502025112   307.15625726603866
0.3597599029647371   216.30010625805653   293.8103999184218
0.37030642505191835   205.07641026945842   281.2609157445667
0.3811621231401457   194.23903954031707   269.2300134460127
0.3923360608618501   182.96968943017686   257.5929685723227
0.4038375675538918   171.62684952859058   246.34611675625635
0.41567624604680364   161.0994454420524   235.71860094269707
0.42786198068238046   151.80184997032816   225.75898041310188
0.4404049455663077   143.31554445265965   216.3098519311525
0.4533156130627191   135.01248934757155   207.25515712772767
0.4666047625377753   126.80129983033004   198.5771149801149
0.4802834893595659   119.0519499620395   190.3201666298564
0.49436321416184764   111.98891809378132   182.51941762495366
0.5088556923793517   105.41935004011803   175.1086642560825
0.5237730240626238   99.08596889086763   168.0164905729511
0.5391276639805903   93.0161669033465   161.25722902851493
0.5549324320192869   87.35744365626061   154.8369559003664
0.5712005238854289   82.09150920301124   148.73848623547386
0.5879455221237613   77.0940698458213   142.92183737152052
0.6051814074573895   72.34584122034784   137.37211961761227
0.622922570460556   67.89367079257885   132.09081405765852
0.6411838235736077   63.73100356685283   127.07929061124932
0.6599804134701901   59.80400434520261   122.29751084693471
0.6793280337869897   56.099909969886546   117.73284894596297
0.6992428382266549   52.609015393232085   113.37537593344318
0.7197414540448374   49.32169686211399   109.2156134948343
0.7408409959326054   46.2284559933815   105.2445156214939
0.7625590803058332   43.319958012965564   101.45345083405752
0.7849138400134885   40.587064531100566   97.83418498235575
0.8079239394770964   38.020749324095306   94.37868035089258
0.8316085902740278   35.61144719536913   91.07790802958478
0.8559875671776167   33.34973245880513   87.92277818246649
0.8810812246675007   31.226743582432988   84.90480767167985
0.9069105139239728   29.23415084250987   82.01607881008309
0.9334970003205227   27.364123726204934   79.24919786865848
0.960862881429187   25.609300409849567   76.59725696739368
0.9890310055537336   23.962759174466353   74.05379905112927
1.0180248908061487   22.41802092356987   71.61272714676834
1.047868744742366   20.969113386304155   69.26808024266984
1.0785874845736239   19.610423857197837   67.0142273109744
1.1102067579703248   18.33664054186156   64.8459201734099
1.1427529644757777   17.14273867041521   62.75826597423971
1.1762532775476793   16.02396707531707   60.746701920185274
1.210735667245765   14.975835229607497   58.80697208776288
1.246228923584555   13.994100732686283   56.93510599199255
1.2827626805706884   13.074749278872822   55.127309640656954
1.3203674409449337   12.213972331130284   53.37980671698733
1.3590746016495152   11.408178595912752   51.689052759408796
1.3989164800420282   10.653986387281243   50.05176213613534
1.4399263408778291   9.948212169667174   48.46489057162828
1.4821384240834183   9.287859671152631   46.92561909709252
1.525587973344019   8.670109542792225   45.43133928487851
1.5703112655292182   8.092309551888558   43.979639928129075
1.6163456409812174   7.551966155454533   42.56831750790861
1.6637295346910133   7.046735981371097   41.19537751181767
1.7125025083885144   6.574415753090881   39.858983235891515
1.7627052835733923   6.132934263781981   38.55744196035302
1.814379775514258   5.720344933578028   37.28919609519223
1.8675691282445197   5.334818750778234   36.052814889564594
1.922317750584177   4.9746375798026055   34.846986647004655
1.9786713532176083   4.6381877754574035   33.67051430409162
2.0366769868582977   4.323953082639511   32.52238418705338
2.0963830815323896   4.030509214253717   31.40175445084117
2.1578394870138577   3.7565198689028914   30.307857105721066
2.2210975144450407   3.5007316083160935   29.2399885057888
2.286209979177315   3.2619689468830386   28.197504949698413
2.3532312448676476   3.039129715400868   27.179818453216708
2.4222172688678643   2.8311806849317067   26.18639268018033
2.4932256489445366   2.6371535541928712   25.216759351272636
2.5663156713684585   2.456142367298203   24.270753950257323
2.641548360413907   2.287298954817265   23.348390317858836
2.7189865293089923   2.129828318901353   22.449654765855783
2.798694832679631   1.982985450782876   21.5745027112224
2.8807398205309562   1.8460723480389682   20.722859749975616
2.9651899938111903   1.718435196991768   19.89462276484959
3.05211586160442   1.5994617121086476   19.08966106278594
3.1415899999999994   1.488578012504176   18.307794978754774
