0.01   8515.386825198517   8514.727262507891
0.010293154462191829   8610.943111215242   8610.242770869363
0.010594902878253955   8702.941871861933   8702.197143406105
0.010905497183778876   8791.098570362185   8790.305160139766
0.011225196699963396   8875.116499970169   8874.269693506842
0.011554268350120923   8954.691732447434   8953.786563828538
0.011892986882540897   9029.520549071833   9028.551815296874
0.012241635099881474   9099.291247845471   9098.25354075569
0.012600504095286909   9163.676365072477   9162.56412278096
0.012969893495426888   9222.349989999306   9221.157522786194
0.013350111710660605   9274.989069958747   9273.71048176413
0.013741476192534558   9321.26120875026   9319.889707575412
0.014144313698828986   9360.835497832268   9359.363110919325
0.01455896056637426   9393.390870423615   9391.808468804951
0.014985762991865008   9418.60580415225   9416.903273609725
0.01542507732090645   9436.1559306041   9434.322404115796
0.015877270345534218   9445.732002356297   9443.755934674644
0.016342719610456153   9447.040348257882   9444.909381906238
0.016821813728271667   9439.794028921384   9437.494126777332
0.017314952703931925   9423.725569874181   9421.240845464463
0.017822548268711737   9398.593425707839   9395.906278949964
0.01834502422397195   9364.179953358447   9361.271367638403
0.018882816794999403   9320.294165239702   9317.144019866802
0.019436374995219892   9266.778557930764   9263.365829507591
0.02000616100108813   9203.515383714303   9199.818483260115
0.020592650537967844   9130.436647156324   9126.434025779692
0.021196333277324068   9047.516088406468   9043.186541155403
0.02181771324555934   8954.771230295124   8950.094213232916
0.022457309244835088   8852.296846368727   8847.25369163948
0.02311565528622961   8740.252578430212   8734.827332933719
0.023793301035594242   8618.839036629264   8613.018614662657
0.024490812272480036   8488.334693388111   8482.110148310985
0.025208771362518027   8349.135171124502   8342.504151101753
0.0259477777436476   8201.676493574263   8194.643327548942
0.02670844842659881   8046.438731733711   8039.014433506198
0.027491418510046592   7884.056638990689   7876.260957723554
0.028297341710866907   7715.235549779165   7707.097410651969
0.029126890909937666   7540.683182324136   7532.239827664604
0.029980758713939952   7361.22388278346   7352.520722883233
0.030859658033628758   7177.8400648711095   7168.930746831379
0.031764322679055976   6991.485116764875   6982.430360524389
0.03269550797224261   6803.106418978691   6793.972735913104
0.033653991377811755   6613.816350930645   6604.674681406152
0.03464057315210884   6424.71281872721   6415.63730975806
0.03565607701135116   6236.807423611893   6227.874096853631
0.036701350819364466   6051.242578550257   6042.521870620356
0.03777726729548091   5869.27520328708   5860.825162357496
0.038884724743189276   5692.027563253007   5683.894486780254
0.04002464780014597   5520.4383841498275   5512.656898298437
0.041197988210172884   5355.168954768284   5347.759790962341
0.04240572561788674   5196.752490256079   5189.723311749686
0.04364886838662332   5045.671602844922   5039.016231548024
0.04492845444033957   4902.774620673989   4896.441332688347
0.04624555213019635   4769.124116169117   4762.996026316005
0.04760126112654554   4645.651374795885   4639.552905683266
0.04899671333706607   4532.440056634964   4526.157318883723
0.05043307385181555   4428.345977906676   4421.654112280637
0.05191154191598653   4332.216841727264   4324.882395351242
0.053433351931179485   4243.00122516431   4234.779992046121
0.05499977448602865   4159.734814629694   4150.368518673207
0.05661211741704101   4081.510136783104   4070.7279577900636
0.05827172690053434   4007.111540099055   3994.652906172419
0.05997998857658587   3935.0616954182497   3920.697128799233
0.06173832870592997   3863.8574672049504   3847.401666172245
0.0635482153607709   3791.5911872820243   3772.956532481687
0.06541115965050462   3716.340498947773   3695.5535883961593
0.06732871698337338   3636.052852263482   3613.307689078247
0.06930248836510605   3548.651800628321   3524.346824103257
0.07133412173562886   3452.498741511815   3427.246170626576
0.07342531334496233   3346.5126026033768   3321.1486312183024
0.07557780916945323   3230.288689795003   3205.8319101040925
0.07779340636952398   3104.3818158874674   3081.9771859562547
0.08007395479015682   2970.0729210061363   2950.9316962822804
0.08242135850536496   2829.5611306883393   2814.8976115924324
0.08483757740794096   2685.4447369152685   2676.3659470655357
0.08732462884580919   2540.641094975604   2538.041613813591
0.08988458930634863   2398.2230687309307   2402.7354983619857
0.09251959615009227   2261.251935382961   2273.198563004253
0.09523184939525078   2132.9351164657505   2152.156830990216
0.09802361355455057   2016.007988527829   2041.898962322435
0.10089721952591899   1912.7497308034594   1944.2583985323854
0.10385506653859616   1824.6088500659614   1860.289972777675
0.10689962415629803   1751.6033195033674   1789.5815047040387
0.11003343433910281   1692.6482670307346   1730.8874782514495
0.11325911356578279   1645.2392867585625   1681.9564013821744
0.11657935501835284   1606.0073761750273   1639.771960110707
0.11999693083066039   1570.9750079656328   1600.8365319237948
0.12351469440289359   1535.872278362994   1561.6690437031677
0.12713558278394044   1496.6841034498796   1519.1383584874334
0.13086261912358757   1450.0714378608682   1470.7668055517163
0.13469891519660646   1394.096470549669   1415.3186485994693
0.13864767400083483   1328.520806369918   1352.9673640289957
0.14271219243142114   1254.8395796056618   1285.1840500618216
0.14689586403346616   1176.0965871687706   1214.4639666367843
0.1512021818353596   1096.5983985078046   1144.2313669987018
0.15563474126517718   1021.3379809138248   1078.202606648137
0.16019724315257297   954.9062271130987   1019.3231606889409
0.1648934968186736   900.1950753947153   969.2761768026219
0.1697274232565544   857.591688857668   928.2947228682293
0.17470305840495237   825.3089400897734   894.3227467364877
0.17982455651794954   800.2275842951266   865.2675203124252
0.18509619363343993   778.246232103113   838.2803374824406
0.19052237114327647   754.6163650595356   810.3164016411012
0.19610761946807834   725.3578021346308   779.0493765925314
0.20185660183976684   689.0899227740338   744.0960214158428
0.20777411819498756   647.3637189727964   706.6685722038069
0.21386510918267082   603.5478097901006   668.9571018607348
0.22013466028907505   561.6944184791166   633.297582174394
0.22658800608375756   525.5414576253961   601.4602387669817
0.23323053459001789   496.90904637326815   574.1985161308718
0.2400677917834628   475.10493501741166   550.9497399153211
0.24710548622244882   457.45353202553537   529.8597899843331
0.25434949381426813   440.20539977234625   509.24878222233633
0.2618058627210567   420.2420653291013   488.0023533261814
0.2694808184095226   396.82353562641873   465.6575557506479
0.27738076884870827   371.43713433022776   443.1748723077399
0.2855123098601282   346.751164220409   421.6447943022211
0.29388223062474755   325.37384218034185   402.19152117901933
0.3024975193514008   308.1589054337396   384.60912421214283
0.31136536911138296   293.8979294920806   368.57617729179645
0.3204931838440838   280.40968716650826   353.2048707401794
0.32988858453867975   265.8483745030427   337.95511514307475
0.3395594155970457   249.99461045888071   322.7877156097564
0.34951375138319807   234.18993071015908   308.1704956131623
0.3597599029647371   219.93262491243306   294.5167979798538
0.37030642505191835   207.7964239007222   281.8709851953139
0.3811621231401457   197.0769435469624   269.9688489230684
0.3923360608618501   186.55458467762259   258.55477465558914
0.4038375675538918   175.68182705076495   247.45711947662147
0.41567624604680364   164.91832479196586   236.7934097408896
0.42786198068238046   155.02302957560588   226.7290571805841
0.4404049455663077   146.22280392068626   217.26824848854432
0.4533156130627191   138.06821873001866   208.26374181419533
0.4666047625377753   130.05728139261302   199.6236920501899
0.4802834893595659   122.20728571462458   191.36176417452296
0.49436321416184764   114.85214583728428   183.50528065466702
0.5088556923793517   108.12100801555859   176.07592803561974
0.5237730240626238   101.80546115904018   168.99854302416054
0.5391276639805903   95.7149989074078   162.2289218850722
0.5549324320192869   89.90973139877512   155.78239587964265
0.5712005238854289   84.5006951216016   149.65511657581553
0.5879455221237613   79.44279687503672   143.82639826912913
0.6051814074573895   74.63471843211606   138.26230625520222
0.622922570460556   70.07673212356075   132.95209708166084
0.6411838235736077   65.80446970099727   127.90121529786343
0.6599804134701901   61.80287607873315   123.10312826425009
0.6793280337869897   58.02312014598216   118.52047683573069
0.6992428382266549   54.45579907925982   114.14332867720881
0.7197414540448374   51.09194377983295   109.96250749467323
0.7408409959326054   47.922616388679586   105.96923739470746
0.7625590803058332   44.938957308896214   102.15512790355668
0.7849138400134885   42.13222632521935   98.51215934848021
0.8079239394770964   39.49383817228885   95.03266861263236
0.8316085902740278   37.01515812734003   91.70895558190462
0.8559875671776167   34.68691838908685   88.53219758150144
0.8810812246675007   32.500143654212266   85.49376847871618
0.9069105139239728   30.446396936734015   82.58562140187233
0.9334970003205227   28.517746338501883   79.80024594318076
0.960862881429187   26.7067339649803   77.1306288802338
0.9890310055537336   25.006346840922852   74.57021810333157
1.0180248908061487   23.40998980686208   72.11288927184276
1.047868744742366   21.911513032560467   69.7528240839482
1.0785874845736239   20.50525109048353   67.48435477157311
1.1102067579703248   19.185859153189163   65.30216183336604
1.1427529644757777   17.94827449752095   63.20128700912715
1.1762532775476793   16.7877038570638   61.17710752252523
1.210735667245765   15.699611161559314   59.22531244053265
1.246228923584555   14.679705666728685   57.34188095732912
1.2827626805706884   13.723930302016905   55.523060742844855
1.3203674409449337   12.828438046457544   53.76522358623694
1.3590746016495152   11.98957702594829   52.064781723579756
1.3989164800420282   11.20390343992028   50.418388483998434
1.4399263408778291   10.468172655743649   48.822943029814475
1.4821384240834183   9.779328435768399   47.275573953489435
1.525587973344019   9.134492694044964   45.77362419579833
1.5703112655292182   8.53095576038865   44.314637154397616
1.6163456409812174   7.9661671841674835   42.89634517250819
1.6637295346910133   7.437728351066255   41.51669312376832
1.7125025083885144   6.943383838935354   40.173826234214225
1.7627052835733923   6.481011674291268   38.86603653694781
1.814379775514258   6.048615846875121   37.59175159487534
1.8675691282445197   5.644319298705021   36.34952619983836
1.922317750584177   5.266357268539054   35.13803458070361
1.9786713532176083   4.9130709762889015   33.95606306777584
2.0366769868582977   4.58290152555403   32.80251035690218
2.0963830815323896   4.27438289987957   31.676474447035012
2.1578394870138577   3.9861373946922   30.57720513992178
2.2210975144450407   3.7168717351973193   29.50401584338581
2.286209979177315   3.465372169861145   28.456277298415326
2.3532312448676476   3.2304998034253134   27.43341352800947
2.4222172688678643   3.011186187494671   26.434897936696675
2.4932256489445366   2.8064291556535688   25.460249550160977
2.5663156713684585   2.6152891029119396   24.50906466130955
2.641548360413907   2.43688667355845   23.58125939440661
2.7189865293089923   2.270397921494796   22.67687442593719
2.798694832679631   2.1150500987125165   21.795915800814026
2.8807398205309562   1.970118639494125   20.93835505202831
2.9651899938111903   1.8349243150598897   20.104130530740715
3.05211586160442   1.7088305435851818   19.2931487686304
3.1415899999999994   1.5912408480935152   18.505285867328322
