0.01   17315.44858892389   17305.62780744065
0.010293154462191829   17519.905204254723   17509.15661792913
0.010594902878253955   17718.66686460041   17706.907614922697
0.010905497183778876   17911.230231281417   17898.369823992518
0.011225196699963396   18097.08345892531   18083.023418031953
0.011554268350120923   18275.708669594922   18260.342469426818
0.011892986882540897   18446.56483767531   18429.77718132861
0.012241635099881474   18609.098038443823   18590.76452198211
0.012600504095286909   18762.75420079976   18742.741452045833
0.012969893495426888   18906.967634079985   18885.132788634706
0.013350111710660605   19041.152525433055   19017.342208849164
0.013741476192534558   19164.72629556496   19138.77683677316
0.014144313698828986   19277.110257369106   19248.847748425844
0.01455896056637426   19377.71009602991   19346.948582678815
0.014985762991865008   19465.934466885814   19432.47567065028
0.01542507732090645   19541.20750024998   19504.841489030885
0.015877270345534218   19602.957534522742   19563.461310012382
0.016342719610456153   19650.61687857761   19607.752585738686
0.016821813728271667   19683.642244132785   19637.158176205157
0.017314952703931925   19701.51564315179   19651.147108393274
0.017822548268711737   19703.73610036971   19649.204920641176
0.01834502422397195   19689.834963266363   19630.850725734377
0.018882816794999403   19659.384047420193   19595.64606785617
0.019436374995219892   19612.00521887636   19543.203983605476
0.02000616100108813   19547.373065052085   19473.19198936342
0.020592650537967844   19465.213026046866   19385.331075043032
0.021196333277324068   19365.318408901425   19279.41352384805
0.02181771324555934   19247.578043891717   19155.33174773166
0.022457309244835088   19111.945545122886   19013.046240821834
0.02311565528622961   18958.44212826921   18852.588909300626
0.023793301035594242   18787.23366894244   18674.147032932087
0.024490812272480036   18598.595763900597   18478.024880614557
0.025208771362518027   18392.862361148866   18264.587488959292
0.0259477777436476   18170.500727439725   18034.341105465428
0.02670844842659881   17932.176449795294   17788.00267020382
0.027491418510046592   17678.612552982828   17526.348007030043
0.028297341710866907   17410.605412015324   17250.227537883995
0.029126890909937666   17129.236224400618   16960.785936548644
0.029980758713939952   16835.70169400997   16659.28501489564
0.030859658033628758   16531.197749026596   16346.98244336166
0.031764322679055976   16217.070779059524   16025.292829038264
0.03269550797224261   15894.852810205262   15695.824596065531
0.033653991377811755   15566.036811370928   15360.140326181523
0.03464057315210884   15232.176817022168   15019.850367922612
0.03565607701135116   14895.30948797881   14677.015344318192
0.036701350819364466   14557.498602414045   14333.708815122709
0.03777726729548091   14220.64132434374   13991.832757180693
0.038884724743189276   13886.143880879563   13652.823742641924
0.04002464780014597   13554.975808155932   13317.70399247209
0.041197988210172884   13228.012093662775   12987.393309742762
0.04240572561788674   12906.52360879683   12663.14001077536
0.04364886838662332   12593.119446747702   12347.345447324486
0.04492845444033957   12290.430809634516   12042.40985572411
0.04624555213019635   12000.700679428557   11750.364154831539
0.04760126112654554   11724.441404692467   11471.581113192562
0.04899671333706607   11461.095281866284   11205.413707055806
0.05043307385181555   11210.10855770943   10951.227650603327
0.05191154191598653   10970.565905939338   10708.060288364251
0.053433351931179485   10741.038962930148   10474.480273106019
0.05499977448602865   10520.151611612364   10249.115805352852
0.05661211741704101   10306.305117288564   10030.424873535207
0.05827172690053434   10097.531698734974   9816.571807479604
0.05997998857658587   9891.950559259476   9605.817356729745
0.06173832870592997   9687.477905650405   9396.321420261222
0.0635482153607709   9481.913106004095   9186.203512296815
0.06541115965050462   9273.061204114601   8973.641392639796
0.06732871698337338   9058.235142800924   8756.560967658957
0.06930248836510605   8834.85977329938   8533.026436921988
0.07133412173562886   8600.52921761323   8301.413510407645
0.07342531334496233   8353.112416579594   8060.420473972401
0.07557780916945323   8091.447530050883   7809.593764034414
0.07779340636952398   7815.494987739751   7549.460432233239
0.08007395479015682   7526.48302259653   7281.46685248685
0.08242135850536496   7227.370485528848   7008.342182849392
0.08483757740794096   6921.943968770314   6733.330462151785
0.08732462884580919   6614.964532505818   6460.305914294738
0.08988458930634863   6311.298766187011   6192.942013364811
0.09251959615009227   6015.788911100176   5934.628824461222
0.09523184939525078   5732.962751264399   5688.338558365943
0.09802361355455057   5466.887907929921   5456.583012945581
0.10089721952591899   5221.215812281937   5241.349335062536
0.10385506653859616   4998.711643116479   5043.940499667375
0.10689962415629803   4800.60692108411   4864.222627572166
0.11003343433910281   4626.665479073931   4701.205815637319
0.11325911356578279   4473.869128489665   4552.477044647982
0.11657935501835284   4337.616525679365   4414.727355954727
0.11999693083066039   4211.454570330562   4283.5916336686405
0.12351469440289359   4088.6043798686724   4154.96542734032
0.12713558278394044   3962.559338443394   4025.3429133401655
0.13086261912358757   3828.062976277282   3892.4364624583827
0.13469891519660646   3681.764101588268   3755.136612206764
0.13864767400083483   3522.6645187808717   3613.58715203486
0.14271219243142114   3352.6763229753233   3469.39097294643
0.14689586403346616   3176.050220301142   3325.185905700219
0.1512021818353596   2998.6016460939854   3184.025571094414
0.15563474126517718   2826.824137176824   3048.7471141766528
0.16019724315257297   2667.1829263159325   2922.0334735412803
0.1648934968186736   2525.113666672242   2805.267080256498
0.1697274232565544   2403.4669737036797   2698.9158662510745
0.17470305840495237   2301.127645068941   2602.0085686208477
0.17982455651794954   2213.093582543875   2511.4161706810646
0.18509619363343993   2132.561152402058   2424.892093245463
0.19052237114327647   2053.0663484041247   2340.1452199242162
0.19610761946807834   1969.1859466571873   2255.8054168175327
0.20185660183976684   1877.3148444380083   2171.159309702448
0.20777411819498756   1777.5830614198521   2086.6437401277403
0.21386510918267082   1674.4925967891438   2004.4830997790755
0.22013466028907505   1574.426134196217   1925.612770357456
0.22658800608375756   1482.6871594934933   1851.2850451065817
0.23323053459001789   1402.4536795046133   1781.592756769738
0.2400677917834628   1334.0446091715014   1716.328883188343
0.24710548622244882   1274.4293395778489   1654.6999466518841
0.25434949381426813   1218.4383226879677   1595.3843556757315
0.2618058627210567   1161.4865928982776   1537.7583272859863
0.2694808184095226   1101.0498525011506   1481.626929215703
0.27738076884870827   1038.138624729036   1426.9042607651036
0.2855123098601282   976.5077214337205   1374.571610337258
0.29388223062474755   919.6504772874456   1324.995541565289
0.3024975193514008   869.3167577983698   1277.5609908816907
0.31136536911138296   824.9282463064269   1232.6336076389714
0.3204931838440838   783.6512287211344   1189.6769793402457
0.32988858453867975   742.7192839232129   1148.25867270891
0.3395594155970457   701.1887086227696   1108.3718218357176
0.34951375138319807   660.0615626283044   1070.0497565984736
0.3597599029647371   621.4134076840054   1033.3904792836083
0.37030642505191835   586.3713733538469   998.458166010985
0.3811621231401457   554.3637105454715   965.1096203255563
0.3923360608618501   524.0133236954977   933.2149755199995
0.4038375675538918   494.2668314909761   902.4988301418018
0.41567624604680364   465.2718726295888   872.9577901752032
0.42786198068238046   437.90192120858563   844.7205301708867
0.4404049455663077   412.5974755054467   817.7333076094818
0.4533156130627191   389.00785751833786   791.8755190508523
0.4666047625377753   366.4856079927561   767.0433992185419
0.4802834893595659   344.83999640756156   743.1951925649822
0.49436321416184764   324.31589288086695   720.2860108429223
0.5088556923793517   305.1331604107151   698.354438082957
0.5237730240626238   287.1140777725123   677.2940925763698
0.5391276639805903   270.00563721606125   657.0386275636769
0.5549324320192869   253.75858211697073   637.5435159085825
0.5712005238854289   238.46055636563247   618.7998853937391
0.5879455221237613   224.08391522489572   600.7724982459728
0.6051814074573895   210.5056948104152   583.397123762087
0.622922570460556   197.67033523434986   566.635872013348
0.6411838235736077   185.581159390094   550.4662149910256
0.6599804134701901   174.20380724362207   534.8635302901505
0.6793280337869897   163.4799861671376   519.7809051919346
0.6992428382266549   153.3792602802714   505.1829044050709
0.7197414540448374   143.8698061627165   491.054936882264
0.7408409959326054   134.919530607289   477.3673089127058
0.7625590803058332   126.49789145853943   464.09189202933413
0.7849138400134885   118.57584042357941   451.20256470770477
0.8079239394770964   111.12576270193752   438.67508347615205
0.8316085902740278   104.12141813128382   426.4869650763222
0.8559875671776167   97.53788388889205   414.6173783954732
0.8810812246675007   91.35150371806739   403.04687885545195
0.9069105139239728   85.53984083364287   391.7570400935201
0.9334970003205227   80.08161114840514   380.73080459689277
0.960862881429187   74.95663029063711   369.9524913989258
0.9890310055537336   70.14576501060704   359.40772069396525
1.0180248908061487   65.63088611970993   349.0833440143643
1.047868744742366   61.39482296189474   338.9673793175586
1.0785874845736239   57.42131885910273   329.04897691768406
1.1102067579703248   53.69497716624655   319.31893819182187
1.1427529644757777   50.20122408725955   309.7695787460991
1.1762532775476793   46.92628269652544   300.3940404723471
1.210735667245765   43.857134591403366   291.1862207486878
1.246228923584555   40.98148247861712   282.1407320952572
1.2827626805706884   38.28771428302943   273.252863155399
1.3203674409449337   35.76486874102989   264.51854078459746
1.3590746016495152   33.40260151290419   255.93466838839575
1.3989164800420282   31.191149777959275   247.50077124196528
1.4399263408778291   29.121306674791278   239.2173070464848
1.4821384240834183   27.18439432343352   231.08481403437762
1.525587973344019   25.37223595863775   223.10389416085778
1.5703112655292182   23.677129340161535   215.27519764989623
1.6163456409812174   22.091821398027957   207.59940785484795
1.6637295346910133   20.609484050899592   200.07723678979158
1.7125025083885144   19.22368938758186   192.71050490913248
1.7627052835733923   17.92838684263487   185.5028748249483
1.814379775514258   16.717886025166795   178.45773755028694
1.8675691282445197   15.586837100352621   171.57797608042603
1.922317750584177   14.53021173625266   164.86598222198305
1.9786713532176083   13.543285016752021   158.32367432690037
2.0366769868582977   12.621618279026363   151.95251580301323
2.0963830815323896   11.761042599593074   145.75359495034675
2.1578394870138577   10.957640848764001   139.728319182749
2.2210975144450407   10.20773482279894   133.87805994529066
2.286209979177315   9.507873527146236   128.20361462547203
2.3532312448676476   8.854819896125894   122.70523251143806
2.4222172688678643   8.245538195787567   117.3826519172638
2.4932256489445366   7.677182118894865   112.23513703787683
2.5663156713684585   7.147083537662448   107.26151433281099
2.641548360413907   6.652743271698199   102.4602611839594
2.7189865293089923   6.191824130073343   97.82966759814715
2.798694832679631   5.762136373709389   93.36768951313302
2.8807398205309562   5.361627719032268   89.07193567378259
2.9651899938111903   4.9883752098755005   84.9397040014425
3.05211586160442   4.640577529521541   80.96801651417518
3.1415899999999994   4.316547732268722   77.15365270807186
