0.01   23393.932276232732   23380.1405508844
0.010293154462191829   23625.664910604977   23610.605589456765
0.010594902878253955   23847.722693532658   23831.286794782918
0.010905497183778876   24059.41966743837   24041.486375882152
0.011225196699963396   24260.067552945704   24240.50435425367
0.011554268350120923   24448.95213423675   24427.616427923083
0.011892986882540897   24625.34322910534   24602.08363880551
0.012241635099881474   24788.516414053207   24763.173161081104
0.012600504095286909   24937.73901553523   24910.14251580471
0.012969893495426888   25072.2502761339   25042.217413536106
0.013350111710660605   25191.298604963824   25158.632678122445
0.013741476192534558   25294.1468052983   25258.63803761896
0.014144313698828986   25380.044771671863   25341.469802274976
0.01455896056637426   25448.250207299574   25406.372374622613
0.014985762991865008   25498.050520355282   25452.620943499314
0.01542507732090645   25528.747167672256   25479.503115974614
0.015877270345534218   25539.64669811139   25486.30823283037
0.016342719610456153   25530.096489038537   25472.367730750066
0.016821813728271667   25499.489475321498   25437.060084126846
0.017314952703931925   25447.251786761142   25379.796270182433
0.017822548268711737   25372.861117214044   25300.040280040655
0.01834502422397195   25275.859671381735   25197.323419712386
0.018882816794999403   25155.863490528496   25071.253599383264
0.019436374995219892   25012.567970245735   24921.521039556523
0.02000616100108813   24845.746902779174   24747.897912132255
0.020592650537967844   24655.26970329798   24550.2566111374
0.021196333277324068   24441.14748994975   24328.61850111744
0.02181771324555934   24203.492085077974   24083.110369916936
0.022457309244835088   23942.50816427654   23813.956265633857
0.02311565528622961   23658.59133259843   23521.58521184996
0.023793301035594242   23352.311759354456   23206.61285686714
0.024490812272480036   23024.3210046952   22869.738759231186
0.025208771362518027   22675.427339986625   22511.827014839793
0.0259477777436476   22306.74309468963   22134.064009128255
0.02670844842659881   21919.471282104383   21737.728708078226
0.027491418510046592   21514.879898454794   21324.16437171276
0.028297341710866907   21094.57623648972   20895.067256511138
0.029126890909937666   20660.365169622044   20452.33622619684
0.029980758713939952   20214.028468891585   19997.839746487785
0.030859658033628758   19757.52892300996   19533.624897214795
0.031764322679055976   19293.217127626933   19062.128471851876
0.03269550797224261   18823.382069973704   18585.715132818554
0.033653991377811755   18350.23797834569   18106.66203905948
0.03464057315210884   17876.300948283835   17627.530933761824
0.03565607701135116   17404.101223381753   17150.883172387046
0.036701350819364466   16935.958009592512   16679.0572501186
0.03777726729548091   16474.27482301279   16214.43193862349
0.038884724743189276   16021.66404100844   15759.537652942508
0.04002464780014597   15580.492109293435   15316.65462932376
0.041197988210172884   15152.773632605586   14887.70731330233
0.04240572561788674   14739.84888337011   14473.920224145364
0.04364886838662332   14342.73603758099   14076.19354444246
0.04492845444033957   13962.322367738063   13695.29969319092
0.04624555213019635   13599.786618114696   13332.164139929278
0.04760126112654554   13256.619520240236   12987.882839461034
0.04899671333706607   12934.15254706712   12663.417836183335
0.05043307385181555   12632.310955967394   12358.470906005046
0.05191154191598653   12347.870232024612   12069.90600420375
0.053433351931179485   12077.389779723733   11794.413850484792
0.05499977448602865   11817.843001824935   11529.092364346669
0.05661211741704101   11566.792781912683   11271.61857971928
0.05827172690053434   11322.032887385654   11019.901695841632
0.05997998857658587   11080.881593941704   10771.53105050906
0.06173832870592997   10839.98426196873   10523.628320762356
0.0635482153607709   10596.080081917113   10273.451202894043
0.06541115965050462   10345.2707185932   10017.951264003415
0.06732871698337338   10083.665876554935   9754.182064543771
0.06930248836510605   9807.714611659952   9479.683889275577
0.07133412173562886   9514.242562538398   9192.522140433188
0.07342531334496233   9201.368985647532   8891.872278078483
0.07557780916945323   8869.314826369242   8578.789419182922
0.07779340636952398   8519.620480327276   8255.183631464653
0.08007395479015682   8156.154788872043   7924.472845434086
0.08242135850536496   7783.72705028999   7590.6881614357635
0.08483757740794096   7408.66998292247   7259.069094784584
0.08732462884580919   7037.341776306976   6934.538070058456
0.08988458930634863   6676.108660457568   6621.4980780626365
0.09251959615009227   6331.014334481249   6323.92101038546
0.09523184939525078   6007.719195945098   6045.326715631745
0.09802361355455057   5711.3541936795655   5788.317317161096
0.10089721952591899   5446.0039507437405   5554.676585697929
0.10385506653859616   5213.3774772220695   5344.55614001811
0.10689962415629803   5013.387471609429   5156.941562388022
0.11003343433910281   4842.0371824833865   4988.275935784115
0.11325911356578279   4693.4684364565055   4834.065139708572
0.11657935501835284   4559.303028445032   4688.910571091236
0.11999693083066039   4430.77875046989   4547.597681455795
0.12351469440289359   4299.212521940496   4405.423224576801
0.12713558278394044   4157.296087233746   4259.173645528528
0.13086261912358757   3999.9118190057193   4107.052970760374
0.13469891519660646   3825.0648028503474   3948.83796303711
0.13864767400083483   3634.5390151893216   3786.189306492854
0.14271219243142114   3433.203923944509   3622.348408635239
0.14689586403346616   3228.2294182170613   3461.405287012258
0.1512021818353596   3028.1323992007488   3306.825448915885
0.15563474126517718   2841.9176898546807   3162.5688541422924
0.16019724315257297   2677.403491050467   3030.399978170643
0.1648934968186736   2538.928914185818   2910.4582212516234
0.1697274232565544   2425.4347374008216   2803.0148154534454
0.17470305840495237   2331.0310318871643   2702.946601984342
0.17982455651794954   2247.753414102859   2608.25643394399
0.18509619363343993   2167.4021351956612   2516.31113596661
0.19052237114327647   2082.081758871593   2425.095023623712
0.19610761946807834   1985.987686378684   2333.0928280642884
0.20185660183976684   1878.5711251732841   2240.5218342679
0.20777411819498756   1765.0576122480884   2149.8652244132913
0.21386510918267082   1653.0939478502066   2063.2847549325625
0.22013466028907505   1549.7785709490026   1981.3523697190287
0.22658800608375756   1460.0754179890291   1905.1052627440567
0.23323053459001789   1385.4091043799388   1833.9460621304809
0.2400677917834628   1322.4746279778972   1767.0026213818824
0.24710548622244882   1265.231311727638   1702.9984063345296
0.25434949381426813   1207.3520033184714   1641.0861639541065
0.2618058627210567   1144.7122214177045   1580.408012507045
0.2694808184095226   1077.9271587575859   1521.583104698874
0.27738076884870827   1011.2168934155151   1464.9612301026777
0.2855123098601282   949.0764616679777   1411.3676955364683
0.29388223062474755   894.5846669249006   1360.3082308486025
0.3024975193514008   847.6778517250414   1312.0527665175282
0.31136536911138296   805.0943257884979   1265.9287221037637
0.3204931838440838   763.2324694672217   1221.756775745846
0.32988858453867975   720.2287878266018   1179.1586570938568
0.3395594155970457   676.8636077911196   1138.0177870600967
0.34951375138319807   635.7429400054006   1098.7480267887536
0.3597599029647371   598.6099919808553   1061.5098683543615
0.37030642505191835   565.2521731425285   1025.9284934664738
0.3811621231401457   534.0712019465946   991.9250564791801
0.3923360608618501   503.49352683855125   959.2546688366712
0.4038375675538918   473.39076429465973   927.7841543255796
0.41567624604680364   444.7860499065406   897.7055048455416
0.42786198068238046   418.42848533645815   869.0015728642447
0.4404049455663077   394.1138264783831   841.5406062318995
0.4533156130627191   371.02872355872114   815.1949780174928
0.4666047625377753   348.77554406993596   789.8664518463821
0.4802834893595659   327.59068367853814   765.5391583404692
0.49436321416184764   307.8213006238544   742.2440020391165
0.5088556923793517   289.3597844699137   719.9199164177138
0.5237730240626238   271.8787961056989   698.4413886100738
0.5391276639805903   255.25445603061064   677.7548909610632
0.5549324320192869   239.59673066459354   657.8753490457038
0.5712005238854289   224.92445358376585   638.7610443371623
0.5879455221237613   211.1019272351293   620.339368002345
0.6051814074573895   198.03802578720982   602.5720286196118
0.622922570460556   185.73990675908095   585.4290435931297
0.6411838235736077   174.187368553912   568.8812482308563
0.6599804134701901   163.31503317956165   552.8879175293408
0.6793280337869897   153.0795717013273   537.4084408578968
0.6992428382266549   143.45557682122515   522.4218876901996
0.7197414540448374   134.40887321334998   507.89705082770473
0.7408409959326054   125.90678909270716   493.8045986106649
0.7625590803058332   117.91836758406524   480.1172908080116
0.7849138400134885   110.41428565292361   466.80984544653126
0.8079239394770964   103.36677628651339   453.85881697921366
0.8316085902740278   96.74955383212438   441.24248466947336
0.8559875671776167   90.53776437208435   428.94063213335266
0.8810812246675007   84.70801342891887   416.93389259105646
0.9069105139239728   79.23818836506184   405.2041802333533
0.9334970003205227   74.10734677285976   393.7348838300576
0.960862881429187   69.29566292910559   382.5107869936028
0.9890310055537336   64.78437613542961   371.5179938848976
1.0180248908061487   60.55574084528398   360.7438601230211
1.047868744742366   56.59297854776335   350.17692873222734
1.0785874845736239   52.88021857640088   339.80727714091154
1.1102067579703248   49.40243570503411   329.62712417489314
1.1427529644757777   46.14544412420605   319.6297119354312
1.1762532775476793   43.095861372433404   309.8090473876264
1.210735667245765   40.24106684146565   300.1598611198297
1.246228923584555   37.56916212950106   290.6775673377428
1.2827626805706884   35.06893318178243   281.35822488717736
1.3203674409449337   32.72981414836371   272.19853031713535
1.3590746016495152   30.541852493185797   263.1971710299386
1.3989164800420282   28.495676115020235   254.35511718348255
1.4399263408778291   26.582462713283295   245.67352381489027
1.4821384240834183   24.79390998248658   237.15355362514862
1.525587973344019   23.12220719408929   228.79636276707006
1.5703112655292182   21.560008163337635   220.60308700423863
1.6163456409812174   20.100405546104888   212.5748282772605
1.6637295346910133   18.736906157383572   204.71278819012892
1.7125025083885144   17.463404810030934   197.02003668636203
1.7627052835733923   16.274164216284113   189.50062263888614
1.814379775514258   15.163796716495712   182.158029486542
1.8675691282445197   14.127244267221492   174.99516107779752
1.922317750584177   13.159759425586728   168.0143635680935
1.9786713532176083   12.256887343732789   161.21744825276573
2.0366769868582977   11.414448726147535   154.6057151706427
2.0963830815323896   10.62852322856032   148.18012198313215
2.1578394870138577   9.895432202421604   141.9419563233509
2.2210975144450407   9.21172669794151   135.8921921060342
2.286209979177315   8.574174825971287   130.0311929626969
2.3532312448676476   7.979748718788849   124.35875343596456
2.4222172688678643   7.425612226186378   118.87414035540542
2.4932256489445366   6.909109310258828   113.57613368391851
2.5663156713684585   6.427753104613962   108.46306666684235
2.641548360413907   5.979217118038123   103.5328942918434
2.7189865293089923   5.561327489753929   98.7832742374375
2.798694832679631   5.172049507822181   94.21152504755723
2.8807398205309562   4.809478431364465   89.8146484370858
2.9651899938111903   4.471831615912599   85.58936540029109
3.05211586160442   4.157441081141312   81.5321507108669
3.1415899999999994   3.864746498895736   77.63926574573352
