0.01   1495.678406583945   1495.6339329756415
0.010293154462191829   1509.862314443315   1509.8173980469078
0.010594902878253955   1523.287306089469   1523.2421228630965
0.010905497183778876   1535.898912234616   1535.8535015843402
0.011225196699963396   1547.6428331516945   1547.5970924276564
0.011554268350120923   1558.463761334878   1558.4175245682384
0.011892986882540897   1568.3043425581095   1568.257533706231
0.012241635099881474   1577.1078032474813   1577.0604558214695
0.012600504095286909   1584.8178864094475   1584.7701306087438
0.012969893495426888   1591.3755006568565   1591.3274635979988
0.013350111710660605   1596.7215653262058   1596.6733296188902
0.013741476192534558   1600.7990341590285   1600.7506374137745
0.014144313698828986   1603.5509532273516   1603.5024092747806
0.01455896056637426   1604.9202095678638   1604.8715359856967
0.014985762991865008   1604.8528133200457   1604.8040332596586
0.01542507732090645   1603.2976268894404   1603.248754503422
0.015877270345534218   1600.2038419260061   1600.1548207231322
0.016342719610456153   1595.5243661149868   1595.475053553477
0.016821813728271667   1589.2172646712347   1589.1674374754919
0.017314952703931925   1581.244510196156   1581.1939293181322
0.017822548268711737   1571.5727448874766   1571.5212117048118
0.01834502422397195   1560.1753472835267   1560.1227062345774
0.018882816794999403   1547.033068126746   1546.9791775765334
0.019436374995219892   1532.134662724227   1532.0793146387189
0.02000616100108813   1515.4769791306273   1515.4198898442924
0.020592650537967844   1497.06567032435   1497.0064960337404
0.021196333277324068   1476.919631124139   1476.8580713783879
0.02181771324555934   1455.0690316541647   1455.004888273754
0.022457309244835088   1431.5525817331084   1431.4857570070665
0.02311565528622961   1406.4238662669054   1406.3543451934922
0.023793301035594242   1379.7561260072741   1379.6839466631798
0.024490812272480036   1351.6305083971101   1351.5557567555732
0.025208771362518027   1322.1377384128812   1322.0605660947128
0.0259477777436476   1291.396177833934   1291.3169285513204
0.02670844842659881   1259.5355542974744   1259.4547968965067
0.027491418510046592   1226.6871318527292   1226.605634910547
0.028297341710866907   1193.0062190867322   1192.9249353908006
0.029126890909937666   1158.6743564718324   1158.5944079187163
0.029980758713939952   1123.866873159926   1123.7895199190618
0.030859658033628758   1088.7602629681426   1088.6868838240352
0.031764322679055976   1053.5626410685904   1053.4947502072077
0.03269550797224261   1018.4757256655923   1018.4149496543243
0.033653991377811755   983.684979781023   983.6330152535037
0.03464057315210884   949.409095245484   949.3675334769753
0.03565607701135116   915.8849465108558   915.8551476630595
0.036701350819364466   883.3189671438527   883.3020779084632
0.03777726729548091   851.8816441740545   851.8786023867154
0.038884724743189276   821.7008477477455   821.7123561853297
0.04002464780014597   792.879597343122   792.9061506074949
0.041197988210172884   765.5118208577734   765.5536612934563
0.04240572561788674   739.7793786907934   739.8357186009399
0.04364886838662332   715.8968022406981   715.9655018711206
0.04492845444033957   694.0440511468886   694.121813109457
0.04624555213019635   674.2369602275317   674.3196813280422
0.04760126112654554   656.3086770299409   656.391784503538
0.04899671333706607   640.0981857079486   640.1766695360715
0.05043307385181555   625.4518260397348   625.5200899785461
0.05191154191598653   612.2186847171583   612.2703507119816
0.053433351931179485   600.2561777806085   600.2841207982217
0.05499977448602865   589.3559929338971   589.3527755368913
0.05661211741704101   579.2684342640453   579.2266192047739
0.05827172690053434   569.7317261498155   569.6441104722363
0.05997998857658587   560.4034472372332   560.2638503729637
0.06173832870592997   550.9355023053661   550.739078083705
0.0635482153607709   540.9250526690545   540.6695033794418
0.06541115965050462   529.9504320415682   529.636811504936
0.06732871698337338   517.6367036738001   517.2700452806745
0.06930248836510605   503.6668209509187   503.25671799515624
0.07133412173562886   487.8345074224632   487.3950577888676
0.07342531334496233   470.0758721015558   469.625455008968
0.07557780916945323   450.4767964741717   450.0365513861402
0.07779340636952398   429.2923247235438   428.8842917582728
0.08007395479015682   406.8935200217473   406.540195022974
0.08242135850536496   383.74117894980424   383.4648313065788
0.08483757740794096   360.36739661360707   360.1866723901191
0.08732462884580919   337.3356262601056   337.26332389923823
0.08988458930634863   315.2779164756255   315.31888705400223
0.09251959615009227   294.7548645474549   294.9059215034482
0.09523184939525078   276.3167158500918   276.5638916881148
0.09802361355455057   260.3638838127191   260.6832841076047
0.10089721952591899   247.11349743572197   247.4702777997619
0.10385506653859616   236.57355277460394   236.92624052103403
0.10689962415629803   228.52416863994384   228.82924014120874
0.11003343433910281   222.54788008233191   222.76268325325978
0.11325911356578279   218.08448677273418   218.17077697846977
0.11657935501835284   214.43204237624388   214.36424220864816
0.11999693083066039   210.8338333987542   210.60336196720965
0.12351469440289359   206.528067191312   206.14657014211355
0.12713558278394044   200.87308383560523   200.37341255094964
0.13086261912358757   193.45499282034643   192.8927912116397
0.13469891519660646   184.1572392853239   183.60474473720535
0.13864767400083483   173.1974098824185   172.7275996146536
0.14271219243142114   161.12883985461758   160.80649022725405
0.14689586403346616   148.78806766089258   148.65417201389323
0.1512021818353596   137.1341842581203   137.19415151610235
0.15563474126517718   127.00334245768427   127.2245844851112
0.16019724315257297   118.88537255476665   119.20281401412264
0.1648934968186736   112.8684959783686   113.19998190981049
0.1697274232565544   108.72432055705667   108.98657795045189
0.17470305840495237   105.95466693081957   106.07086727925696
0.17982455651794954   103.78515474436345   103.71798498202051
0.18509619363343993   101.29729872660762   101.06244473657907
0.19052237114327647   97.7583228609841   97.4199516290668
0.19610761946807834   92.88870264972334   92.54300620800835
0.20185660183976684   86.8849459933147   86.64009574713342
0.20777411819498756   80.31712192320657   80.24216075778175
0.21386510918267082   73.99436356036419   74.10478786189813
0.22013466028907505   68.64185548093032   68.88964420896424
0.22658800608375756   64.62317455494666   64.91717858149784
0.23323053459001789   61.86460560476969   62.10552202485961
0.2400677917834628   59.88718848838061   60.00429526033345
0.24710548622244882   57.97628161385626   57.96443032544945
0.25434949381426813   55.54569146732989   55.46303680575383
0.2618058627210567   52.396146752294094   52.34534706674452
0.2694808184095226   48.74597226893393   48.80737223092579
0.27738076884870827   45.134881051496116   45.3329895867259
0.2855123098601282   42.08793317862243   42.37658440289413
0.29388223062474755   39.79343102139556   40.09005760386307
0.3024975193514008   38.06590963997638   38.298976822037524
0.31136536911138296   36.477107180382035   36.63153600609958
0.3204931838440838   34.63957947124559   34.77107037612307
0.32988858453867975   32.48796609498545   32.665513452026346
0.3395594155970457   30.260867115553925   30.520546872303132
0.34951375138319807   28.278607012955273   28.598853722732247
0.3597599029647371   26.68943786883816   27.014090693707207
0.37030642505191835   25.36499431555858   25.651537920252643
0.3811621231401457   24.054063885572873   24.312480448320933
0.3923360608618501   22.62561358207761   22.90069530670462
0.4038375675538918   21.15838239484629   21.477088450712383
0.41567624604680364   19.824682421414728   20.17448941891217
0.42786198068238046   18.688796370395213   19.036737681119483
0.4404049455663077   17.664257877219846   17.994930123765727
0.4533156130627191   16.634546046393176   16.964956631950358
0.4666047625377753   15.594667498307146   15.944881504018111
0.4802834893595659   14.621363959889761   14.988390163918808
0.49436321416184764   13.754678984078934   14.121881886093256
0.5088556923793517   12.951454419189915   13.313094295096686
0.5237730240626238   12.16459824918083   12.529850622067842
0.5391276639805903   11.405977793187889   11.781194880061422
0.5549324320192869   10.70660002628502   11.085451428122349
0.5712005238854289   10.060746804128131   10.437574488889277
0.5879455221237613   9.44365810241032   9.821622157883239
0.6051814074573895   8.855816258218718   9.237354958140635
0.622922570460556   8.303491259385154   8.688346625113763
0.6411838235736077   7.785988223581791   8.172391665093237
0.6599804134701901   7.3007761757475125   7.687363834689185
0.6793280337869897   6.845489638084871   7.231285382189902
0.6992428382266549   6.417976188878411   6.802318103927064
0.7197414540448374   6.016275229446039   6.398752539353421
0.7408409959326054   5.638599001283921   6.018998066963223
0.7625590803058332   5.28332365575973   5.661577539234415
0.7849138400134885   4.949129467339668   5.32519099246859
0.8079239394770964   4.634930706189934   5.008683407025787
0.8316085902740278   4.3396862641315295   4.710956341468894
0.8559875671776167   4.06239270239834   4.43096301682798
0.8810812246675007   3.8020846362405423   4.167706819289843
0.9069105139239728   3.557834884650201   3.920239746868663
0.9334970003205227   3.3287536017656   3.687660480709964
0.960862881429187   3.1139624400722377   3.4691021419737154
0.9890310055537336   2.9125966962475283   3.2637313947761766
1.0180248908061487   2.7238407439741614   3.070761562522742
1.047868744742366   2.546927381550304   2.8894510924645
1.0785874845736239   2.38113500055941   2.7191011657506996
1.1102067579703248   2.2257849191432606   2.559053415110993
1.1427529644757777   2.080238930848279   2.408687794214548
1.1762532775476793   1.943900496841382   2.2674232917226607
1.210735667245765   1.8162133257600934   2.1347167001518828
1.246228923584555   1.6966530610048067   2.010055935205835
1.2827626805706884   1.5847250986446655   1.8929580447119876
1.3203674409449337   1.4799630608936218   1.7829677290769443
1.3590746016495152   1.3819273352917116   1.6796559188290507
1.3989164800420282   1.2902036729483415   1.5826184090108022
1.4399263408778291   1.2044011985452423   1.4914745670806064
1.4821384240834183   1.1241507094735708   1.4058660910241598
1.525587973344019   1.0491048865357144   1.3254557721795157
1.5703112655292182   0.9789372364060721   1.2499263455766403
1.6163456409812174   0.9133409094337779   1.178979397105186
1.6637295346910133   0.8520275797488754   1.112334321231605
1.7125025083885144   0.7947263848895644   1.0497273277728179
1.7627052835733923   0.7411830054670435   0.99091043831187
1.814379775514258   0.6911588167175716   0.9356505117139874
1.8675691282445197   0.6444297606637793   0.883728544025817
1.922317750584177   0.6007854677812811   0.8349388782697196
1.9786713532176083   0.5600284654161641   0.789088427994791
2.0366769868582977   0.5219734285970015   0.7459959415924998
2.0963830815323896   0.48644647121669377   0.7054913056886878
2.1578394870138577   0.4532844129072004   0.6674147098140191
2.2210975144450407   0.42233402049519125   0.6316156534948465
2.286209979177315   0.3934516250216455   0.5979529386384355
2.3532312448676476   0.36650259700260646   0.5662942359400895
2.4222172688678643   0.3413607996407558   0.5365155351561409
2.4932256489445366   0.31790807350027633   0.5085006280760479
2.5663156713684585   0.29603375095035217   0.4821406224150597
2.641548360413907   0.27563425073135495   0.45733291660801106
2.7189865293089923   0.2566128047563514   0.4339789591886432
2.798694832679631   0.23887882940223873   0.4119861452272183
2.8807398205309562   0.22234747936946694   0.39126817179106327
2.9651899938111903   0.20693930208608866   0.37174458522009096
3.05211586160442   0.19257991148693235   0.35334036240497624
3.1415899999999994   0.1791996801892047   0.3359855234757771
