0.01   391.80242869721815   391.79675150778036
0.010293154462191829   396.58879658100324   396.5830269272284
0.010594902878253955   401.24765555988006   401.24179556274174
0.010905497183778876   405.76719541619826   405.76125673696066
0.011225196699963396   410.1353816673545   410.1293812040746
0.011554268350120923   414.33986594287114   414.3338146705677
0.011892986882540897   418.36819156467783   418.3620925756932
0.012241635099881474   422.2077657752917   422.20161463045616
0.012600504095286909   425.8450193366838   425.8388105892473
0.012969893495426888   429.26583580365474   429.25956690190856
0.013350111710660605   432.4561444414681   432.4498158841991
0.013741476192534558   435.4018602263262   435.3954752579979
0.014144313698828986   438.0888196788327   438.0823835655288
0.01455896056637426   440.50306241366206   440.4965823884823
0.014985762991865008   442.63081914730964   442.6243038798234
0.01542507732090645   444.45782236111273   444.45127759381717
0.015877270345534218   445.9698276948882   445.9632541088296
0.016342719610456153   447.15309916628115   447.1464923131344
0.016821813728271667   447.99432199410035   447.9876731851473
0.017314952703931925   448.4805786453479   448.47387645845424
0.017822548268711737   448.59970387406736   448.5929343442663
0.01834502422397195   448.3403741481572   448.33352095294646
0.018882816794999403   447.6920410678341   447.6850862895928
0.019436374995219892   446.64514093762085   446.6380654432734
0.02000616100108813   445.19126889304243   445.18405254583394
0.020592650537967844   443.3236455690218   443.3162702359895
0.021196333277324068   441.03732457226926   441.0297780514983
0.02181771324555934   438.3287733504158   438.3210496475031
0.022457309244835088   435.19624544876035   435.18834340716984
0.02311565528622961   431.64121288718735   431.63312949230254
0.023793301035594242   427.6671598105842   427.6588882515966
0.024490812272480036   423.27912093340774   423.2706511249227
0.025208771362518027   418.4858591392773   418.477185850662
0.0259477777436476   413.2999897104142   413.2911211604124
0.02670844842659881   407.73545249187055   407.7264101909883
0.027491418510046592   401.8087333481968   401.7995511685408
0.028297341710866907   395.5430194815823   395.5337420840298
0.029126890909937666   388.9634419705662   388.95412370501833
0.029980758713939952   382.09563976456735   382.0863442650507
0.030859658033628758   374.9702320555019   374.9610426410909
0.031764322679055976   367.6218817020296   367.61290985078784
0.03269550797224261   360.0844857445575   360.0758685345247
0.033653991377811755   352.39465113567326   352.3865341120426
0.03464057315210884   344.59981357622365   344.5923031826969
0.03565607701135116   336.74708159519463   336.74023843795516
0.036701350819364466   328.88013604620807   328.8739856603727
0.03777726729548091   321.035945328813   321.03058697040586
0.038884724743189276   313.2459407322766   313.24162023150586
0.04002464780014597   305.5388901966809   305.5359868442528
0.041197988210172884   297.950592080011   297.9494580344329
0.04240572561788674   290.53872205889877   290.5392978897085
0.04364886838662332   283.3592874102628   283.3610796855633
0.04492845444033957   276.46076304146413   276.46292775876816
0.04624555213019635   269.8670869472906   269.8689144487567
0.04760126112654554   263.5872073721844   263.58839373730706
0.04899671333706607   257.62826571323336   257.6288758515687
0.05043307385181555   251.98258368233135   251.98281384068417
0.05191154191598653   246.62376414481213   246.62364782230432
0.053433351931179485   241.52572006299545   241.5251197641201
0.05499977448602865   236.6549680306252   236.65353969530778
0.05661211741704101   231.9672333292037   231.96437232503692
0.05827172690053434   227.41979294775803   227.41465672379772
0.05997998857658587   222.96307437553386   222.9547116520057
0.06173832870592997   218.54341665967203   218.53086541480067
0.0635482153607709   214.1065215189465   214.08890206951025
0.06541115965050462   209.5857762711621   209.56259826200937
0.06732871698337338   204.91604885188107   204.88727013743403
0.06930248836510605   200.02904324648705   199.99515242160982
0.07133412173562886   194.858193262766   194.82024063369963
0.07342531334496233   189.35252430471897   189.31195438154404
0.07557780916945323   183.47888004562975   183.43733308946466
0.07779340636952398   177.23343078032693   177.19259531163715
0.08007395479015682   170.65099383373064   170.61242136762766
0.08242135850536496   163.79465295556773   163.75980811666574
0.08483757740794096   156.7603669877724   156.73072793432056
0.08732462884580919   149.65923405950167   149.63625171166768
0.08988458930634863   142.61265298562088   142.59769248604556
0.09251959615009227   135.7421108021158   135.73624992620563
0.09523184939525078   129.1629300218145   129.166701580992
0.09802361355455057   122.98690585385444   122.99967091505538
0.10089721952591899   117.30724219473996   117.32717572101281
0.10385506653859616   112.1967589278066   112.2207908149563
0.10689962415629803   107.69588339034733   107.72009443462198
0.11003343433910281   103.78995510720131   103.81034819365257
0.11325911356578279   100.41702786541013   100.4298571717493
0.11657935501835284   97.45836085721048   97.46046774262288
0.11999693083066039   94.76124825759358   94.75035206013014
0.12351469440289359   92.15655127885773   92.13152473932826
0.12713558278394044   89.47894558803767   89.44014862473631
0.13086261912358757   86.58946474216347   86.53912537401419
0.13469891519660646   83.39041460276981   83.33272552413202
0.13864767400083483   79.84786221239706   79.78827528566713
0.14271219243142114   75.99800936929311   75.94254348042496
0.14689586403346616   71.94016373213269   71.89464392612291
0.1512021818353596   67.82064989668046   67.78978906523461
0.15563474126517718   63.8108104238465   63.79691965532664
0.16019724315257297   60.08587105747761   60.08729557495028
0.1648934968186736   56.79379999335529   56.805205548682636
0.1697274232565544   54.01355477927453   54.02756860837429
0.17470305840495237   51.72127469094063   51.7301327794855
0.17982455651794954   49.79832871109756   49.7957696677283
0.18509619363343993   48.079570137183474   48.06126629623365
0.19052237114327647   46.394964312930234   46.36002049509385
0.19610761946807834   44.58904853155421   44.54148589515209
0.20185660183976684   42.5553586120495   42.50376274285558
0.20777411819498756   40.29211560106217   40.24569086963505
0.21386510918267082   37.9117377649994   37.87757282082324
0.22013466028907505   35.57732485844853   35.55832968396322
0.22658800608375756   33.436285813495886   33.430673252660426
0.23323053459001789   31.587928364853344   31.58847875054683
0.2400677917834628   30.051000878954813   30.049246329592894
0.24710548622244882   28.748031328206785   28.73638330694627
0.25434949381426813   27.544867394007124   27.5207229255134
0.2618058627210567   26.306738102460855   26.273845436231458
0.2694808184095226   24.956687250283828   24.923042044781777
0.27738076884870827   23.51745006051328   23.491121362852457
0.2855123098601282   22.08760637014426   22.072433950103644
0.29388223062474755   20.768474362206103   20.76281937929351
0.3024975193514008   19.621164154457446   19.618575531295146
0.31136536911138296   18.634601062006734   18.628298611091488
0.3204931838440838   17.73044276047148   17.717778179318124
0.32988858453867975   16.82726193951222   16.81089636725212
0.3395594155970457   15.889970718132362   15.876128323859204
0.34951375138319807   14.945207535982533   14.938261432250448
0.3597599029647371   14.055596808173162   14.05535135279554
0.37030642505191835   13.25908970690201   13.261534761080865
0.3811621231401457   12.54478698428958   12.545934419612644
0.3923360608618501   11.870971295409127   11.870373899980526
0.4038375675538918   11.20238995141155   11.20300932456051
0.41567624604680364   10.541352392216112   10.546143248060234
0.42786198068238046   9.915723892114325   9.92481717752916
0.4404049455663077   9.342834593998521   9.353970767239092
0.4533156130627191   8.814129636538633   8.825418971662415
0.4666047625377753   8.308333914135146   8.320378841285105
0.4802834893595659   7.817549545109912   7.832097693303936
0.49436321416184764   7.350523361850938   7.3679525540048765
0.5088556923793517   6.916207247050503   6.9354382182581
0.5237730240626238   6.510374424324786   6.530571124895423
0.5391276639805903   6.124102402731284   6.145629630683873
0.5549324320192869   5.755551511254955   5.779072362875889
0.5712005238854289   5.408694386568384   5.433957218690196
0.5879455221237613   5.083773367104772   5.1102426969199435
0.6051814074573895   4.776821501915677   4.804499857453522
0.622922570460556   4.485940197692667   4.515044563615077
0.6411838235736077   4.212002768256159   4.242421628548849
0.6599804134701901   3.9544961132871372   3.9860181791012352
0.6793280337869897   3.7117456470441894   3.7443149045381143
0.6992428382266549   3.4830090734649626   3.5165923808378725
0.7197414540448374   3.2675704743137026   3.30212909231834
0.7408409959326054   3.064729357700489   3.100218247064873
0.7625590803058332   2.873815950286249   2.910184641393657
0.7849138400134885   2.6941903660233715   2.73138379156145
0.8079239394770964   2.5252417515548995   2.5632010379616044
0.8316085902740278   2.3663874102992923   2.4050506258503153
0.8559875671776167   2.2170694635688104   2.256373050929328
0.8810812246675007   2.076750614082026   2.116631754955988
0.9069105139239728   1.944920165361614   1.9853170165215666
0.9334970003205227   1.8210940971192102   1.8619456913549852
0.960862881429187   1.7048138355679716   1.7460600396827943
0.9890310055537336   1.5956450689765902   1.6372265874399323
1.0180248908061487   1.493176607610601   1.5350350219521303
1.047868744742366   1.3970193145373702   1.4390971503700447
1.0785874845736239   1.3068055972205725   1.3490464218981275
1.1102067579703248   1.222188203718947   1.2645367399383494
1.1427529644757777   1.1428386190577018   1.1852408567655714
1.1762532775476793   1.0684461489708514   1.1108494594724083
1.210735667245765   0.9987170649437169   1.0410703140210549
1.246228923584555   0.9333737818708776   0.975627438965833
1.2827626805706884   0.8721540677279592   0.914260308838585
1.3203674409449337   0.8148102288263317   0.8567230835313226
1.3590746016495152   0.7611081568662315   0.8027838561681362
1.3989164800420282   0.710826904491341   0.7522239615039578
1.4399263408778291   0.6637581242074969   0.7048373025884076
1.4821384240834183   0.6197054110207946   0.6604296976500436
1.525587973344019   0.5784836747192166   0.618818254653148
1.5703112655292182   0.5399185409156871   0.5798307729283505
1.6163456409812174   0.5038457795156056   0.5433051763881778
1.6637295346910133   0.47011072868632503   0.5090894604680642
1.7125025083885144   0.4385677613591729   0.47704141468129824
1.7627052835733923   0.409079854706077   0.44702714664250587
1.814379775514258   0.3815181236354904   0.41892055025175146
1.8675691282445197   0.3557613703091922   0.3926029043429511
1.922317750584177   0.3316956561331157   0.36796248697097855
1.9786713532176083   0.30921389528335563   0.3448942052316835
2.0366769868582977   0.2882154620354385   0.3232992143930007
2.0963830815323896   0.2686057542615684   0.303084306912499
2.1578394870138577   0.25029589656678214   0.28416177329235937
2.2210975144450407   0.23320246992187948   0.26644931663531074
2.286209979177315   0.21724719519039715   0.24986974188659097
2.3532312448676476   0.20235663267662365   0.23435065699620622
2.4222172688678643   0.18846189802848212   0.2198241897876354
2.4932256489445366   0.1754983936940683   0.20622671988239935
2.5663156713684585   0.16340559174167615   0.19349864518947565
2.641548360413907   0.15212687204754774   0.18158418609134183
2.7189865293089923   0.14160916509728264   0.17043108819501723
2.798694832679631   0.13180271172572217   0.1599903931128389
2.8807398205309562   0.12266086901132237   0.15021623984335133
2.9651899938111903   0.11413992655155064   0.1410656770962713
3.05211586160442   0.10619893264358171   0.13249848606163953
3.1415899999999994   0.09879952346559376   0.12447704111698109
