0.01   22287.346540852133   22283.106642327948
0.010293154462191829   22453.31314078845   22448.731649836944
0.010594902878253955   22606.690860550207   22601.739089811163
0.010905497183778876   22746.74788878324   22741.39232542423
0.011225196699963396   22872.725219111366   22866.929409902354
0.011554268350120923   22983.840056994213   22977.566544586683
0.011892986882540897   23079.325808886013   23072.53637721143
0.012241635099881474   23158.422037978504   23151.077133041636
0.012600504095286909   23220.344520679177   23212.401039617398
0.012969893495426888   23264.32996862395   23255.740998965754
0.013350111710660605   23289.64697145397   23280.361904010013
0.013741476192534558   23295.556783289096   23285.519913583415
0.014144313698828986   23281.335174686526   23270.484940830513
0.01455896056637426   23246.309900136395   23234.579304874867
0.014985762991865008   23189.846400044287   23177.163168476432
0.01542507732090645   23111.332082783916   23097.618528230512
0.015877270345534218   23010.220973105344   22995.39462491895
0.016342719610456153   22886.042169128414   22870.01620864827
0.016821813728271667   22738.385956666127   22721.06740576438
0.017314952703931925   22566.92340770123   22548.21302298534
0.017822548268711737   22371.42284929384   22351.216393054423
0.01834502422397195   22151.76605645067   22129.956973319713
0.018882816794999403   21907.956491903435   21884.439100363743
0.019436374995219892   21640.10856139937   21614.779576874455
0.02000616100108813   21348.46973510029   21321.231020669387
0.020592650537967844   21033.49294855284   21004.258854325028
0.021196333277324068   20695.766422239994   20664.466409384033
0.02181771324555934   20335.993091561304   20302.57281340146
0.022457309244835088   19955.1344214089   19919.563507081213
0.02311565528622961   19554.38184049368   19516.660215046595
0.023793301035594242   19135.00453813965   19095.161556064664
0.024490812272480036   18698.453446535772   18656.551196412125
0.025208771362518027   18246.562740747282   18202.707399370483
0.0259477777436476   17781.22992524131   17735.570114421946
0.02670844842659881   17304.38058221709   17257.1033562867
0.027491418510046592   16818.378227031964   16769.710959810986
0.028297341710866907   16325.776757198746   16275.985098029354
0.029126890909937666   15828.995078992539   15778.376176876258
0.029980758713939952   15330.58487598778   15279.461812268226
0.030859658033628758   14833.437098864084   14782.154238992893
0.031764322679055976   14340.231287152106   14289.147736617271
0.03269550797224261   13853.495863379052   13802.974379613861
0.033653991377811755   13376.30583743137   13326.675429675588
0.03464057315210884   12911.677738939301   12863.220949381102
0.03565607701135116   12462.202643484938   12415.158226057418
0.036701350819364466   12029.903541225613   11984.459634250623
0.03777726729548091   11616.24864931624   11572.53498880989
0.038884724743189276   11222.425332403744   11180.519358872842
0.04002464780014597   10849.7280504662   10809.621999744644
0.041197988210172884   10500.632593273427   10462.078649787863
0.04240572561788674   10177.608098616403   10140.105260726505
0.04364886838662332   9882.514356445135   9845.345643634702
0.04492845444033957   9614.131920287558   9576.469739722641
0.04624555213019635   9369.6167454588   9330.582258453842
0.04760126112654554   9146.383285236354   9105.046300198048
0.04899671333706607   8942.036138988324   8897.396345206238
0.05043307385181555   8754.36274543818   8705.339684978737
0.05191154191598653   8581.10962377109   8526.567478044291
0.053433351931179485   8418.931767496506   8357.800760366546
0.05499977448602865   8264.293027701953   8195.611712739164
0.05661211741704101   8113.17754453465   8036.209042112117
0.05827172690053434   7960.724201383555   7875.134030449254
0.05997998857658587   7802.116429881363   7708.03383332314
0.06173832870592997   7631.90315339307   7530.150446329291
0.0635482153607709   7444.936142217134   7337.090101267866
0.06541115965050462   7237.199341269853   7125.790397792349
0.06732871698337338   7005.7749750554985   6894.297709272589
0.06930248836510605   6749.824338631183   6642.42036887891
0.07133412173562886   6470.280862219502   6371.443411097905
0.07342531334496233   6170.425339472633   6084.865326800062
0.07557780916945323   5855.120550765672   5787.556279525575
0.07779340636952398   5530.603837020784   5485.222224897682
0.08007395479015682   5203.627541522022   5183.7927115082
0.08242135850536496   4881.628156007555   4889.685870956862
0.08483757740794096   4572.2295283303565   4609.106876740407
0.08732462884580919   4283.245735211902   4347.98902882513
0.08988458930634863   4021.278324739677   4111.204480247534
0.09251959615009227   3792.0847809795287   3902.796478559852
0.09523184939525078   3598.6741382685373   3724.3034125553395
0.09802361355455057   3441.529384280012   3574.845593979854
0.10089721952591899   3317.7755162503668   3451.3703648932096
0.10385506653859616   3222.234487818084   3349.2438143699
0.10689962415629803   3147.16125025921   3261.7674708180757
0.11003343433910281   3083.632886566286   3181.88424688487
0.11325911356578279   3021.6830040583677   3102.6982679886805
0.11657935501835284   2951.5806819574273   3017.5570998178787
0.11999693083066039   2865.037830013258   2921.3049379101553
0.12351469440289359   2756.6362011952506   2811.469406393885
0.12713558278394044   2624.9562778622553   2687.7744635439003
0.13086261912358757   2472.671496117134   2553.2689881195374
0.13469891519660646   2306.406935386123   2413.464863631001
0.13864767400083483   2136.246044583979   2274.2267536180616
0.14271219243142114   1974.3098204824817   2143.1646820124624
0.14689586403346616   1831.6188458430925   2026.1830788438442
0.1512021818353596   1715.0260584355797   1926.0363201529585
0.15563474126517718   1625.9810042214374   1842.808937021056
0.16019724315257297   1561.421866867994   1773.6072196772748
0.1648934968186736   1515.0557385286277   1713.4538196380126
0.1697274232565544   1477.5479329063928   1658.307732975097
0.17470305840495237   1437.4807785805372   1602.2356713285055
0.17982455651794954   1385.1167271560903   1541.2498114734638
0.18509619363343993   1316.4763201438136   1474.2740669879206
0.19052237114327647   1233.8893675387737   1403.7115829610004
0.19610761946807834   1144.2102039306549   1332.6482259790575
0.20185660183976684   1057.1169558675635   1265.1056890332145
0.20777411819498756   981.797447968444   1204.4357721903862
0.21386510918267082   923.2086880586874   1150.887028081847
0.22013466028907505   880.7398825003625   1104.589211320619
0.22658800608375756   848.8996117427147   1062.2273550922405
0.23323053459001789   819.028184691412   1021.388472408109
0.2400677917834628   783.5229685271761   980.2723013388247
0.24710548622244882   739.6867366590645   938.019106305745
0.25434949381426813   689.8875151623856   895.9718607230506
0.2618058627210567   640.2165929829617   855.7420816904562
0.2694808184095226   597.1912595306381   818.4991191161397
0.27738076884870827   563.4840403966548   784.5651880561907
0.2855123098601282   537.1102232716352   753.2183965264031
0.29388223062474755   513.180848210535   723.3415796390013
0.3024975193514008   486.91439888953204   693.9866416080093
0.31136536911138296   457.14503624855405   665.4244963429421
0.3204931838440838   426.49557255011   637.8220237112029
0.32988858453867975   398.64852540022355   611.700815733081
0.3395594155970457   375.5482251956809   587.3590963748222
0.34951375138319807   355.9664822730679   564.5273673110544
0.3597599029647371   337.02631123315297   542.5151449330863
0.37030642505191835   317.0377851781738   521.4036374340509
0.3811621231401457   296.7130927904281   501.09440874537023
0.3923360608618501   277.94376364598486   481.7633198231859
0.4038375675538918   261.5891057453336   463.5307933276578
0.41567624604680364   246.8070397656802   446.26617966049344
0.42786198068238046   232.2564384833555   429.66521934797765
0.4404049455663077   217.7612036699802   413.72580580372124
0.4533156130627191   204.09601452693232   398.5644430563286
0.4666047625377753   191.75318522690677   384.19816201414966
0.4802834893595659   180.3274418453808   370.51913894199964
0.49436321416184764   169.27779582728152   357.4189843703613
0.5088556923793517   158.6642638135542   344.85260162146756
0.5237730240626238   148.8071959812991   332.9092841445838
0.5391276639805903   139.6786857686992   321.52756976799316
0.5549324320192869   131.0140369763177   310.63675910505793
0.5712005238854289   122.7740214425961   300.19545907522706
0.5879455221237613   115.07582732556673   290.23815396447543
0.6051814074573895   107.86563975768148   280.71857813610944
0.622922570460556   101.07900052579488   271.60338139633274
0.6411838235736077   94.69376481385002   262.87059834346405
0.6599804134701901   88.68972258026216   254.49990800467808
0.6793280337869897   83.04729991999045   246.47221680867122
0.6992428382266549   77.74758079467054   238.7695764011122
0.7197414540448374   72.77232286369292   231.3751075149176
0.7408409959326054   68.10380603129326   224.2726062080307
0.7625590803058332   63.72413873169037   217.44497356263483
0.7849138400134885   59.61607686020082   210.87557611141352
0.8079239394770964   55.76337082913729   204.54891215619705
0.8316085902740278   52.15071047137012   198.4505314102626
0.8559875671776167   48.76367238340625   192.5669603829402
0.8810812246675007   45.5886701463635   186.88563403042085
0.9069105139239728   42.612922596944905   181.39475861356095
0.9334970003205227   39.82450469738883   176.0827585024403
0.960862881429187   37.21221280559016   170.93859937674878
0.9890310055537336   34.76546556897916   165.95203356740873
1.0180248908061487   32.47427280950124   161.11354975993603
1.047868744742366   30.329206029250003   156.41432522202805
1.0785874845736239   28.321370112191417   151.84618199433154
1.1102067579703248   26.4423739978297   147.4015311367
1.1427529644757777   24.6842849191844   143.07318743051007
1.1762532775476793   23.039618968150116   138.85442079309004
1.210735667245765   21.501332578254146   134.73903330201577
1.246228923584555   20.062798523409842   130.72132973984327
1.2827626805706884   18.717782888000027   126.79608880100935
1.3203674409449337   17.460423195031616   122.95853632479293
1.3590746016495152   16.28520768868048   119.20433792352156
1.3989164800420282   15.186956245403822   115.52982255029404
1.4399263408778291   14.160801327371319   111.9318654351484
1.4821384240834183   13.202169671589498   108.40764395196538
1.525587973344019   12.306765524835326   104.95461470501081
1.5703112655292182   11.470554770767853   101.57049749778008
1.6163456409812174   10.689749892368873   98.25325992397582
1.6637295346910133   9.960795716679206   95.0011229913336
1.7125025083885144   9.280355636600852   91.81298801630325
1.7627052835733923   8.645298957195076   88.6883486162803
1.814379775514258   8.052689178177921   85.62678344648893
1.8675691282445197   7.49977257033339   82.62792706553358
1.922317750584177   6.983967363349569   79.6914632363269
1.9786713532176083   6.502853530349119   76.81711838419392
2.0366769868582977   6.054163100216685   74.00466423945299
2.0963830815323896   5.6357697021367485   71.25423370544617
2.1578394870138577   5.245680071314273   68.56634492874375
2.2210975144450407   4.882027905167754   65.94144878478691
2.286209979177315   4.543066204493938   63.37989962435488
2.3532312448676476   4.227159932636912   60.881956802379634
2.4222172688678643   3.932779105075335   58.44778640955746
2.4932256489445366   3.658492309207379   56.077467851509255
2.5663156713684585   3.4029621204385347   53.77131061704384
2.641548360413907   3.164939748801342   51.52998992439945
2.7189865293089923   2.9432568310991036   49.354006094376146
2.798694832679631   2.7368202537901936   47.243644127608206
2.8807398205309562   2.544607534944741   45.19898721583978
2.9651899938111903   2.365662470955531   43.21993025169487
3.05211586160442   2.199091014543064   41.306191987979226
3.1415899999999994   2.044054244014593   39.457119462429596
