0.01   777.3545205318271   777.3357951084917
0.010293154462191829   788.3898532223953   788.3708270241867
0.010594902878253955   799.241411026712   799.2220701953443
0.010905497183778876   809.8867514803424   809.8671381125281
0.011225196699963396   820.3025587220035   820.2827530952453
0.011554268350120923   830.4638297086409   830.443889440473
0.011892986882540897   840.3448981377142   840.3248450395909
0.012241635099881474   849.9196425090793   849.8994638047552
0.012600504095286909   859.1605918053874   859.1402758714906
0.012969893495426888   868.039310512298   868.0188719444141
0.013350111710660605   876.5271494789793   876.5066305120744
0.013741476192534558   884.5948941798147   884.574346163218
0.014144313698828986   892.2123167530186   892.1917583147803
0.01455896056637426   899.3491336480278   899.3285440077811
0.014985762991865008   905.9750930704267   905.9544168117685
0.01542507732090645   912.0589291060552   912.0381238290879
0.015877270345534218   917.5691614896062   917.5482218640891
0.016342719610456153   922.47487377114   922.4538321767811
0.016821813728271667   926.7453951768804   926.7242915200114
0.017314952703931925   930.3501867148096   930.3290202481478
0.017822548268711737   933.2597135326236   933.2384380315863
0.01834502422397195   935.4456332219054   935.4241641998566
0.018882816794999403   936.8806910809594   936.8589480756783
0.019436374995219892   937.5391457813153   937.517067420273
0.02000616100108813   937.3971081573718   937.3746517253564
0.020592650537967844   936.4333145096944   936.4104296437602
0.021196333277324068   934.6293946067773   934.6059934117076
0.02181771324555934   931.9693997403516   931.9453559539709
0.022457309244835088   928.4406781947183   928.4158430023402
0.02311565528622961   924.0361644983235   924.0104244973181
0.023793301035594242   918.7522617732959   918.7255529277288
0.024490812272480036   912.5884919460851   912.5607982722197
0.025208771362518027   905.5518524626976   905.5231902618203
0.0259477777436476   897.655949194097   897.6263538625827
0.02670844842659881   888.9171872234238   888.8867122917436
0.027491418510046592   879.358140160865   879.3268792232997
0.028297341710866907   869.0134191687465   868.9815656211333
0.029126890909937666   857.9210514446972   857.8889033502642
0.029980758713939952   846.1216295922067   846.0895802973653
0.030859658033628758   833.6683929178935   833.6368969305013
0.031764322679055976   820.6217734275936   820.5913238572161
0.03269550797224261   807.0419003048493   807.0130230664752
0.033653991377811755   792.9975714688042   792.9708306512493
0.03464057315210884   778.5741934044894   778.5502064370496
0.03565607701135116   763.8557932955348   763.8352258884456
0.036701350819364466   748.9231204662101   748.9066713484881
0.03777726729548091   733.8577378345517   733.846075845914
0.038884724743189276   718.7385398214142   718.732278309185
0.04002464780014597   703.6395332849052   703.639230471103
0.041197988210172884   688.6440209700753   688.6501125086351
0.04240572561788674   673.8493520465497   673.8620621813344
0.04364886838662332   659.3463351276519   659.3656887094014
0.04492845444033957   645.2172901194971   645.2430834955352
0.04624555213019635   631.5342227474099   631.5658026840454
0.04760126112654554   618.3616036167219   618.3978326791234
0.04899671333706607   605.7544134854135   605.7937159565253
0.05043307385181555   593.714969916065   593.7554066844466
0.05191154191598653   582.2108061602786   582.2501296230762
0.053433351931179485   571.208597350634   571.2442784922014
0.05499977448602865   560.6477419510348   560.6770530162348
0.05661211741704101   550.4500192531467   550.4700953597019
0.05827172690053434   540.5377395804384   540.5456201504069
0.05997998857658587   530.8116833948121   530.8044997018444
0.06173832870592997   521.1687445913814   521.1437984799251
0.0635482153607709   511.49864633197103   511.4536056486538
0.06541115965050462   501.67367623789386   501.60690989892896
0.06732871698337338   491.56884281782754   491.4795527159615
0.06930248836510605   481.0422914605304   480.931110549067
0.07133412173562886   469.95760660935343   469.8267621402892
0.07342531334496233   458.1961738309449   458.04974129475374
0.07557780916945323   445.66107171123423   445.5050504397523
0.07779340636952398   432.31468917199004   432.15713443154016
0.08007395479015682   418.17347593342606   418.0244226344851
0.08242135850536496   403.3330533810604   403.2034458474098
0.08483757740794096   387.95042133227673   387.8511933431761
0.08732462884580919   372.2446397950064   372.1859607309678
0.08988458930634863   356.46254747539257   356.4531778365462
0.09251959615009227   340.87109416086815   340.91717968230716
0.09523184939525078   325.73087122336534   325.83531476733987
0.09802361355455057   311.29398167740123   311.4558372361176
0.10089721952591899   297.77941274153676   297.99339637803513
0.10385506653859616   285.3797150632096   285.635005306322
0.10689962415629803   274.21890026495015   274.50026192827977
0.11003343433910281   264.34555560526695   264.63447255024806
0.11325911356578279   255.6856967116082   255.9612307957027
0.11657935501835284   248.06457546803674   248.30492709227002
0.11999693083066039   241.18625597950066   241.37461297667966
0.12351469440289359   234.70390255430203   234.83049629116476
0.12713558278394044   228.24199357600406   228.30514854206672
0.13086261912358757   221.46048434619   221.4700062333578
0.13469891519660646   214.09144529285777   214.0688391904529
0.13864767400083483   205.98005184024103   205.95541145691396
0.14271219243142114   197.12339073440026   197.13156583851006
0.14689586403346616   187.6707368685284   187.74690083300587
0.1512021818353596   177.9015556479492   178.07567944603286
0.15563474126517718   168.17945982914443   168.4700703198907
0.16019724315257297   158.89706529055172   159.3076555610533
0.1648934968186736   150.42170494562592   150.9366593421253
0.1697274232565544   143.02073120604967   143.6078232215553
0.17470305840495237   136.77560042285958   137.39264768822719
0.17982455651794954   131.53525555672124   132.13924504655077
0.18509619363343993   126.96354396684504   127.52337843237704
0.19052237114327647   122.65561827065083   123.15966253723626
0.19610761946807834   118.23079522878581   118.69160212895875
0.20185660183976684   113.38780482229443   113.84463218356449
0.20777411819498756   107.99158798812472   108.49540615676645
0.21386510918267082   102.16562977414743   102.76579180080178
0.22013466028907505   96.25168776267913   96.9797418707691
0.22658800608375756   90.63941580591822   91.49585970231502
0.23323053459001789   85.62789352690326   86.58558194293063
0.2400677917834628   81.36013329785592   82.37152883844253
0.24710548622244882   77.764877429408   78.77738545115994
0.25434949381426813   74.5707072010959   75.55578006289544
0.2618058627210567   71.43720935227567   72.39870599520435
0.2694808184095226   68.10109412289687   69.0723340933706
0.27738076884870827   64.49079667510183   65.52102530425816
0.2855123098601282   60.77288255392936   61.89465414510575
0.29388223062474755   57.21716566312443   58.43418709727722
0.3024975193514008   54.035261040688326   55.316408784860464
0.31136536911138296   51.28898283007915   52.589743044127886
0.3204931838440838   48.855319245387356   50.143806212059154
0.32988858453867975   46.50938776008816   47.785271566577954
0.3395594155970457   44.09549295586588   45.38293880338288
0.34951375138319807   41.61046521483096   42.94140855481058
0.3597599029647371   39.18613383940994   40.57047648596715
0.37030642505191835   36.97041215898333   38.38870444202599
0.3811621231401457   34.99595203083184   36.418610690342234
0.3923360608618501   33.179476106200994   34.590526454154414
0.4038375675538918   31.406640590888323   32.81322072193085
0.41567624604680364   29.632825481344526   31.05336886777385
0.42786198068238046   27.911916772005746   29.354303870714556
0.4404049455663077   26.317100157826783   27.77057749786301
0.4533156130627191   24.85767826010726   26.305176508346424
0.4666047625377753   23.482755784034183   24.920031808264095
0.4802834893595659   22.14618204747087   23.581509344938002
0.49436321416184764   20.85514814159272   22.294180451212963
0.5088556923793517   19.643358143079826   21.081903572625027
0.5237730240626238   18.51708619232437   19.94713768387977
0.5391276639805903   17.45173104739983   18.871377664812478
0.5549324320192869   16.430097105700806   17.84351533915861
0.5712005238854289   15.460077447248297   16.867600841425936
0.5879455221237613   14.550841405245887   15.948623850602532
0.6051814074573895   13.694582095989572   15.080563753239511
0.622922570460556   12.88104997491623   14.256090319547187
0.6411838235736077   12.110868215429905   13.47502684113243
0.6599804134701901   11.386499184720973   12.737940911692334
0.6793280337869897   10.703387530560272   12.041211840887456
0.6992428382266549   10.05735930984345   11.381569139410443
0.7197414540448374   9.447737475809719   10.758011078768595
0.7408409959326054   8.873338916486933   10.168881222481643
0.7625590803058332   8.332190984503454   9.612333730192708
0.7849138400134885   7.82238050096145   9.086599173309555
0.8079239394770964   7.342110479378853   8.589999747751659
0.8316085902740278   6.889697052743488   8.120947237962698
0.8559875671776167   6.463619609794448   7.677967169122624
0.8810812246675007   6.062479870384227   7.259679063273881
0.9069105139239728   5.684943657582084   6.864767280962501
0.9334970003205227   5.329737691320984   6.491978300216988
0.960862881429187   4.995647664913361   6.140118605568402
0.9890310055537336   4.681516309539177   5.808052566662971
1.0180248908061487   4.386241450129857   5.494700315705409
1.047868744742366   4.108770453436943   5.19903472407191
1.0785874845736239   3.848093286526597   4.920077982882219
1.1102067579703248   3.603250889303152   4.656902056298966
1.1427529644757777   3.3733347537764486   4.408627032595914
1.1762532775476793   3.1574845617481713   4.1744190220626685
1.210735667245765   2.954885911577613   3.953488107436409
1.246228923584555   2.764768132187311   3.7450863497507716
1.2827626805706884   2.586402258651566   3.548505677112759
1.3203674409449337   2.4190998815530182   3.363073983311191
1.3590746016495152   2.2622106476915276   3.1881544861935946
1.3989164800420282   2.115119643866794   3.023145707393523
1.4399263408778291   1.9772456634388793   2.867479711050818
1.4821384240834183   1.8480395573545687   2.720620378280851
1.525587973344019   1.7269826509516581   2.5820617550617837
1.5703112655292182   1.61358522467151   2.4513264717560452
1.6163456409812174   1.5073848515061226   2.3279641102025894
1.6637295346910133   1.4079447445399358   2.2115495956687705
1.7125025083885144   1.3148529881471962   2.101682144770209
1.7627052835733923   1.2277213323934564   1.9979840020461979
1.814379775514258   1.1461839419458577   1.9000991795774447
1.8675691282445197   1.0698962030721317   1.8076922582983783
1.922317750584177   0.9985335866229264   1.7204472487567644
1.9786713532176083   0.9317905446022835   1.63806579277097
2.0366769868582977   0.8693792643238658   1.5602583390266898
2.0963830815323896   0.8110288370313039   1.4867477676661214
2.1578394870138577   0.7564845057918499   1.4172748386715945
2.2210975144450407   0.705506764962294   1.3515970837605
2.286209979177315   0.6578705022010574   1.28948765875725
2.3532312448676476   0.6133641846944479   1.2307342783253032
2.4222172688678643   0.5717890880478306   1.1751382242415926
2.4932256489445366   0.5329587416174433   1.1225123230826792
2.5663156713684585   0.4966984330920616   1.0726786879618067
2.641548360413907   0.4628440846665334   1.0254706762575965
2.7189865293089923   0.43124157893012327   0.980732547144688
2.798694832679631   0.401746196624797   0.9383186918784714
2.8807398205309562   0.37422208273749996   0.898092922093853
2.9651899938111903   0.3485417397683662   0.8599278114878992
3.05211586160442   0.32458545198478894   0.8237039736661893
3.1415899999999994   0.3022398954318432   0.7893083391240856
