0.01   206.13138165455052   206.12909832167247
0.010293154462191829   209.2905418778472   209.288219636235
0.010594902878253955   212.41165493473   212.4092904687946
0.010905497183778876   215.48900523562395   215.48659622881192
0.011225196699963396   218.51663024792148   218.51417567772978
0.011554268350120923   221.48804674533653   221.48554778678042
0.011892986882540897   224.396541103566   224.39400143562216
0.012241635099881474   227.2352692641472   227.23269499434537
0.012600504095286909   229.99729567476783   229.99469253600583
0.012969893495426888   232.67560737502228   232.67297846265305
0.013350111710660605   235.26311637771883   235.26046195970636
0.013741476192534558   237.75243087171035   237.749749613258
0.014144313698828986   240.1355178980744   240.13281004689836
0.01455896056637426   242.4042184631707   242.40148639210412
0.014985762991865008   244.5503563648545   244.54760407644034
0.01542507732090645   246.56572481035974   246.56295295216248
0.015877270345534218   248.4421431197031   248.4393462508475
0.016342719610456153   250.1715143631227   250.168680856351
0.016821813728271667   251.74562375805178   251.74274191276325
0.017314952703931925   253.15602262288533   253.1530908016451
0.017822548268711737   254.3944189226389   254.39144671890978
0.01834502422397195   255.45274785392888   255.44975324581247
0.018882816794999403   256.32317315526586   256.3201655865336
0.019436374995219892   256.9981706065252   256.9951449301567
0.02000616100108813   257.4705959729677   257.4675327296727
0.020592650537967844   257.733735146065   257.73061248097173
0.021196333277324068   257.7813534322717   257.7781603929346
0.02181771324555934   257.607743363115   257.60448067321295
0.022457309244835088   257.2079202601965   257.2045960477419
0.02311565528622961   256.57805394378954   256.57466824045986
0.023793301035594242   255.715091174708   255.71163250975502
0.024490812272480036   254.61673025794508   254.6131767694914
0.025208771362518027   253.28228620007118   253.2786191020123
0.0259477777436476   251.71248004260602   251.70869366777393
0.02670844842659881   249.9087779569893   249.90487975393606
0.027491418510046592   247.87416069672628   247.8701670946774
0.028297341710866907   245.61417313566665   245.61010024827098
0.029126890909937666   243.1352526771723   243.1311149363278
0.029980758713939952   240.44475535966524   240.4405663202113
0.030859658033628758   237.5535001321085   237.5492795087298
0.031764322679055976   234.47415529661544   234.4699322056301
0.03269550797224261   231.21962549160256   231.2154378077911
0.033653991377811755   227.8047261508892   227.8006173597926
0.03464057315210884   224.2470667417919   224.24308144073834
0.03565607701135116   220.564189642051   220.56037284231476
0.036701350819364466   216.77439550880354   216.7707926518118
0.03777726729548091   212.90193119586112   212.89858963502618
0.038884724743189276   208.97213984267879   208.9691090756526
0.04002464780014597   205.00886484252928   205.00619595751868
0.041197988210172884   201.03125278685258   201.0289932845402
0.04240572561788674   197.0536840956621   197.05187266570329
0.04364886838662332   193.08943960194554   193.08810637651976
0.04492845444033957   189.15541161249658   189.15457302537249
0.04624555213019635   185.28340720860913   185.28304665663072
0.04760126112654554   181.50629599289368   181.50636218854595
0.04899671333706607   177.8532096932198   177.8536196111718
0.05043307385181555   174.33608279296087   174.3367215946377
0.05191154191598653   170.95464668009302   170.95536812570592
0.053433351931179485   167.7081379470797   167.7087667453733
0.05499977448602865   164.5895873881551   164.58992034818505
0.05661211741704101   161.5822716994344   161.58207813332416
0.05827172690053434   158.66954701669542   158.66857088355442
0.05997998857658587   155.83181726687226   155.82979502844336
0.06173832870592997   153.04389643888737   153.0405851974089
0.0635482153607709   150.28144500704835   150.27662495513877
0.06541115965050462   147.5179546064502   147.5114297851276
0.06732871698337338   144.72528862287942   144.71688814190384
0.06930248836510605   141.87565848733098   141.86524941269857
0.07133412173562886   138.93572588835136   138.92326724396708
0.07342531334496233   135.87308415774825   135.85864075853544
0.07557780916945323   132.65621303681496   132.63999373734993
0.07779340636952398   129.25574103074464   129.2381233528677
0.08007395479015682   125.65280318205595   125.63432153251533
0.08242135850536496   121.84172807282553   121.82305901257898
0.08483757740794096   117.83256799134125   117.81450692842819
0.08732462884580919   113.65931341631045   113.64274972237243
0.08988458930634863   109.36866849945105   109.35448391202722
0.09251959615009227   105.02428251260451   105.0132031802556
0.09523184939525078   100.69335341391951   100.68591358948404
0.09802361355455057   96.4452990444509   96.44181634622764
0.10089721952591899   92.34498778485285   92.34550447866299
0.10385506653859616   88.45099360409915   88.45523329357694
0.10689962415629803   84.81538849290507   84.82267383577204
0.11003343433910281   81.47962565478075   81.48889292697748
0.11325911356578279   78.46690142394931   78.47668167340456
0.11657935501835284   75.7826469428796   75.7911638341858
0.11999693083066039   73.39511944611228   73.40055571126952
0.12351469440289359   71.24947092696206   71.25014989637707
0.12713558278394044   69.25963681526247   69.25428609089107
0.13086261912358757   67.33116294926295   67.31918208864823
0.13469891519660646   65.36909729833434   65.35075389802202
0.13864767400083483   63.29509308437802   63.27148789309005
0.14271219243142114   61.05588354143139   61.02888088362213
0.14689586403346616   58.63082823335183   58.60292871730038
0.1512021818353596   56.03991573355182   56.013992785642884
0.15563474126517718   53.33840141831146   53.31710985766686
0.16019724315257297   50.60796572768122   50.59316144634032
0.1648934968186736   47.94230344408082   47.93478074326586
0.1697274232565544   45.433611968315404   45.43292809289331
0.17470305840495237   43.161543188234276   43.165821600380234
0.17982455651794954   41.17663653797011   41.18271729744445
0.18509619363343993   39.479318523666585   39.48348437802804
0.19052237114327647   38.00945281661013   38.00841611526559
0.19610761946807834   36.66738705369499   36.65917541364552
0.20185660183976684   35.351644839172586   35.33611120387311
0.20777411819498756   33.98118571660899   33.96000925142039
0.21386510918267082   32.502316286816615   32.47907211982897
0.22013466028907505   30.90517326019233   30.884060942007668
0.22658800608375756   29.241907496913733   29.22650255142986
0.23323053459001789   27.607480619463086   27.599216312879726
0.2400677917834628   26.08998937909095   26.088018916663362
0.24710548622244882   24.741428953931127   24.74265127213298
0.25434949381426813   23.572700213997237   23.57339069392855
0.2618058627210567   22.546987534422144   22.543793841010775
0.2694808184095226   21.5903223791416   21.582002631350647
0.27738076884870827   20.629208428232115   20.61705224390487
0.2855123098601282   19.62087430102032   19.608485268018338
0.29388223062474755   18.5691329761404   18.56005827630542
0.3024975193514008   17.526954682597086   17.52342004205463
0.31136536911138296   16.554363859772327   16.555593846315737
0.3204931838440838   15.681932266986589   15.685165839415067
0.32988858453867975   14.905556669454292   14.907962909397444
0.3395594155970457   14.1873059204579   14.187539391155072
0.34951375138319807   13.480257711961773   13.479417150012178
0.3597599029647371   12.76497219162341   12.76553426533774
0.37030642505191835   12.053759939800077   12.058007314614578
0.3811621231401457   11.377519030241867   11.38548026131206
0.3923360608618501   10.75891305558647   10.768811706617177
0.4038375675538918   10.192352332205543   10.202589818696804
0.41567624604680364   9.656136107631681   9.666426153782325
0.42786198068238046   9.132189017001867   9.143657267086157
0.4404049455663077   8.619768966480862   8.63372932385996
0.4533156130627191   8.132331924813696   8.148956245931322
0.4666047625377753   7.679230136696005   7.697561355000548
0.4802834893595659   7.256041601874807   7.275303611333612
0.49436321416184764   6.852429622561023   6.872789035938984
0.5088556923793517   6.463624672573487   6.4857128006297025
0.5237730240626238   6.093287442077628   6.1172847834019155
0.5391276639805903   5.745560599739245   5.771029743483976
0.5549324320192869   5.418403222200038   5.444952674600192
0.5712005238854289   5.107391976796765   5.135111803634651
0.5879455221237613   4.811189671140139   4.840277407304539
0.6051814074573895   4.531229485858012   4.5615661164025765
0.622922570460556   4.267463676063644   4.298808802381612
0.6411838235736077   4.0178969528494966   4.050183508789593
0.6599804134701901   3.781360799251435   3.814625277959258
0.6793280337869897   3.557900676610661   3.5920752105979856
0.6992428382266549   3.347121728248278   3.3820705420101427
0.7197414540448374   3.1479510481726027   3.1836207717092573
0.7408409959326054   2.959837036655319   2.9961983146909206
0.7625590803058332   2.7823237869287176   2.81929776357974
0.7849138400134885   2.6148469340969696   2.6523772604454066
0.8079239394770964   2.4568833450561396   2.494917624441187
0.8316085902740278   2.307934688009026   2.346423012539848
0.8559875671776167   2.1675257132296846   2.206420117190095
0.8810812246675007   2.0352033964441523   2.074457425165349
0.9069105139239728   1.9105360989762294   1.9501044769541143
0.9334970003205227   1.7931127461306444   1.8329511299342696
0.960862881429187   1.6825422874626204   1.7226071359634512
0.9890310055537336   1.5784532213820432   1.6187017826949597
1.0180248908061487   1.4804921356993939   1.5208823673580971
1.047868744742366   1.3883228750561192   1.4288133889811243
1.0785874845736239   1.3016258475543891   1.3421758920580904
1.1102067579703248   1.220097348175946   1.2606668194826731
1.1427529644757777   1.1434488994723309   1.1839983761899096
1.1762532775476793   1.0714065735259253   1.1118974056439168
1.210735667245765   1.0037101295131998   1.0441047842972244
1.246228923584555   0.9401126308161953   0.9803748189040765
1.2827626805706884   0.8803800107320671   0.9204746602221409
1.3203674409449337   0.824290488863109   0.8641837361598387
1.3590746016495152   0.7716340065977342   0.811293200831993
1.3989164800420282   0.7222116826231589   0.7616053999026756
1.4399263408778291   0.6758352861373715   0.7149333537817898
1.4821384240834183   0.6323266473098692   0.6711003081656983
1.525587973344019   0.5915171679765503   0.6299392525404788
1.5703112655292182   0.5532474845029601   0.5912923732477023
1.6163456409812174   0.5173670208373432   0.5550106014380796
1.6637295346910133   0.4837335504454757   0.5209531834317406
1.7125025083885144   0.4522127766710479   0.4889872672413168
1.7627052835733923   0.4226779309973375   0.45898750510317404
1.814379775514258   0.3950093745890043   0.4308358950090649
1.8675691282445197   0.3690941942246688   0.4044220011565203
1.922317750584177   0.34482590602377716   0.3796417444758362
1.9786713532176083   0.32210413375397084   0.35639684645074887
2.0366769868582977   0.3008342856371271   0.3345945511498377
2.0963830815323896   0.28092724625353493   0.31414735615011186
2.1578394870138577   0.2622990829855185   0.29497275252150973
2.2210975144450407   0.24487076152064213   0.2769929458471265
2.286209979177315   0.22856781793870337   0.26013425898627274
2.3532312448676476   0.21332014301459856   0.2443271039797328
2.4222172688678643   0.19906179862264467   0.22950608454891228
2.4932256489445366   0.18573078546334224   0.21560976583131392
2.5663156713684585   0.17326882132170324   0.20258044767216873
2.641548360413907   0.16162113081950014   0.1903639495436523
2.7189865293089923   0.1507362464722917   0.178909407040529
2.798694832679631   0.14056587375441673   0.16816914609534714
2.8807398205309562   0.13106475118394734   0.1580985519152041
2.9651899938111903   0.12219035920625468   0.14865574611829993
3.05211586160442   0.1139027504607353   0.13980140987757436
3.1415899999999994   0.1061644047620182   0.13149863602761258
