0.01   668.1757700848084   668.155477313578
0.010293154462191829   677.8961582241093   677.8755899784602
0.010594902878253955   687.4554507920318   687.4345465512257
0.010905497183778876   696.8335862974488   696.8122979893963
0.011225196699963396   706.0098468593834   705.9881747258252
0.011554268350120923   714.9631262317514   714.9411230693856
0.011892986882540897   723.6715755238666   723.6493293421639
0.012241635099881474   732.111622088912   732.0891891143593
0.012600504095286909   740.2590973002112   740.2364855296554
0.012969893495426888   748.0895612465295   748.0667314941331
0.013350111710660605   755.577796872407   755.5547074436233
0.013741476192534558   762.6980353423753   762.674676654909
0.014144313698828986   769.424488434658   769.4008850841393
0.01455896056637426   775.730946335406   775.7071418567601
0.014985762991865008   781.5901610115305   781.566179444723
0.01542507732090645   786.9749776592712   786.9508172170085
0.015877270345534218   791.8585433488498   791.8341791490667
0.016342719610456153   796.213700885872   796.1891152552469
0.016821813728271667   800.0135085905729   799.9887075160204
0.017314952703931925   803.2318111635946   803.2068245858048
0.017822548268711737   805.8429604882988   805.8178170841743
0.01834502422397195   807.8216750175953   807.7963595788565
0.018882816794999403   809.1438731651631   809.1183222094297
0.019436374995219892   809.7869499713496   809.7610596885662
0.02000616100108813   809.730117288718   809.7037910271389
0.020592650537967844   808.9544474364087   808.9276135274825
0.021196333277324068   807.4429944986272   807.4156061948829
0.02181771324555934   805.1818254086676   805.1538442929351
0.022457309244835088   802.1603258757775   802.1317022349858
0.02311565528622961   798.3703191281157   798.3409913959565
0.023793301035594242   793.8070260294322   793.7769273264129
0.024490812272480036   788.4718601731723   788.4409421999177
0.025208771362518027   782.3696895900457   782.3379284737949
0.0259477777436476   775.5082233838812   775.4756199291897
0.02670844842659881   767.9026717955954   767.8692606375225
0.027491418510046592   759.5747551886744   759.5406117521746
0.028297341710866907   750.5484105767358   750.513649416339
0.029126890909937666   740.8534076340552   740.8181889706774
0.029980758713939952   730.5317098763961   730.4962605713562
0.030859658033628758   719.6278889161129   719.5925015865846
0.031764322679055976   708.1879297402061   708.1529582934912
0.03269550797224261   696.2680978191889   696.2339641024523
0.033653991377811755   683.929906551263   683.8971007231264
0.03464057315210884   671.2334810190927   671.2025532058055
0.03565607701135116   658.2482860147328   658.2197871851799
0.036701350819364466   645.0620477658198   645.0364291432863
0.03777726729548091   631.759864464807   631.7374717838167
0.038884724743189276   618.41947973268   618.4005923192055
0.04002464780014597   605.0999165835696   605.0849749892691
0.041197988210172884   591.8503571701953   591.8400420266299
0.04240572561788674   578.7170486621391   578.7122461345482
0.04364886838662332   565.7763611900465   565.7776245835369
0.04492845444033957   553.1435867604685   553.1504683706992
0.04624555213019635   540.9268506652286   540.9379438723604
0.04760126112654554   529.2119515187186   529.2251893672612
0.04899671333706607   518.0188995653555   518.0325973717456
0.05043307385181555   507.348497295087   507.3616085329608
0.05191154191598653   497.19832904623996   497.21034145965695
0.053433351931179485   487.53349822011234   487.5437466880702
0.05499977448602865   478.2996252445866   478.306867674331
0.05661211741704101   469.44379054908455   469.44624489911587
0.05827172690053434   460.89306281034817   460.88848435742597
0.05997998857658587   452.5630202347483   452.54876461441427
0.06173832870592997   444.37125614855427   444.34437378734157
0.0635482153607709   436.220886188471   436.17850157668084
0.06541115965050462   428.0143819321132   427.95384502746214
0.06732871698337338   419.6453195462633   419.5646954884424
0.06930248836510605   410.98874301887554   410.8875951086998
0.07133412173562886   401.92593900982877   401.8054002673728
0.07342531334496233   392.3352829427596   392.1983319459801
0.07557780916945323   382.10881373148544   381.96022011020693
0.07779340636952398   371.1818600132864   371.0278259124474
0.08007395479015682   359.5262140641308   359.3740235920761
0.08242135850536496   347.18946357652425   347.04690301268994
0.08483757740794096   334.2784728606555   334.1533304372105
0.08732462884580919   320.96151103388337   320.8611977018822
0.08988458930634863   307.4446154435782   307.3758953254234
0.09251959615009227   293.95777732000414   293.9266069475318
0.09523184939525078   280.7300807685693   280.74122080999
0.09802361355455057   267.9850035544923   268.0405540170891
0.10089721952591899   255.92813339498215   256.026565890284
0.10385506653859616   244.74971493619984   244.8847746897171
0.10689962415629803   234.59416917961002   234.75536387033756
0.11003343433910281   225.55637275394895   225.72929851301672
0.11325911356578279   217.64145493871587   217.80956599747137
0.11657935501835284   210.752793253223   210.89933752696788
0.11999693083066039   204.68702632791903   204.79725020023108
0.12351469440289359   199.16476200966008   199.22774506712622
0.12713558278394044   193.85987519073467   193.87058228570973
0.13086261912358757   188.4541490354789   188.41447855505749
0.13469891519660646   182.66846836655753   182.588020604301
0.13864767400083483   176.3076987370078   176.20433176404558
0.14271219243142114   169.28435924824305   169.18233905062718
0.14689586403346616   161.6455773514839   161.5716465085967
0.1512021818353596   153.56989961656262   153.55096350475634
0.15563474126517718   145.32600361040352   145.38367925079817
0.16019724315257297   137.23313274620668   137.37842701211275
0.1648934968186736   129.62249318329324   129.85345788084666
0.1697274232565544   122.79241880244057   123.09082768783308
0.17470305840495237   116.92945589158708   117.26609225488914
0.17982455651794954   112.03315630993626   112.37469402865153
0.18509619363343993   107.9038199702867   108.22057707035322
0.19052237114327647   104.22099205283368   104.49436711096315
0.19610761946807834   100.64994721828675   100.876002036581
0.20185660183976684   96.89381138512194   97.0881754671699
0.20777411819498756   92.73190725497122   92.9276109111534
0.21386510918267082   88.11408875875364   88.35303096825959
0.22013466028907505   83.22047413314138   83.53515823462162
0.22658800608375756   78.36808874167117   78.77494753571041
0.23323053459001789   73.8554982816744   74.3489803493431
0.2400677917834628   69.88657767339657   70.44108346493958
0.24710548622244882   66.52705087406561   67.10629529998481
0.25434949381426813   63.659701219167566   64.23016556998508
0.2618058627210567   61.03549576175061   61.58287467921054
0.2694808184095226   58.39157100907731   58.92624698423441
0.27738076884870827   55.554032572418556   56.10607471616212
0.2855123098601282   52.52897501159713   53.132211358384595
0.29388223062474755   49.493595668504675   50.16554234831365
0.3024975193514008   46.65261717162573   47.388658363867954
0.31136536911138296   44.13342133150234   44.908425453288544
0.3204931838440838   41.94237460785192   42.725625527648674
0.32988858453867975   39.946739065951824   40.7225227375566
0.3395594155970457   37.98129845573943   38.75641324688873
0.34951375138319807   35.96388084892976   36.7577014421798
0.3597599029647371   33.92565497053919   34.756469501587425
0.37030642505191835   31.979809699018883   32.84806907771231
0.3811621231401457   30.213570959753067   31.103064843549205
0.3923360608618501   28.618411393371066   29.51114897357812
0.4038375675538918   27.12181811046036   28.011697131149035
0.41567624604680364   25.651377501430712   26.54609075398957
0.42786198068238046   24.198441117925494   25.10839855263081
0.4404049455663077   22.811046731412855   23.73743817595077
0.4533156130627191   21.5280045519174   22.461585949180865
0.4666047625377753   20.339980174842967   21.272045628114743
0.4802834893595659   19.208599049157087   20.13914083817317
0.49436321416184764   18.113678403216216   19.0473065311886
0.5088556923793517   17.066697943769054   18.00504354036047
0.5237730240626238   16.086469585404508   17.02556525969016
0.5391276639805903   15.168196686089326   16.10389272678429
0.5549324320192869   14.295630699319696   15.228071830877907
0.5712005238854289   13.462485800988588   14.393314938142481
0.5879455221237613   12.674900418426525   13.603278533478923
0.6051814074573895   11.93461540910458   12.858323574884853
0.622922570460556   11.234868621429666   12.153132224083215
0.6411838235736077   10.571094852177975   11.484204781695338
0.6599804134701901   9.944015379735351   10.851472956727015
0.6793280337869897   9.353119585731678   10.253872745612552
0.6992428382266549   8.795399077693375   9.688852210588912
0.7197414540448374   8.268772692056428   9.154575574096166
0.7408409959326054   7.7717161054100306   8.649478791633628
0.7625590803058332   7.302749334236725   8.172091452530427
0.7849138400134885   6.860451087185256   7.721003855299447
0.8079239394770964   6.443457734712852   7.294865800808414
0.8316085902740278   6.050462174533893   6.892385273723475
0.8559875671776167   5.680212606880526   6.512327029673569
0.8810812246675007   5.331510222244755   6.153510550140813
0.9069105139239728   5.003193614220054   5.814800616227248
0.9334970003205227   4.69414479260725   5.4951095328489075
0.960862881429187   4.403301567262841   5.1934030539525065
0.9890310055537336   4.129655490222824   4.9086984825966455
1.0180248908061487   3.8722494660811773   4.640062578706337
1.047868744742366   3.6301754464342384   4.386609506431747
1.0785874845736239   3.4025722069484834   4.147498825134121
1.1102067579703248   3.188623825238594   3.9219345413475426
1.1427529644757777   2.987559461547418   3.7091662881129035
1.1762532775476793   2.798648807684673   3.508483387737863
1.210735667245765   2.62119943306417   3.3192118047323746
1.246228923584555   2.4545550844534705   3.1407125731620673
1.2827626805706884   2.2980940424494216   2.972380260062279
1.3203674409449337   2.1512275342525093   2.8136414674110313
1.3590746016495152   2.0133981925982463   2.6639533546066554
1.3989164800420282   1.884078082089183   2.522801167759531
1.4399263408778291   1.7627671948983468   2.3896966246092184
1.4821384240834183   1.648992914455878   2.264178309134753
1.525587973344019   1.5423087233208799   2.1458104626278383
1.5703112655292182   1.4422928949894849   2.0341816771216905
1.6163456409812174   1.3485472415733417   1.928903642796759
1.6637295346910133   1.2606959156688307   1.829609948404998
1.7125025083885144   1.1783842507997018   1.7359548859155076
1.7627052835733923   1.1012775601502232   1.6476119796568873
1.814379775514258   1.029060182716895   1.5642732292854633
1.8675691282445197   0.9614345599151539   1.4856483670763037
1.922317750584177   0.8981202763814412   1.4114638895895522
1.9786713532176083   0.8388531451036636   1.341462133924447
2.0366769868582977   0.7833843360085521   1.275400399668015
2.0963830815323896   0.7314795462613024   1.2130501131073028
2.1578394870138577   0.6829181332403917   1.1541941306177133
2.2210975144450407   0.6374922496103722   1.0986229448019131
2.286209979177315   0.5950063587957335   1.0461393312971654
2.3532312448676476   0.5552765901065151   0.9965585845461082
2.4222172688678643   0.5181300820743011   0.9497076901116834
2.4932256489445366   0.48340435988722424   0.9054245535024494
2.5663156713684585   0.4509467453580791   0.8635572815538551
2.641548360413907   0.4206138076541427   0.8239634232946619
2.7189865293089923   0.3922710441996709   0.7865073586318202
2.798694832679631   0.36579231211522756   0.7510601142256059
2.8807398205309562   0.34105910008024054   0.7175011168475249
2.9651899938111903   0.3179600862274674   0.6857176999034642
3.05211586160442   0.2963907301501517   0.65560454539966
3.1415899999999994   0.27625288582780905   0.6270631678579549
