0.01   8637.23425374693   8636.87625383443
0.010293154462191829   8701.826041399581   8701.460464984786
0.010594902878253955   8761.538735405346   8761.165246252785
0.010905497183778876   8816.089662899825   8815.707268694228
0.011225196699963396   8865.184332777884   8864.791762097528
0.011554268350120923   8908.51774025674   8908.113825837738
0.011892986882540897   8945.791062128897   8945.374765135562
0.012241635099881474   8976.708216201412   8976.278588048457
0.012600504095286909   9000.965105551226   9000.521149787175
0.012969893495426888   9018.265982285195   9017.806631873205
0.013350111710660605   9028.327387639933   9027.851478584433
0.013741476192534558   9030.862265606893   9030.36814866839
0.014144313698828986   9025.588681530344   9025.073969666151
0.01455896056637426   9012.244838476563   9011.706418696704
0.014985762991865008   8990.583758445744   8990.017840445738
0.01542507732090645   8960.367411173327   8959.769609389326
0.015877270345534218   8921.383649956555   8920.749028649712
0.016342719610456153   8873.449451501376   8872.772516898622
0.016821813728271667   8816.405598787904   8815.679961996388
0.017314952703931925   8750.124238767617   8749.342518718353
0.017822548268711737   8674.515231597661   8673.669154918833
0.01834502422397195   8589.532207618648   8588.613043167476
0.018882816794999403   8495.17569296204   8494.174802093099
0.019436374995219892   8391.48925277136   8390.398211954895
0.02000616100108813   8278.568200699923   8277.3790403436
0.020592650537967844   8156.588031054766   8155.293987353552
0.021196333277324068   8025.776858863151   8024.372599068042
0.02181771324555934   7886.407294187358   7884.888987614626
0.022457309244835088   7738.851969731343   7737.218453839986
0.02311565528622961   7583.572510368703   7581.826240970912
0.023793301035594242   7421.060757860673   7419.2076114645615
0.024490812272480036   7251.879165047339   7249.92888522182
0.025208771362518027   7076.739048622431   7074.7069470349525
0.0259477777436476   6896.376376439477   6894.283080573031
0.02670844842659881   6711.5380590126515   6709.40888589893
0.027491418510046592   6523.140883935269   6521.005889363858
0.028297341710866907   6332.175524502627   6330.069144525392
0.029126890909937666   6139.580359787888   6137.540537961664
0.029980758713939952   5946.3453516989375   5944.412841719043
0.030859658033628758   5753.59215582601   5751.80999359136
0.031764322679055976   5562.360478832765   5560.773236045401
0.03269550797224261   5373.631442495117   5372.283824194681
0.033653991377811755   5188.598169015845   5187.529845486528
0.03464057315210884   5008.431123138578   5007.67518552235
0.03565607701135116   4834.135781253673   4833.719399723888
0.036701350819364466   4666.497348908506   4666.440644104465
0.03777726729548091   4506.0859164827025   4506.400589610335
0.038884724743189276   4353.362622024871   4354.05307994711
0.04002464780014597   4208.830082083384   4209.889122546854
0.041197988210172884   4073.448959140461   4074.836485154789
0.04240572561788674   3948.1773175077383   3949.8189300047943
0.04364886838662332   3833.736899330322   3835.5292515524607
0.04492845444033957   3729.6551903059258   3731.4785279198427
0.04624555213019635   3634.8295431380448   3636.5545846860678
0.04760126112654554   3548.257492835193   3549.7453747648638
0.04899671333706607   3469.010073930196   3470.108804226257
0.05043307385181555   3396.2290834595556   3396.7715952314707
0.05191154191598653   3329.040424315409   3328.8477771957105
0.053433351931179485   3266.146576379938   3265.0432237820473
0.05499977448602865   3206.175842508978   3203.9950543574455
0.05661211741704101   3147.570358898421   3144.169408379963
0.05827172690053434   3088.444268986367   3083.7277927303644
0.05997998857658587   3026.928969477471   3020.858199948662
0.06173832870592997   2960.909736000635   2953.5354993421547
0.0635482153607709   2888.3892954225025   2879.862332413563
0.06541115965050462   2807.80940915137   2798.410149632391
0.06732871698337338   2718.037842322727   2708.1808518493885
0.06930248836510605   2618.749172792456   2608.9476156957276
0.07133412173562886   2510.3056415517703   2501.13587530734
0.07342531334496233   2393.980034729133   2386.0642319240937
0.07557780916945323   2271.6588600744335   2265.6364965634825
0.07779340636952398   2145.762188287674   2142.2242881273414
0.08007395479015682   2018.9099968541625   2018.3587518011007
0.08242135850536496   1893.9876189660406   1896.8042429860973
0.08483757740794096   1773.9529935953383   1780.3338986255005
0.08732462884580919   1661.837776431936   1671.723628775044
0.08988458930634863   1560.203392024587   1573.2916526311858
0.09251959615009227   1471.2840342685456   1487.0220113409118
0.09523184939525078   1396.247374882191   1413.8535982199064
0.09802361355455057   1335.2808317967997   1353.7474542343186
0.10089721952591899   1287.2690811856978   1305.5404710916632
0.10385506653859616   1250.2032843226318   1267.281930390753
0.10689962415629803   1221.0785068310124   1236.092289920218
0.11003343433910281   1196.4327789869858   1208.7679149283183
0.11325911356578279   1172.3992776883952   1181.9042171169863
0.11657935501835284   1145.2024611859413   1152.2007411007694
0.11999693083066039   1111.6265743839858   1116.9478665647935
0.12351469440289359   1069.5693335693616   1074.5486513447265
0.12713558278394044   1018.4796825680877   1024.679635656434
0.13086261912358757   959.395097474488   968.484495912769
0.13469891519660646   894.8863564847633   908.38893240939
0.13864767400083483   828.8652523486116   847.6370133003536
0.14271219243142114   766.0350202985182   790.1759254522626
0.14689586403346616   710.6718245570515   739.3929354553381
0.1512021818353596   665.4345347818697   697.1968423094095
0.15563474126517718   630.8857130553357   663.8464474328914
0.16019724315257297   605.8374492684482   638.120315476686
0.1648934968186736   587.8478671611874   617.7507238424789
0.1697274232565544   573.2953899828117   600.0159825677583
0.17470305840495237   557.749809468532   581.4903774484144
0.17982455651794954   537.4328701571635   559.478891523251
0.18509619363343993   510.8004953455364   533.0614283061024
0.19052237114327647   478.7567821344868   503.24056462254424
0.19610761946807834   443.9611529630368   472.0116650185658
0.20185660183976684   410.1687488537763   442.0531352595955
0.20777411819498756   380.94466225432416   415.76372622032403
0.21386510918267082   358.21195184527664   394.06379841761003
0.22013466028907505   341.7340557886879   376.79717511361315
0.22658800608375756   329.37997595095527   362.20501908912394
0.23323053459001789   317.78985602439064   348.2021831775386
0.2400677917834628   304.01368181536884   333.10806183483965
0.24710548622244882   287.00504427499294   316.3490145188014
0.25434949381426813   267.68272822475683   298.699936101805
0.2618058627210567   248.4100478335874   281.5490727928064
0.2694808184095226   231.715927729777   266.2119450697516
0.27738076884870827   218.63730919436026   253.10435673427185
0.2855123098601282   208.40412112305086   241.68581220634022
0.29388223062474755   199.11934816482   230.9420488711634
0.3024975193514008   188.92779240761607   219.9896778296
0.31136536911138296   177.3770806925312   208.76616662868472
0.3204931838440838   165.48480742445858   197.7334565603793
0.32988858453867975   154.6799426456995   187.48518219030925
0.3395594155970457   145.71678908054665   178.29636113369975
0.34951375138319807   138.11891793001732   169.90482031220338
0.3597599029647371   130.7699423402748   161.81075442640272
0.37030642505191835   123.01422354644865   153.8716887746236
0.3811621231401457   115.1280495106113   146.16507964266916
0.3923360608618501   107.84535286092756   138.91394031085548
0.4038375675538918   101.49959256002886   132.2099414299982
0.41567624604680364   95.76402428932465   125.9245421823877
0.42786198068238046   90.1182154875067   119.8763474126039
0.4404049455663077   84.49392597150003   114.06548257376008
0.4533156130627191   79.19168623527858   108.57232774288714
0.4666047625377753   74.40253663896988   103.41852367498589
0.4802834893595659   69.96921756633388   98.54905222981436
0.49436321416184764   65.68182804249346   93.90482223734683
0.5088556923793517   61.563669681602335   89.48168693756215
0.5237730240626238   57.73900294471765   85.3083118642496
0.5391276639805903   54.197046874449384   81.36298535987771
0.5549324320192869   50.835058756896395   77.61687987464583
0.5712005238854289   47.63785052279014   74.05706972407562
0.5879455221237613   44.650862174939476   70.68986972788059
0.6051814074573895   41.853215613334946   67.49938898140127
0.622922570460556   39.21991422485383   64.47361226869252
0.6411838235736077   36.742364811136376   61.60386632524016
0.6599804134701901   34.41272463435528   58.88200906257798
0.6793280337869897   32.22339797695746   56.30031584979072
0.6992428382266549   30.16704454765937   53.851460049733184
0.7197414540448374   28.236585601009715   51.528494273157754
0.7408409959326054   26.425145200785774   49.32477939230387
0.7625590803058332   24.725781246306003   47.23372696354433
0.7849138400134885   23.1318029600376   45.24902759530158
0.8079239394770964   21.636905427711557   43.36475190594528
0.8316085902740278   20.23514822265913   41.57532648329413
0.8559875671776167   18.92093497662216   39.87551127139204
0.8810812246675007   17.68899406697784   38.260378464262075
0.9069105139239728   16.53436630549259   36.72527441991973
0.9334970003205227   15.45242466654011   35.26568123332974
0.960862881429187   14.43882202304642   33.87729758523383
0.9890310055537336   13.489452700655207   32.55609463460114
1.0180248908061487   12.60044040510498   31.29829756399676
1.047868744742366   11.768126778360307   30.100368072476776
1.0785874845736239   10.989060418813771   28.95898816964428
1.1102067579703248   10.259985503749974   27.871032198295048
1.1427529644757777   9.577824044030415   26.83343052662719
1.1762532775476793   8.939672215207377   25.84323214781054
1.210735667245765   8.34279704466791   24.897682890377528
1.246228923584555   7.784627099707077   23.994212112887464
1.2827626805706884   7.262743552497434   23.130419229744383
1.3203674409449337   6.774871694297991   22.304061326695134
1.3590746016495152   6.31887289634744   21.513036161164234
1.3989164800420282   5.892737188579521   20.755293455726783
1.4399263408778291   5.494575878572923   20.02885691950038
1.4821384240834183   5.122614461603741   19.331886075890235
1.525587973344019   4.775186115129022   18.662667970896774
1.5703112655292182   4.450725539139316   18.019607769912366
1.6163456409812174   4.147763120724579   17.401220139580925
1.6637295346910133   3.8649194026828035   16.806120089412786
1.7125025083885144   3.600899745469553   16.232988747465193
1.7627052835733923   3.354489413957307   15.680571205177735
1.814379775514258   3.124549020376781   15.14770033128625
1.8675691282445197   2.9100100918126572   14.63329182670195
1.922317750584177   2.7098708753530514   14.136338428786601
1.9786713532176083   2.523192374713348   13.655904580689201
2.0366769868582977   2.349094591536905   13.19112123950411
2.0963830815323896   2.1867524663947733   12.74117122935595
2.1578394870138577   2.0353925833204856   12.305283918631561
2.2210975144450407   1.8942907896794172   11.882745200922923
2.286209979177315   1.7627692246088942   11.47289461907983
2.3532312448676476   1.6401934706103312   11.075121814859443
2.4222172688678643   1.5259698721574864   10.688863231299443
2.4932256489445366   1.4195430212234033   10.313599755700071
2.5663156713684585   1.3203939779022598   9.948902353480506
2.641548360413907   1.2280381929991602   9.594451622264657
2.7189865293089923   1.1420223245353984   9.249953008903471
2.798694832679631   1.061922228968425   8.915127560660936
2.8807398205309562   0.9873411692253304   8.589710928448707
2.9651899938111903   0.9179081254789361   8.273452419424741
3.05211586160442   0.8532761956884919   7.9661138141805194
3.1415899999999994   0.7931198685963958   7.667421699584882
