0.01   1574.9087451756843   1574.828902969242
0.010293154462191829   1590.0383406697433   1589.957628848378
0.010594902878253955   1604.4549573325178   1604.3736322463012
0.010905497183778876   1618.1092247225142   1618.0273636740521
0.011225196699963396   1630.9518660429696   1630.8693627575383
0.011554268350120923   1642.9329849251992   1642.8496720347432
0.011892986882540897   1654.0018159046535   1653.9176506532351
0.012241635099881474   1664.1081538954595   1664.0232366628504
0.012600504095286909   1673.2019989857652   1673.1165462065298
0.012969893495426888   1681.2307295898988   1681.1449105093934
0.013350111710660605   1688.1417742623858   1688.0556536997262
0.013741476192534558   1693.8840882704817   1693.7976266046303
0.014144313698828986   1698.4069745975148   1698.3200895549815
0.01455896056637426   1701.660128398773   1701.5727683409932
0.014985762991865008   1703.5956239675545   1703.5077726822003
0.01542507732090645   1704.167543873216   1704.0792119778328
0.015877270345534218   1703.3297570127565   1703.2409442859641
0.016342719610456153   1701.0387666745871   1700.9494524070508
0.016821813728271667   1697.2549188530393   1697.1650619456866
0.017314952703931925   1691.9419199159834   1691.8514525783248
0.017822548268711737   1685.0672761205703   1684.9760984112233
0.01834502422397195   1676.603463575122   1676.5114445623974
0.018882816794999403   1666.5285064434545   1666.435484886299
0.019436374995219892   1654.8267422735507   1654.7325252792843
0.02000616100108813   1641.488585332991   1641.392950269511
0.020592650537967844   1626.5109264706334   1626.4136256315148
0.021196333277324068   1609.9008933645653   1609.801680524169
0.02181771324555934   1591.6748686940025   1591.573518803638
0.022457309244835088   1571.8557309682333   1571.752042404153
0.02311565528622961   1550.476947913636   1550.3707789909781
0.023793301035594242   1527.5885363372252   1527.4798919803893
0.024490812272480036   1503.2475757937866   1503.136614093628
0.025208771362518027   1477.5179206335242   1477.4049432989689
0.0259477777436476   1450.4849389146827   1450.3703765017697
0.02670844842659881   1422.2469126289352   1422.131310535279
0.027491418510046592   1392.9041868541983   1392.7881933355627
0.028297341710866907   1362.5716310608996   1362.4560276933041
0.029126890909937666   1331.3895790162783   1331.275348202566
0.029980758713939952   1299.4977850797525   1299.3860936715519
0.030859658033628758   1267.0359251145237   1266.9280972533898
0.031764322679055976   1234.1725756484843   1234.0700691433847
0.03269550797224261   1201.0822988981054   1200.9866800081356
0.033653991377811755   1167.9279343987118   1167.8408508900857
0.03464057315210884   1134.8808450717393   1134.8039233363545
0.03565607701135116   1102.1298707644546   1102.064582001259
0.036701350819364466   1069.8479474639046   1069.795603873796
0.03777726729548091   1038.1943978449085   1038.1561207663867
0.038884724743189276   1007.3390347014785   1007.3155256970759
0.04002464780014597   977.4412474158886   977.4327491071972
0.041197988210172884   948.6395784802937   948.6459273142929
0.04240572561788674   921.0456373066122   921.0660974762092
0.04364886838662332   894.7450240732247   894.778088577555
0.04492845444033957   869.8097111059866   869.8531814155152
0.04624555213019635   846.2964300432201   846.3473824696406
0.04760126112654554   824.2344036532448   824.2887342306832
0.04899671333706607   803.6422628909713   803.6946536499146
0.05043307385181555   784.5217335344668   784.5658088457965
0.05191154191598653   766.7117788690856   766.7407801904915
0.053433351931179485   749.958792457125   749.9659906733883
0.05499977448602865   734.0297160386544   734.0084171493285
0.05661211741704101   718.727997493127   718.6715671613216
0.05827172690053434   703.8844650233118   703.7863590281014
0.05997998857658587   689.3269552895888   689.1809245300669
0.06173832870592997   674.8026791330349   674.6038132418448
0.0635482153607709   660.04561134483   659.7907129092458
0.06541115965050462   644.7742301902224   644.4626752853947
0.06732871698337338   628.6715545454786   628.306639326896
0.06930248836510605   611.4585749045575   611.0476623216408
0.07133412173562886   592.9227782919517   592.478191961795
0.07342531334496233   572.9184130494219   572.4571110771693
0.07557780916945323   551.4847065253393   551.0267934297117
0.07779340636952398   528.779334100871   528.3467741139829
0.08007395479015682   505.08445480649016   504.70028853984843
0.08242135850536496   480.76307470394687   480.45041573944667
0.08483757740794096   456.2468872368572   456.0253584937885
0.08732462884580919   431.98942116536557   431.8730717712562
0.08988458930634863   408.44197074124787   408.4388028464133
0.09251959615009227   386.02734773848766   386.1388203551794
0.09523184939525078   365.17602165450944   365.3939953592411
0.09802361355455057   346.25450290228275   346.5606487468292
0.10089721952591899   329.5584673828014   329.9236197405635
0.10385506653859616   315.2162993964248   315.60252806222826
0.10689962415629803   303.1466207747163   303.50867428764224
0.11003343433910281   293.08267532256025   293.3745782623554
0.11325911356578279   284.54797560213336   284.7308928012969
0.11657935501835284   276.97005615243864   277.016071075019
0.11999693083066039   269.7219306165425   269.61791258305044
0.12351469440289359   262.19618130146347   261.9497514661225
0.12713558278394044   253.87308345960426   253.51328326695392
0.13086261912358757   244.3872937643046   243.96152356069686
0.13469891519660646   233.61869429303843   233.18808714626834
0.13864767400083483   221.68484285864255   221.31770091040082
0.14271219243142114   208.9292818269512   208.69201148126436
0.14689586403346616   195.85459345741816   195.796578980865
0.1512021818353596   183.08020949929087   183.22317595287632
0.15563474126517718   171.27355300347568   171.60538699621443
0.16019724315257297   161.01298303367017   161.48541373898374
0.1648934968186736   152.55742177228873   153.0957620026642
0.1697274232565544   145.77815676124476   146.3012074615645
0.17470305840495237   140.2727577111227   140.71150211737685
0.17982455651794954   135.5247336538222   135.83483798156007
0.18509619363343993   130.96390085973343   131.13654501913086
0.19052237114327647   125.99477286667589   126.06706156348714
0.19610761946807834   120.20603672670237   120.25779549439972
0.20185660183976684   113.61078076381582   113.73903338359015
0.20777411819498756   106.57654441729744   106.8519854542591
0.21386510918267082   99.60675471921066   100.06231531102732
0.22013466028907505   93.19104903263684   93.81242727678507
0.22658800608375756   87.70092435240701   88.42633587477981
0.23323053459001789   83.21635226961047   83.96007259973663
0.2400677917834628   79.50834306448216   80.2042161290491
0.24710548622244882   76.17260593646873   76.7884422229202
0.25434949381426813   72.75833109647253   73.31945730073046
0.2618058627210567   68.99105907920517   69.56261990554222
0.2694808184095226   64.93595394782017   65.58854353999232
0.27738076884870827   60.85893102505614   61.62681062922185
0.2855123098601282   57.062412496274945   57.93735135743569
0.29388223062474755   53.77159780720596   54.70008655222864
0.3024975193514008   50.96787078090298   51.890788313303474
0.31136536911138296   48.4365404818654   49.324751727507895
0.3204931838440838   45.944100330103694   46.811987730759725
0.32988858453867975   43.35782615212795   44.24741210078419
0.3395594155970457   40.73769796631251   41.68172940651067
0.34951375138319807   38.25441070146902   39.25460670986077
0.3597599029647371   36.017105375125354   37.04676894924901
0.37030642505191835   34.01882698440879   35.04346807353676
0.3811621231401457   32.15356431034083   33.16391941391787
0.3923360608618501   30.31960627994743   31.332585789381824
0.4038375675538918   28.510271534174112   29.544598001101523
0.41567624604680364   26.789730104847006   27.84721245496676
0.42786198068238046   25.206503630940883   26.273224254915057
0.4404049455663077   23.74712688231208   24.80953584778548
0.4533156130627191   22.362900836744647   23.42106561558604
0.4666047625377753   21.026314027242616   22.088800052801158
0.4802834893595659   19.754488236419103   20.82396871598793
0.49436321416184764   18.56707801777196   19.63780309034317
0.5088556923793517   17.458663066086196   18.52499609190172
0.5237730240626238   16.409026646051796   17.471265052965606
0.5391276639805903   15.410820932133404   16.471489293602357
0.5549324320192869   14.47043068597117   15.52865502833553
0.5712005238854289   13.58894349617876   14.641676070109373
0.5879455221237613   12.75854993745856   13.804943633429488
0.6051814074573895   11.973590663386737   13.014112072102373
0.622922570460556   11.234532096744761   12.268427718933298
0.6411838235736077   10.53994600896832   11.566010626297258
0.6599804134701901   9.88627058518567   10.903766789103168
0.6793280337869897   9.270395464088942   10.279257883875745
0.6992428382266549   8.69107574315431   9.69070507541139
0.7197414540448374   8.146521354179086   9.136201385102128
0.7408409959326054   7.634721595057877   8.61383003008713
0.7625590803058332   7.153777842391986   8.121774701954372
0.7849138400134885   6.7018983083815   7.6583153183477295
0.8079239394770964   6.277392137430454   7.221823575623174
0.8316085902740278   5.878663827974628   6.8107586467653745
0.8559875671776167   5.5042079613806125   6.4236630255769915
0.8810812246675007   5.152609810910371   6.0591614130323
0.9069105139239728   4.822554685026384   5.715964304691406
0.9334970003205227   4.512802174628595   5.3928534920069895
0.960862881429187   4.222176733991319   5.088675734819998
0.9890310055537336   3.9495648122484526   4.802339812745702
1.0180248908061487   3.6939120702460637   4.532813659243825
1.047868744742366   3.454220683708727   4.279121581410312
1.0785874845736239   3.229546727304161   4.040341567560311
1.1102067579703248   3.01899575682228   3.8156026113038144
1.1427529644757777   2.8217184098831165   3.6040821189531727
1.1762532775476793   2.6369128695098367   3.405003670581694
1.210735667245765   2.4638231250996694   3.217634712467885
1.246228923584555   2.3017365482246364   3.0412843107914336
1.2827626805706884   2.1499815829174844   2.8753009962102523
1.3203674409449337   2.0079255460132717   2.7190706981079873
1.3590746016495152   1.8749725375707396   2.572014755884319
1.3989164800420282   1.7505616838327145   2.433587416415674
1.4399263408778291   1.6341652844263703   2.3032738731909634
1.4821384240834183   1.5252866094083966   2.180589555639632
1.525587973344019   1.4234581761703033   2.0650785288103584
1.5703112655292182   1.3282401452929473   1.9563118846331753
1.6163456409812174   1.239218795555947   1.8538862138723582
1.6637295346910133   1.156005074848069   1.7574221557350889
1.7125025083885144   1.0782332145338995   1.666562917992277
1.7627052835733923   1.0055592389157455   1.5809708650262215
1.814379775514258   0.9376597925380223   1.50032686886073
1.8675691282445197   0.8742311771950314   1.4243315104356375
1.922317750584177   0.8149882297530076   1.352703953590488
1.9786713532176083   0.7596632507728699   1.2851807890189055
2.0366769868582977   0.7080049905898225   1.2215149489283115
2.0963830815323896   0.6597776900962421   1.1614746882720761
2.1578394870138577   0.6147601626755812   1.104842296555369
2.2210975144450407   0.5727448347017637   1.051409997207852
2.286209979177315   0.5335370133988364   1.0009812091103154
2.3532312448676476   0.496954201587703   0.9533722114634319
2.4222172688678643   0.4628253675389941   0.9084112928003936
2.4932256489445366   0.4309902549185672   0.8659379239011823
2.5663156713684585   0.4012987320092201   0.8258019902241274
2.641548360413907   0.37361017813784736   0.7878630794092909
2.7189865293089923   0.3477929395997011   0.7519891863569488
2.798694832679631   0.32372394794785636   0.7180529206589348
2.8807398205309562   0.3012880206692556   0.6859340516545744
2.9651899938111903   0.2803772906792239   0.6555206298855951
3.05211586160442   0.2608907640537819   0.6267083693441101
3.1415899999999994   0.24273390290913532   0.599400075528895
