0.01   6464.754546084585   6464.203390706131
0.010293154462191829   6552.67741673854   6552.084128692827
0.010594902878253955   6638.86136363614   6638.2218986706785
0.010905497183778876   6723.118562980923   6722.429030697062
0.011225196699963396   6805.251113392521   6804.507395071024
0.011554268350120923   6885.049956135763   6884.247232249863
0.011892986882540897   6962.302734997815   6961.435441992483
0.012241635099881474   7036.792634392432   7035.854523872486
0.012600504095286909   7108.292513087706   7107.276929481749
0.012969893495426888   7176.571830782189   7175.471789712129
0.013350111710660605   7241.398817073098   7240.207000459975
0.013741476192534558   7302.531185638608   7301.239635301805
0.014144313698828986   7359.718710386191   7358.318575799382
0.01455896056637426   7412.712508515919   7411.194049144484
0.014985762991865008   7461.2622006788015   7459.614837118305
0.01542507732090645   7505.110346972506   7503.322774848018
0.015877270345534218   7544.002587869608   7542.0628289178385
0.016342719610456153   7577.689461870138   7575.584848813879
0.016821813728271667   7605.917216286878   7603.63386089827
0.017314952703931925   7628.434335799079   7625.9568588505645
0.017822548268711737   7644.999522735492   7642.3111177432465
0.01834502422397195   7655.378864772593   7652.461294952932
0.018882816794999403   7659.344098937383   7656.177647280069
0.019436374995219892   7656.681527974021   7653.245105410501
0.02000616100108813   7647.194315816581   7643.465567404393
0.020592650537967844   7630.702846234815   7626.658085997359
0.021196333277324068   7607.047513218336   7602.661826453998
0.02181771324555934   7576.0912678030945   7571.338733004059
0.022457309244835088   7537.7282249297   7532.582460753415
0.02311565528622961   7491.886387799433   7486.3211703580055
0.023793301035594242   7438.520677556572   7432.510211061167
0.024490812272480036   7377.621741582115   7371.141209021
0.025208771362518027   7309.240798124608   7302.267767042525
0.0259477777436476   7233.464674236283   7225.97957553732
0.02670844842659881   7150.410722090984   7142.397119313346
0.027491418510046592   7060.273670115475   7051.7201233968635
0.028297341710866907   6963.313632180827   6954.215110585694
0.029126890909937666   6859.813121837338   6850.170909454757
0.029980758713939952   6750.111670794402   6739.93398654792
0.030859658033628758   6634.661356655074   6623.9651387253325
0.031764322679055976   6513.936397296939   6502.747073743115
0.03269550797224261   6388.42735471108   6376.778312447583
0.033653991377811755   6258.756167081986   6246.689239153686
0.03464057315210884   6125.604100025814   6113.169316518864
0.03565607701135116   5989.629487788209   5976.884048466496
0.036701350819364466   5851.539088235373   5838.546162199152
0.03777726729548091   5712.135024414873   5698.962421566601
0.038884724743189276   5572.180182228722   5558.899315760973
0.04002464780014597   5432.416813967014   5419.100549614262
0.041197988210172884   5293.741382453361   5280.455841130826
0.04240572561788674   5157.049825430845   5143.851650352054
0.04364886838662332   5023.14738638412   5010.084177381941
0.04492845444033957   4892.651594593378   4879.761494937297
0.04624555213019635   4765.987129544376   4753.298378466021
0.04760126112654554   4643.520574723619   4631.052263641764
0.04899671333706607   4525.679108716172   4513.433050594587
0.05043307385181555   4413.264862425224   4401.191359600814
0.05191154191598653   4307.099214837084   4295.09294766575
0.053433351931179485   4207.8270741313745   4195.734549590682
0.05499977448602865   4115.090948740634   4102.740235298637
0.05661211741704101   4028.0069366638363   4015.2242154471573
0.05827172690053434   3945.7545895959097   3932.364448344701
0.05997998857658587   3867.5788856449417   3853.4050470652064
0.06173832870592997   3792.7819999209723   3777.647982824442
0.0635482153607709   3720.652316953631   3704.3873660719114
0.06541115965050462   3650.2008868919734   3632.668388530595
0.06732871698337338   3580.401575712315   3561.507710961464
0.06930248836510605   3510.1209689074417   3489.8414395681384
0.07133412173562886   3438.0463629504648   3416.464554106008
0.07342531334496233   3362.906465493526   3340.2229136447017
0.07557780916945323   3283.3224557047797   3259.9008369509957
0.07779340636952398   3198.0371627082195   3174.410954773167
0.08007395479015682   3106.147283060763   3083.0674843708016
0.08242135850536496   3007.0759373784076   2985.507616421604
0.08483757740794096   2900.9806930034065   2881.9970780986296
0.08732462884580919   2788.574018677148   2773.273616450599
0.08988458930634863   2671.2418700449025   2660.7203557147236
0.09251959615009227   2550.772804499379   2546.0807107064466
0.09523184939525078   2429.3124704054144   2431.3085966603626
0.09802361355455057   2309.06667666221   2318.3584281387225
0.10089721952591899   2192.2940897274375   2209.210318061409
0.10385506653859616   2081.1675125225456   2105.6789884077903
0.10689962415629803   1977.7837288138646   2009.3984020670334
0.11003343433910281   1883.8425885327329   1921.662979852461
0.11325911356578279   1800.6891841718596   1843.4488751795545
0.11657935501835284   1728.7983934785689   1774.9303943599518
0.11999693083066039   1667.7840823360257   1715.4782041976014
0.12351469440289359   1616.1344128063383   1663.65449525904
0.12713558278394044   1571.5850961397116   1617.479951807731
0.13086261912358757   1531.1703652105896   1574.4527914805851
0.13469891519660646   1491.7810763169284   1532.1004542271403
0.13864767400083483   1450.370524967853   1488.1948866847144
0.14271219243142114   1404.4095235293332   1440.937729321096
0.14689586403346616   1352.2189636504893   1389.2756353188315
0.1512021818353596   1293.3033990351687   1333.1553691850197
0.15563474126517718   1228.5394481003227   1273.4021296996812
0.16019724315257297   1159.9288976558398   1211.7615649421268
0.1648934968186736   1090.3054378037673   1150.4542594869624
0.1697274232565544   1022.9951466951334   1091.5862319021332
0.17470305840495237   961.3933753745181   1037.393936403022
0.17982455651794954   908.1606808606855   989.4997294273544
0.18509619363343993   864.3634551198738   948.1627487850312
0.19052237114327647   829.1335065450031   912.5635789024603
0.19610761946807834   800.1250620973137   881.0723010980732
0.20185660183976684   774.3298043475608   851.5307606421057
0.20777411819498756   748.5446164694152   822.2484233314273
0.21386510918267082   719.7669387628438   791.5683703064
0.22013466028907505   686.2265198193037   758.7036534682326
0.22658800608375756   648.39150963615   724.2811983235902
0.23323053459001789   608.6269823907991   689.7559235884763
0.2400677917834628   569.9249440614958   656.5573637121478
0.24710548622244882   535.0089815164044   626.0463418204478
0.25434949381426813   505.64916558317947   598.799843864886
0.2618058627210567   481.8967953096058   574.5188666197205
0.2694808184095226   461.9995027394731   552.3782832572607
0.27738076884870827   443.39859746775716   531.1627018439782
0.2855123098601282   423.6032383143602   509.8612446536297
0.29388223062474755   401.4276882939291   488.2417517146125
0.3024975193514008   377.65543405646645   466.6434749860387
0.31136536911138296   354.176737679911   445.9083099540333
0.3204931838440838   332.8708172553365   426.46637597733593
0.32988858453867975   314.7887254738445   408.5945971449555
0.3395594155970457   299.4310988722952   392.1039525967305
0.34951375138319807   285.2304941700622   376.2856733242565
0.3597599029647371   270.7379868627076   360.92301945502135
0.37030642505191835   255.42996017421822   345.86007881253954
0.3811621231401457   240.02182932984414   331.31251127163085
0.3923360608618501   225.7046660234985   317.5240204106046
0.4038375675538918   213.06472972219507   304.59204672972396
0.41567624604680364   201.79868232048247   292.37474002404156
0.42786198068238046   191.05532465729752   280.6814434790907
0.4404049455663077   180.24949558073325   269.37442602860983
0.4533156130627191   169.5462084361951   258.55211750029315
0.4666047625377753   159.49648359793196   248.25054559283444
0.4802834893595659   150.375630002866   238.4755612491689
0.49436321416184764   141.95139416323107   229.1897643905375
0.5088556923793517   133.83257149863056   220.30121156778952
0.5237730240626238   125.91545898995606   211.76771906623622
0.5391276639805903   118.41560217800927   203.6436884511641
0.5549324320192869   111.47096969534884   195.91003837810624
0.5712005238854289   104.97718857849911   188.5413916789576
0.5879455221237613   98.76908088485075   181.49983729287172
0.6051814074573895   92.84277188533852   174.76312916412178
0.622922570460556   87.27978627170462   168.34280254887145
0.6411838235736077   82.07096423482231   162.22144805349527
0.6599804134701901   77.14049365122528   156.3680912594257
0.6793280337869897   72.4642713145199   150.7744108712994
0.6992428382266549   68.06493404490683   145.4317666712801
0.7197414540448374   63.93017702774351   140.3270648137783
0.7408409959326054   60.03226121302879   135.44644470615353
0.7625590803058332   56.356338178875255   130.77748408729113
0.7849138400134885   52.891535563561284   126.30896497910648
0.8079239394770964   49.627341544738925   122.03034398494259
0.8316085902740278   46.55360903289594   117.9317073723478
0.8559875671776167   43.660558632880786   114.0037295311333
0.8810812246675007   40.9387796512619   110.23763442675015
0.9069105139239728   38.37921654730899   106.62513053221093
0.9334970003205227   35.972931470910915   103.15781746603973
0.960862881429187   33.71119118461153   99.82728021569797
0.9890310055537336   31.585723290229264   96.62564592408482
1.0180248908061487   29.58870312402224   93.5455668933484
1.047868744742366   27.712731072769525   90.58018322867416
1.0785874845736239   25.95081094946748   87.72308852208376
1.1102067579703248   24.296329384112155   84.96829830510723
1.1427529644757777   22.74304282510075   82.31016875841986
1.1762532775476793   21.285095391110513   79.74306283927801
1.210735667245765   19.916963338189316   77.26158075991462
1.246228923584555   18.6334169615187   74.86070758016895
1.2827626805706884   17.429506869150647   72.53578766682385
1.3203674409449337   16.30055083128747   70.28250058441012
1.3590746016495152   15.242121103347213   68.09683894645458
1.3989164800420282   14.25003221460334   65.97508801790774
1.4399263408778291   13.320325689704148   63.913776489821714
1.4821384240834183   12.449253213373522   61.909604079075145
1.525587973344019   11.633276493583503   59.959509530961114
1.5703112655292182   10.869058528215362   58.06067316245607
1.6163456409812174   10.15345306660329   56.21050204185839
1.6637295346910133   9.483494556139066   54.40661621130116
1.7125025083885144   8.85638855643811   52.646835840696845
1.7627052835733923   8.269502602930597   50.9291723140772
1.814379775514258   7.72035746868301   49.25194495815718
1.8675691282445197   7.206618878645072   47.613795434584944
1.922317750584177   6.726089680317981   46.01349344995169
1.9786713532176083   6.276702344213263   44.449915712914226
2.0366769868582977   5.856511829656949   42.92203908987916
2.0963830815323896   5.463688804970879   41.428934037960566
2.1578394870138577   5.096513207243539   39.969758289305446
2.2210975144450407   4.753367995616462   38.54377020013066
2.286209979177315   4.432732087799202   37.1505182902286
2.3532312448676476   4.133175802732363   35.789721384391676
2.4222172688678643   3.8533566475393957   34.46111196365472
2.4932256489445366   3.5920142865695186   33.164431483479355
2.5663156713684585   3.3479657652206334   31.899428294978993
2.641548360413907   3.1201009928934647   30.665855656271976
2.7189865293089923   2.9073784723557097   29.46346983572324
2.798694832679631   2.7088217299228434   28.2921109980706
2.8807398205309562   2.5235169071877293   27.15197057820458
2.9651899938111903   2.3506071672253146   26.043266441464734
3.05211586160442   2.1892887208147225   24.966129116415416
3.1415899999999994   2.0388077356264684   23.920606583727317
