0.01   4031.4402638430315   4031.3583011905557
0.010293154462191829   4081.3486636040916   4081.265699128882
0.010594902878253955   4130.048173462571   4129.963995257079
0.010905497183778876   4177.422524980204   4177.336957182725
0.011225196699963396   4223.352395930483   4223.2652877488
0.011554268350120923   4267.710176784119   4267.62134165806
0.011892986882540897   4310.364975120853   4310.274171569099
0.012241635099881474   4351.184806444738   4351.091738426202
0.012600504095286909   4390.033287196493   4389.937641456372
0.012969893495426888   4426.770015508693   4426.671500080052
0.013350111710660605   4461.254665243287   4461.153012988521
0.013741476192534558   4493.345318202886   4493.240222091775
0.014144313698828986   4522.893459652818   4522.784351717609
0.01455896056637426   4549.750697309159   4549.63669810296
0.014985762991865008   4573.770681251045   4573.650611423265
0.01542507732090645   4594.804894481956   4594.677488304886
0.015877270345534218   4612.704778591776   4612.568844931809
0.016342719610456153   4627.326298650767   4627.180730946579
0.016821813728271667   4638.528452019851   4638.3720638774785
0.017314952703931925   4646.1707708554995   4646.001895523568
0.017822548268711737   4650.119204737702   4649.9356414292415
0.01834502422397195   4650.247732694625   4650.0467754263045
0.018882816794999403   4646.437703912869   4646.2163327474
0.019436374995219892   4638.579680197681   4638.334673957301
0.02000616100108813   4626.575418402399   4626.303376563839
0.020592650537967844   4610.340928580546   4610.03829857328
0.021196333277324068   4589.808882485145   4589.471992095095
0.02181771324555934   4564.926118705027   4564.55120522095
0.022457309244835088   4535.656398604584   4535.239692241596
0.02311565528622961   4501.993391674657   4501.531475843765
0.023793301035594242   4463.951757069385   4463.441715787547
0.024490812272480036   4421.56218809645   4421.001630081015
0.025208771362518027   4374.890307903118   4374.2777620064535
0.0259477777436476   4324.040897926197   4323.376285199262
0.02670844842659881   4269.133907044437   4268.4185239145
0.027491418510046592   4210.314455990651   4209.551044728961
0.028297341710866907   4147.79245515953   4146.985700895437
0.029126890909937666   4081.8000540237067   4080.956609701144
0.029980758713939952   4012.577443486637   4011.7057920618013
0.030859658033628758   3940.41935351778   3939.5300684732224
0.031764322679055976   3865.6662427967517   3864.77217182274
0.03269550797224261   3788.6540332374884   3787.7700532236013
0.033653991377811755   3709.7462467197533   3708.8888784590827
0.03464057315210884   3629.4043490020354   3628.591135739759
0.03565607701135116   3548.0869260478976   3547.3361483494036
0.036701350819364466   3466.2260347795163   3465.5564993221024
0.03777726729548091   3384.2391141132903   3383.6697457232995
0.038884724743189276   3302.5226213063133   3302.0721752136246
0.04002464780014597   3221.4418541238324   3221.1288178558025
0.041197988210172884   3141.4008316283603   3141.2416107584877
0.04240572561788674   3062.9214000921743   3062.926590476053
0.04364886838662332   2986.494510518435   2986.668965542773
0.04492845444033957   2912.5545745528143   2912.8975664939226
0.04624555213019635   2841.4426259279226   2841.944486902502
0.04760126112654554   2773.438226384746   2774.079299546676
0.04899671333706607   2708.7825011910495   2709.5341644471337
0.05043307385181555   2647.5037963097516   2648.3293842122603
0.05191154191598653   2589.417489973101   2590.273041159877
0.053433351931179485   2534.336460672271   2535.171371569362
0.05499977448602865   2481.9687140054434   2482.728223616262
0.05661211741704101   2431.9086777148136   2432.536440978961
0.05827172690053434   2383.7617815381686   2384.2004872244147
0.05997998857658587   2337.036468297799   2337.2319848985753
0.06173832870592997   2291.1983271126855   2291.1021816196535
0.0635482153607709   2245.6967364089874   2245.2696958584925
0.06541115965050462   2199.8669289895174   2199.089192596243
0.06732871698337338   2153.057511175982   2151.9313459662867
0.06930248836510605   2104.539098905033   2103.1039766498966
0.07133412173562886   2053.5841647881903   2051.9231591304606
0.07342531334496233   1999.5556168156238   1997.7986717399283
0.07557780916945323   1941.9213061785208   1940.2469325807074
0.07779340636952398   1880.4188016697797   1879.0543779599107
0.08007395479015682   1815.0988394098724   1814.3204557302151
0.08242135850536496   1746.351052783934   1746.463735850784
0.08483757740794096   1674.9174109567205   1676.2330803545317
0.08732462884580919   1601.8054563613282   1604.6163815805858
0.08988458930634863   1528.199432248846   1532.7579112914277
0.09251959615009227   1455.3742305034962   1461.8783213339377
0.09523184939525078   1384.5905842246023   1393.1700314322438
0.09802361355455057   1317.1090877328709   1327.795135524947
0.10089721952591899   1254.0265672765627   1266.7491931810562
0.10385506653859616   1196.3364936845014   1210.895279467085
0.10689962415629803   1144.732603400136   1160.8163527597749
0.11003343433910281   1099.501379675019   1116.7080864577108
0.11325911356578279   1060.4155960352098   1078.288487210683
0.11657935501835284   1026.6878276105283   1044.754543546547
0.11999693083066039   997.0036337911124   1014.8689648250694
0.12351469440289359   969.7457824549094   987.1491441823945
0.12713558278394044   943.1193641937147   959.9727535978332
0.13086261912358757   915.43582017694   931.8686636952152
0.13469891519660646   885.2683710109392   901.6473079317299
0.13864767400083483   851.694145008434   868.5767489329437
0.14271219243142114   814.4733184232161   832.5391711772642
0.14689586403346616   774.0949282414914   794.0372362567164
0.1512021818353596   731.7248700871036   754.1208863930073
0.15563474126517718   689.0003926865126   714.2313057527806
0.16019724315257297   647.794021279083   675.9088782685817
0.1648934968186736   609.9549823783614   640.6287539628329
0.1697274232565544   576.9405678500831   609.5072311884205
0.17470305840495237   549.3716646870278   582.9019475458665
0.17982455651794954   526.7709606057658   560.3118390507004
0.18509619363343993   507.7637327457295   540.5901131905795
0.19052237114327647   490.56365713690116   522.2750514543536
0.19610761946807834   473.33402082552857   503.9620397681017
0.20185660183976684   454.4389195379966   484.49050332443693
0.20777411819498756   432.92684624881656   463.24712474910154
0.21386510918267082   409.06337290277787   440.59340256662733
0.22013466028907505   384.2293954912582   417.5438023431192
0.22658800608375756   360.1982038392229   395.4045316004177
0.23323053459001789   338.5196213611638   375.17097352016043
0.2400677917834628   320.14629688033637   357.46705408115145
0.24710548622244882   305.0557290547118   342.0869842657436
0.25434949381426813   292.2095482086076   328.3118971418006
0.2618058627210567   280.0687867632444   315.11363738230943
0.2694808184095226   267.23867748416683   301.6335492063369
0.27738076884870827   253.04646095245096   287.59263146867704
0.2855123098601282   237.99189907541088   273.3333856796924
0.29388223062474755   223.24209633537643   259.5469143810841
0.3024975193514008   209.89722846343503   246.8282911844935
0.31136536911138296   198.51220837058898   235.42995173028194
0.3204931838440838   188.75665511920351   225.04815294466752
0.32988858453867975   179.66125329125308   215.20666291208843
0.3395594155970457   170.36574347236842   205.50017465441218
0.34951375138319807   160.6108295750921   195.7765717314795
0.3597599029647371   150.85644526328463   186.3422008914206
0.37030642505191835   141.83162668514868   177.48836640647548
0.3811621231401457   133.8693951205853   169.31218916302163
0.3923360608618501   126.7385064889036   161.66943321903557
0.4038375675538918   119.9065617039071   154.36237651066998
0.41567624604680364   113.03223969712691   147.24330836734674
0.42786198068238046   106.24573428220117   140.37799121278468
0.4404049455663077   99.90141319677441   133.89382483114807
0.4533156130627191   94.15242735059799   127.80282689139077
0.4666047625377753   88.8324866340085   122.04433386524698
0.4802834893595659   83.68936368317567   116.5320955295165
0.49436321416184764   78.677673095403   111.24463598372807
0.5088556923793517   73.94274381742952   106.22356775120447
0.5237730240626238   69.5688497785122   101.48105191343855
0.5391276639805903   65.47557344199699   96.97677338450876
0.5549324320192869   61.55666302626814   92.6828360033727
0.5712005238854289   57.81834538291866   88.59147494875783
0.5879455221237613   54.31685077169915   84.70981440696596
0.6051814074573895   51.040940887642826   81.02798046943752
0.622922570460556   47.93789605675252   77.52326498485266
0.6411838235736077   44.99610524868962   74.18758812434433
0.6599804134701901   42.23290670783224   71.02089035627351
0.6793280337869897   39.63770908972591   68.01287071723434
0.6992428382266549   37.18727048998739   65.15054794094632
0.7197414540448374   34.87694309647316   62.43057107903594
0.7408409959326054   32.70435954446698   59.844567957817155
0.7625590803058332   30.661616674434832   57.3855251580903
0.7849138400134885   28.740858080490526   55.046905203885
0.8079239394770964   26.934740979061118   52.82251849694363
0.8316085902740278   25.236402725965085   50.70650234693148
0.8559875671776167   23.639618894001977   48.69317380965375
0.8810812246675007   22.13880160380836   46.776975366133584
0.9069105139239728   20.72865149898342   44.95266242737817
0.9334970003205227   19.404121426429143   43.21530001768673
0.960862881429187   18.16040783071099   41.56024312806475
0.9890310055537336   16.99294214732436   39.98311839558557
1.0180248908061487   15.897382227085682   38.47980701427783
1.047868744742366   14.86959878182994   37.04640302222388
1.0785874845736239   13.905633867283122   35.679020315205484
1.1102067579703248   13.001723669363816   34.373916653121434
1.1427529644757777   12.154311569874091   33.12759032006487
1.1762532775476793   11.360037938499339   31.936763763776405
1.210735667245765   10.615730205126424   30.798367754793144
1.246228923584555   9.918393363159893   29.70952677087153
1.2827626805706884   9.265200898563412   28.667545248149516
1.3203674409449337   8.65348838563824   27.66982487452007
1.3590746016495152   8.080747371026176   26.713771793411663
1.3989164800420282   7.544611845967032   25.79694604282219
1.4399263408778291   7.042850132185168   24.917074263174083
1.4821384240834183   6.573357976931569   24.07203746101957
1.525587973344019   6.134151948116932   23.259859787258502
1.5703112655292182   5.7233631206659865   22.478698237771457
1.6163456409812174   5.339230925604581   21.726829249148235
1.6637295346910133   4.980095838896397   21.002586181308622
1.7125025083885144   4.644394805409283   20.304373305878393
1.7627052835733923   4.330657466867558   19.630706424072702
1.814379775514258   4.03750108413249   18.980206203006354
1.8675691282445197   3.7636256725765485   18.351590870305223
1.922317750584177   3.507809380729051   17.74366949924984
1.9786713532176083   3.268904102015051   17.155335828849555
2.0366769868582977   3.0458310835589693   16.585549371458985
2.0963830815323896   2.8375764472149587   16.03329572877229
2.1578394870138577   2.6431882871542527   15.497626033369967
2.2210975144450407   2.461773305759204   14.977664941047077
2.286209979177315   2.292493399300721   14.472605800415263
2.3532312448676476   2.1345624280158626   13.981706180198396
2.4222172688678643   1.9872431616903854   13.504283717392289
2.4932256489445366   1.8498444216814598   13.039714902999663
2.5663156713684585   1.721719227280167   12.58751355502546
2.641548360413907   1.602262080283239   12.147329753474326
2.7189865293089923   1.4909053193603803   11.718839883681216
2.798694832679631   1.3871168354576806   11.30173875453368
2.8807398205309562   1.2903979806904162   10.895738382256008
2.9651899938111903   1.2002815892198415   10.500566830271081
3.05211586160442   1.1163301049970598   10.115967102013466
3.1415899999999994   1.038133210522317   9.741676991936357
