0.01   9365.561599608009   9362.962404533337
0.010293154462191829   9503.725947543015   9500.871384861128
0.010594902878253955   9639.86045008968   9636.72614547379
0.010905497183778876   9773.689816608407   9770.249400299284
0.011225196699963396   9904.919033655404   9901.14370240854
0.011554268350120923   10033.238806653482   10029.09704846129
0.011892986882540897   10158.333625931284   10153.791188791363
0.012241635099881474   10279.876340206987   10274.896151098224
0.012600504095286909   10397.522939168715   10392.064975736863
0.012969893495426888   10510.923826058948   10504.94511990495
0.013350111710660605   10619.723825431882   10613.178387323022
0.013741476192534558   10723.548531762843   10716.386601331933
0.014144313698828986   10822.014689613326   10814.182442675856
0.01455896056637426   10914.738612756224   10906.178229147985
0.014985762991865008   11001.328481601193   10991.977791717727
0.01542507732090645   11081.381765882259   11071.173729905915
0.015877270345534218   11154.499151627402   11143.361982306995
0.016342719610456153   11220.284371296379   11208.141503859406
0.016821813728271667   11278.333445034117   11265.102532777217
0.017314952703931925   11328.247467488307   11313.840294312415
0.017822548268711737   11369.63965218309   11353.962481409444
0.01834502422397195   11402.131991042022   11385.085219646407
0.018882816794999403   11425.357338393354   11406.835178853851
0.019436374995219892   11438.968012408512   11418.859066599414
0.02000616100108813   11442.639802215548   11420.827712760332
0.020592650537967844   11436.077391179935   11412.44143654779
0.021196333277324068   11419.013938021928   11393.429877839684
0.02181771324555934   11391.214043363905   11363.555136289944
0.022457309244835088   11352.495783914748   11322.634403876244
0.02311565528622961   11302.728261510896   11270.53744776578
0.023793301035594242   11241.81712516491   11207.171756520822
0.024490812272480036   11169.728596238985   11132.507941583603
0.025208771362518027   11086.527005973325   11046.619386293343
0.0259477777436476   10992.32372647022   10949.628076111072
0.02670844842659881   10887.276728735533   10841.703931707061
0.027491418510046592   10771.676642788918   10723.15453250986
0.028297341710866907   10645.902323696831   10594.378547624696
0.029126890909937666   10510.361600900264   10455.803782808054
0.029980758713939952   10365.567187694955   10307.965252659102
0.030859658033628758   10212.201560260228   10151.571728750325
0.031764322679055976   10050.96996729688   9987.354094482605
0.03269550797224261   9882.606844657346   9816.071309710916
0.033653991377811755   9708.044829741126   9638.68087719526
0.03464057315210884   9528.280081038032   9456.202387096775
0.03565607701135116   9344.276282864137   9269.620405623591
0.036701350819364466   9157.098534585526   9080.018044970579
0.03777726729548091   8967.956221437604   8888.619422772337
0.038884724743189276   8777.998706926319   8696.585560217207
0.04002464780014597   8588.308860394724   8505.004933579918
0.041197988210172884   8399.949587878291   8314.927712870473
0.04240572561788674   8213.917945671623   8127.332328609403
0.04364886838662332   8031.136760668909   7943.121649257899
0.04492845444033957   7852.711968368142   7763.354228468165
0.04624555213019635   7679.928217057119   7589.240385073169
0.04760126112654554   7513.963728854208   7421.886654068383
0.04899671333706607   7355.5961337121735   7262.004991066662
0.05043307385181555   7204.840807703314   7109.55436348854
0.05191154191598653   7061.603739408372   6964.388924461402
0.053433351931179485   6925.61371328332   6826.194514047548
0.05499977448602865   6796.178438634475   6694.252755514831
0.05661211741704101   6672.579640326412   6567.824458250677
0.05827172690053434   6553.87056731378   6445.968482607563
0.05997998857658587   6438.805471358937   6327.478148640936
0.06173832870592997   6326.140646234377   6211.161977478072
0.0635482153607709   6214.343244284009   6095.608852736783
0.06541115965050462   6101.824852809927   5979.380294694521
0.06732871698337338   5986.824590800004   5860.942135840041
0.06930248836510605   5867.391058136664   5738.653109248888
0.07133412173562886   5741.641505237177   5610.974979489899
0.07342531334496233   5607.699029267743   5476.451840730583
0.07557780916945323   5464.021848449344   5333.958592338725
0.07779340636952398   5309.6500567024905   5182.97134786718
0.08007395479015682   5144.24812833765   5023.489413884418
0.08242135850536496   4968.5295359440115   4856.384315739355
0.08483757740794096   4783.967045593148   4683.14595052448
0.08732462884580919   4592.989312466722   4506.064255087816
0.08988458930634863   4398.551683589041   4327.743992218918
0.09251959615009227   4203.98849099545   4150.9756897292
0.09523184939525078   4012.9011696113103   3978.5945511023215
0.09802361355455057   3828.694481196969   3813.2082486548334
0.10089721952591899   3654.7235978582194   3657.226912877307
0.10385506653859616   3493.9321809644166   3512.6603910148674
0.10689962415629803   3348.606153631197   3380.7364343709655
0.11003343433910281   3220.1474908571386   3262.032184647275
0.11325911356578279   3108.489457330541   3156.1718076797342
0.11657935501835284   3012.1575913240845   3061.691016998412
0.11999693083066039   2928.1655121910508   2975.9624038898482
0.12351469440289359   2852.309655878875   2895.841308876763
0.12713558278394044   2779.8185493455107   2818.0311549621943
0.13086261912358757   2705.757541579294   2739.3088599783746
0.13469891519660646   2625.7610848239287   2656.9239888412662
0.13864767400083483   2536.5762034036766   2569.327725052623
0.14271219243142114   2436.629308539015   2476.4915479973706
0.14689586403346616   2326.503954910689   2378.8292976424154
0.1512021818353596   2208.835122275797   2278.3828460595496
0.15563474126517718   2087.8915880944514   2178.1107749253515
0.16019724315257297   1968.9491407699338   2080.9208254595055
0.1648934968186736   1857.5519051617644   1989.796995726376
0.1697274232565544   1758.5196508129513   1906.8224208836468
0.17470305840495237   1674.662372263839   1832.754377592403
0.17982455651794954   1605.8069218689184   1767.3180429442668
0.18509619363343993   1548.8749786198675   1708.0159467336498
0.19052237114327647   1498.9607306675273   1652.3041500086883
0.19610761946807834   1450.5398896956822   1597.9101244325507
0.20185660183976684   1398.3603331633494   1542.4608947714648
0.20777411819498756   1338.685232339813   1484.8081920508657
0.21386510918267082   1270.9666848849329   1425.9445727846162
0.22013466028907505   1198.3336309093422   1366.711363956736
0.22658800608375756   1126.0060695512134   1309.248232011231
0.23323053459001789   1059.186184265568   1255.3138059195353
0.2400677917834628   1001.634235535593   1205.8577490557304
0.24710548622244882   954.4263719640053   1160.7886906577837
0.25434949381426813   915.3187351662904   1118.953424808666
0.2618058627210567   879.7925136033954   1078.9910695627057
0.2694808184095226   843.0422427132191   1039.5145679374998
0.27738076884870827   802.0226357373978   1000.1913897990864
0.2855123098601282   757.1046181578936   961.3628894971922
0.29388223062474755   711.611284224051   923.7121783413802
0.3024975193514008   669.4209060453063   888.0473287096545
0.31136536911138296   633.1488516640554   854.645846483929
0.3204931838440838   602.6979066970634   823.2351843330439
0.32988858453867975   575.3101234694328   793.282563050425
0.3395594155970457   547.7291309667999   764.389444645732
0.34951375138319807   518.3127414089208   736.0889665856467
0.3597599029647371   487.93733197165045   708.7398485731774
0.37030642505191835   459.1060811728642   682.6480266875182
0.3811621231401457   433.61837818417195   657.953785678808
0.3923360608618501   411.2686997852727   634.4635365488036
0.4038375675538918   390.33084745838005   611.9977325726608
0.41567624604680364   369.1806971887878   590.2879702837521
0.42786198068238046   347.78403622677763   569.3530810905171
0.4404049455663077   327.3853022219542   549.3397950806807
0.4533156130627191   308.93468795366624   530.2601793378784
0.4666047625377753   292.15123408827765   512.075524959344
0.4802834893595659   276.02658461818976   494.6508710483863
0.49436321416184764   260.0998915055864   477.8376820878359
0.5088556923793517   244.8092038645801   461.69552885271685
0.5237730240626238   230.6909164086426   446.31322892514277
0.5391276639805903   217.6052404709454   431.5988665806146
0.5549324320192869   205.0746633646501   417.46791735231244
0.5712005238854289   192.9856344888911   403.8546400176946
0.5879455221237613   181.59701308344285   390.80740229325505
0.6051814074573895   170.9843690575527   378.32658136721506
0.622922570460556   160.93923580622968   366.32810837784734
0.6411838235736077   151.35233963526073   354.7644687785842
0.6599804134701901   142.31087580203757   343.6636767446907
0.6793280337869897   133.82434015818563   332.9967915315397
0.6992428382266549   125.81328590441106   322.72775408091815
0.7197414540448374   118.24367668748022   312.8360764242973
0.7408409959326054   111.0950915017233   303.3011329720773
0.7625590803058332   104.34867411106676   294.1034275651163
0.7849138400134885   97.98592812841424   285.22471431507034
0.8079239394770964   91.98876545144023   276.6479139237542
0.8316085902740278   86.33954724858921   268.3570364015461
0.8559875671776167   81.02074560012555   260.3366267336063
0.8810812246675007   76.01426021713841   252.57066329414582
0.9069105139239728   71.30266241831457   245.0439355860509
0.9334970003205227   66.86944549525039   237.7423290948669
0.960862881429187   62.69897854334628   230.65275395759588
0.9890310055537336   58.77646248371845   223.76307945656714
1.0180248908061487   55.087888177017405   217.0620737659499
1.047868744742366   51.620012205675884   210.53932192447223
1.0785874845736239   48.360442113619584   204.18495416044283
1.1102067579703248   45.29749716608859   197.98974210858248
1.1427529644757777   42.42008618955993   191.9452045911822
1.1762532775476793   39.717682033710325   186.04356554109384
1.210735667245765   37.18029768255811   180.27771326695884
1.246228923584555   34.79846300527854   174.64116239859484
1.2827626805706884   32.563201698746376   169.12802558405204
1.3203674409449337   30.465990509080054   163.73329287779035
1.3590746016495152   28.49873725957773   158.4528673871765
1.3989164800420282   26.653789393239702   153.28308154322625
1.4399263408778291   24.923914518650836   148.22063872076998
1.4821384240834183   23.302279595967295   143.262590521339
1.525587973344019   21.78243099008056   138.4063148492014
1.5703112655292182   20.358275366772553   133.6494947013427
1.6163456409812174   19.024061775213298   128.99044454373305
1.6637295346910133   17.77436492898265   124.42889884666621
1.7125025083885144   16.604067196416917   119.96487861549839
1.7627052835733923   15.508342359966242   115.59838474989934
1.814379775514258   14.482640426968494   111.32939300114859
1.8675691282445197   13.522673127478676   107.15784917973508
1.922317750584177   12.624400075826145   103.08366462363855
1.9786713532176083   11.784015118789595   99.10678070517325
2.0366769868582977   10.997929868879861   95.22778112061604
2.0963830815323896   10.262764860476624   91.4474827819335
2.1578394870138577   9.575341057488266   87.76648072258516
2.2210975144450407   8.93266873897269   84.18515109138309
2.286209979177315   8.331936910374298   80.70366051554198
2.3532312448676476   7.770503256887059   77.32197568147313
2.4222172688678643   7.245884692089933   74.03988192362927
2.4932256489445366   6.75575198437133   70.85742390024086
2.5663156713684585   6.297921568828264   67.77501765486807
2.641548360413907   5.870341444404169   64.79278510056055
2.7189865293089923   5.471083384930546   61.9105234342321
2.798694832679631   5.098336015286526   59.1277307519358
2.8807398205309562   4.750398231344429   56.44363120541418
2.9651899938111903   4.425672950078851   53.8571995686599
3.05211586160442   4.122656633065783   51.366992484321116
3.1415899999999994   3.8399231435767347   48.97069262511277
