0.01   1368.8341034237753   1368.7924197162504
0.010293154462191829   1386.7078169686943   1386.6656653591817
0.010594902878253955   1404.187814562532   1404.1451746494085
0.010905497183778876   1421.234035070474   1421.1909888298287
0.011225196699963396   1437.8056762341118   1437.7624050923805
0.011554268350120923   1453.8593996961242   1453.816073568216
0.011892986882540897   1469.3498349363742   1469.3065228841865
0.012241635099881474   1484.231164747302   1484.187828139217
0.012600504095286909   1498.4567460201615   1498.4132793430879
0.012969893495426888   1511.9783126631519   1511.9346611260416
0.013350111710660605   1524.747348071819   1524.703529379291
0.013741476192534558   1536.7152956100335   1536.6713966474904
0.014144313698828986   1547.831565862645   1547.787679185432
0.01455896056637426   1558.0445708736315   1558.000753355497
0.014985762991865008   1567.303399978332   1567.2596710036062
0.01542507732090645   1575.5573337181481   1575.5136777483813
0.015877270345534218   1582.7552120126722   1582.7115855525944
0.016342719610456153   1588.8471070730802   1588.8034393433336
0.016821813728271667   1593.784625102786   1593.7408216436088
0.017314952703931925   1597.5196844772813   1597.4756594043868
0.017822548268711737   1600.0056411402322   1599.9613342031491
0.01834502422397195   1601.1984781102376   1601.153854774091
0.018882816794999403   1601.057163300034   1601.012161008076
0.019436374995219892   1599.5439927445652   1599.4984265645892
0.02000616100108813   1596.6248717636568   1596.578426185321
0.020592650537967844   1592.269927117135   1592.2221824733208
0.021196333277324068   1586.4555723453504   1586.406170823157
0.02181771324555934   1579.1635489970229   1579.1122639122098
0.022457309244835088   1570.3803746914346   1570.3271087596456
0.02311565528622961   1560.1012583951951   1560.0459683199158
0.023793301035594242   1548.3318126989823   1548.2744029714672
0.024490812272480036   1535.0830243504108   1535.0233416636925
0.025208771362518027   1520.3729846854608   1520.3108615125145
0.0259477777436476   1504.2360873896573   1504.1715612647006
0.02670844842659881   1486.7149295798336   1486.6483081521371
0.027491418510046592   1467.8565724151174   1467.788418355315
0.028297341710866907   1447.7251544971023   1447.6562117012415
0.029126890909937666   1426.4031714554962   1426.3342824671647
0.029980758713939952   1403.975475445932   1403.907566268027
0.030859658033628758   1380.5330067288226   1380.4671223068908
0.031764322679055976   1356.189012061666   1356.12650346514
0.03269550797224261   1331.0606853460263   1331.0032338381811
0.033653991377811755   1305.263608337852   1305.2131785070687
0.03464057315210884   1278.9410825779898   1278.8996370411294
0.03565607701135116   1252.2599084892347   1252.22915385152
0.036701350819364466   1225.3782978483644   1225.3596852150363
0.03777726729548091   1198.4390285993843   1198.433922697525
0.038884724743189276   1171.5571985342258   1171.5674141404118
0.04002464780014597   1144.8356514213788   1144.8635215458817
0.041197988210172884   1118.3737612738694   1118.421980537357
0.04240572561788674   1092.335441061897   1092.4054125984467
0.04364886838662332   1066.927607867485   1067.0182830827341
0.04492845444033957   1042.339192767889   1042.4472742916796
0.04624555213019635   1018.7111467154626   1018.8319250330397
0.04760126112654554   996.0880337862192   996.217234170285
0.04899671333706607   974.4947981980652   974.628843897669
0.05043307385181555   953.9416399213831   954.0774216633914
0.05191154191598653   934.3594759143274   934.4931207422544
0.053433351931179485   915.6513757146685   915.7778059182317
0.05499977448602865   897.7197531528896   897.8327918225257
0.05661211741704101   880.4220554688687   880.5146197466589
0.05827172690053434   863.6033677244916   863.6675946678204
0.05997998857658587   847.1081875291296   847.1357640342599
0.06173832870592997   830.7517594495207   830.7348747006989
0.0635482153607709   814.3528683937878   814.2844915465895
0.06541115965050462   797.7057041569946   797.5811070543394
0.06732871698337338   780.581169446188   780.3994362382207
0.06930248836510605   762.7587751661855   762.5232109711098
0.07133412173562886   744.0065085958429   743.7260036721647
0.07342531334496233   724.1233910783747   723.8123211985976
0.07557780916945323   702.9807890108438   702.6589954669371
0.07779340636952398   680.5121813092677   680.2042393707308
0.08007395479015682   656.8011873260714   656.5346669578541
0.08242135850536496   632.0231522379321   631.8270248664105
0.08483757740794096   606.4887000541098   606.3907103331696
0.08732462884580919   580.5673642728775   580.592600677175
0.08988458930634863   554.6900040165353   554.8600678607
0.09251959615009227   529.2832827966095   529.6148424021516
0.09523184939525078   504.7666502260151   505.26823008453164
0.09802361355455057   481.5305396561515   482.1992693202195
0.10089721952591899   459.93030794959384   460.7495677501094
0.10385506653859616   440.2393820888261   441.1794671464802
0.10689962415629803   422.6535268495397   423.67215983360046
0.11003343433910281   407.18636922014065   408.2333858906103
0.11325911356578279   393.6964409492048   394.71799915496024
0.11657935501835284   381.81451739735667   382.76254337189124
0.11999693083066039   371.04890992180765   371.8870182949419
0.12351469440289359   360.79562865965994   361.50617030090876
0.12713558278394044   350.4631990245722   351.0518365359272
0.13086261912358757   339.5195805911146   340.0183789124841
0.13469891519660646   327.5780459604085   328.0430504614071
0.13864767400083483   314.4499927771922   314.9600134538142
0.14271219243142114   300.18301537654264   300.83266923560063
0.14689586403346616   285.07722099542354   285.9527453516444
0.1512021818353596   269.6119361062043   270.7829327159261
0.15563474126517718   254.3698697085439   255.87751109402535
0.16019724315257297   239.96215298110695   241.80389303767154
0.1648934968186736   226.9504794029537   229.07871975112008
0.1697274232565544   215.71130291572518   218.0338887900401
0.17470305840495237   206.2892339658741   208.69920722612045
0.17982455651794954   198.36045816387104   200.76072929437288
0.18509619363343993   191.3560990744983   193.6786297499892
0.19052237114327647   184.65371065616887   186.87718734063628
0.19610761946807834   177.69093023274078   179.85366819531507
0.20185660183976684   170.03629880031215   172.23796259361043
0.20777411819498756   161.54800312694212   163.907954049763
0.21386510918267082   152.5028645565004   155.1232287158538
0.22013466028907505   143.46390337510155   146.398271053575
0.22658800608375756   134.99638484521174   138.22775612881694
0.23323053459001789   127.50356467726283   130.95249802488556
0.2400677917834628   121.14500685025862   124.69658560226895
0.24710548622244882   115.74759927235486   119.28193238553185
0.25434949381426813   110.86870741395929   114.33005865033667
0.2618058627210567   106.02261132433587   109.4280669678983
0.2694808184095226   100.84999430858498   104.27613047874823
0.27738076884870827   95.31639624994068   98.87101585713343
0.2855123098601282   89.71555901050158   93.45118081871476
0.29388223062474755   84.4339102284626   88.33876131186847
0.3024975193514008   79.73224569799962   83.73363581387098
0.31136536911138296   75.65455822387406   79.658586347623
0.3204931838440838   71.98312827994188   75.92905835800111
0.32988858453867975   68.40396410035669   72.30238303962702
0.3395594155970457   64.73757565210637   68.64791727550893
0.34951375138319807   61.01442932731751   64.98939389206893
0.3597599029647371   57.43397097053681   61.484670810749144
0.37030642505191835   54.17616433409464   58.25898173721726
0.3811621231401457   51.248669813231444   55.30795507920806
0.3923360608618501   48.525094860399676   52.538369717092046
0.4038375675538918   45.86155117471462   49.84835597065094
0.41567624604680364   43.223158851752366   47.217165192045414
0.42786198068238046   40.69201335745836   44.70168138584349
0.4404049455663077   38.350398095715214   42.35287500050647
0.4533156130627191   36.192356604618084   40.159826914230464
0.4666047625377753   34.14793947652597   38.077147207160955
0.4802834893595659   32.16994598436428   36.07645553758489
0.49436321416184764   30.274350184208725   34.16496850368797
0.5088556923793517   28.4994233908383   32.36481037680332
0.5237730240626238   26.84237570219468   30.670294472770433
0.5391276639805903   25.27231503005238   29.061872828513707
0.5549324320192869   23.773176558897855   27.530218825507877
0.5712005238854289   22.355489780187153   26.079006756655538
0.5879455221237613   21.025323416904786   24.709220217820366
0.6051814074573895   19.770911047729648   23.41286093620092
0.622922570460556   18.581893678318032   22.183025453472624
0.6411838235736077   17.45907549269891   21.018687722415265
0.6599804134701901   16.40284467644454   19.918235011195804
0.6793280337869897   15.406684391726676   18.877188467942553
0.6992428382266549   14.46677728549731   17.891325249587002
0.7197414540448374   13.581089403924917   16.958942716484508
0.7408409959326054   12.746762483888363   16.077267679498238
0.7625590803058332   11.96102118801303   15.24359219294042
0.7849138400134885   11.221226146931647   14.455343395176106
0.8079239394770964   10.524868238469024   13.710077799399878
0.8316085902740278   9.869563045225753   13.005475728121395
0.8559875671776167   9.2530463003939   12.339337411292512
0.8810812246675007   8.67317660754523   11.70959276323762
0.9069105139239728   8.127924719976702   11.114286431299195
0.9334970003205227   7.615362340453658   10.551561024904673
0.960862881429187   7.133657864784986   10.019652875158336
0.9890310055537336   6.681072342603575   9.516888082741588
1.0180248908061487   6.255955545894077   9.041678655064395
1.047868744742366   5.856742146938556   8.592518737182639
1.0785874845736239   5.4819471557508415   8.167976694991204
1.1102067579703248   5.13016088196021   7.7666839143237985
1.1427529644757777   4.800048112805696   7.387344071599964
1.1762532775476793   4.490345191524064   7.028732186462577
1.210735667245765   4.199856625169695   6.689690935715803
1.246228923584555   3.927451820696991   6.369127131861957
1.2827626805706884   3.6720619468870233   6.066008361498684
1.3203674409449337   3.432676908004602   5.779359235881459
1.3590746016495152   3.208342212280319   5.508246896741683
1.3989164800420282   2.9981562753909095   5.251780805600461
1.4399263408778291   2.801268037733845   5.0091229314786565
1.4821384240834183   2.6168744074092536   4.779485124048484
1.525587973344019   2.444217801528045   4.5621260903248535
1.5703112655292182   2.282583795316459   4.356348555475814
1.6163456409812174   2.131298875645788   4.161496596679199
1.6637295346910133   1.9897282112517949   3.9769504536559164
1.7125025083885144   1.8572733026068293   3.802113991629159
1.7627052835733923   1.7333704196652402   3.6364239695294005
1.814379775514258   1.6174888753574768   3.479352454312547
1.8675691282445197   1.5091292274613792   3.3304044674651614
1.922317750584177   1.407821567923349   3.189115794860386
1.9786713532176083   1.3131238962073666   3.055050950170282
2.0366769868582977   1.2246205696370782   2.9278010640140986
2.0963830815323896   1.1419206311259251   2.8069695667322363
2.1578394870138577   1.0646563748881355   2.6921662102602775
2.2210975144450407   0.992482374695976   2.583026020105085
2.286209979177315   0.9250742374578756   2.479209124847395
2.3532312448676476   0.8621273919310855   2.3803988543454606
2.4222172688678643   0.8033559420577125   2.286299995080285
2.4932256489445366   0.7484915818488715   2.19663718867233
2.5663156713684585   0.6972826288053556   2.111153135492948
2.641548360413907   0.6494934694990101   2.029604857609581
2.7189865293089923   0.60490325551723   1.9517642516292029
2.798694832679631   0.5633047584197783   1.8774184738728732
2.8807398205309562   0.5245035807421187   1.806368830183481
2.9651899938111903   0.4883174106885092   1.738429743189573
3.05211586160442   0.4545753161554679   1.673427802461122
3.1415899999999994   0.4231170746031148   1.6112008707724241
