0.01   3712.071416199434   3711.986581336576
0.010293154462191829   3756.4500276225713   3756.3645810234675
0.010594902878253955   3799.5926860044983   3799.5067919028015
0.010905497183778876   3841.386283775369   3841.300039335965
0.011225196699963396   3881.7163755395572   3881.629806834895
0.011554268350120923   3920.464470597049   3920.3775481519856
0.011892986882540897   3957.505894784376   3957.4185644603976
0.012241635099881474   3992.714932562494   3992.6271181986135
0.012600504095286909   4025.9647271102417   4025.876330303418
0.012969893495426888   4057.122125873806   4057.0330272100155
0.013350111710660605   4086.052161269123   4085.9622207737293
0.013741476192534558   4112.620935932046   4112.529993038235
0.014144313698828986   4136.691500495056   4136.599372332642
0.01455896056637426   4158.123467514834   4158.029946978133
0.014985762991865008   4176.77908548805   4176.683941593545
0.01542507732090645   4192.522367794883   4192.42530937752
0.015877270345534218   4205.214150732026   4205.114682459223
0.016342719610456153   4214.718637430549   4214.616024330941
0.016821813728271667   4220.905830819974   4220.799100000522
0.017314952703931925   4223.6477213611115   4223.53567273556
0.017822548268711737   4222.820197842866   4222.70141567974
0.01834502422397195   4218.307974995518   4218.180836002909
0.018882816794999403   4210.004601957553   4209.867294931971
0.019436374995219892   4197.811779346476   4197.662341420817
0.02000616100108813   4181.6427329387825   4181.479067687386
0.020592650537967844   4161.4239755343   4161.24385229097
0.021196333277324068   4137.099155494769   4136.900069837476
0.02181771324555934   4108.628329522094   4108.407442905843
0.022457309244835088   4075.987026166117   4075.7412008301935
0.02311565528622961   4039.174248049095   4038.9004104583173
0.023793301035594242   3998.2176882243025   3997.913399830783
0.024490812272480036   3953.1623976726123   3952.8259075907886
0.025208771362518027   3904.0750622266764   3903.7053500662105
0.0259477777436476   3851.0688634473663   3850.6659080776803
0.02670844842659881   3794.281976580004   3793.8468162373442
0.027491418510046592   3733.86683162388   3733.40152274195
0.028297341710866907   3670.022489035796   3669.5304808090755
0.029126890909937666   3602.995345788203   3602.481863552611
0.029980758713939952   3533.0387285750335   3532.510640429
0.030859658033628758   3460.4308624527357   3459.8966366579643
0.031764322679055976   3385.528578730645   3384.9985659683957
0.03269550797224261   3308.697867008646   3308.1841635559676
0.033653991377811755   3230.29711214428   3229.8132980590203
0.03464057315210884   3150.738179226758   3150.2990156603832
0.03565607701135116   3070.461396255165   3070.082548988082
0.036701350819364466   2989.8792697044687   2989.577084221661
0.03777726729548091   2909.4286335703428   2909.2194305410026
0.038884724743189276   2829.6380394828084   2829.536822355813
0.04002464780014597   2751.003694817376   2751.0240396819563
0.041197988210172884   2673.9625082941   2674.116506713688
0.04240572561788674   2598.8365629909267   2599.1335608719673
0.04364886838662332   2525.875979204566   2526.3221625307506
0.04492845444033957   2455.3008838471915   2455.8995840975226
0.04624555213019635   2387.4509759476496   2388.1994236193837
0.04760126112654554   2322.8566385150516   2323.741099054927
0.04899671333706607   2262.0055944042883   2263.0022166383405
0.05043307385181555   2205.1906448543436   2206.267531554962
0.05191154191598653   2152.162862037312   2153.2841210548077
0.053433351931179485   2102.5767215273418   2103.7034951449496
0.05499977448602865   2056.101225455446   2057.191086135337
0.05661211741704101   2012.3778442620694   2013.3820808110777
0.05827172690053434   1971.0626848146298   1971.9260592369378
0.05997998857658587   1931.7516724537422   1932.4154690317546
0.06173832870592997   1893.9011816912257   1894.3086030634113
0.0635482153607709   1856.9743281459032   1857.0719330404486
0.06541115965050462   1820.3239391072   1820.070399872159
0.06732871698337338   1783.258842926909   1782.6300778549908
0.06930248836510605   1745.0556950333773   1744.050805505031
0.07133412173562886   1704.9073378650792   1703.5586013357097
0.07342531334496233   1662.0797092949033   1660.4565153745257
0.07557780916945323   1615.9355354916602   1614.157925884891
0.07779340636952398   1566.0066598884796   1564.24034081898
0.08007395479015682   1512.188426421098   1510.6283586808775
0.08242135850536496   1454.6273242165169   1453.4890301267544
0.08483757740794096   1393.9018019029927   1393.4212982521929
0.08732462884580919   1330.808072850293   1331.2271436722
0.08988458930634863   1266.4277221835878   1267.9673841548226
0.09251959615009227   1201.9258540824376   1204.7747713329804
0.09523184939525078   1138.5344145841061   1142.8391017916945
0.09802361355455057   1077.5284361856077   1083.3594911258795
0.10089721952591899   1020.0963565785881   1027.437910105036
0.10385506653859616   967.3307107439732   976.0723301367873
0.10689962415629803   920.1507640311272   930.0911723298909
0.11003343433910281   879.0541115039223   889.8948260097105
0.11325911356578279   844.1774657166828   855.5429954118304
0.11657935501835284   814.9972072803329   826.5047481914293
0.11999693083066039   790.5849247953685   801.8726399304026
0.12351469440289359   769.5346076371047   780.2917646076157
0.12713558278394044   750.2180950989207   760.260351706732
0.13086261912358757   730.9278824432993   740.2434271351498
0.13469891519660646   710.0462792120223   718.7998636535518
0.13864767400083483   686.2942302355431   694.8457800642776
0.14271219243142114   658.9133596940597   667.7800019604084
0.14689586403346616   627.850989434713   637.6112793012635
0.1512021818353596   593.7830752953778   605.0656030715862
0.15563474126517718   557.9832387461669   571.2916947268974
0.16019724315257297   522.162032912705   537.7423555285678
0.1648934968186736   488.2501614480658   506.0830705290432
0.1697274232565544   458.051324137674   477.77050497540733
0.17470305840495237   432.7317319697275   453.6681156660031
0.17982455651794954   412.46446713552484   433.88338343159165
0.18509619363343993   396.4773379854009   417.6085195539749
0.19052237114327647   383.38616028935587   403.64647814441787
0.19610761946807834   371.4793869369163   390.6405808555296
0.20185660183976684   358.9084466627654   377.1229802093955
0.20777411819498756   344.1339119741343   361.94744890448226
0.21386510918267082   326.6046903126307   344.8230246669684
0.22013466028907505   307.00111387633507   326.35094434907495
0.22658800608375756   286.78487321887644   307.67019512310225
0.23323053459001789   267.62976592576774   290.03433726652696
0.2400677917834628   250.98296125388785   274.41648702254764
0.24710548622244882   237.53832557374864   261.2408767694236
0.25434949381426813   226.95054947451075   250.16760598588078
0.2618058627210567   218.0171217709294   240.27808975928824
0.2694808184095226   209.2152034976617   230.57816956101576
0.27738076884870827   199.29788457283533   220.27079089900144
0.2855123098601282   187.99775155438624   209.24770710569925
0.29388223062474755   176.03514253641657   198.02407667002464
0.3024975193514008   164.55235805631986   187.363824634108
0.31136536911138296   154.57294523275118   177.76373074718836
0.3204931838440838   146.4054036007711   169.4054850861053
0.32988858453867975   139.47294170547008   161.85591730737755
0.3395594155970457   132.82128387934117   154.59581305629877
0.34951375138319807   125.72129929999352   147.24326709327568
0.3597599029647371   118.13252130523362   139.81790259593504
0.37030642505191835   110.6656430256534   132.67276055450253
0.3811621231401457   103.96044550275224   126.07746665206216
0.3923360608618501   98.20173427202448   120.06163603097252
0.4038375675538918   93.0443855283041   114.46989119336335
0.41567624604680364   87.95887133658331   109.05112190808381
0.42786198068238046   82.74144479911055   103.72876963296234
0.4404049455663077   77.62832691973591   98.62024210648381
0.4533156130627191   72.94922442121187   93.83626024607673
0.4666047625377753   68.77325243921659   89.38353207752378
0.4802834893595659   64.87479909980243   85.16693268190048
0.49436321416184764   61.04452974387483   81.10896456778507
0.5088556923793517   57.30856424769341   77.22031735580335
0.5237730240626238   53.82568987280719   73.54999600231785
0.5391276639805903   50.63595535269385   70.0951559540542
0.5549324320192869   47.63352351541188   66.81468947549791
0.5712005238854289   44.73792973553047   63.68336677945327
0.5879455221237613   41.987054169452854   60.70835590088237
0.6051814074573895   39.42928127411439   57.89680003994412
0.622922570460556   37.03505690492422   55.2329103264905
0.6411838235736077   34.75826542451926   52.698014597373856
0.6599804134701901   32.60487003679604   50.29208927039366
0.6793280337869897   30.588539067115754   48.01359385709889
0.6992428382266549   28.691871926645298   45.85201849886873
0.7197414540448374   26.905830007118077   43.80038228803908
0.7408409959326054   25.224660065189852   41.85310219455534
0.7625590803058332   23.642844694569828   40.00486708719752
0.7849138400134885   22.15509804997724   38.250626192663645
0.8079239394770964   20.75636141222946   36.58557799230048
0.8316085902740278   19.44179830946357   35.00515943439148
0.8559875671776167   18.206785333846085   33.50502616638348
0.8810812246675007   17.046844357439014   32.0808905792237
0.9069105139239728   15.957665889133244   30.728565689455657
0.9334970003205227   14.935167543429912   29.44410664416866
0.960862881429187   13.975485387578566   28.22380059279393
0.9890310055537336   13.074963462873823   27.06415232526174
1.0180248908061487   12.230143724273374   25.961870838042145
1.047868744742366   11.437756387520357   24.913856765979425
1.0785874845736239   10.694711795779519   23.917170124251715
1.1102067579703248   9.998096061783574   22.968931884247777
1.1427529644757777   9.3451570829295   22.066404460233475
1.1762532775476793   8.733294241299433   21.207022861325655
1.210735667245765   8.160050949534886   20.388382827479603
1.246228923584555   7.62310749954116   19.608229806766854
1.2827626805706884   7.120274204360266   18.86444874899803
1.3203674409449337   6.6494848209337105   18.155054331062523
1.3590746016495152   6.208789497575344   17.478131438386605
1.3989164800420282   5.796348213160622   16.831781928100792
1.4399263408778291   5.4104267115388955   16.21422259127108
1.4821384240834183   5.049391127793016   15.623790228722655
1.525587973344019   4.711702639825149   15.058932782985298
1.5703112655292182   4.395912370261335   14.51820119451762
1.6163456409812174   4.100656529526832   14.000241918091714
1.6637295346910133   3.824651763188456   13.50378749686238
1.7125025083885144   3.5666903172943605   13.027608911498747
1.7627052835733923   3.3256360668336433   12.570523151620524
1.814379775514258   3.1004209827862472   12.131428170857374
1.8675691282445197   2.8900413280274866   11.709298202965602
1.922317750584177   2.6935540321312668   11.303178216643413
1.9786713532176083   2.510073252116551   10.912178826937565
2.0366769868582977   2.338767110970364   10.535471621308593
2.0963830815323896   2.178854479081456   10.172276924825907
2.1578394870138577   2.029601545345177   9.821826022950924
2.2210975144450407   1.8903196655730061   9.483391808383423
2.286209979177315   1.7603629727190955   9.156301180715213
2.3532312448676476   1.63912585030671   8.839931274399024
2.4222172688678643   1.5260405451257724   8.533705975905287
2.4932256489445366   1.420574912471062   8.237092715930528
2.5663156713684585   1.3222302901340945   7.949599688922003
2.641548360413907   1.230539918142888   7.670800608056645
2.7189865293089923   1.1450673312136197   7.400356393401531
2.798694832679631   1.06540361286568   7.137956109700703
2.8807398205309562   0.9911656407601205   6.883307900707857
2.9651899938111903   0.9219945511089719   6.636137788627694
3.05211586160442   0.8575542870889267   6.3961885426235074
3.1415899999999994   0.7975302272536883   6.163218611249675
