0.01   3357.49720084909   3357.342727675611
0.010293154462191829   3386.990123931121   3386.833891784955
0.010594902878253955   3414.8099761324916   3414.651553168605
0.010905497183778876   3440.8459916758693   3440.6852968988624
0.011225196699963396   3464.9880301102503   3464.8253391145468
0.011554268350120923   3487.123884348325   3486.9596175297133
0.011892986882540897   3507.1389050746466   3506.9733543761017
0.012241635099881474   3524.920269863491   3524.7535774277494
0.012600504095286909   3540.355720834824   3540.1879075798543
0.012969893495426888   3553.32699576664   3553.158101225161
0.013350111710660605   3563.7170494046186   3563.5471712016465
0.013741476192534558   3571.4129790091224   3571.2422687709113
0.014144313698828986   3576.300546884048   3576.129111026404
0.01455896056637426   3578.2652471818938   3578.093051934169
0.014985762991865008   3577.1991008884083   3577.025968602604
0.01542507732090645   3572.9988944832016   3572.824540220948
0.015877270345534218   3565.560621424149   3565.3847695918143
0.016342719610456153   3554.7879435900013   3554.6103531174604
0.016821813728271667   3540.5946220754668   3540.415072827496
0.017314952703931925   3522.8997673604836   3522.717850680353
0.017822548268711737   3501.630615958088   3501.4455884734916
0.01834502422397195   3476.727969840744   3476.5387637120443
0.018882816794999403   3448.1458217189934   3447.9511422536375
0.019436374995219892   3415.850293644441   3415.6488299606153
0.02000616100108813   3379.823507199281   3379.613973354119
0.020592650537967844   3340.0652944767508   3339.8464331253545
0.021196333277324068   3296.597466680611   3296.3679808843076
0.02181771324555934   3249.4622743390864   3249.2208007910117
0.022457309244835088   3198.720507209057   3198.465638705543
0.02311565528622961   3144.4604349282818   3144.190894505115
0.023793301035594242   3086.804234703354   3086.5191595588435
0.024490812272480036   3025.8922562443463   3025.59121522063
0.025208771362518027   2961.8860400751037   2961.5690665547545
0.0259477777436476   2894.9977593281487   2894.6656620817553
0.02670844842659881   2825.4646550611333   2825.119092405177
0.027491418510046592   2753.5323615790185   2753.175761949873
0.028297341710866907   2679.4901678940237   2679.125864950305
0.029126890909937666   2603.6785683344265   2603.3109846084435
0.029980758713939952   2526.434010125671   2526.0685141096133
0.030859658033628758   2448.1016825853553   2447.7444579925386
0.031764322679055976   2369.104134915172   2368.7621979056885
0.03269550797224261   2289.8636404228214   2289.5447032161806
0.033653991377811755   2210.7722927354007   2210.484569429592
0.03464057315210884   2132.261932197489   2132.0139125453047
0.03565607701135116   2054.7953761794583   2054.5956280109967
0.036701350819364466   1978.7832082200118   1978.6402607816829
0.03777726729548091   1904.615818988664   1904.537746844316
0.038884724743189276   1832.7488048029345   1832.7420557360915
0.04002464780014597   1763.5933322311705   1763.6626764238447
0.041197988210172884   1697.4903803941907   1697.6390999507867
0.04240572561788674   1634.7102806748196   1634.9393807116433
0.04364886838662332   1575.463296917233   1575.771073469785
0.04492845444033957   1519.9146362138013   1520.2971233430424
0.04624555213019635   1468.2270669241195   1468.6769874333436
0.04760126112654554   1420.6218783347406   1421.1252976089295
0.04899671333706607   1377.298206709073   1377.8348124305205
0.05043307385181555   1338.3560749572505   1338.90024758143
0.05191154191598653   1303.4193506891158   1303.9427060157032
0.053433351931179485   1271.966353408614   1272.4386422530222
0.05499977448602865   1243.5304668826439   1243.919481531304
0.05661211741704101   1217.6987550350066   1217.9700162794081
0.05827172690053434   1194.0992770512005   1194.2159211669498
0.05997998857658587   1172.3223140100301   1172.2461710210493
0.06173832870592997   1151.7525745838902   1151.4478392319174
0.0635482153607709   1131.7603436140598   1131.194664500548
0.06541115965050462   1111.5949347704473   1110.744460991946
0.06732871698337338   1090.390511528468   1089.2451183177923
0.06930248836510605   1067.3170073258786   1065.8827140336978
0.07133412173562886   1041.5492738221492   1039.854145513429
0.07342531334496233   1012.387352288659   1010.4821243364997
0.07557780916945323   979.4372493953107   977.3971287004568
0.07779340636952398   942.5382972820494   940.4601885706708
0.08007395479015682   901.9710501041751   899.967134533197
0.08242135850536496   858.2686237258483   856.4591230955439
0.08483757740794096   812.1879081261573   810.6916545095429
0.08732462884580919   764.6091142432172   763.5361942701861
0.08988458930634863   716.6400991919994   716.0848822001742
0.09251959615009227   669.4241150991656   669.4576003429879
0.09523184939525078   624.1632634790238   624.8211588564837
0.09802361355455057   582.0497027933885   583.3185686111351
0.10089721952591899   544.2008341128044   546.0117094718494
0.10385506653859616   511.3995870456225   513.6338622825984
0.10689962415629803   484.15246875667583   486.64542926952953
0.11003343433910281   462.42052711425436   464.9747100583811
0.11325911356578279   445.7935127041998   448.1881789342586
0.11657935501835284   433.3932214437584   435.42096707227245
0.11999693083066039   424.1092823849287   425.5935537997846
0.12351469440289359   416.5480535539012   417.36408065642337
0.12713558278394044   409.22023622520624   409.3239451333783
0.13086261912358757   400.6257334465023   400.0788109020805
0.13469891519660646   389.50521259585804   388.46758239202575
0.13864767400083483   375.03694217653634   373.77061382084077
0.14271219243142114   356.9628586148569   355.80996791630054
0.14689586403346616   335.6477109155731   334.9549519096542
0.1512021818353596   312.089289329889   312.17504405214015
0.15563474126517718   287.8533273311522   288.9291161969851
0.16019724315257297   264.81159533095746   266.90880699052417
0.1648934968186736   244.6488913428865   247.62610685625424
0.1697274232565544   228.33851319670316   231.89877199210355
0.17470305840495237   216.06060618977705   219.83345123219766
0.17982455651794954   207.4153261501983   211.02183993018625
0.18509619363343993   201.5289891701423   204.62783149542634
0.19052237114327647   197.0099554492047   199.39919063433666
0.19610761946807834   192.11910899388627   193.84280732472382
0.20185660183976684   185.4157444239228   186.74926795068987
0.20777411819498756   176.32689471433935   177.6693952611276
0.21386510918267082   165.13165102205224   166.9078134692319
0.22013466028907505   152.79026632683502   155.3219045369397
0.22658800608375756   140.72923699221062   144.09552269838622
0.23323053459001789   130.30491080094959   134.33763188639193
0.2400677917834628   122.24777206154101   126.57867835228343
0.24710548622244882   116.52324086920146   120.71640535853834
0.25434949381426813   112.3687655912942   116.12730244336105
0.2618058627210567   108.53276417799586   111.79599662476132
0.2694808184095226   103.94391972972085   106.90686522349999
0.27738076884870827   98.1858082092605   101.21781741429389
0.2855123098601282   91.5221207571357   94.92176598180086
0.29388223062474755   84.80810391029868   88.70393179066726
0.3024975193514008   78.97100095361786   83.21733211731619
0.31136536911138296   74.4010924480164   78.69646231482122
0.3204931838440838   70.87393095988381   74.95834518934294
0.32988858453867975   67.72739765233662   71.51125560817924
0.3395594155970457   64.28912895602897   67.92787024131015
0.34951375138319807   60.377943201663875   64.09598192810294
0.3597599029647371   56.31285297019315   60.25269308970435
0.37030642505191835   52.58760574570922   56.705787199207805
0.3811621231401457   49.488570790401226   53.61199105539592
0.3923360608618501   46.87590258190595   50.858124534796936
0.4038375675538918   44.37613000678134   48.22814375575912
0.41567624604680364   41.755066600416725   45.587020030673855
0.42786198068238046   39.079621046671384   42.983378026478434
0.4404049455663077   36.5920397478499   40.552854160832574
0.4533156130627191   34.41292903869285   38.339040960065745
0.4666047625377753   32.45186803054913   36.29249734270564
0.4802834893595659   30.536754161766893   34.32448202070505
0.49436321416184764   28.633944681494516   32.41883296473959
0.5088556923793517   26.83193142760918   30.617803464461776
0.5237730240626238   25.19724636336842   28.946659513489347
0.5391276639805903   23.68713012816364   27.37819179112719
0.5549324320192869   22.23453097655212   25.885003672677648
0.5712005238854289   20.840375295963483   24.465152376769737
0.5879455221237613   19.540992087234816   23.13022232558809
0.6051814074573895   18.33690506419678   21.877243689989324
0.622922570460556   17.197705020920544   20.691741639731017
0.6411838235736077   16.11554579011318   19.56904691676053
0.6599804134701901   15.102788564638368   18.51115578720447
0.6793280337869897   14.155334240172763   17.515606929133472
0.6992428382266549   13.263817515787768   16.575718358255624
0.7197414540448374   12.42504542239325   15.688354319435252
0.7408409959326054   11.636377232567291   14.850771394704623
0.7625590803058332   10.895252049816515   14.060344476566277
0.7849138400134885   10.199192223807522   13.314564473249469
0.8079239394770964   9.545805932424935   12.611035731948954
0.8316085902740278   8.932788933604193   11.947473180411775
0.8559875671776167   8.357878038036437   11.321669240063171
0.8810812246675007   7.818788898875532   10.731448564892613
0.9069105139239728   7.31334904220482   10.1747459840066
0.9334970003205227   6.839515288145648   9.649615308014955
0.960862881429187   6.395366116726822   9.154222763248542
0.9890310055537336   5.979094486558149   8.686840755045214
1.0180248908061487   5.589001079012206   8.245841946966012
1.047868744742366   5.223491871472337   7.829694528212962
1.0785874845736239   4.881086428066604   7.436960227092695
1.1102067579703248   4.560394013654432   7.066285369681419
1.1427529644757777   4.260101841328767   6.7163946058258315
1.1762532775476793   3.9789711620094033   6.386086544006867
1.210735667245765   3.7158335175147656   6.074229609807174
1.246228923584555   3.469587149499401   5.779758117901247
1.2827626805706884   3.239193196647335   5.501667057737597
1.3203674409449337   3.023669288429446   5.238995392602785
1.3590746016495152   2.822088913039392   4.990831930062701
1.3989164800420282   2.6335807501943913   4.756321757218518
1.4399263408778291   2.4573255978034267   4.53466278321843
1.4821384240834183   2.292553426810886   4.325102380773122
1.525587973344019   2.138540590008764   4.12693424509995
1.5703112655292182   1.99460718848674   3.9394950175421166
1.6163456409812174   1.860114811477595   3.7621513571441314
1.6637295346910133   1.7344640925875874   3.5942991468870304
1.7125025083885144   1.6170921651262131   3.435373061991408
1.7627052835733923   1.5074705458731232   3.2848444184957195
1.814379775514258   1.405103145982533   3.142218628078573
1.8675691282445197   1.3095243886101278   3.007032840480776
1.922317750584177   1.220297427760898   2.8788536906737643
1.9786713532176083   1.137012425543972   2.7572683035471024
2.0366769868582977   1.0592849413641874   2.641877948601778
2.0963830815323896   0.9867545058336351   2.532309606608551
2.1578394870138577   0.9190832035391766   2.428215520242768
2.2210975144450407   0.8559543260764582   2.329271315528561
2.286209979177315   0.7970711006556425   2.2351742747495122
2.3532312448676476   0.742155490394653   2.145641747456774
2.4222172688678643   0.6909469904663376   2.060406477510455
2.4932256489445366   0.6432014186659963   1.9792082150973727
2.5663156713684585   0.5986901574419669   1.9018026052842787
2.641548360413907   0.5571992523061073   1.8279623990881857
2.7189865293089923   0.5185285039563358   1.757476139727284
2.798694832679631   0.4824906141915236   1.6901469600979055
2.8807398205309562   0.44891038260774113   1.6257914812677459
2.9651899938111903   0.41762399775986714   1.5642385659235203
3.05211586160442   0.3884785587079034   1.5053271313229821
3.1415899999999994   0.361331148790652   1.448906449949345
