0.01   23901.2441137207   23880.97136558745
0.010293154462191829   24197.517420488643   24175.26910851693
0.010594902878253955   24485.54492222806   24461.143463055607
0.010905497183778876   24764.55283848507   24737.808048939434
0.011225196699963396   25033.72241840258   25004.427363177972
0.011554268350120923   25292.220597060543   25260.15090430437
0.011892986882540897   25539.20505473711   25504.118998785783
0.012241635099881474   25773.786116763302   25735.423997863287
0.012600504095286909   25995.043624017333   25953.127597967195
0.012969893495426888   26202.058394037533   26156.293039029726
0.013350111710660605   26393.895366892484   26343.96655828143
0.013741476192534558   26569.580899115917   26515.15252197279
0.014144313698828986   26728.147388637386   26668.861830060432
0.01455896056637426   26868.638582937743   26804.117419208822
0.014985762991865008   26990.06717090087   26919.907238523203
0.01542507732090645   27091.444795997773   27015.21711863591
0.015877270345534218   27171.81533557605   27089.067205897085
0.016342719610456153   27230.234736747145   27140.48928045198
0.016821813728271667   27265.7564822854   27168.510356985604
0.017314952703931925   27277.481380740144   27172.20761358855
0.017822548268711737   27264.564787068728   27150.715655932232
0.01834502422397195   27226.195058034056   27103.199877823707
0.018882816794999403   27161.620917971657   27028.888232139594
0.019436374995219892   27070.173214157294   26927.096263922922
0.02000616100108813   26951.272652005995   26797.234663369352
0.020592650537967844   26804.43706849465   26638.81674909144
0.021196333277324068   26629.287921157844   26451.46641206485
0.02181771324555934   26425.568922445113   26234.939534720525
0.022457309244835088   26193.203767004037   25989.191629085588
0.02311565528622961   25932.255134738687   25714.328378595666
0.023793301035594242   25642.910247959324   25410.587595878173
0.024490812272480036   25325.59602722443   25078.468464850306
0.025208771362518027   24980.98992790717   24718.742818150597
0.0259477777436476   24609.88682037496   24332.30440734699
0.02670844842659881   24213.26490333812   23920.2437640283
0.027491418510046592   23792.51105051368   23484.104214324634
0.028297341710866907   23349.16140482859   23025.58475572712
0.029126890909937666   22884.827487471393   22546.454024888517
0.029980758713939952   22401.555217863952   22048.931900202704
0.030859658033628758   21901.74427849371   21535.60105016833
0.031764322679055976   21387.76216141899   21008.994407035254
0.03269550797224261   20862.100838887498   20471.761321427744
0.033653991377811755   20327.745880533428   19927.058086682795
0.03464057315210884   19787.633789543903   19377.97070651859
0.03565607701135116   19244.572580288364   18827.424778983204
0.036701350819364466   18701.99516147211   18278.89681748012
0.03777726729548091   18163.634801207598   17736.106120093744
0.038884724743189276   17632.86817710045   17202.396193755838
0.04002464780014597   17112.59699106158   16680.623290317348
0.041197988210172884   16605.109380951515   16173.025511452122
0.04240572561788674   16112.367409091657   15681.50687734037
0.04364886838662332   15636.24271806177   15207.837164074272
0.04492845444033957   15180.091558288856   14754.885330600357
0.04624555213019635   14747.857185679717   14325.924164946322
0.04760126112654554   14342.954594322762   13923.760676652468
0.04899671333706607   13966.562770891162   13549.114526838988
0.05043307385181555   13617.358010781341   13200.365068435707
0.05191154191598653   13293.958141983223   12875.866787778667
0.053433351931179485   12994.685611943562   12573.688204108756
0.05499977448602865   12717.456861046838   12291.496388049163
0.05661211741704101   12460.248341808017   12027.048107022198
0.05827172690053434   12220.095632559234   11777.355972533496
0.05997998857658587   11993.45055843172   11538.989499336265
0.06173832870592997   11776.634005240718   11308.508525088877
0.0635482153607709   11564.96183832637   11081.86186747521
0.06541115965050462   11353.702486060722   10855.064880117809
0.06732871698337338   11137.256817321137   10623.747705151605
0.06930248836510605   10909.6796217271   10383.479569484347
0.07133412173562886   10665.186490268828   10130.30955367202
0.07342531334496233   10398.217793780443   9860.830637604298
0.07557780916945323   10104.582165633934   9572.761378587711
0.07779340636952398   9781.872508050588   9265.256248995
0.08007395479015682   9429.871973291978   8939.399713246517
0.08242135850536496   9050.95276922811   8598.561470760413
0.08483757740794096   8649.74332188636   8246.979682772344
0.08732462884580919   8232.792220355728   7889.585451365734
0.08988458930634863   7808.054795881734   7532.553305715972
0.09251959615009227   7384.170884221778   7182.3299271011065
0.09523184939525078   6970.744823235992   6844.943154104219
0.09802361355455057   6576.678541963515   6525.721697667805
0.10089721952591899   6211.20288573628   6229.88986765832
0.10385506653859616   5881.89214064034   5961.20110558761
0.10689962415629803   5594.480601787853   5720.935278321416
0.11003343433910281   5351.545568700484   5508.923995687709
0.11325911356578279   5152.085218200638   5323.473612027418
0.11657935501835284   4991.131693240369   5160.473452211519
0.11999693083066039   4860.781960308437   5014.164208734021
0.12351469440289359   4750.214479700107   4877.887343758626
0.12713558278394044   4647.37491580827   4745.315696964438
0.13086261912358757   4539.671113202961   4610.8319230215775
0.13469891519660646   4415.5830178403   4469.760146213537
0.13864767400083483   4266.523344659336   4319.789239114986
0.14271219243142114   4088.268298047054   4160.595647236377
0.14689586403346616   3882.046886132653   3993.2001413048483
0.1512021818353596   3654.4170351761386   3823.6634586910286
0.15563474126517718   3416.4566442348946   3656.332895789203
0.16019724315257297   3182.396248255018   3494.953510354011
0.1648934968186736   2967.1802066368105   3345.5019897729053
0.1697274232565544   2782.850341180736   3211.1309962824635
0.17470305840495237   2635.1333045923243   3089.33558204504
0.17982455651794954   2522.559684334188   2980.7510885206966
0.18509619363343993   2438.0379841785043   2881.6452020940446
0.19052237114327647   2370.518395072339   2787.911607178128
0.19610761946807834   2305.9834966646577   2696.276265574338
0.20185660183976684   2230.1077336325475   2603.7609792302082
0.20777411819498756   2133.543000476479   2509.36688898119
0.21386510918267082   2015.8661480018043   2415.084456981358
0.22013466028907505   1884.6474745362802   2321.5654466768697
0.22658800608375756   1752.0409821012431   2232.124894257442
0.23323053459001789   1631.2878255449884   2147.670389006044
0.2400677917834628   1532.165520568312   2070.10545014071
0.24710548622244882   1457.0362730021982   1996.9269011723457
0.25434949381426813   1400.5023336015686   1928.9475516267637
0.2618058627210567   1351.7152593730198   1863.215012821895
0.2694808184095226   1298.5686496412748   1799.3705671365603
0.27738076884870827   1233.8284590258393   1737.5605076790682
0.2855123098601282   1158.5087767411674   1676.3414974826142
0.29388223062474755   1079.975109944841   1617.441167484631
0.3024975193514008   1008.0348900687267   1561.6457260620002
0.31136536911138296   949.421874023043   1508.6108191720116
0.3204931838440838   903.6370905432487   1458.9981191523482
0.32988858453867975   864.3893617014298   1411.5732340787652
0.3395594155970457   823.8332618197699   1365.4841032782151
0.34951375138319807   777.6966580445779   1321.077343103492
0.3597599029647371   728.2085620367562   1277.8152328741116
0.37030642505191835   681.224584702169   1236.6045545543245
0.3811621231401457   641.1694138851317   1197.3773130586724
0.3923360608618501   607.8903560677093   1160.2103760137963
0.4038375675538918   577.2178599478513   1124.8231487657206
0.41567624604680364   545.2315162059684   1090.3700618924076
0.42786198068238046   511.7789053112331   1056.8313446549469
0.4404049455663077   479.7557900195982   1024.691739857669
0.4533156130627191   451.6006775319663   994.1332118987369
0.4666047625377753   426.74171969891137   965.0452995423266
0.4802834893595659   402.83594352987   936.9997763963244
0.49436321416184764   378.6702657679869   909.8018536419455
0.5088556923793517   355.3161653909465   883.5109069642555
0.5237730240626238   334.0850054107961   858.4011274460247
0.5391276639805903   314.7571979487323   834.3346121123691
0.5549324320192869   296.1887005996232   811.0527039650893
0.5712005238854289   278.09182711683735   788.3911814050014
0.5879455221237613   261.09903925308186   766.5786000067983
0.6051814074573895   245.450988375808   745.5991826094531
0.622922570460556   230.68278016811442   725.2952312340642
0.6411838235736077   216.52462010458038   705.5094941003239
0.6599804134701901   203.21864545497237   686.3930904343505
0.6793280337869897   190.73656232376476   667.8906525028204
0.6992428382266549   178.98894647855641   649.9072043674511
0.7197414540448374   167.93282567656587   632.4116649523678
0.7408409959326054   157.52856876909675   615.3763326083978
0.7625590803058332   147.7388219331452   598.7754210529555
0.7849138400134885   138.5283730672734   582.5849488760122
0.8079239394770964   129.8640247358215   566.7826373959124
0.8316085902740278   121.7146836343256   551.3471708521286
0.8559875671776167   114.05191322100117   536.2558528448883
0.8810812246675007   106.84893407210768   521.4869652064509
0.9069105139239728   100.08024648662962   507.0206205264844
0.9334970003205227   93.72158540593028   492.83866806418905
0.960862881429187   87.74987559230549   478.9246063144312
0.9890310055537336   82.14318716169419   465.2635014994489
1.0180248908061487   76.88069078205268   451.8419195777329
1.047868744742366   71.94251714209904   438.6488921917669
1.0785874845736239   67.30965630559298   425.67668419500444
1.1102067579703248   62.96412015458477   412.9187141021449
1.1427529644757777   58.888915590977334   400.3692498331154
1.1762532775476793   55.06799410415457   388.02336276121457
1.210735667245765   51.48620357403328   375.87688269341237
1.246228923584555   48.1292422325544   363.9263535961283
1.2827626805706884   44.9836157600435   352.169122996365
1.3203674409449337   42.03661255577466   340.6055758803355
1.3590746016495152   39.2762557967832   329.23843241252786
1.3989164800420282   36.69124708997866   318.0704146582885
1.4399263408778291   34.270930834853836   307.1041506575556
1.4821384240834183   32.00526080105198   296.342159968002
1.525587973344019   29.88476820793569   285.7868397587384
1.5703112655292182   27.900531256245724   275.4404515000849
1.6163456409812174   26.044144744821836   265.3055830264922
1.6637295346910133   24.307686124685436   255.38752768266576
1.7125025083885144   22.6836961309137   245.6920114623619
1.7627052835733923   21.165156929951078   236.22392460515178
1.814379775514258   19.74546771549684   226.98734930064026
1.8675691282445197   18.41842151843221   217.9855920230694
1.922317750584177   17.178183187724414   209.2212171300458
1.9786713532176083   16.019268488207096   200.69608216350673
2.0366769868582977   14.936522583028662   192.41170055179313
2.0963830815323896   13.925099254329123   184.3697163359487
2.1578394870138577   12.980447633816015   176.57111067413658
2.2210975144450407   12.098295851354608   169.0161043920734
2.286209979177315   11.274634789128152   161.70421081855469
2.3532312448676476   10.505702718426384   154.63428812152452
2.4222172688678643   9.787970775694037   147.8045908637948
2.4932256489445366   9.118129393908623   141.21282230188072
2.5663156713684585   8.493079589485204   134.85623297907875
2.641548360413907   7.909919840522445   128.73166459050896
2.7189865293089923   7.365928862304381   122.83553296550039
2.798694832679631   6.858554778916999   117.16387082517062
2.8807398205309562   6.385405185647051   111.71237223788809
2.9651899938111903   5.94423774544334   106.47643504290517
3.05211586160442   5.532951294594964   101.45120116837755
3.1415899999999994   5.149575507659194   96.63146060406194
