0.01   4854.345587186782   4854.044127501619
0.010293154462191829   4926.861056071824   4926.535314758013
0.010594902878253955   4998.420562086728   4998.068288557168
0.010905497183778876   5068.883267768434   5068.501954674225
0.011225196699963396   5138.103785846176   5137.690630808614
0.011554268350120923   5205.933001256988   5205.484898353564
0.011892986882540897   5272.2120150443025   5271.725521983063
0.012241635099881474   5336.773789657452   5336.2451018489255
0.012600504095286909   5399.448392942815   5398.873339017131
0.012969893495426888   5460.060886845533   5459.43495076079
0.013350111710660605   5518.4276393875125   5517.746022198165
0.013741476192534558   5574.362366975439   5573.620002723975
0.014144313698828986   5627.67687414972   5626.868413658397
0.01455896056637426   5678.173783359112   5677.293354691314
0.014985762991865008   5725.650787879739   5724.691860102068
0.01542507732090645   5769.906217088773   5768.861604050063
0.015877270345534218   5810.735757321742   5809.597572658491
0.016342719610456153   5847.929704570027   5846.689274329782
0.016821813728271667   5881.280788998032   5879.928661556501
0.017314952703931925   5910.584932849333   5909.110883620344
0.017822548268711737   5935.635643397817   5934.028548769647
0.01834502422397195   5956.22968571956   5954.47749932659
0.018882816794999403   5972.1715266997835   5970.261328600692
0.019436374995219892   5983.272175768056   5981.190037744474
0.02000616100108813   5989.349584518937   5987.0803741507025
0.020592650537967844   5990.2332209429305   5987.760672496207
0.021196333277324068   5985.7664212748   5983.073271066615
0.02181771324555934   5975.8105000995365   5972.878747658973
0.022457309244835088   5960.2436383879485   5957.0547244672425
0.02311565528622961   5938.961569116496   5935.496538748261
0.023793301035594242   5911.889522179907   5908.129507263598
0.024490812272480036   5878.983276210635   5874.909984276067
0.025208771362518027   5840.218912757503   5835.814800954976
0.0259477777436476   5795.603277811387   5790.8521032407925
0.02670844842659881   5745.19933720807   5740.087641275688
0.027491418510046592   5689.097432631686   5683.614904138251
0.028297341710866907   5627.410728266002   5621.5502998802485
0.029126890909937666   5560.322055263142   5554.080747814263
0.029980758713939952   5488.068492001005   5481.447966145764
0.030859658033628758   5410.90090207832   5403.907318567474
0.031764322679055976   5329.115900302763   5321.760477740131
0.03269550797224261   5243.103269660856   5235.403855830322
0.033653991377811755   5153.265890656838   5145.246761813833
0.03464057315210884   5060.015393043128   5051.706601546897
0.03565607701135116   4963.873018686006   4955.308790446905
0.036701350819364466   4865.407436142523   4856.625041038213
0.03777726729548091   4765.163275389638   4756.202513131749
0.038884724743189276   4663.700212016583   4654.603814241282
0.04002464780014597   4561.622310859688   4552.437009227788
0.041197988210172884   4459.501048555645   4450.27705686342
0.04240572561788674   4357.881640777934   4348.670373866378
0.04364886838662332   4257.372634256193   4248.215293264639
0.04492845444033957   4158.5739536133215   4149.497633674807
0.04624555213019635   4062.032029312614   4053.0506942105735
0.04760126112654554   3968.299968313422   3959.4117098487914
0.04899671333706607   3877.956331539706   3869.1395744437673
0.05043307385181555   3791.5282147641233   3782.7430303670326
0.05191154191598653   3709.370004972796   3700.5593824562407
0.053433351931179485   3631.425059915197   3622.515517246064
0.05499977448602865   3557.564334789594   3548.4670283566784
0.05661211741704101   3487.5914483760957   3478.2042299983023
0.05827172690053434   3421.0830971242617   3411.294586446015
0.05997998857658587   3357.595774909606   3347.2867779034605
0.06173832870592997   3296.600286550388   3285.6507507239453
0.0635482153607709   3237.408013873405   3225.708047728912
0.06541115965050462   3179.3369560029146   3166.7904053456
0.06732871698337338   3121.5594652435952   3108.107217862598
0.06930248836510605   3063.202519012378   3048.834047589631
0.07133412173562886   3003.3290364467603   2988.1015889938867
0.07342531334496233   2940.889773261248   2924.9558499450372
0.07557780916945323   2874.896026290556   2858.514498344522
0.07779340636952398   2804.3992976398017   2787.969146981503
0.08007395479015682   2728.641569484133   2712.6917726046945
0.08242135850536496   2647.253834588529   2632.420017162752
0.08483757740794096   2560.196468020163   2547.2038608516314
0.08732462884580919   2468.0278240244734   2457.6923272889044
0.08988458930634863   2371.666264713171   2364.8281756415695
0.09251959615009227   2272.520204482728   2269.924616675487
0.09523184939525078   2172.2042583534426   2174.480529745161
0.09802361355455057   2072.4974825628246   2080.1504185484523
0.10089721952591899   1975.2622340036846   1988.5698764394049
0.10385506653859616   1882.250337144736   1901.2336038109115
0.10689962415629803   1795.133428261112   1819.5270824968131
0.11003343433910281   1715.3701215267813   1744.6275546360152
0.11325911356578279   1643.9757198306347   1677.2158915425418
0.11657935501835284   1581.4991990461704   1617.5607819644863
0.11999693083066039   1527.612007587466   1565.2422131336268
0.12351469440289359   1481.3139913664954   1519.2863787239153
0.12713558278394044   1440.7948887256086   1478.0418798350318
0.13086261912358757   1403.7542621710763   1439.5316328257634
0.13469891519660646   1367.6639011848579   1401.6824848335293
0.13864767400083483   1330.0290797783275   1362.5672722180905
0.14271219243142114   1288.7506044311635   1320.646168821706
0.14689586403346616   1242.3902248392053   1274.9750503786595
0.1512021818353596   1190.4743553329195   1225.4238667800712
0.15563474126517718   1133.6532387779887   1172.6126877217764
0.16019724315257297   1073.5663286168046   1118.0092018614132
0.1648934968186736   1012.5925673845263   1063.5489468120802
0.1697274232565544   953.5161046800669   1011.0988251710401
0.17470305840495237   899.1367172186915   962.5434978926679
0.17982455651794954   851.6824272787334   919.4478047019751
0.18509619363343993   812.140285998665   882.0113233532484
0.19052237114327647   779.9104226313136   849.6679001743285
0.19610761946807834   753.0584657710602   821.0530230585816
0.20185660183976684   728.9513725436883   794.2691752409837
0.20777411819498756   704.7893367820037   767.5718396962396
0.21386510918267082   678.0402128674446   739.5223958707836
0.22013466028907505   647.2009385175553   709.4134554387705
0.22658800608375756   612.5946922401724   677.7679388112299
0.23323053459001789   576.2476431992675   645.7781748721075
0.2400677917834628   540.8686527643171   615.0648129653122
0.24710548622244882   508.91286105688886   586.7482733242957
0.25434949381426813   481.93749513995004   561.624515009455
0.2618058627210567   459.9813868414285   539.2874255543867
0.2694808184095226   441.4938003712702   518.9431893416395
0.27738076884870827   424.07747751434425   499.3759611383268
0.2855123098601282   405.48297100137455   479.62685105604436
0.29388223062474755   384.64208603118374   459.4576282089085
0.3024975193514008   362.25546429956216   439.1345814522012
0.31136536911138296   340.15951800006485   419.564271504381
0.3204931838440838   320.1746149270486   401.2973193148656
0.32988858453867975   303.256221302895   384.5778561915716
0.3395594155970457   288.9130633388643   369.23088444164057
0.34951375138319807   275.59158626049606   354.51193288957387
0.3597599029647371   261.8531245866034   340.03056711057343
0.37030642505191835   247.2316084809172   325.84621848369255
0.3811621231401457   232.47432210285768   312.0544431265311
0.3923360608618501   218.80865951168647   298.9827031251615
0.4038375675538918   206.83856140253909   286.7773957142393
0.41567624604680364   196.20480147257192   275.29071580707193
0.42786198068238046   185.99826804044997   264.24095581333927
0.4404049455663077   175.6169705526092   253.53408984526885
0.4533156130627191   165.27350021218908   243.26300207431373
0.4666047625377753   155.59473678272275   233.48937121955336
0.4802834893595659   146.8758943214016   224.2252264097893
0.49436321416184764   138.83530416845696   215.42903815256145
0.5088556923793517   131.02001457214902   206.98715485225378
0.5237730240626238   123.34158711361518   198.87089285101857
0.5391276639805903   116.070432978831   191.1449083216413
0.5549324320192869   109.37545091407466   183.79510019346117
0.5712005238854289   103.11651048136558   176.79598310847362
0.5879455221237613   97.09458949716726   170.09405932754558
0.6051814074573895   91.3233357802565   163.68355278515173
0.622922570460556   85.91806790847971   157.57723053986814
0.6411838235736077   80.86540001721572   151.75840057011607
0.6599804134701901   76.0659318491193   146.1912687784311
0.6793280337869897   71.49999306990915   140.87120931288183
0.6992428382266549   67.20823920825912   135.79297086655953
0.7197414540448374   63.17366394681736   130.94782138809762
0.7408409959326054   59.359077107748966   126.30552197446595
0.7625590803058332   55.75952767860145   121.86875220621499
0.7849138400134885   52.36523641714039   117.62832643350889
0.8079239394770964   49.165738803859995   113.57316683628743
0.8316085902740278   46.15099534829668   109.6929090366973
0.8559875671776167   43.31138366590864   105.97785132718221
0.8810812246675007   40.63764053357913   102.41889400995302
0.9069105139239728   38.12076053982317   99.00746743683828
0.9334970003205227   35.7521462885203   95.73553351655579
0.960862881429187   33.52362812946382   92.59555830454697
0.9890310055537336   31.427445921332264   89.58047726282551
1.0180248908061487   29.456231361137622   86.68366317763622
1.047868744742366   27.602990877719268   83.89889651451442
1.0785874845736239   25.861089635704843   81.22031671608303
1.1102067579703248   24.22424542941354   78.64199780662213
1.1427529644757777   22.686509282883634   76.15801723546602
1.1762532775476793   21.24223966876754   73.7628469130548
1.210735667245765   19.88608846028554   71.45134041716899
1.246228923584555   18.61298775647158   69.21870631558642
1.2827626805706884   17.41813714399157   67.06048368922406
1.3203674409449337   16.296991393021802   64.97251965170015
1.3590746016495152   15.245247355681675   62.950897023002156
1.3989164800420282   14.258829294670706   60.991765547373014
1.4399263408778291   13.333882655182466   59.09150535026274
1.4821384240834183   12.466764672675486   57.246767207369814
1.525587973344019   11.654033910012386   55.45445503578771
1.5703112655292182   10.892440224986112   53.711709765001544
1.6163456409812174   10.178915156936114   52.01589444799454
1.6637295346910133   9.510562688479046   50.36458260339682
1.7125025083885144   8.884649583980497   48.75560340570716
1.7627052835733923   8.298597140817009   47.187028232199495
1.814379775514258   7.7499742496604025   45.65708839577642
1.8675691282445197   7.236489688080313   44.16416177732967
1.922317750584177   6.755984708852792   42.70676399691026
1.9786713532176083   6.306425973553801   41.2835400771342
2.0366769868582977   5.885898818847338   39.89325654609577
2.0963830815323896   5.4926004347524975   38.53482310615714
2.1578394870138577   5.124832294651928   37.20739885640706
2.2210975144450407   4.780996243139593   35.91026452361639
2.286209979177315   4.459589629583094   34.64276494640444
2.3532312448676476   4.159199941084834   33.40430440572096
2.4222172688678643   3.878499711810578   32.19434213660597
2.4932256489445366   3.616241696590362   31.012387984613493
2.5663156713684585   3.371254336273815   29.858003924396332
2.641548360413907   3.142439039364503   28.73104246247995
2.7189865293089923   2.9287661132082277   27.63168761715363
2.798694832679631   2.729268364359522   26.56009330262443
2.8807398205309562   2.54303739782208   25.51635806205176
2.9651899938111903   2.3692202877825412   24.50052728767604
3.05211586160442   2.2070164171910904   23.512595495275132
3.1415899999999994   2.0556744791815316   22.55250864233958
