0.01   1491.241293535562   1491.2164521210784
0.010293154462191829   1513.5699702678426   1513.5452989330481
0.010594902878253955   1535.6257272468586   1535.6010743159936
0.010905497183778876   1557.3672813031374   1557.3426362520488
0.011225196699963396   1578.7522892546795   1578.7277930517243
0.011554268350120923   1599.7365121707599   1599.712395230425
0.011892986882540897   1620.2726482854578   1620.2490734277826
0.012241635099881474   1640.3121719902979   1640.2892077578017
0.012600504095286909   1659.8055248473431   1659.7831507869782
0.012969893495426888   1678.7005184512852   1678.6787151758217
0.013350111710660605   1696.943288807274   1696.9220886190446
0.013741476192534558   1714.479422457201   1714.4589116087975
0.014144313698828986   1731.2529430945024   1731.2332259937723
0.01455896056637426   1747.2055118807318   1747.1866442217515
0.014985762991865008   1762.2784925001822   1762.2604722691988
0.01542507732090645   1776.4130708745658   1776.3958463232866
0.015877270345534218   1789.5486321350488   1789.5321680119498
0.016342719610456153   1801.6242378092807   1801.6085439701205
0.016821813728271667   1812.5797551584762   1812.5648861566572
0.017314952703931925   1822.3549618723382   1822.3409399312354
0.017822548268711737   1830.8893596645173   1830.8760657699384
0.01834502422397195   1838.124044697745   1838.1112083179582
0.018882816794999403   1844.0020393124614   1843.9892631352075
0.019436374995219892   1848.4680860426797   1848.4549782850677
0.02000616100108813   1851.469480597921   1851.4556986418793
0.020592650537967844   1852.9566970716203   1852.9419474197866
0.021196333277324068   1852.8847436299095   1852.8687256343708
0.02181771324555934   1851.21361171929   1851.195956263413
0.022457309244835088   1847.9075643154113   1847.887832872364
0.02311565528622961   1842.936729875758   1842.914440175061
0.023793301035594242   1836.2811174204999   1836.2558335614829
0.024490812272480036   1827.9269789805937   1827.8983343278478
0.025208771362518027   1817.8662678181931   1817.833971839001
0.0259477777436476   1806.1044584246304   1806.0683924032653
0.02670844842659881   1792.659233858765   1792.6195286770496
0.027491418510046592   1777.5536517760704   1777.5106833834022
0.028297341710866907   1760.8219603278499   1760.7763587082268
0.029126890909937666   1742.520792179132   1742.4734821517384
0.029980758713939952   1722.7137735716205   1722.665967286359
0.030859658033628758   1701.469597504184   1701.4227869732122
0.031764322679055976   1678.8806170343616   1678.836701945228
0.03269550797224261   1655.0542815307672   1655.0156360058593
0.033653991377811755   1630.0983589817893   1630.0677917426017
0.03464057315210884   1604.134908261416   1604.1154998020581
0.03565607701135116   1577.3167789847334   1577.3115813939153
0.036701350819364466   1549.796199527545   1549.808184675752
0.03777726729548091   1521.7213675670287   1521.7534808846547
0.038884724743189276   1493.2510455688391   1493.3067628969286
0.04002464780014597   1464.5444392713498   1464.6280068815108
0.041197988210172884   1435.7515468858217   1435.867896307404
0.04240572561788674   1407.0275143060633   1407.1810402408873
0.04364886838662332   1378.5419453652958   1378.7345633322159
0.04492845444033957   1350.454083005474   1350.6852340962405
0.04624555213019635   1322.9130334173299   1323.1800530669698
0.04760126112654554   1296.0722819366933   1296.371609776728
0.04899671333706607   1270.0789328318167   1270.4066153363485
0.05043307385181555   1245.0629762491803   1245.4146897066198
0.05191154191598653   1221.0575163729814   1221.4279991271019
0.053433351931179485   1198.015497846314   1198.398077243668
0.05499977448602865   1175.8871363164071   1176.2738153343441
0.05661211741704101   1154.574708416656   1154.9563206308103
0.05827172690053434   1133.9399424170642   1134.3062903653736
0.05997998857658587   1113.8456611254771   1114.1856759156783
0.06173832870592997   1094.1119996257185   1094.4144886255751
0.0635482153607709   1074.5452968128593   1074.7993291800499
0.06541115965050462   1054.9441497363282   1055.140077782352
0.06732871698337338   1035.074561636253   1035.2062189413616
0.06930248836510605   1014.7078428451848   1014.7731723631861
0.07133412173562886   993.5849023053029   993.5892039441682
0.07342531334496233   971.4506690801493   971.407645847548
0.07557780916945323   948.075583687536   948.0077719630717
0.07779340636952398   923.2624624551978   923.2012617403642
0.08007395479015682   896.9095294993151   896.8962339276485
0.08242135850536496   869.0143191793453   869.1005836012256
0.08483757740794096   839.7132748386986   839.9551462436472
0.08732462884580919   809.271050859573   809.7234718474177
0.08988458930634863   778.0743341037538   778.7907369810439
0.09251959615009227   746.5821252659376   747.6130496933328
0.09523184939525078   715.3032624424816   716.6890940843444
0.09802361355455057   684.7427424903826   686.510404471452
0.10089721952591899   655.3954019526487   657.5559674978385
0.10385506653859616   627.6952579896562   630.2410281801441
0.10689962415629803   602.0295125620183   604.9250112217954
0.11003343433910281   578.6733711192276   581.8606847174716
0.11325911356578279   557.7666775299903   561.1724700643136
0.11657935501835284   539.2391664126174   542.7802819664275
0.11999693083066039   522.8189951328462   526.4087003569567
0.12351469440289359   507.9944739446901   511.5617749259487
0.12713558278394044   494.1291554391891   497.6303362804498
0.13086261912358757   480.50021661667984   483.92900020807474
0.13469891519660646   466.431875099665   469.82563678653196
0.13864767400083483   451.36404123817465   454.8071063282334
0.14271219243142114   434.9398034753584   438.5623681628241
0.14689586403346616   417.0773587869384   421.03905242758486
0.1512021818353596   397.98755050628483   402.4492589961062
0.15563474126517718   378.15298208286055   383.2489164277587
0.16019724315257297   358.2475722835526   364.07091447317504
0.1648934968186736   339.0221182072534   345.595785122158
0.1697274232565544   321.20081431037755   328.4677063048798
0.17470305840495237   305.35840970634786   313.1822122601943
0.17982455651794954   291.7647955957673   299.9488704094454
0.18509619363343993   280.2559085860508   288.59591331892955
0.19052237114327647   270.2573311126466   278.59202112332787
0.19610761946807834   260.9853314421035   269.2235803213046
0.20185660183976684   251.67141383535125   259.8258200861207
0.20777411819498756   241.69224876293657   249.87510166811143
0.21386510918267082   230.69513290724115   239.1013859541232
0.22013466028907505   218.77794047780947   227.60237201398752
0.22658800608375756   206.51473761862087   215.89579833462045
0.23323053459001789   194.6818446718395   204.62907441613234
0.2400677917834628   183.92735469843578   194.32946998364153
0.24710548622244882   174.6087429677231   185.2562653853017
0.25434949381426813   166.6968356811877   177.36002046496614
0.2618058627210567   159.74498061494435   170.263436854405
0.2694808184095226   153.08800794347434   163.42672436400673
0.27738076884870827   146.15136380265832   156.40734076437437
0.2855123098601282   138.68807036713883   149.05110116976536
0.29388223062474755   130.90860207138275   141.53619685605722
0.3024975193514008   123.33796270735382   134.2596065050509
0.31136536911138296   116.45177152139557   127.57130124002661
0.3204931838440838   110.4349473666813   121.56917591911143
0.32988858453867975   105.13936485956384   116.14375864162861
0.3395594155970457   100.1403137359398   110.9777417442986
0.34951375138319807   95.06750665328657   105.82639049858291
0.3597599029647371   89.84032163076009   100.63754636658926
0.37030642505191835   84.6676167882469   95.57997233306627
0.3811621231401457   79.86380421743068   90.83998548628192
0.3923360608618501   75.56351383136624   86.48825049191056
0.4038375675538918   71.64148785983043   82.43813764429393
0.41567624604680364   67.86553325659801   78.54426034113874
0.42786198068238046   64.09859728348611   74.72661705825965
0.4404049455663077   60.40871185117341   71.03228135647953
0.4533156130627191   56.952888275107405   67.54688536665016
0.4666047625377753   53.78763559945946   64.29120008003977
0.4802834893595659   50.829469123312954   61.21481866501752
0.49436321416184764   47.96865034677658   58.25735087512306
0.5088556923793517   45.194407818563256   55.414563979579604
0.5237730240626238   42.57116909372597   52.71651271998703
0.5391276639805903   40.13266400965786   50.17418823161577
0.5549324320192869   37.83639336840666   47.761716729200316
0.5712005238854289   35.63730874510177   45.45762574661437
0.5879455221237613   33.54111072512096   43.26315122245692
0.6051814074573895   31.571860416139007   41.18484372918118
0.622922570460556   29.720936168594243   39.21537097259345
0.6411838235736077   27.96409253173538   37.341437361832746
0.6599804134701901   26.297670581097616   35.560351297748404
0.6793280337869897   24.728494002055992   33.8719013758845
0.6992428382266549   23.249450238313496   32.269638218178706
0.7197414540448374   21.85211003461298   30.74865204378023
0.7408409959326054   20.533121023265142   29.30509607637492
0.7625590803058332   19.288656617751965   27.93517815311162
0.7849138400134885   18.114986172282748   26.6352638951267
0.8079239394770964   17.00852395652574   25.401880002622864
0.8316085902740278   15.965827144665084   24.23170918652829
0.8559875671776167   14.98359155194078   23.121582819096194
0.8810812246675007   14.058609880217977   22.06842931603026
0.9069105139239728   13.187781613050324   21.06928006279144
0.9334970003205227   12.36815540105685   20.121316541145006
0.960862881429187   11.59692493109002   19.22186542077964
0.9890310055537336   10.87142291308264   18.368391592209505
1.0180248908061487   10.189115238218305   17.558491482666398
1.047868744742366   9.547595310255426   16.789886640070694
1.0785874845736239   8.944580288416141   16.0604022441839
1.1102067579703248   8.377908604980297   15.367933954629763
1.1427529644757777   7.845529479829033   14.71048666730387
1.1762532775476793   7.345497057142122   14.08617759644951
1.210735667245765   6.875965850847805   13.493229820407922
1.246228923584555   6.435186326847118   12.929966201180257
1.2827626805706884   6.0215006227082455   12.394803656357782
1.3203674409449337   5.633338247371137   11.88624238182791
1.3590746016495152   5.269210613413159   11.402808880163585
1.3989164800420282   4.927708274850601   10.943083417439396
1.4399263408778291   4.607498340727463   10.505734529047164
1.4821384240834183   4.30732079084931   10.089513591221428
1.525587973344019   4.025984918081197   9.6932492123655
1.5703112655292182   3.762365912740598   9.315842032447495
1.6163456409812174   3.515401583284384   8.95625972286383
1.6637295346910133   3.2840889701068976   8.613514679185114
1.7125025083885144   3.0674812153893933   8.286648134993973
1.7627052835733923   2.864685175047695   7.974759935718183
1.814379775514258   2.6748586906530063   7.677008063393307
1.8675691282445197   2.4972079274196197   7.392604497584986
1.922317750584177   2.330984832633544   7.120811398349889
1.9786713532176083   2.175484710449676   6.860937584242825
2.0366769868582977   2.030043782927894   6.612325675149976
2.0963830815323896   1.8940364053290961   6.374301826550805
2.1578394870138577   1.7668736314397355   6.1462176049536446
2.2210975144450407   1.648001515970436   5.9274712674356484
2.286209979177315   1.536899167925045   5.717504242530278
2.3532312448676476   1.433076901824707   5.515797867807526
2.4222172688678643   1.3360744832279587   5.3218704079327415
2.4932256489445366   1.2454594888584947   5.1352747687568705
2.5663156713684585   1.1608264099561212   4.95560883671761
2.641548360413907   1.0817950299935635   4.7825130961205256
2.7189865293089923   1.008008089872694   4.61565231262033
2.798694832679631   0.93912995685609   4.45471299331466
2.8807398205309562   0.8748454112045185   4.299401924775778
2.9651899938111903   0.8148584931764771   4.149444819577156
3.05211586160442   0.7588914079866684   4.004585061753798
3.1415899999999994   0.7066826744827003   3.8645650149454074
