0.01   20361.278271118295   20346.314443567437
0.010293154462191829   20622.248702435238   20605.820498159475
0.010594902878253955   20876.77651256264   20858.750137156996
0.010905497183778876   21124.223242212756   21104.455242610184
0.011225196699963396   21363.911165209138   21342.24558188004
0.011554268350120923   21595.144277430376   21571.411702755504
0.011892986882540897   21817.2190385724   21791.236663557294
0.012241635099881474   22029.39987596019   22000.971212587323
0.012600504095286909   22230.916892816964   22199.83154057901
0.012969893495426888   22420.99735907443   22387.031350567126
0.013350111710660605   22598.860436563697   22561.775731006346
0.013741476192534558   22763.689537362283   22723.23055425248
0.014144313698828986   22914.665105990112   22870.55837023986
0.01455896056637426   23050.976787516498   23002.931616801037
0.014985762991865008   23171.79428787245   23119.500805126074
0.01542507732090645   23276.274434954063   23219.402061343113
0.015877270345534218   23363.596010958972   23301.79482594376
0.016342719610456153   23432.9527981031   23365.853828007614
0.016821813728271667   23483.530615627194   23410.743337092146
0.017314952703931925   23514.545735318687   23435.659537696956
0.017822548268711737   23525.257117076162   23439.8436432399
0.01834502422397195   23514.952023111367   23422.56342850181
0.018882816794999403   23482.958257714854   23383.127241833557
0.019436374995219892   23428.665817019795   23320.909473255924
0.02000616100108813   23351.53494314347   23235.359203257398
0.020592650537967844   23251.104321229428   23126.008935836955
0.021196333277324068   23126.993430025253   22992.477112744895
0.02181771324555934   22978.91244776934   22834.478884489658
0.022457309244835088   22806.71246847377   22651.881552379764
0.02311565528622961   22610.36641596594   22444.68300822695
0.023793301035594242   22389.943669563883   22212.98327719096
0.024490812272480036   22145.682094847576   21957.065414371697
0.025208771362518027   21878.049861796484   21677.46459282602
0.0259477777436476   21587.620163053947   21374.826218333103
0.02670844842659881   21275.086736077665   21049.922655539434
0.027491418510046592   20941.468136601776   20703.880151436937
0.028297341710866907   20587.954259675815   20338.006789677736
0.029126890909937666   20215.79006971691   19953.66232342087
0.029980758713939952   19826.50429359598   19552.49984068522
0.030859658033628758   19422.001556802337   19136.56167946245
0.031764322679055976   19004.191890376504   18707.885591713293
0.03269550797224261   18575.031318616893   18268.547452659026
0.033653991377811755   18136.88778651989   17821.047594597716
0.03464057315210884   17692.180058687183   17367.927501518425
0.03565607701135116   17243.206412782307   16911.587254590508
0.036701350819364466   16792.646399184137   16454.76091652007
0.03777726729548091   16343.596718049443   16000.548883014484
0.038884724743189276   15898.913677261087   15551.794894877108
0.04002464780014597   15461.115416963641   15110.994749503805
0.041197988210172884   15032.197429474296   14680.121896058725
0.04240572561788674   14613.863545794631   14260.852322765895
0.04364886838662332   14207.67036741279   13854.696954805087
0.04492845444033957   13816.14533647806   13463.901263836644
0.04624555213019635   13442.613855347647   13091.308668199485
0.04760126112654554   13090.048651145175   12739.442009330438
0.04899671333706607   12760.029713890332   12409.51406459471
0.05043307385181555   12451.739754930544   12100.467603732393
0.05191154191598653   12164.135367055049   11811.052197778754
0.053433351931179485   11895.988085741761   11539.851895619655
0.05499977448602865   11645.586804539162   11284.989913370619
0.05661211741704101   11411.258379031793   11044.644831363403
0.05827172690053434   11190.737669043483   10816.52116157487
0.05997998857658587   10981.077898860769   10597.774636238826
0.06173832870592997   10779.32986700754   10385.61641704951
0.0635482153607709   10581.778370879852   10176.775258288037
0.06541115965050462   10384.583476091537   9967.962530907811
0.06732871698337338   10183.398332147928   9755.702941738622
0.06930248836510605   9973.406319869022   9536.36273823882
0.07133412173562886   9749.97862445018   9306.622536779623
0.07342531334496233   9508.58336026806   9063.500812305378
0.07557780916945323   9245.608723735699   8804.884481434394
0.07779340636952398   8958.96769992251   8530.164426676287
0.08007395479015682   8648.122380986915   8239.868220517466
0.08242135850536496   8314.900463809272   7936.244232896004
0.08483757740794096   7962.8111040070135   7622.657104481781
0.08732462884580919   7597.271557671896   7303.772102384239
0.08988458930634863   7224.76810684377   6984.719494864101
0.09251959615009227   6852.4738421800175   6670.798644909439
0.09523184939525078   6488.292495543264   6367.2217776427415
0.09802361355455057   6139.6361818904725   6078.669096652786
0.10089721952591899   5814.05672096808   5809.565347286541
0.10385506653859616   5518.034201354337   5563.398979666062
0.10689962415629803   5256.487291146757   5341.609007528293
0.11003343433910281   5032.1091017297185   5144.445256719557
0.11325911356578279   4844.337802916387   4970.807353943046
0.11657935501835284   4689.547965689174   4817.470700038454
0.11999693083066039   4561.23233601652   4679.271075956449
0.12351469440289359   4450.444809646811   4550.639690271643
0.12713558278394044   4347.123189678236   4426.042771317879
0.13086261912358757   4240.709338811121   4300.205742486528
0.13469891519660646   4121.573272162936   4168.726842364002
0.13864767400083483   3982.3803691976345   4029.513905332074
0.14271219243142114   3819.359213882892   3882.7214169007793
0.14689586403346616   3633.324550230459   3728.6841141983673
0.1512021818353596   3429.5049605104095   3571.682564021101
0.15563474126517718   3216.8232282531058   3416.2816587582925
0.16019724315257297   3006.7770188769664   3266.1431330429987
0.1648934968186736   2811.714946448878   3126.2021838961364
0.1697274232565544   2642.102528557058   2999.4986955053023
0.17470305840495237   2503.492399236387   2884.978620219852
0.17982455651794954   2395.1988076880757   2782.9279526155865
0.18509619363343993   2311.31735810534   2689.526420255878
0.19052237114327647   2242.5485952785425   2601.3889746921154
0.19610761946807834   2177.430663386502   2515.662165844989
0.20185660183976684   2104.0951123283166   2429.1351274634626
0.20777411819498756   2014.1631048238535   2340.5529672532307
0.21386510918267082   1906.546746734078   2252.382078501078
0.22013466028907505   1787.355760447347   2164.638357384301
0.22658800608375756   1666.7163561646018   2080.019466686684
0.23323053459001789   1555.6032125261374   2000.0895400813224
0.2400677917834628   1462.5020398046051   1926.4698868129292
0.24710548622244882   1389.9602800724626   1857.6257696567845
0.25434949381426813   1333.8324334549618   1793.4601480754711
0.2618058627210567   1285.2125940408296   1731.7800268653698
0.2694808184095226   1233.9068438941565   1671.3761264466905
0.27738076884870827   1173.2968080498715   1613.1296647121344
0.2855123098601282   1103.7978648134467   1555.4353925012429
0.29388223062474755   1031.463550823483   1499.7530018683624
0.3024975193514008   964.3712614249505   1447.0830594823226
0.31136536911138296   908.4872882627656   1396.7734870161457
0.3204931838440838   863.89639215372   1349.8604079279135
0.32988858453867975   825.4379729542206   1304.8284921308716
0.3395594155970457   786.5167758589614   1261.311714014234
0.34951375138319807   743.2374087297864   1219.4404433176674
0.3597599029647371   697.072980899392   1178.4613319434623
0.37030642505191835   652.926302335286   1139.5336859905794
0.3811621231401457   614.6602888954405   1102.3892287048814
0.3923360608618501   582.3989342765663   1067.2510277580332
0.4038375675538918   552.7935734956823   1033.6677479544553
0.41567624604680364   522.4093925908664   1001.1342858405905
0.42786198068238046   490.8770471987517   969.5491222794769
0.4404049455663077   460.5509643541351   939.2900146745743
0.4533156130627191   433.556582176098   910.3760413081097
0.4666047625377753   409.58607099125527   882.8902101391632
0.4802834893595659   386.6880722125544   856.4391532258611
0.49436321416184764   363.72573236455975   830.7709289648286
0.5088556923793517   341.4997979009413   806.0162191278013
0.5237730240626238   321.1436047465011   782.3669536261881
0.5391276639805903   302.55694785915875   759.68538676448
0.5549324320192869   284.7833054329527   737.7845348329197
0.5712005238854289   267.5081039302106   716.5193525913849
0.5879455221237613   251.23405100591899   696.0435347654836
0.6051814074573895   236.1994128980155   676.3545216967007
0.622922570460556   222.0317508311398   657.3347643062235
0.6411838235736077   208.47138049168936   638.8393400951276
0.6599804134701901   195.70136829669943   620.9390813219862
0.6793280337869897   183.75042333102655   603.690941239246
0.6992428382266549   172.4858198351645   586.9437868058571
0.7197414540448374   161.86619522785892   570.6614380383694
0.7408409959326054   151.86022368944313   554.8214266420198
0.7625590803058332   142.43752902646594   539.4027048203118
0.7849138400134885   133.5687153940004   524.3855638980291
0.8079239394770964   125.22538999736446   509.75155840096886
0.8316085902740278   117.37982320040491   495.4820329062419
0.8559875671776167   110.00419256862871   481.5546658540826
0.8810812246675007   103.07182917454361   467.9478155090886
0.9069105139239728   96.55747909461655   454.6416371620982
0.9334970003205227   90.43723469278558   441.61798538874814
0.960862881429187   84.68846884162004   428.860323658174
0.9890310055537336   79.28977198011543   416.3536403905429
1.0180248908061487   74.22089341809556   404.0843970329605
1.047868744742366   69.46274936974432   392.0416489118542
1.0785874845736239   64.99737273687887   380.21728834436817
1.1102067579703248   60.807756953462786   368.6042200297839
1.1427529644757777   56.8778037476311   357.19617380366117
1.1762532775476793   53.19228074441078   345.98765904952575
1.210735667245765   49.73678058406401   334.9739203378133
1.246228923584555   46.49768153796956   324.15089409063825
1.2827626805706884   43.46210712109526   313.5154010474937
1.3203674409449337   40.61786892849191   303.0671743046131
1.3590746016495152   37.95344849195222   292.80749463660715
1.3989164800420282   35.45797895833546   282.7376712944399
1.4399263408778291   33.12121152470852   272.8590069859287
1.4821384240834183   30.933483189084576   263.17278211383586
1.525587973344019   28.885685970579676   253.68023947487788
1.5703112655292182   26.969237547593178   244.38256949327513
1.6163456409812174   25.176053202506623   235.28168213520243
1.6637295346910133   23.498519017341685   226.38200890822026
1.7125025083885144   21.929466677433002   217.6879454220083
1.7627052835733923   20.462149324809477   209.20319060374578
1.814379775514258   19.090218529107585   200.93077255602276
1.8675691282445197   17.807702385794435   192.87307558219297
1.922317750584177   16.608984696204175   185.03186817795296
1.9786713532176083   15.488785103799268   177.40834343216105
2.0366769868582977   14.44213686547455   170.00365668052643
2.0963830815323896   13.464368868261   162.81904829949644
2.1578394870138577   12.55109412472566   155.85510781261456
2.2210975144450407   11.698193784064015   149.1117609824801
2.286209979177315   10.901801592927969   142.58831667361036
2.3532312448676476   10.158289194163123   136.28351321036553
2.4222172688678643   9.464252222802669   130.19556398951073
2.4932256489445366   8.816497815655373   124.32221705574372
2.5663156713684585   8.212037559450566   118.66092582114295
2.641548360413907   7.648071239183342   113.20880062359728
2.7189865293089923   7.121971800992257   107.96255765011769
2.798694832679631   6.631275258420596   102.91856106484144
2.8807398205309562   6.173671180223435   98.07286446026917
2.9651899938111903   5.746993683917097   93.42125038272964
3.05211586160442   5.3492129117834635   88.95926784489188
3.1415899999999994   4.978421720889018   84.68193715314773
