0.01   6396.883152366027   6396.613495407338
0.010293154462191829   6472.17871014368   6471.893474468461
0.010594902878253955   6545.371039683954   6545.069421829044
0.010905497183778876   6616.270649124247   6615.95152106029
0.011225196699963396   6684.683074996672   6684.344799928799
0.011554268350120923   6750.4119020773605   6750.052330548834
0.011892986882540897   6813.2531958776335   6812.86988869734
0.012241635099881474   6872.996452868446   6872.58689599208
0.012600504095286909   6929.430871672222   6928.992491265041
0.012969893495426888   6982.34201899177   6981.8721332544355
0.013350111710660605   7031.504281197253   7030.999944232466
0.013741476192534558   7076.691768145518   7076.149745340145
0.014144313698828986   7117.680658646321   7117.097418925514
0.01455896056637426   7154.241493990741   7153.613062890145
0.014985762991865008   7186.143808852539   7185.465681631202
0.01542507732090645   7213.163044900255   7212.430196723076
0.015877270345534218   7235.075779661876   7234.282652833114
0.016342719610456153   7251.655447646776   7250.795917679058
0.016821813728271667   7262.684069762461   7261.751466847882
0.017314952703931925   7267.95372589229   7266.940817049907
0.017822548268711737   7267.260681866273   7266.159368377402
0.01834502422397195   7260.412110919844   7259.2133386597025
0.018882816794999403   7247.231178502828   7245.924996760514
0.019436374995219892   7227.557092448255   7226.132661936255
0.02000616100108813   7201.246268786778   7199.691865478583
0.020592650537967844   7168.175782876478   7166.478891872822
0.021196333277324068   7128.247042535515   7126.394575595316
0.02181771324555934   7081.3936529800585   7079.372509277268
0.022457309244835088   7027.576083579772   7025.373381190588
0.02311565528622961   6966.781696846451   6964.384927753074
0.023793301035594242   6899.046375123019   6896.444167550717
0.024490812272480036   6824.4509688733315   6821.633721128952
0.025208771362518027   6743.102775484221   6740.062728906595
0.0259477777436476   6655.15551157665   6651.887397090287
0.02670844842659881   6560.842049416871   6557.344681576067
0.027491418510046592   6460.424882941657   6456.701282910823
0.028297341710866907   6354.193617217913   6350.250973775314
0.029126890909937666   6242.535390692713   6238.386332447674
0.029980758713939952   6125.892309149323   6121.555357411469
0.030859658033628758   6004.711456181441   6000.210529084839
0.031764322679055976   5879.5098569344   5874.874320139228
0.03269550797224261   5750.916519149055   5746.181583143834
0.033653991377811755   5619.551493929556   5614.757551950523
0.03464057315210884   5486.0321950618745   5481.223985741298
0.03565607701135116   5351.0799967478815   5346.3054906411735
0.036701350819364466   5215.420535469998   5210.730096585003
0.03777726729548091   5079.7321274310825   5075.177769535193
0.038884724743189276   4944.7795775184495   4940.411392835175
0.04002464780014597   4811.421096419896   4807.283619815366
0.041197988210172884   4680.439266922678   4676.571582534981
0.04240572561788674   4552.496784525962   4548.931950857883
0.04364886838662332   4428.041005296978   4424.802920312833
0.04492845444033957   4307.431404767097   4304.534857384749
0.04624555213019635   4191.002206586679   4188.452783548733
0.04760126112654554   4079.3789553917504   4077.1573908094074
0.04899671333706607   3973.3750015445967   3971.426894058834
0.05043307385181555   3873.7117446098737   3871.951094067341
0.05191154191598653   3780.5549531734273   3778.8743324829043
0.053433351931179485   3693.226816234838   3691.51129508497
0.05499977448602865   3611.02365268215   3609.152441248721
0.05661211741704101   3533.281030554367   3531.1268229366297
0.05827172690053434   3459.3547492499792   3456.782421821764
0.05997998857658587   3388.6365595940615   3385.504280909402
0.06173832870592997   3320.346997883316   3316.5202806423267
0.0635482153607709   3253.5543764906965   3248.9191011049293
0.06541115965050462   3187.3299698885808   3181.799773659217
0.06732871698337338   3120.539197071143   3114.0894266066894
0.06930248836510605   3052.0525078366927   3044.7290203383495
0.07133412173562886   2980.6621430203254   2972.6094923712362
0.07342531334496233   2905.136749274651   2896.618121410028
0.07557780916945323   2824.4548213221174   2815.86096383319
0.07779340636952398   2737.852669163862   2729.716281758361
0.08007395479015682   2644.9921081703933   2637.9569350725656
0.08242135850536496   2546.1755920864675   2540.9523842745157
0.08483757740794096   2442.165527882967   2439.505555039044
0.08732462884580919   2334.33560700238   2335.0102148213973
0.08988458930634863   2224.3567362837043   2229.0764662428173
0.09251959615009227   2114.1681880110486   2123.4975366633153
0.09523184939525078   2005.7719942318174   2020.1092387088368
0.09802361355455057   1901.134842030346   1920.6932369854521
0.10089721952591899   1802.244558667979   1826.9620884481046
0.10385506653859616   1710.8157936078119   1740.360837134696
0.10689962415629803   1628.3178281496064   1662.0347100069055
0.11003343433910281   1555.7606630032365   1592.7204878830373
0.11325911356578279   1493.2990553065845   1532.3871692659711
0.11657935501835284   1440.3793279034453   1480.3904992398718
0.11999693083066039   1395.4313255312823   1435.2010911796533
0.12351469440289359   1356.2727385925205   1394.8398719169888
0.12713558278394044   1320.2540183251667   1357.0129635767878
0.13086261912358757   1284.5867285270224   1319.4033662876184
0.13469891519660646   1246.6847838633716   1279.9617522791518
0.13864767400083483   1204.4265708570329   1237.1190329636404
0.14271219243142114   1156.5769672793572   1190.044950051122
0.14689586403346616   1102.986237703804   1138.7891625228283
0.1512021818353596   1044.644812524506   1084.3255945206563
0.15563474126517718   983.5327531807444   1028.4123645806046
0.16019724315257297   922.2975802197968   973.0848620277569
0.1648934968186736   863.9337345041555   920.5666374735067
0.1697274232565544   811.3079189059239   872.8741389538017
0.17470305840495237   766.4662341485385   831.2163066430828
0.17982455651794954   729.9173572771655   795.8024886527538
0.18509619363343993   700.5128703670621   765.5925326443808
0.19052237114327647   676.0213491978137   738.8003008059677
0.19610761946807834   653.7467808182921   713.5746410855794
0.20185660183976684   630.8486709305176   688.042621577417
0.20777411819498756   604.8467531797326   660.7357002336588
0.21386510918267082   574.6338948169412   631.3641977112146
0.22013466028907505   541.0940697454729   600.5005196523144
0.22658800608375756   506.5067172177718   569.6242507997267
0.23323053459001789   473.4847378467623   540.354234359671
0.2400677917834628   444.28902402800634   513.8061331638763
0.24710548622244882   420.14418794029854   490.5102789030121
0.25434949381426813   400.68420229610774   470.08011173824957
0.2618058627210567   384.11588848261323   451.33687436826375
0.2694808184095226   368.1224652251735   433.18800470882
0.27738076884870827   350.69370080755357   414.79253697535427
0.2855123098601282   331.20575811767696   395.80334792278785
0.29388223062474755   310.6754205665234   376.897635521014
0.3024975193514008   290.8257106661068   358.8778300109864
0.31136536911138296   273.21543159280077   342.27714515006994
0.3204931838440838   258.4694912442263   327.15400081751466
0.32988858453867975   245.82932882860442   313.24171593627915
0.3395594155970457   233.856246444191   299.917242751259
0.34951375138319807   221.40662671805583   286.78722699513736
0.3597599029647371   208.28727687510212   273.8669759781802
0.37030642505191835   195.32913605471268   261.45195710300595
0.3811621231401457   183.5212971925778   249.79149957650932
0.3923360608618501   173.1968743458672   238.92388346888626
0.4038375675538918   163.92037585055903   228.69347577013647
0.41567624604680364   154.9154327658616   218.86746077066948
0.42786198068238046   145.81137007600717   209.36622418295832
0.4404049455663077   136.89277826748702   200.26189044374925
0.4533156130627191   128.63941428535975   191.64812284599947
0.4666047625377753   121.19263166420022   183.5254024430007
0.4802834893595659   114.25941467733733   175.80977340493206
0.49436321416184764   107.52554692279463   168.42052333423973
0.5088556923793517   100.98129901473324   161.34749673272736
0.5237730240626238   94.84355212333435   154.6340390071091
0.5391276639805903   89.18464513681327   148.27087532977848
0.5549324320192869   83.87222347138659   142.21274896996326
0.5712005238854289   78.77990979304069   136.4266025558923
0.5879455221237613   73.94084349072358   130.91388866846054
0.6051814074573895   69.42174708789975   125.67642575605929
0.622922570460556   65.19000421861078   120.69417727797405
0.6411838235736077   61.17959979935463   115.94034890621752
0.6599804134701901   57.38604820763777   111.4106157650666
0.6793280337869897   53.82817732510148   107.09947739955786
0.6992428382266549   50.48775045178995   102.99244555040852
0.7197414540448374   47.34181961213617   99.07743119440273
0.7408409959326054   44.379134329014576   95.34426566061283
0.7625590803058332   41.5905815513972   91.78343749948408
0.7849138400134885   38.96734150866448   88.38598136548883
0.8079239394770964   36.500894896025365   85.1434441912451
0.8316085902740278   34.18302782197699   82.04785359671618
0.8559875671776167   32.00583472601242   79.09168837723908
0.8810812246675007   29.961659923643534   76.26774881867979
0.9069105139239728   28.042847656171627   73.56867451844352
0.9334970003205227   26.24203574766004   70.98737264146874
0.960862881429187   24.552274759651436   68.5172120770185
0.9890310055537336   22.967006113311065   66.15199057226674
1.0180248908061487   21.480041152144278   63.885904196097016
1.047868744742366   20.085541270481315   61.7135192060862
1.0785874845736239   18.777999177517994   59.62974531125944
1.1102067579703248   17.5522419159318   57.62966850961486
1.1427529644757777   16.40342994399643   55.708390603365935
1.1762532775476793   15.326993294472578   53.861310555100005
1.210735667245765   14.318612261255861   52.08414332632528
1.246228923584555   13.374205364518216   50.37289708918668
1.2827626805706884   12.489917764672605   48.72385232421866
1.3203674409449337   11.662110118779212   47.13354263123738
1.3590746016495152   10.887347464484161   45.59872966558086
1.3989164800420282   10.16238231035996   44.116260320131715
1.4399263408778291   9.484147879848694   42.68308813488714
1.4821384240834183   8.84975565516308   41.296385321167456
1.525587973344019   8.256486026925417   39.95353194391125
1.5703112655292182   7.701779148463444   38.6521018816078
1.6163456409812174   7.183226231006987   37.38984990788446
1.6637295346910133   6.698561262514529   36.16469978432837
1.7125025083885144   6.245653140441767   34.97474097853924
1.7627052835733923   5.822498217070024   33.818252714811926
1.814379775514258   5.427213153495023   32.69366077004431
1.8675691282445197   5.058028153726803   31.59951234198213
1.922317750584177   4.713280558714971   30.534468391794665
1.9786713532176083   4.391408768540733   29.497296495887404
2.0366769868582977   4.090946478427302   28.48686413763756
2.0963830815323896   3.8105172112042847   27.502132621178895
2.1578394870138577   3.5488285654772564   26.542189902973593
2.2210975144450407   3.3046668928136125   25.606281246299776
2.286209979177315   3.0768939637015986   24.693721930837672
2.3532312448676476   2.864442673920207   23.803881656221044
2.4222172688678643   2.6663128138342693   22.936180752626726
2.4932256489445366   2.481567073343289   22.09008654935622
2.5663156713684585   2.309327270532375   21.265109889688276
2.641548360413907   2.148770863249426   20.460813106855934
2.7189865293089923   1.9991287182004325   19.67699540480726
2.798694832679631   1.8596813888026145   18.91362776352096
2.8807398205309562   1.7297549449031344   18.170659979438092
2.9651899938111903   1.6087182180974773   17.448015166166464
3.05211586160442   1.495980238101568   16.745590859856335
3.1415899999999994   1.3909878106339073   16.063260145215654
