0.01   21058.837310147243   21052.092716861538
0.010293154462191829   21235.19580595634   21227.907095681207
0.010594902878253955   21400.914561276455   21393.04613207241
0.010905497183778876   21555.35150763692   21546.85898709042
0.011225196699963396   21697.86609500344   21688.695096223706
0.011554268350120923   21827.823778891066   21817.910533207112
0.011892986882540897   21944.573383427563   21933.85063002298
0.012241635099881474   22047.463622300384   22035.863828126054
0.012600504095286909   22135.860389368598   22123.31604465873
0.012969893495426888   22209.12707693263   22195.567919688427
0.013350111710660605   22266.613164785394   22251.961461531802
0.013741476192534558   22307.69243305391   22291.862859707082
0.014144313698828986   22331.764209528104   22314.664303469428
0.01455896056637426   22338.2276513843   22319.758498857387
0.014985762991865008   22326.5092229869   22306.56613010615
0.01542507732090645   22296.079286012424   22274.552416190036
0.015877270345534218   22246.434621845292   22223.207911755457
0.016342719610456153   22177.099598133256   22152.04950452743
0.016821813728271667   22087.655877286874   22060.65231143433
0.017314952703931925   21977.74622979557   21948.65320203653
0.017822548268711737   21847.072464383207   21815.747315462926
0.01834502422397195   21695.40643651648   21661.70082021368
0.018882816794999403   21522.597387731625   21486.359031667635
0.019436374995219892   21328.594631780892   21289.67121749761
0.02000616100108813   21113.44634335178   21071.689019295813
0.020592650537967844   20877.28510947352   20832.5502861871
0.021196333277324068   20620.361380208604   20572.51386924899
0.02181771324555934   20343.096548318335   20292.01487407647
0.022457309244835088   20046.00678988097   19991.585167031684
0.02311565528622961   19729.702474853315   19671.852977540235
0.023793301035594242   19395.028206782063   19333.691217843414
0.024490812272480036   19042.983352192834   18978.13312795357
0.025208771362518027   18674.620617603814   18606.26476178791
0.0259477777436476   18291.180122557944   18219.36390504488
0.02670844842659881   17894.19245634778   17819.00665040634
0.027491418510046592   17485.213166204147   17406.79182523137
0.028297341710866907   17065.842699777902   16984.360386966935
0.029126890909937666   16638.052851013865   16553.726547959977
0.029980758713939952   16203.90100629488   16116.987189681502
0.030859658033628758   15765.348189578335   15676.137023490568
0.031764322679055976   15324.544427910489   15233.354279361145
0.03269550797224261   14883.882114005793   14791.053827121077
0.033653991377811755   14445.5788890591   14351.469648448157
0.03464057315210884   14011.759151866596   13916.730730034631
0.03565607701135116   13584.837194764743   13489.223940194346
0.036701350819364466   13167.09775921982   13071.19783134174
0.03777726729548091   12760.55189775104   12664.626420319797
0.038884724743189276   12367.036546879066   12271.284006868853
0.04002464780014597   11988.217580826018   11892.75337807015
0.041197988210172884   11625.522924424386   11530.385810855823
0.04240572561788674   11280.204956961948   11185.331926097353
0.04364886838662332   10953.448348363368   10858.584988167799
0.04492845444033957   10646.280244566464   10550.981176514488
0.04624555213019635   10359.463379350418   10263.115349247886
0.04760126112654554   10092.270365192799   9994.165582135987
0.04899671333706607   9843.089812090615   9742.473488256315
0.05043307385181555   9610.41899524911   9506.493836711814
0.05191154191598653   9392.237482674254   9284.194981781848
0.053433351931179485   9185.734196010662   9072.79978553625
0.05499977448602865   8988.248089645938   8869.68744712043
0.05661211741704101   8797.221565691412   8672.397639880712
0.05827172690053434   8610.132173186848   8478.58845585561
0.05997998857658587   8424.579882758751   8286.056721022564
0.06173832870592997   8237.212354977208   8091.877375731645
0.0635482153607709   8044.016674697511   7892.641443215541
0.06541115965050462   7841.232357897729   7685.232440442024
0.06732871698337338   7625.0368697053445   7466.708116875424
0.06930248836510605   7392.142059873716   7234.627155691577
0.07133412173562886   7141.037659537136   6988.211319018751
0.07342531334496233   6871.63699614046   6727.945952085074
0.07557780916945323   6585.831708048744   6455.927730861012
0.07779340636952398   6287.711420649046   6176.055406392762
0.08007395479015682   5981.867971260366   5892.500977297967
0.08242135850536496   5673.466462357441   5609.777356367712
0.08483757740794096   5367.819243972843   5332.318013024017
0.08732462884580919   5070.556052849611   5064.605380147211
0.08988458930634863   4787.106626612442   4810.691124123545
0.09251959615009227   4522.686292820709   4574.212008673602
0.09523184939525078   4282.259273233288   4358.3528159339185
0.09802361355455057   4069.8361538299046   4165.45800555121
0.10089721952591899   3886.99209756748   3995.8896374045944
0.10385506653859616   3733.6442306580716   3848.8057931076887
0.10689962415629803   3605.8209562529273   3720.47223788546
0.11003343433910281   3498.2210494314604   3606.372481350069
0.11325911356578279   3403.39475847634   3501.048606553187
0.11657935501835284   3313.6949189534616   3399.242166032336
0.11999693083066039   3221.456643381348   3296.087109500028
0.12351469440289359   3120.1696836329784   3187.6861495314947
0.12713558278394044   3005.025122953785   3071.5055894834754
0.13086261912358757   2874.3161623545425   2947.619658845732
0.13469891519660646   2729.204792614398   2817.653285717565
0.13864767400083483   2573.483118309324   2684.3405665413693
0.14271219243142114   2412.837108298667   2551.1990705451854
0.14689586403346616   2254.604454062142   2422.4832714483755
0.1512021818353596   2107.0396574660235   2302.501984915944
0.15563474126517718   1977.7938310629306   2194.3692861281934
0.16019724315257297   1870.5455757216746   2099.42807820421
0.1648934968186736   1784.0852356395405   2016.1044441352426
0.1697274232565544   1713.7721720612158   1941.1863391496288
0.17470305840495237   1653.7537896990107   1871.7360167007164
0.17982455651794954   1597.5457707778512   1804.7489971419088
0.18509619363343993   1537.6446554401282   1737.2593318804904
0.19052237114327647   1468.5176011227986   1667.811196023456
0.19610761946807834   1389.7216220051976   1596.5700710938218
0.20185660183976684   1305.2950088007733   1525.5154459372584
0.20777411819498756   1220.7813549868104   1457.011938928102
0.21386510918267082   1141.8680855085743   1392.517488591433
0.22013466028907505   1073.2771721684387   1333.1053845207123
0.22658800608375756   1016.4769337376028   1279.064470342859
0.23323053459001789   969.3207705487182   1228.967028326118
0.2400677917834628   927.5459334196942   1181.5545693498652
0.24710548622244882   885.9092983835101   1135.4480015869726
0.25434949381426813   840.7699066756428   1090.021280270309
0.2618058627210567   792.4265392353306   1045.7114529576324
0.2694808184095226   743.5193716080229   1002.8718763803685
0.27738076884870827   697.2546592119827   962.0941705247207
0.2855123098601282   656.4347957997404   923.8328404016487
0.29388223062474755   621.2884661987549   888.0496732603203
0.3024975193514008   589.7230814855701   853.799677052329
0.31136536911138296   559.2555095247474   821.1002185081471
0.3204931838440838   528.1625454248052   789.5488520160096
0.32988858453867975   496.72924407686355   759.1581693242003
0.3395594155970457   466.6629672563012   730.1860214098363
0.34951375138319807   439.18604396946375   702.7379572346097
0.3597599029647371   414.4403051262391   676.5988946282376
0.37030642505191835   391.4857917139549   651.7037782508685
0.3811621231401457   369.2159706693551   627.8810826773368
0.3923360608618501   347.3857467803977   605.0447217812344
0.4038375675538918   326.5387512193974   583.2063922776036
0.41567624604680364   307.177295232206   562.4147807115647
0.42786198068238046   289.264631954049   542.6074847750934
0.4404049455663077   272.36507313289894   523.6752063872448
0.4533156130627191   256.1541163268574   505.5464402942318
0.4666047625377753   240.72373507311872   488.2114440040854
0.4802834893595659   226.2494529802638   471.6513031002702
0.49436321416184764   212.70991043401736   455.8369548630693
0.5088556923793517   199.9276004079381   440.70383320974435
0.5237730240626238   187.80216329708176   426.19671435986066
0.5391276639805903   176.3639684904625   412.3150348105053
0.5549324320192869   165.62271040275576   399.02892228033625
0.5712005238854289   155.51091956185115   386.29645766376706
0.5879455221237613   145.96508384603575   374.08011980052004
0.6051814074573895   136.97301016832165   362.3602851876186
0.622922570460556   128.5175164889038   351.1200120401643
0.6411838235736077   120.55909108419682   340.31709736114834
0.6599804134701901   113.06506495885252   329.9306415920619
0.6793280337869897   106.01715652959672   319.9442578824401
0.6992428382266549   99.3904660078276   310.33217061646513
0.7197414540448374   93.16084591956297   301.07110853997176
0.7408409959326054   87.30564785727144   292.14032541974296
0.7625590803058332   81.80344171099385   283.5204739643682
0.7849138400134885   76.63395411319179   275.1935053214551
0.8079239394770964   71.77801039946863   267.142580294168
0.8316085902740278   67.21747921296749   259.35198783097206
0.8559875671776167   62.93523038183626   251.80697782247557
0.8810812246675007   58.915182938764715   244.4927970320092
0.9069105139239728   55.142182342678595   237.3951332217727
0.9334970003205227   51.60187809007708   230.50071471954143
0.960862881429187   48.280685681823996   223.79725353020464
0.9890310055537336   45.165751053827904   217.27338391552456
1.0180248908061487   42.2449162462789   210.91860598502456
1.047868744742366   39.50668417284961   204.72323165745644
1.0785874845736239   36.940151190543816   198.67829952347094
1.1102067579703248   34.534992300863   192.77554023492178
1.1427529644757777   32.281469530914016   187.0073727490701
1.1762532775476793   30.17040217003959   181.36686697571844
1.210735667245765   28.193137081783544   175.8477076449952
1.246228923584555   26.341520441364896   170.44416044718747
1.2827626805706884   24.60787099267714   165.15105115525296
1.3203674409449337   22.984959739012183   159.96413400616393
1.3590746016495152   21.465985324153074   154.8801151949361
1.3989164800420282   20.044543200290633   149.89607983106023
1.4399263408778291   18.71460363151914   145.00943389027486
1.4821384240834183   17.470491276877326   140.21788451627475
1.525587973344019   16.30686577201212   135.51942088228242
1.5703112655292182   15.218703243908672   130.91230036274402
1.6163456409812174   14.201276289995185   126.39552381157495
1.6637295346910133   13.250136102674094   121.96915250049989
1.7125025083885144   12.361101665695752   117.63335798482588
1.7627052835733923   11.530245026175798   113.38830512307742
1.814379775514258   10.753876781715132   109.23414593702806
1.8675691282445197   10.028532340473056   105.17101370946133
1.922317750584177   9.350958917415598   101.19901780027875
1.9786713532176083   8.718103295097762   97.31857160070784
2.0366769868582977   8.127100271285293   93.53089108130364
2.0963830815323896   7.575261475295062   89.83710986119269
2.1578394870138577   7.060064944490578   86.23811636061585
2.2210975144450407   6.579145307208583   82.73456324771074
2.286209979177315   6.130284508455599   79.32687721839031
2.3532312448676476   5.711403051048594   76.0152690508454
2.4222172688678643   5.320551341939326   72.79984374638286
2.4932256489445366   4.955900880022786   69.68089375406251
2.5663156713684585   4.615738416486889   66.65854164320004
2.641548360413907   4.298459387494985   63.73263999158824
2.7189865293089923   4.002561272481388   60.90279015238659
2.798694832679631   3.7266373395494408   58.168360838500874
2.8807398205309562   3.469370756775487   55.52850643128803
2.9651899938111903   3.2295293989504246   52.98221438760762
3.05211586160442   3.005962261182215   50.52846706917113
3.1415899999999994   2.797592674806527   48.1661136510557
