0.01   4359.153850693173   4359.002976072679
0.010293154462191829   4406.548671329596   4406.395846704119
0.010594902878253955   4452.116186031245   4451.96081862003
0.010905497183778876   4495.709497828182   4495.551051840889
0.011225196699963396   4537.177660601742   4537.015924524962
0.011554268350120923   4576.369440085122   4576.204540502703
0.011892986882540897   4613.129314081657   4612.96151120365
0.012241635099881474   4647.2941562732085   4647.123455234422
0.012600504095286909   4678.701268654399   4678.527370424015
0.012969893495426888   4707.1887686714945   4707.011106653385
0.013350111710660605   4732.5890876698595   4732.407122735313
0.013741476192534558   4754.734614827161   4754.547963781247
0.014144313698828986   4773.461984782388   4773.270421883592
0.01455896056637426   4788.606922363183   4788.410191842187
0.014985762991865008   4800.002732266495   4799.800282982808
0.01542507732090645   4807.489420506791   4807.280386420517
0.015877270345534218   4810.913906923899   4810.697116014328
0.016342719610456153   4810.124773866162   4809.898784946487
0.016821813728271667   4804.979002316025   4804.7421235602205
0.017314952703931925   4795.345651154039   4795.095949911614
0.017822548268711737   4781.104158332861   4780.839426857978
0.01834502422397195   4762.1454117159055   4761.863133253332
0.018882816794999403   4738.376190733818   4738.0735600298485
0.019436374995219892   4709.721490556233   4709.395467577987
0.02000616100108813   4676.128225770703   4675.775665111336
0.020592650537967844   4637.563458502511   4637.181163052274
0.021196333277324068   4594.015275011573   4593.600040958218
0.02181771324555934   4545.506367271372   4545.055235073193
0.022457309244835088   4492.091659757632   4491.602117337504
0.02311565528622961   4433.847213322804   4433.317214192186
0.023793301035594242   4370.883508521752   4370.31167240476
0.024490812272480036   4303.368639648997   4302.7547776631745
0.025208771362518027   4231.494305069939   4230.839459802338
0.0259477777436476   4155.472920139863   4154.779355154713
0.02670844842659881   4075.5873393880315   4074.8591278655504
0.027491418510046592   3992.1644770114463   3991.407773825522
0.028297341710866907   3905.535913766941   3904.75875724096
0.029126890909937666   3816.0803747249465   3815.292614864726
0.029980758713939952   3724.266794486426   3723.4801572090614
0.030859658033628758   3630.5598517118165   3629.787694456522
0.031764322679055976   3535.4171413370086   3534.674184076129
0.03269550797224261   3439.3754483353587   3438.677636302474
0.033653991377811755   3342.984696348918   3342.348987309089
0.03464057315210884   3246.753482860175   3246.197563727197
0.03565607701135116   3151.24015505713   3150.7811511316636
0.036701350819364466   3057.0970258185907   3056.7497609242664
0.03777726729548091   2964.91817192321   2964.695200765939
0.038884724743189276   2875.214840992314   2875.1265434054217
0.04002464780014597   2788.359145764263   2788.4131986634206
0.041197988210172884   2704.6450739165816   2704.84650253612
0.04240572561788674   2624.32911692501   2624.680486363972
0.04364886838662332   2547.833917646671   2548.3298180330403
0.04492845444033957   2475.776959322285   2476.397838558196
0.04624555213019635   2408.713301811115   2409.4267667212066
0.04760126112654554   2346.9015907711687   2347.6651076489716
0.04899671333706607   2289.9240963217276   2290.6894038319683
0.05043307385181555   2237.288788155599   2238.002843790806
0.05191154191598653   2188.5357190715627   2189.1408670902338
0.053433351931179485   2143.2089601164384   2143.64299401313
0.05499977448602865   2100.881347549587   2101.077709069684
0.05661211741704101   2061.023103105575   2060.913484875207
0.05827172690053434   2022.9344260382265   2022.4526592759537
0.05997998857658587   1985.9198951009223   1985.0036056035065
0.06173832870592997   1949.1094181835517   1947.7099387136877
0.0635482153607709   1911.5847074571002   1909.6719763338062
0.06541115965050462   1872.3644010734474   1869.935769073614
0.06732871698337338   1830.3745167999123   1827.466052561834
0.06930248836510605   1784.6680878502152   1781.3576011724115
0.07133412173562886   1734.48816621112   1730.9024629297746
0.07342531334496233   1679.3270520376514   1675.6405719145466
0.07557780916945323   1619.1369490293646   1615.574043394323
0.07779340636952398   1554.2039941993828   1551.022753358951
0.08007395479015682   1485.358613775881   1482.8191668168788
0.08242135850536496   1413.6839936875654   1412.03721550798
0.08483757740794096   1340.552076112921   1340.035662189434
0.08732462884580919   1267.4357197299894   1268.248999444874
0.08988458930634863   1195.87154192639   1198.150507110433
0.09251959615009227   1127.4895705802983   1131.283694705077
0.09523184939525078   1063.7783004311666   1069.0498319437008
0.09802361355455057   1006.0993311609625   1012.6976526550209
0.10089721952591899   955.5331784259578   963.1992418677052
0.10385506653859616   912.559423814582   920.9328122463585
0.10689962415629803   877.169384685769   885.8192022557305
0.11003343433910281   848.5514285689727   857.0410241008864
0.11325911356578279   825.4147027248144   833.3383615174985
0.11657935501835284   805.9731640171373   813.0015171578658
0.11999693083066039   788.1747789114233   794.1339277136093
0.12351469440289359   769.9043328967789   774.8123886398026
0.12713558278394044   749.1682574018578   753.2427220436722
0.13086261912358757   724.4436088806299   728.1490441084978
0.13469891519660646   694.9133767210535   698.8988846856631
0.13864767400083483   660.6464391345836   665.6127631929046
0.14271219243142114   622.6045558344343   629.2466745249226
0.14689586403346616   582.5023006555962   591.372459174413
0.1512021818353596   542.623417584007   553.9980718957686
0.15563474126517718   505.47880512727596   519.2642623915804
0.16019724315257297   473.2375517970761   488.9498738972529
0.1648934968186736   447.06628750574896   463.9796589072252
0.1697274232565544   426.87911500547756   444.12011191749406
0.17470305840495237   411.6036700470919   428.34243787438385
0.17982455651794954   399.5272421212327   415.17855121436816
0.18509619363343993   388.44659006507237   402.8026848693268
0.19052237114327647   375.9666029750004   389.3190349045941
0.19610761946807834   360.3253713223483   373.37875011913457
0.20185660183976684   341.188354233472   354.8439312584469
0.20777411819498756   319.6095506721056   334.676401504935
0.21386510918267082   297.44020053482035   314.35604506266407
0.22013466028907505   276.8076798487724   295.4689562950632
0.22658800608375756   259.44059946169483   279.19667831835216
0.23323053459001789   245.94925776119746   265.89649914373615
0.2400677917834628   235.7021649956684   255.0380778617201
0.24710548622244882   227.1275704648962   245.35839839501537
0.25434949381426813   218.27628074090796   235.5611395064728
0.2618058627210567   207.7838001424539   224.82704457075502
0.2694808184095226   195.58184090529483   213.1202640345305
0.27738076884870827   182.64724463532312   201.15087245237882
0.2855123098601282   170.4499242811214   189.92333556832827
0.29388223062474755   160.19486081305365   180.0705370052791
0.3024975193514008   152.03533833878163   171.65544746671176
0.31136536911138296   145.1491391526262   164.08512799141138
0.3204931838440838   138.35590703953184   156.71323752679135
0.32988858453867975   130.84456633993668   149.06559838433353
0.3395594155970457   122.75070914459181   141.3048146501785
0.34951375138319807   114.88439177464898   133.86732089794123
0.3597599029647371   107.97099260825273   127.1110315668356
0.37030642505191835   102.1440412333824   121.0068831035229
0.3811621231401457   96.89069803994097   115.32058993556382
0.3923360608618501   91.59023723076719   109.7671128527848
0.4038375675538918   86.09294260298344   104.27445272509479
0.41567624604680364   80.74129322288803   99.0112594004543
0.42786198068238046   75.92037560972905   94.12907157922704
0.4404049455663077   71.64337527956577   89.60151403554576
0.4533156130627191   67.61584737881383   85.2992240584412
0.4666047625377753   63.61051081099493   81.14015006272348
0.4802834893595659   59.71425068762858   77.16321133630562
0.49436321416184764   56.112086094495794   73.41927761466528
0.5088556923793517   52.823410429057525   69.90646064311858
0.5237730240626238   49.707298063509015   66.56417800988399
0.5391276639805903   46.69029474054095   63.372685246705785
0.5549324320192869   43.83408912403236   60.34660520132253
0.5712005238854289   41.18653717039054   57.49023017580124
0.5879455221237613   38.70253810987273   54.78436509181765
0.6051814074573895   36.33369486472127   52.210557338641344
0.622922570460556   34.09562089633856   49.76909539151513
0.6411838235736077   32.00368293583129   47.45995784360527
0.6599804134701901   30.034148852850613   45.2694742322069
0.6793280337869897   28.177359459418998   43.192075693151104
0.6992428382266549   26.42879360992011   41.22246879194193
0.7197414540448374   24.782892878378885   39.35499049483749
0.7408409959326054   23.234298417155294   37.584261781074886
0.7625590803058332   21.777865910678127   35.90518282906384
0.7849138400134885   20.408663209351708   34.31291963956554
0.8079239394770964   19.12195111634034   32.802879961344715
0.8316085902740278   17.913072915274196   31.370624114123515
0.8559875671776167   16.777549551450537   30.01191554512118
0.8810812246675007   15.711143765137045   28.722757369618584
0.9069105139239728   14.709848536036013   27.499378955936216
0.9334970003205227   13.769875532055979   26.338222937194804
0.960862881429187   12.88764407589534   25.23593296835197
0.9890310055537336   12.05977061011456   24.18934218675782
1.0180248908061487   11.283061919042732   23.195437034819474
1.047868744742366   10.554515064858636   22.251268327362613
1.0785874845736239   9.871294733230808   21.35403774383467
1.1102067579703248   9.230720699799017   20.501119590494813
1.1427529644757777   8.630260246501159   19.690049323507807
1.1762532775476793   8.06752088161803   18.918512884233575
1.210735667245765   7.540243356286348   18.1843367870998
1.246228923584555   7.046294966449916   17.485478776402545
1.2827626805706884   6.58366198169727   16.819978170608923
1.3203674409449337   6.150442315990208   16.185898217950648
1.3590746016495152   5.744842593931704   15.5814155217112
1.3989164800420282   5.365172852690969   15.004826911365278
1.4399263408778291   5.00984102578071   14.454540691398352
1.4821384240834183   4.677347688143661   13.92906858655848
1.525587973344019   4.366281052570075   13.42701832387451
1.5703112655292182   4.0753122020076304   12.947085930404448
1.6163456409812174   3.8031903198494765   12.488011370997915
1.6637295346910133   3.548738371527248   12.048564319795346
1.7125025083885144   3.310849387553581   11.627594711103113
1.7627052835733923   3.088482579357996   11.224030851398787
1.814379775514258   2.8806596244434504   10.83687363209721
1.8675691282445197   2.6864611420216895   10.465191221660366
1.922317750584177   2.505023350684485   10.10811419371917
1.9786713532176083   2.3355348640771796   9.764828421231206
2.0366769868582977   2.1772331764618063   9.434531565127472
2.0963830815323896   2.0294020967329716   9.116443528726721
2.1578394870138577   1.8913695628397054   8.809839819099901
2.2210975144450407   1.7625050653997338   8.51404855417088
2.286209979177315   1.6422171981708242   8.228446695044074
2.3532312448676476   1.529951344086726   7.952456593935232
2.4222172688678643   1.4251874899949184   7.685542827096706
2.4932256489445366   1.3274382771505155   7.427214036248549
2.5663156713684585   1.23624775380603   7.177051510286973
2.641548360413907   1.1511888426846304   6.934682126260948
2.7189865293089923   1.0718611731002754   6.699757333650934
2.798694832679631   0.9978894991598894   6.471951484089111
2.8807398205309562   0.9289222069819231   6.250960382790277
2.9651899938111903   0.8646299038820704   6.036499935048273
3.05211586160442   0.8047040855542269   5.828304879781765
3.1415899999999994   0.7488552862366518   5.626109558926822
