0.01   359.421201336661   359.42017008431935
0.010293154462191829   363.0059381145716   363.0048684209809
0.010594902878253955   366.4358076753178   366.43469687443525
0.010905497183778876   369.69975453034834   369.69860761841744
0.011225196699963396   372.78669957114295   372.7855289179348
0.011554268350120923   375.6852455675151   375.6840635695978
0.011892986882540897   378.3838099684769   378.38262353836365
0.012241635099881474   380.87091892094924   380.86972918292577
0.012600504095286909   383.13480931933196   383.133613698844
0.012969893495426888   385.1628427437526   385.1616402492259
0.013350111710660605   386.94246934964684   386.9412613935023
0.013741476192534558   388.4614229535756   388.46021285037875
0.014144313698828986   389.7075731148508   389.7063610317059
0.01455896056637426   390.6691046112524   390.66788477015734
0.014985762991865008   391.334715031618   391.33347569792664
0.01542507732090645   391.69315419100616   391.6918825650802
0.015877270345534218   391.73288098060914   391.73157190744365
0.016342719610456153   391.4430120058139   391.44166890705395
0.016821813728271667   390.8134621264253   390.8120955300462
0.017314952703931925   389.834769140604   389.83338708229587
0.017822548268711737   388.49837222449787   388.4969763946624
0.01834502422397195   386.79682594294053   386.7954117458566
0.018882816794999403   384.723804036604   384.7223606312461
0.019436374995219892   382.274155831883   382.2726662064672
0.02000616100108813   379.44409281719544   379.4425340430764
0.020592650537967844   376.2314114758322   376.2297560088708
0.021196333277324068   372.6360820711118   372.634302709794
0.02181771324555934   368.65980411882714   368.6578755718886
0.022457309244835088   364.3059007652745   364.30379997816823
0.02311565528622961   359.5807024129673   359.57841283098963
0.023793301035594242   354.49348724494985   354.49100283094
0.024490812272480036   349.05502715839447   349.0523521316713
0.025208771362518027   343.2785747254472   343.275722586886
0.0259477777436476   337.1823740773895   337.17936554515546
0.02670844842659881   330.7863930977121   330.7832551987092
0.027491418510046592   324.1116883806247   324.1084538152758
0.028297341710866907   317.1847289932037   317.1814354298418
0.029126890909937666   310.0356747668043   310.0323641030496
0.029980758713939952   302.69436595479294   302.69108359370836
0.030859658033628758   295.1932607844947   295.1900607053717
0.031764322679055976   287.5717586809011   287.56871662146347
0.03269550797224261   279.868419233091   279.86563205148167
0.033653991377811755   272.12024292900577   272.1178227764587
0.03464057315210884   264.36948695359325   264.36753149714787
0.03565607701135116   256.6593206572948   256.65789838265863
0.036701350819364466   249.02897040797959   249.02812335104932
0.03777726729548091   241.51884480803653   241.51861986664312
0.038884724743189276   234.17443233493054   234.17493354729854
0.04002464780014597   227.03678239990538   227.03816976697732
0.041197988210172884   220.14089294417164   220.14334177343275
0.04240572561788674   213.51157513036605   213.51503879780236
0.04364886838662332   207.16765559376384   207.1717920158434
0.04492845444033957   201.12509714263118   201.1293090926652
0.04624555213019635   195.40516540703425   195.4088948758067
0.04760126112654554   190.03712275492967   190.0402170561687
0.04899671333706607   185.0472507430127   185.04994649176768
0.05043307385181555   180.44242770577915   180.44517571501396
0.05191154191598653   176.17598342902517   176.1789908039884
0.053433351931179485   172.19479712975732   172.19796195882867
0.05499977448602865   168.451312329832   168.45425863583884
0.05661211741704101   164.90515982384255   164.90728623133845
0.05827172690053434   161.51971457320715   161.5202191297133
0.05997998857658587   158.2511996380549   158.24920247050338
0.06173832870592997   155.0417719618371   155.03651007858346
0.0635482153607709   151.8345347688306   151.82540046339403
0.06541115965050462   148.5601275872944   148.5468816661611
0.06732871698337338   145.14596604697417   145.1288375562659
0.06930248836510605   141.52226635302432   141.50188558881345
0.07133412173562886   137.62097199957367   137.59828032262243
0.07342531334496233   133.39141382450933   133.367530254876
0.07557780916945323   128.81479359327528   128.7907145417891
0.07779340636952398   123.89400217739701   123.87057747656722
0.08007395479015682   118.67172563531557   118.64977239404999
0.08242135850536496   113.2103868690496   113.19074503971305
0.08483757740794096   107.60439925335898   107.58807390493344
0.08732462884580919   101.95506328311411   101.94319737280483
0.08988458930634863   96.37135334988793   96.36515223618129
0.09251959615009227   90.96104095818923   90.96142254818
0.09523184939525078   85.83088612546453   85.83808344600791
0.09802361355455057   81.08495339876484   81.09821304863253
0.10089721952591899   76.81296394671803   76.8305619819198
0.10385506653859616   73.0728139412049   73.09252720748937
0.10689962415629803   69.8951475888242   69.91453718632695
0.11003343433910281   67.24885849474373   67.26556499205353
0.11325911356578279   65.0686086847825   65.0804621175696
0.11657935501835284   63.237731099894845   63.24288037064804
0.11999693083066039   61.62174707277997   61.618740707709115
0.12351469440289359   60.07025995855502   60.058219534865856
0.12713558278394044   58.43828135358816   58.41740589415996
0.13086261912358757   56.600060670590196   56.57181063226374
0.13469891519660646   54.46973268056171   54.43657060091946
0.13864767400083483   52.01956229814709   51.984881539079154
0.14271219243142114   49.28106221282902   49.248883743262226
0.14689586403346616   46.34098623768618   46.31536153515775
0.1512021818353596   43.32900372584692   43.31322598617402
0.15563474126517718   40.40495567723272   40.40010238736152
0.16019724315257297   37.73384356897138   37.738153038813394
0.1648934968186736   35.44622849510757   35.45605103591695
0.1697274232565544   33.592746915406536   33.604055820915406
0.17470305840495237   32.134751167797944   32.14312779262444
0.17982455651794954   30.975082313049416   30.976308659243998
0.18509619363343993   29.986071392000827   29.976886965700423
0.19052237114327647   29.018122793593875   28.998134094383097
0.19610761946807834   27.922081243794377   27.89457360126483
0.20185660183976684   26.60895133011184   26.578885304949935
0.20777411819498756   25.093693840294332   25.065964945203348
0.21386510918267082   23.473359625339288   23.452485597616487
0.22013466028907505   21.87423201424068   21.862431511231627
0.22658800608375756   20.42487067479689   20.42063089005133
0.23323053459001789   19.214869221510934   19.21403492486664
0.2400677917834628   18.25394836726099   18.251029604417912
0.24710548622244882   17.47679098235053   17.467327703311128
0.25434949381426813   16.773344205789233   16.755759040002328
0.2618058627210567   16.02718452292529   16.00397173606167
0.2694808184095226   15.178514378644318   15.154067115561512
0.27738076884870827   14.251573271121075   14.230389550074907
0.2855123098601282   13.319184261136371   13.303842701027518
0.29388223062474755   12.466490671045735   12.456078768616102
0.3024975193514008   11.747924685900996   11.738281522898422
0.31136536911138296   11.14932649518176   11.136712862902924
0.3204931838440838   10.610100522464679   10.592850310037818
0.32988858453867975   10.065657411936733   10.045266272652832
0.3395594155970457   9.485212682750685   9.465165008218117
0.34951375138319807   8.893089173889946   8.875957434227244
0.3597599029647371   8.337405524977653   8.323176422840062
0.37030642505191835   7.847555786846399   7.833888067935814
0.3811621231401457   7.417598401968263   7.402176981798284
0.3923360608618501   7.013910833207869   6.9964788269209235
0.4038375675538918   6.60918160092943   6.591405995382155
0.41567624604680364   6.20557960007078   6.1891322990355695
0.42786198068238046   5.823773978783143   5.808850404646404
0.4404049455663077   5.477967174425437   5.463318854525209
0.4533156130627191   5.161622258291551   5.146234696008359
0.4666047625377753   4.859439766946778   4.843643293461041
0.4802834893595659   4.564558756194354   4.549386167639687
0.49436321416184764   4.284196555214302   4.269925713845507
0.5088556923793517   4.0247328715293555   4.010839181306027
0.5237730240626238   3.783642488805996   3.7697083951882457
0.5391276639805903   3.554266783418766   3.540532771053291
0.5549324320192869   3.3353118089520724   3.322201666208032
0.5712005238854289   3.1296911210941487   3.117132841211057
0.5879455221237613   2.9377309305468335   2.9254887225590354
0.6051814074573895   2.756761035708443   2.744875119844037
0.622922570460556   2.5853812868065384   2.5740150550849497
0.6411838235736077   2.4242571000100277   2.4134172110919954
0.6599804134701901   2.2731382701964953   2.262745295387287
0.6793280337869897   2.131085764938383   2.121133435422218
0.6992428382266549   1.9973716086193516   1.9878953246989297
0.7197414540448374   1.8715638460623003   1.862591019932533
0.7408409959326054   1.7532518582251004   1.7448019355525741
0.7625590803058332   1.6420406722261651   1.634126106178616
0.7849138400134885   1.5375509263594844   1.5301780696016432
0.8079239394770964   1.4394187676903367   1.4325886866789834
0.8316085902740278   1.3472956897864592   1.341004905731248
0.8559875671776167   1.2608468536598696   1.2550882836639248
0.8810812246675007   1.1797418970821931   1.1745073705468063
0.9069105139239728   1.1036633590543095   1.0989444645751498
0.9334970003205227   1.0323118287752144   1.028099694504049
0.960862881429187   0.9654049950938529   0.9616901242033498
0.9890310055537336   0.9026767125822257   0.899448870851907
1.0180248908061487   0.8438761162720833   0.8411242635246271
1.047868744742366   0.7887667826405265   0.7864790407273405
1.0785874845736239   0.7371263074431426   0.7352898173366739
1.1102067579703248   0.6887467793785522   0.6873471196419211
1.1427529644757777   0.643432419709372   0.6424536689627236
1.1762532775476793   0.6009983813094544   0.6004233946225587
1.210735667245765   0.5612702028568911   0.5610808637809156
1.246228923584555   0.5240832854049964   0.5242607347993398
1.2827626805706884   0.4892823906770001   0.48980723355851336
1.3203674409449337   0.4567211604792351   0.4575736521259149
1.3590746016495152   0.4262615376318132   0.427421745898044
1.3989164800420282   0.39777313463235464   0.3992210763523149
1.4399263408778291   0.3711331812479638   0.37284895381134014
1.4821384240834183   0.34622618138608413   0.34819008067510904
1.525587973344019   0.3229435102349456   0.325136133384408
1.5703112655292182   0.30118303163595184   0.30358536579071727
1.6163456409812174   0.2808487348232512   0.28344223301561505
1.6637295346910133   0.2618503896988152   0.2646170357099652
1.7125025083885144   0.24410322068127244   0.2470256800922277
1.7627052835733923   0.22752759712724321   0.23058941640430694
1.814379775514258   0.21204873756757442   0.2152343282612658
1.8675691282445197   0.1975964311000684   0.2008910322851586
1.922317750584177   0.18410477372643722   0.18749441826735327
1.9786713532176083   0.17151191871414181   0.17498340263568943
2.0366769868582977   0.15975984032502874   0.16330069468155375
2.0963830815323896   0.14879410951550565   0.1523925742421862
2.1578394870138577   0.138563655077411   0.14220865403626362
2.2210975144450407   0.1290205651360209   0.13270168209608735
2.286209979177315   0.12011993913120811   0.12382739508184215
2.3532312448676476   0.11181970937687667   0.11554434066654937
2.4222172688678643   0.10408046997952372   0.10781370706533769
2.4932256489445366   0.09686531551678917   0.10059916217892097
2.5663156713684585   0.09013968896107996   0.09386670187177715
2.641548360413907   0.0838712408508172   0.08758450975463992
2.7189865293089923   0.07802973399380245   0.08172286765507969
2.798694832679631   0.07258689667694708   0.07625400696232885
2.8807398205309562   0.06751626113892188   0.07115194165889412
2.9651899938111903   0.0627930529222522   0.06639235789382131
3.05211586160442   0.058394087865005405   0.061952511366420694
3.1415899999999994   0.054297674927507526   0.057811130530573976
