0.01   15106.529485933443   15094.451330259624
0.010293154462191829   15327.143731318021   15313.857386257247
0.010594902878253955   15544.651966527937   15530.042312266722
0.010905497183778876   15758.6201336396   15742.563049964685
0.011225196699963396   15968.589912764057   15950.951095619765
0.011554268350120923   16174.074039933374   16154.707426239931
0.011892986882540897   16374.573946398506   16353.321519891777
0.012241635099881474   16569.577207611055   16546.268636689154
0.012600504095286909   16758.540811018185   16732.991959413164
0.012969893495426888   16940.90804736341   16912.920607110358
0.013350111710660605   17116.115335478848   17085.476891106766
0.013741476192534558   17283.57330317025   17250.055909113362
0.014144313698828986   17442.6696060524   17406.028561887484
0.01455896056637426   17592.78989337721   17552.764104072972
0.014985762991865008   17733.31194997012   17689.623305973335
0.01542507732090645   17863.590363231007   17815.940939164546
0.015877270345534218   17982.980469634258   17931.05270151212
0.016342719610456153   18090.844057827093   18034.301451882395
0.016821813728271667   18186.530045852793   18125.01488531666
0.017314952703931925   18269.386573797114   18202.51914227775
0.017822548268711737   18338.779780064877   18266.160031618696
0.01834502422397195   18394.090136014303   18315.2981554374
0.018882816794999403   18434.70884517499   18349.30413125129
0.019436374995219892   18460.055540580048   18367.57932061925
0.02000616100108813   18469.584248424926   18369.56222938282
0.020592650537967844   18462.7869994299   18354.730854779555
0.021196333277324068   18439.198620173524   18322.60893342993
0.02181771324555934   18398.401860772734   18272.77228599414
0.022457309244835088   18340.052341970215   18204.876312776974
0.02311565528622961   18263.88908069953   18118.667455935683
0.023793301035594242   18169.711231629797   18013.95729034774
0.024490812272480036   18057.398618556486   17890.645785618286
0.025208771362518027   17926.980728128106   17748.79971763835
0.0259477777436476   17778.57375904536   17588.58023630763
0.02670844842659881   17612.362989196332   17410.222245546356
0.027491418510046592   17428.71510740577   17214.159722299235
0.028297341710866907   17228.16124089419   17001.00587963999
0.029126890909937666   17011.28728715841   16771.429869980937
0.029980758713939952   16778.817249057   16526.246966398605
0.030859658033628758   16531.77394501477   16266.592442297713
0.031764322679055976   16271.245334387033   15993.665957910112
0.03269550797224261   15998.352115185053   15708.695649053563
0.033653991377811755   15714.470876577658   15413.177703327146
0.03464057315210884   15421.110735790293   15108.742169004616
0.03565607701135116   15119.742404060002   14796.968381726241
0.036701350819364466   14812.055122904054   14479.633124274098
0.03777726729548091   14500.170615343754   14158.915980478287
0.038884724743189276   14186.138861156964   13836.909157396314
0.04002464780014597   13871.844427678714   13515.52908754879
0.041197988210172884   13558.854680182723   13196.380847571376
0.04240572561788674   13248.54139115295   12880.8694062202
0.04364886838662332   12942.178530644436   12570.28781090565
0.04492845444033957   12641.555767733576   12266.321092867556
0.04624555213019635   12349.10748860731   11971.15138113132
0.04760126112654554   12067.090319354545   11686.785419074256
0.04899671333706607   11797.186515107336   11414.668220449088
0.05043307385181555   11539.86197508013   11155.04196339619
0.05191154191598653   11295.33266102611   10907.914853262704
0.053433351931179485   11063.551588001568   10673.053018556006
0.05499977448602865   10843.757295311743   10449.541337011053
0.05661211741704101   10635.09797307825   10236.391463724303
0.05827172690053434   10436.37070818247   10032.330221936601
0.05997998857658587   10245.798112525647   9835.607320342995
0.06173832870592997   10061.592471082391   9644.492875508302
0.0635482153607709   9881.470400073556   9456.920269308079
0.06541115965050462   9702.982627302488   9270.736782029086
0.06732871698337338   9523.432191507523   9083.711333935486
0.06930248836510605   9339.73419614922   8893.455336071705
0.07133412173562886   9148.82851875816   8697.692139228688
0.07342531334496233   8947.445383499926   8494.165552601715
0.07557780916945323   8732.648539508975   8280.984720918597
0.07779340636952398   8502.084670621038   8056.989384101571
0.08007395479015682   8254.187681569445   7821.619138846275
0.08242135850536496   7988.852319514416   7575.3456309364765
0.08483757740794096   7707.160279054515   7319.5716323712795
0.08732462884580919   7411.880044807942   7057.160806096064
0.08988458930634863   7106.860068261701   6791.415038864801
0.09251959615009227   6796.935925916766   6525.9355677883
0.09523184939525078   6487.6933031506405   6264.630672424022
0.09802361355455057   6184.702667395791   6011.279777998939
0.10089721952591899   5893.700127096029   5769.424477648458
0.10385506653859616   5619.998318220908   5542.130233997379
0.10689962415629803   5368.313210308264   5331.530812147795
0.11003343433910281   5142.242307471006   5139.000404608241
0.11325911356578279   4943.578538873855   4964.92395189746
0.11657935501835284   4771.9941296804855   4808.219756133245
0.11999693083066039   4624.745905528818   4666.119742568396
0.12351469440289359   4496.647598860838   4535.054261014167
0.12713558278394044   4380.973245504284   4411.035093742412
0.13086261912358757   4269.855934458457   4289.797445507356
0.13469891519660646   4155.432504809779   4167.188064224694
0.13864767400083483   4030.725831503786   4040.50034396916
0.14271219243142114   3890.610118507329   3908.9648553239604
0.14689586403346616   3732.897322493557   3771.594452322257
0.1512021818353596   3558.836714919938   3630.0596405211936
0.15563474126517718   3372.9967485439347   3487.4428736376644
0.16019724315257297   3182.5940057985563   3346.730379110196
0.1648934968186736   2996.438644677281   3211.595149586182
0.1697274232565544   2823.6148691747862   3084.926894448982
0.17470305840495237   2671.6544425962566   2968.156983005987
0.17982455651794954   2544.467600472175   2862.6200050193465
0.18509619363343993   2441.098881415432   2765.8755961425104
0.19052237114327647   2356.176090088851   2675.6990519569713
0.19610761946807834   2281.620697030548   2589.9312898150897
0.20185660183976684   2208.3196155343053   2505.644936196639
0.20777411819498756   2127.6659332586732   2420.625911645124
0.21386510918267082   2034.019933204265   2336.144356828606
0.22013466028907505   1927.3621607744342   2250.9552513046096
0.22658800608375756   1813.4274792498059   2167.053081413818
0.23323053459001789   1700.8817177658668   2086.603919972561
0.2400677917834628   1598.2024052902734   2010.69900511482
0.24710548622244882   1511.2772103736083   1939.564446896968
0.25434949381426813   1441.1601144989083   1873.3011796021758
0.2618058627210567   1383.4651052871484   1810.3939049511512
0.2694808184095226   1330.4398457659909   1749.5385482932634
0.27738076884870827   1274.185764559648   1690.7662644206764
0.2855123098601282   1210.2379224526553   1632.9007267608804
0.29388223062474755   1140.0441533581793   1576.2938291973921
0.3024975193514008   1069.4995693864817   1522.186721767155
0.31136536911138296   1005.1289372650351   1470.2713102757211
0.3204931838440838   950.9075668696192   1421.3439175044664
0.32988858453867975   905.929140837199   1374.736539555027
0.3395594155970457   865.1392597987532   1330.2075292100965
0.34951375138319807   823.1482475338258   1287.247234766309
0.3597599029647371   777.6365154828806   1245.0912950064942
0.37030642505191835   730.7233213320869   1204.954745339936
0.3811621231401457   686.8371750201761   1166.3240539716558
0.3923360608618501   648.7223729513204   1129.5838636910798
0.4038375675538918   615.5850608384648   1094.6667025476788
0.41567624604680364   584.1731773194285   1061.076902103038
0.42786198068238046   551.8916165831727   1028.4721644147726
0.4404049455663077   519.1226286453896   997.0455460817293
0.4533156130627191   488.22343538690785   966.9253981630761
0.4666047625377753   460.67311515613756   938.194073503996
0.4802834893595659   435.6648516542872   910.7719117185691
0.49436321416184764   411.362336495643   884.2817761587098
0.5088556923793517   387.1667855328299   858.6006489753257
0.5237730240626238   364.0794665346157   833.8916150843753
0.5391276639805903   342.97548751500557   810.2317426766097
0.5549324320192869   323.43769024137555   787.5449449423174
0.5712005238854289   304.58587597862663   765.5584897035673
0.5879455221237613   286.36445722377664   744.2829310767179
0.6051814074573895   269.305892517803   723.8036798509249
0.622922570460556   253.46899992414106   704.1280820937585
0.6411838235736077   238.4290966893502   685.0447355698175
0.6599804134701901   224.0503368542443   666.5507540479657
0.6793280337869897   210.5406244893287   648.6742365447121
0.6992428382266549   197.89112730263065   631.4086137398567
0.7197414540448374   185.90332830465968   614.5926266453944
0.7408409959326054   174.58343207069805   598.2580538041452
0.7625590803058332   163.92088942715276   582.4067855443642
0.7849138400134885   153.87715293679852   566.9992078420765
0.8079239394770964   144.4159622229238   551.9984936645104
0.8316085902740278   135.50416225504026   537.3728321586399
0.8559875671776167   127.11230682824103   523.0977908239986
0.8810812246675007   119.21258572081685   509.15148121623537
0.9069105139239728   111.7784732962125   495.5136958032972
0.9334970003205227   104.78468512067661   482.1658181881381
0.960862881429187   98.20713475509314   469.0907402091542
0.9890310055537336   92.0228908486303   456.27278514761906
1.0180248908061487   86.21012219314605   443.6976588960395
1.047868744742366   80.74795919847658   431.35256912546544
1.0785874845736239   75.61653412534965   419.22604264944397
1.1102067579703248   70.79700862052883   407.3077414552728
1.1427529644757777   66.27152807244852   395.5884070772383
1.1762532775476793   62.0231767786744   384.05980881010856
1.210735667245765   58.03593468374262   372.71469401011666
1.246228923584555   54.294635700165045   361.5467523312427
1.2827626805706884   50.784930735449464   350.55181228665145
1.3203674409449337   47.493250607233264   339.7286627745582
1.3590746016495152   44.40676238285482   329.0766917140392
1.3989164800420282   41.513333230316434   318.5955858040625
1.4399263408778291   38.801496402537694   308.2853048897335
1.4821384240834183   36.26041856352541   298.1460564807829
1.525587973344019   33.87986842690753   288.17827043145456
1.5703112655292182   31.65018583237469   278.38299528998795
1.6163456409812174   29.56224828060823   268.7643377361293
1.6637295346910133   27.60744815084387   259.32733236030344
1.7125025083885144   25.77766895185825   250.07651675757032
1.7627052835733923   24.06525971435882   241.01593346607612
1.814379775514258   22.463010528062927   232.1491390691998
1.8675691282445197   20.964129196957362   223.47921437492877
1.922317750584177   19.562218889468593   215.00879362389176
1.9786713532176083   18.25125279897305   206.74098331241697
2.0366769868582977   17.025553431094245   198.6796257827101
2.0963830815323896   15.879780138226128   190.8278934001506
2.1578394870138577   14.80891093354139   183.18820702766257
2.2210975144450407   13.80822467156124   175.7622758725778
2.286209979177315   12.873284137210499   168.55113786842878
2.3532312448676476   11.999920003414744   161.5552003190449
2.4222172688678643   11.18421741596736   154.774397140049
2.4932256489445366   10.422508549952678   148.20871035434897
2.5663156713684585   9.71135020300486   141.85769158094635
2.641548360413907   9.04750756840774   135.72027368713614
2.7189865293089923   8.427942541155904   129.79482242757334
2.798694832679631   7.849802609105366   124.07918701315361
2.8807398205309562   7.310410302808901   118.5707491800283
2.9651899938111903   6.807252591511911   113.26643728462827
3.05211586160442   6.337954686237797   108.1618012098849
3.1415899999999994   5.900274060973442   103.25110838510669
