0.01   101.87019190942402   101.87018719451368
0.010293154462191829   103.38406314679087   103.38406003074999
0.010594902878253955   104.8745453704347   104.87454324305972
0.010905497183778876   106.3386327774435   106.3386306542461
0.011225196699963396   107.77309562704167   107.77309286511961
0.011554268350120923   109.17461859611362   109.1746150098791
0.011892986882540897   110.53980273834256   110.53979858647398
0.012241635099881474   111.86499924930268   111.86499495728471
0.012600504095286909   113.14641588876304   113.14641191493243
0.012969893495426888   114.38021701204374   114.38021384390393
0.013350111710660605   115.5625239787938   115.56252199584051
0.013741476192534558   116.68942191813682   116.68942118372158
0.014144313698828986   117.75699088176218   117.75699111373895
0.01455896056637426   118.76125888410031   118.76125948862017
0.014985762991865008   119.6979542701456   119.69795456712455
0.01542507732090645   120.56273539454101   120.562734692221
0.015877270345534218   121.35131001367334   121.35130761667061
0.016342719610456153   122.05942347889679   122.05941882209413
0.016821813728271667   122.68287914026514   122.68287193027247
0.017314952703931925   123.21759540251702   123.2175856313208
0.017822548268711737   123.65957013917212   123.65955788742174
0.01834502422397195   124.00475725850099   124.00474200885843
0.018882816794999403   124.24925514650943   124.24923563280704
0.019436374995219892   124.38938379596046   124.38935802803513
0.02000616100108813   124.42178355112011   124.42174916917926
0.020592650537967844   124.3434217368321   124.34337627611743
0.021196333277324068   124.15156510707068   124.15150601803
0.02181771324555934   123.84385854300074   123.84378326231433
0.022457309244835088   123.41841954076078   123.41832563442021
0.02311565528622961   122.8737513265502   122.87363652240785
0.023793301035594242   122.20880873357561   122.20867097272183
0.024490812272480036   121.42348867505108   121.42332644131793
0.025208771362518027   120.51836301493829   120.51817549502621
0.0259477777436476   119.49441830503552   119.49420538074655
0.02670844842659881   118.35357838827649   118.35334067634312
0.027491418510046592   117.09898863015268   117.09872754510096
0.028297341710866907   115.73420895927384   115.73392668427066
0.029126890909937666   114.26341809512367   114.26311760071124
0.029980758713939952   112.6927201510388   112.6924054874478
0.030859658033628758   111.02894559502806   111.02862192847321
0.031764322679055976   109.2790641643989   109.27873773661233
0.03269550797224261   107.45133754234138   107.45101714710007
0.033653991377811755   105.55531684035685   105.55501534117577
0.03464057315210884   103.60040403769051   103.60013809376268
0.03565607701135116   101.59672086098381   101.59650779894902
0.036701350819364466   99.55761768347529   99.55746531577742
0.03777726729548091   97.49653916227898   97.49644418720482
0.038884724743189276   95.42599253442548   95.42594326028419
0.04002464780014597   93.35612152547075   93.356126231045
0.041197988210172884   91.29517788712876   91.29528442794029
0.04240572561788674   89.25077303425044   89.25106572578771
0.04364886838662332   87.23317224829891   87.23372868299538
0.04492845444033957   85.259771182151   85.26056501880655
0.04624555213019635   83.34759787421731   83.34849339483524
0.04760126112654554   81.51129689885822   81.51207425661262
0.04899671333706607   79.7567329218426   79.75723816506444
0.05043307385181555   78.08516443709367   78.08538099690637
0.05191154191598653   76.49748743463327   76.49752327897673
0.053433351931179485   74.99037972097237   74.99038365334921
0.05499977448602865   73.55586810263627   73.55593890254241
0.05661211741704101   72.18615738163423   72.18634213890732
0.05827172690053434   70.87110112035731   70.87138636732038
0.05997998857658587   69.59770303504794   69.59800346032644
0.06173832870592997   68.35338482388326   68.35354983051263
0.0635482153607709   67.12348818804077   67.12333697082381
0.06541115965050462   65.89240845861946   65.89175315721695
0.06732871698337338   64.64406311240468   64.64273636328302
0.06930248836510605   63.35873301450588   63.356667030313716
0.07133412173562886   62.017266054407585   62.0145013546855
0.07342531334496233   60.59987282118189   60.596544456744034
0.07557780916945323   59.08777319747861   59.084097288308044
0.07779340636952398   57.46763828516773   57.463860714495475
0.08007395479015682   55.7319841136113   55.72832819334975
0.08242135850536496   53.88289987178824   53.87953563936888
0.08483757740794096   51.933881547581535   51.93089235385267
0.08732462884580919   49.90687801621757   49.904310285914974
0.08988458930634863   47.832597065054024   47.830522473747706
0.09251959615009227   45.745622627379426   45.74416824901415
0.09523184939525078   43.682454716594826   43.68181416388142
0.09802361355455057   41.67916585804099   41.67952434140857
0.10089721952591899   39.76957849188435   39.771038481150924
0.10385506653859616   37.986042122697626   37.98849673732446
0.10689962415629803   36.3549329733744   36.358078032957906
0.11003343433910281   34.8952604949786   34.89863645835499
0.11325911356578279   33.61528013002198   33.61836669508946
0.11657935501835284   32.505455240515815   32.50784075164582
0.11999693083066039   31.54173300516777   31.543122568739257
0.12351469440289359   30.683822156490827   30.684023854960593
0.12713558278394044   29.882917944385227   29.88180271303139
0.13086261912358757   29.0874390933547   29.084936946200553
0.13469891519660646   28.249428408537103   28.24558481069261
0.13864767400083483   27.33121616594521   27.32627051241964
0.14271219243142114   26.309746315575133   26.304158771405724
0.14689586403346616   25.18294734839701   25.17729041391096
0.1512021818353596   23.969944874849944   23.964856987358033
0.15563474126517718   22.7073457039936   22.703475300718676
0.16019724315257297   21.44340482114811   21.441282192272123
0.1648934968186736   20.231485001003048   20.231242742960003
0.1697274232565544   19.12333404401352   19.124552970727834
0.17470305840495237   18.158328514414936   18.16018667994908
0.17982455651794954   17.35049735750788   17.352141130649724
0.18509619363343993   16.68095032936053   16.681749075217287
0.19052237114327647   16.105247217821944   16.104679254921216
0.19610761946807834   15.570256508507308   15.567850834335466
0.20185660183976684   15.02508151308498   15.020808317732342
0.20777411819498756   14.426503515839034   14.421071031516107
0.21386510918267082   13.752049062446112   13.746622031460552
0.22013466028907505   13.015200026462322   13.010591028248427
0.22658800608375756   12.260150490434356   12.256840166646578
0.23323053459001789   11.537976702960712   11.53619960805084
0.2400677917834628   10.889376070211005   10.888734613126438
0.24710548622244882   10.336604608663947   10.336158136198172
0.25434949381426813   9.874038633234555   9.872834145783447
0.2618058627210567   9.46869678051842   9.466081725300661
0.2694808184095226   9.077154400209967   9.073055383699748
0.27738076884870827   8.662332430241268   8.657468313161639
0.2855123098601282   8.211263885763369   8.20653098346288
0.29388223062474755   7.742504274200067   7.738572781371114
0.3024975193514008   7.289988160455051   7.287080503192268
0.31136536911138296   6.8812874053855255   6.879057515705611
0.3204931838440838   6.527645921328462   6.525159196330219
0.32988858453867975   6.216392575707965   6.213112608069852
0.3395594155970457   5.920004505839915   5.915854060793296
0.34951375138319807   5.617726867544049   5.613159380929568
0.3597599029647371   5.306177085016868   5.301870047491826
0.37030642505191835   4.999727693915481   4.996017725674435
0.3811621231401457   4.7170689905081575   4.713714044696299
0.3923360608618501   4.463975397871083   4.460467978908539
0.4038375675538918   4.232223147255987   4.228239215831063
0.41567624604680364   4.00821139416018   4.003873466240116
0.42786198068238046   3.785048552280746   3.780747579727699
0.4404049455663077   3.567655180913871   3.5636309333063796
0.4533156130627191   3.364641902370062   3.360781844115896
0.4666047625377753   3.178174484270287   3.1742026979155824
0.4802834893595659   3.003225508283556   2.9990553188259903
0.49436321416184764   2.8341566718776505   2.829934734612318
0.5088556923793517   2.6708234469574337   2.666729788895801
0.5237730240626238   2.5167497663190357   2.5127589378297426
0.5391276639805903   2.3731073007149575   2.369098360732517
0.5549324320192869   2.2375599835424396   2.2335030130914424
0.5712005238854289   2.107951753345836   2.1039387735366972
0.5879455221237613   1.9847122353200175   1.9807955579497825
0.6051814074573895   1.8688444420403132   1.8649848939148643
0.622922570460556   1.7597296776912086   1.755899880513766
0.6411838235736077   1.6562222484012727   1.6524542486448024
0.6599804134701901   1.5581616179815516   1.5544860997389822
0.6793280337869897   1.465696187670306   1.4621081564957947
0.6992428382266549   1.3785618255243803   1.3750390918263478
0.7197414540448374   1.2968997902868808   1.2934194319461565
0.7408409959326054   1.2194878454290552   1.2160815284836493
0.7625590803058332   1.1461970734567903   1.142888500839343
0.7849138400134885   1.0768993320617148   1.0737049824137188
0.8079239394770964   1.0114586740043598   1.0083889574412146
0.8316085902740278   0.949733226175075   0.9467935155239527
0.8559875671776167   0.8915768924242613   0.8887684362844123
0.8810812246675007   0.836840687350115   0.8341614286169321
0.9069105139239728   0.7853574270464814   0.7828041146095016
0.9334970003205227   0.7369355881995606   0.7345064127437135
0.960862881429187   0.6913923899111307   0.6890868525265504
0.9890310055537336   0.6485565248031931   0.6463750718809925
1.0180248908061487   0.6082673797235527   0.6062110952091191
1.047868744742366   0.5703743135750248   0.5684446616327102
1.0785874845736239   0.5347359878144519   0.5329345997097316
1.1102067579703248   0.501220157075929   0.49954863603715965
1.1427529644757777   0.4697071479362787   0.4681667039986746
1.1762532775476793   0.440086418048089   0.4386776800000902
1.210735667245765   0.4122527813769288   0.41097580048155463
1.246228923584555   0.38610616227043637   0.38496042799947455
1.2827626805706884   0.36155140926371837   0.36053587233362283
1.3203674409449337   0.3384981103261364   0.33761121149476553
1.3590746016495152   0.31686041007008603   0.31610011333852045
1.3989164800420282   0.29655655352017773   0.29592035470773215
1.4399263408778291   0.2775081475338698   0.2769930277893638
1.4821384240834183   0.2596409308385481   0.25924340579811667
1.525587973344019   0.24288479214994335   0.24260098064919874
1.5703112655292182   0.22717355531831507   0.22699924329144866
1.6163456409812174   0.21244477442487156   0.21237547408660565
1.6637295346910133   0.19863953844712506   0.198670542879122
1.7125025083885144   0.18570228734962746   0.18582872371359557
1.7627052835733923   0.17358070228413633   0.17379767412448538
1.814379775514258   0.16222552815252547   0.16252824216502468
1.8675691282445197   0.15159031945077614   0.1519740793129543
1.922317750584177   0.14163128763971142   0.14209148433469596
1.9786713532176083   0.1323071611600194   0.13283926712293856
2.0366769868582977   0.12357905192786303   0.12417861827241765
2.0963830815323896   0.11541032807717624   0.11607298425934139
2.1578394870138577   0.10776648502295023   0.10848791298193218
2.2210975144450407   0.10061498771235103   0.10139074641023396
2.286209979177315   0.09392520489409568   0.09475071228529662
2.3532312448676476   0.08766832905557244   0.08853893191410164
2.4222172688678643   0.08181727399647956   0.08272830759958331
2.4932256489445366   0.07634657761544679   0.07729341604770115
2.5663156713684585   0.07123230977818101   0.07221040791697596
2.641548360413907   0.06645198512616912   0.06745691347674405
2.7189865293089923   0.061984502444545564   0.06301202345686523
2.798694832679631   0.05781008596528045   0.058856267870664954
2.8807398205309562   0.05391015795494247   0.05497136807945111
2.9651899938111903   0.050267263652157   0.05134014631701958
3.05211586160442   0.04686500783981153   0.04794646445766479
3.1415899999999994   0.04368799464688199   0.044775165742717886
