0.01   15877.467575289053   15858.37183931884
0.010293154462191829   16115.869431074252   16094.8916721528
0.010594902878253955   16351.019633833104   16327.981056767643
0.010905497183778876   16582.472443315153   16557.17618745828
0.011225196699963396   16809.759582358718   16781.991710941365
0.011554268350120923   17032.38761568932   17001.91858134263
0.011892986882540897   17249.852622644812   17216.437358956846
0.012241635099881474   17461.63733502409   17425.014015972094
0.012600504095286909   17667.19646602638   17627.081098535415
0.012969893495426888   17865.972565473487   17822.05756294491
0.013350111710660605   18057.40184209837   18009.35604987367
0.013741476192534558   18240.898924865454   18188.366421184273
0.014144313698828986   18415.860360934214   18358.45958950375
0.01455896056637426   18581.681321898108   18519.005632597724
0.014985762991865008   18737.75012653324   18669.366990640214
0.01542507732090645   18883.435346308917   18808.88288671467
0.015877270345534218   19018.10703789277   18936.894421064993
0.016342719610456153   19141.141971276993   19052.750371386126
0.016821813728271667   19251.91076886938   19155.789746854858
0.017314952703931925   19349.7873739479   19245.35360261332
0.017822548268711737   19434.162682398648   19320.80227973383
0.01834502422397195   19504.44230173162   19381.512897062043
0.018882816794999403   19560.04449110507   19426.877036610094
0.019436374995219892   19600.41385010094   19456.316159342896
0.02000616100108813   19625.027590846228   19469.287900701107
0.020592650537967844   19633.406592900537   19465.293999083293
0.021196333277324068   19625.114239212187   19443.88196003449
0.02181771324555934   19599.756948539653   19404.647938404178
0.022457309244835088   19557.011124764824   19347.2690487718
0.02311565528622961   19496.63469937526   19271.51690820105
0.023793301035594242   19418.439348675663   19177.22363367823
0.024490812272480036   19322.310089836425   19064.303964824525
0.025208771362518027   19208.277873098596   18932.83803205639
0.0259477777436476   19076.454708230463   18782.996443389162
0.02670844842659881   18927.012680264444   18615.01591806932
0.027491418510046592   18760.291285082352   18429.322049090704
0.028297341710866907   18576.787594243127   18226.51693136272
0.029126890909937666   18377.047061674162   18007.2530995091
0.029980758713939952   18161.7359432037   17772.313293429354
0.030859658033628758   17931.80249522021   17522.78812245638
0.031764322679055976   17688.26018937323   17259.833636068823
0.03269550797224261   17432.14848178627   16984.627168640498
0.033653991377811755   17164.719928240112   16698.573543939976
0.03464057315210884   16887.351876502682   16403.205668360373
0.03565607701135116   16601.39308730094   16100.014181443348
0.036701350819364466   16308.384191500849   15790.655946792
0.03777726729548091   16010.294772484765   15477.176968489028
0.038884724743189276   15709.053666051163   15161.563091824004
0.04002464780014597   15406.422114705025   14845.623413212477
0.041197988210172884   15103.624033690994   14530.665751109496
0.04240572561788674   14801.605264665377   14217.728449764945
0.04364886838662332   14501.262542911047   13907.78247588262
0.04492845444033957   14204.223187429827   13602.352952206338
0.04624555213019635   13913.16358599912   13303.768850882727
0.04760126112654554   13630.636698595668   13014.227937430087
0.04899671333706607   13358.65890780424   12735.427071240227
0.05043307385181555   13097.403850566576   12467.350851263132
0.05191154191598653   12846.480030355235   12209.469062420267
0.053433351931179485   12605.47090902549   11961.241585181735
0.05499977448602865   12373.369243670422   11721.613832745117
0.05661211741704101   12148.780386933175   11489.201173965155
0.05827172690053434   11930.359632627322   11262.684431343954
0.05997998857658587   11716.398026192797   11040.506673388478
0.06173832870592997   11504.957860039263   10820.974105165003
0.0635482153607709   11294.171905850077   10602.488634470836
0.06541115965050462   11081.93807819877   10383.395660878361
0.06732871698337338   10866.16640198284   10162.108993112723
0.06930248836510605   10644.63113027897   9937.060089135322
0.07133412173562886   10414.740590113803   9706.601524695963
0.07342531334496233   10174.09527653662   9469.270485025596
0.07557780916945323   9920.43683239674   9223.873383117307
0.07779340636952398   9651.873512043298   8969.526869789861
0.08007395479015682   9367.69529983885   8706.460399147565
0.08242135850536496   9068.124745793217   8435.663147451816
0.08483757740794096   8755.088156596541   8158.9949703504835
0.08732462884580919   8431.86885550445   7878.994485008172
0.08988458930634863   8102.86346070225   7598.9507550319995
0.09251959615009227   7773.135730669232   7322.5591663239375
0.09523184939525078   7447.9111783332155   7053.118856274557
0.09802361355455057   7132.179553033257   6793.5260211564655
0.10089721952591899   6830.547523796163   6546.385546054611
0.10385506653859616   6547.045859462352   6313.6155728800095
0.10689962415629803   6285.1642140614595   6096.181356166986
0.11003343433910281   6047.245075909768   5894.577390892163
0.11325911356578279   5834.156099878534   5708.75609922383
0.11657935501835284   5644.708931206634   5537.367167128382
0.11999693083066039   5475.240249106829   5377.440000202866
0.12351469440289359   5320.045308777789   5225.478029433791
0.12713558278394044   5172.070328849609   5077.8088424163725
0.13086261912358757   5024.04331089662   4931.246070316532
0.13469891519660646   4869.541624134351   4783.341067888188
0.13864767400083483   4703.7786960397025   4632.647658972614
0.14271219243142114   4524.415568861961   4478.770992858683
0.14689586403346616   4331.790341936785   4322.5593414408795
0.1512021818353596   4129.179688653652   4166.221582309047
0.15563474126517718   3922.206123947202   4012.1252066259185
0.16019724315257297   3717.633494661398   3862.833202627588
0.1648934968186736   3522.4339676216173   3720.644640762566
0.1697274232565544   3343.006666177975   3586.7407765824764
0.17470305840495237   3184.1750732487353   3461.8930890403913
0.17982455651794954   3047.4597036946166   3345.803328947834
0.18509619363343993   2929.912794946667   3236.766258730318
0.19052237114327647   2824.8369519617627   3132.4542973865273
0.19610761946807834   2724.3847870980767   3031.180429279505
0.20185660183976684   2621.918071767617   2931.8126487974987
0.20777411819498756   2512.682936296389   2833.3357962176447
0.21386510918267082   2394.5284850545986   2736.0633743990356
0.22013466028907505   2269.608071448897   2640.647599124271
0.22658800608375756   2144.2432509798346   2548.3808847175146
0.23323053459001789   2025.5511167012596   2460.2746206824427
0.2400677917834628   1918.3858284462497   2376.417309791026
0.24710548622244882   1824.6690376776294   2297.0716461391758
0.25434949381426813   1743.0125338495734   2221.4161968180188
0.2618058627210567   1668.6932599237398   2148.687497186607
0.2694808184095226   1595.9971926434914   2078.3155293371206
0.27738076884870827   1520.7445012076282   2010.4651489588725
0.2855123098601282   1441.8542520672815   1944.2896316668223
0.29388223062474755   1362.1148401812318   1880.463627843896
0.3024975193514008   1286.1623272130494   1819.1937221571204
0.31136536911138296   1217.0956199107964   1760.8241747281404
0.3204931838440838   1155.5244567139437   1704.751918971255
0.32988858453867975   1099.539548688048   1651.1736199083468
0.3395594155970457   1045.6076791857765   1599.596303297904
0.34951375138319807   991.4418122040302   1549.742999811113
0.3597599029647371   937.1693441003364   1501.787014937315
0.37030642505191835   884.6684822526366   1455.6327434681832
0.3811621231401457   836.0423613739081   1411.3408627361148
0.3923360608618501   791.6249405456713   1368.9862534883134
0.4038375675538918   750.0985994133131   1328.3404677108545
0.41567624604680364   709.9558923142764   1289.2091884370832
0.42786198068238046   670.6249112417477   1251.3945743426646
0.4404049455663077   632.808899898195   1214.9921516649472
0.4533156130627191   597.4082538016669   1180.0622695757947
0.4666047625377753   564.4398035152217   1146.5088595992468
0.4802834893595659   533.2379545539305   1114.209886397037
0.49436321416184764   503.240033157569   1083.0406101440235
0.5088556923793517   474.538239574788   1052.9623628155816
0.5237730240626238   447.45476424298425   1023.970753954652
0.5391276639805903   422.02002993864676   996.0463206837915
0.5549324320192869   397.9207559670342   969.0807790244436
0.5712005238854289   374.96601505601535   942.9759475247916
0.5879455221237613   353.20539563301725   917.7340671550159
0.6051814074573895   332.69084771664933   893.33301976871
0.622922570460556   313.31049233422357   869.7011993715204
0.6411838235736077   294.94300783968896   846.764462192317
0.6599804134701901   277.5681333930655   824.5095981607138
0.6793280337869897   261.17314141638036   802.9127929893211
0.6992428382266549   245.68744861267822   781.8999943629673
0.7197414540448374   231.05860328089574   761.4515246572058
0.7408409959326054   217.25103991026808   741.5125520484652
0.7625590803058332   204.21979947787895   722.0810120967905
0.7849138400134885   191.92502400541036   703.1214476577669
0.8079239394770964   180.32861780582385   684.6011124932644
0.8316085902740278   169.39419047276803   666.489820911367
0.8559875671776167   159.08700013183474   648.7598104177284
0.8810812246675007   149.37389709888535   631.3856159141646
0.9069105139239728   140.22326613137355   614.3440212800591
0.9334970003205227   131.6049336984399   597.6153099915342
0.960862881429187   123.49012687589925   581.1829322599451
0.9890310055537336   115.85146246726399   565.0319688640535
1.0180248908061487   108.66289352019004   549.1489966343489
1.047868744742366   101.89965533659841   533.5220185186686
1.0785874845736239   95.53821284249767   518.14039676069
1.1102067579703248   89.55620934799065   502.9947886690706
1.1427529644757777   83.93241324008741   488.07776340692436
1.1762532775476793   78.64665979985098   473.3858365178952
1.210735667245765   73.67981824532286   458.91695919829993
1.246228923584555   69.01375007106746   444.6696325841751
1.2827626805706884   64.631264273386   430.64286932416655
1.3203674409449337   60.51607410624937   416.8361553309259
1.3590746016495152   56.65275535257729   403.2494116698764
1.3989164800420282   53.02670584191142   389.8830433664345
1.4399263408778291   49.62409956222274   376.74046870176727
1.4821384240834183   46.43185046489097   363.8280959887511
1.525587973344019   43.43758620079073   351.15200265505314
1.5703112655292182   40.62961359779172   338.7177407641218
1.6163456409812174   37.996884998614455   326.53033898783
1.6637295346910133   35.52896600189477   314.59430589624407
1.7125025083885144   33.21600456743195   302.9136345255139
1.7627052835733923   31.048700500061283   291.49236049410194
1.814379775514258   29.018273550286512   280.3368203161929
1.8675691282445197   27.116440883634528   269.4532666339624
1.922317750584177   25.335392929078726   258.84682434904414
1.9786713532176083   23.667768441580197   248.52154347179518
2.0366769868582977   22.10663072260574   238.4804542583872
2.0963830815323896   20.64544495746636   228.7256233618512
2.1578394870138577   19.278056551014508   219.2582148811314
2.2210975144450407   17.99866712319664   210.0787465747073
2.286209979177315   16.801814666189575   201.18718969158573
2.3532312448676476   15.682360478026679   192.58271918661686
2.4222172688678643   14.635471568228823   184.26375158171464
2.4932256489445366   13.65660353134553   176.2280065862787
2.5663156713684585   12.741484302573616   168.47256729973395
2.641548360413907   11.88609875556567   160.99393874850702
2.7189865293089923   11.08667538793397   153.7880831682182
2.798694832679631   10.339679071560072   146.8503598530014
2.8807398205309562   9.641790791686796   140.17568656104103
2.9651899938111903   8.989891586001708   133.75865291213864
3.05211586160442   8.381051295747227   127.5935645638835
3.1415899999999994   7.812517896267096   121.67448486733315
