0.01   1797.3549995475505   1797.3319743141656
0.010293154462191829   1823.7293502352777   1823.7066527018362
0.010594902878253955   1849.7339311939743   1849.7116490575795
0.010905497183778876   1875.317292800787   1875.2954757454347
0.011225196699963396   1900.42499347479   1900.4036639366386
0.011554268350120923   1924.998993210185   1924.9781625128028
0.011892986882540897   1948.9798941601296   1948.9595631372686
0.012241635099881474   1972.3066022218868   1972.2867641676337
0.012600504095286909   1994.9141717000684   1994.8948278311013
0.012969893495426888   2016.735954770165   2016.7171190876743
0.013350111710660605   2037.704483150545   2037.6861831183348
0.013741476192534558   2057.74944669802   2057.7317265350007
0.014144313698828986   2076.7980208654953   2076.7809446601455
0.01455896056637426   2094.777155813403   2094.7608081181934
0.014985762991865008   2111.612774491182   2111.5972441007657
0.01542507732090645   2127.2277561700685   2127.213086861461
0.015877270345534218   2141.5450099082655   2141.531189850588
0.016342719610456153   2154.4882174232466   2154.475176616174
0.016821813728271667   2165.979657312817   2165.9672549681422
0.017314952703931925   2175.941598932847   2175.929615262248
0.017822548268711737   2184.2984557783648   2184.2865913905766
0.01834502422397195   2190.9762752842344   2190.9641629851358
0.018882816794999403   2195.9022393745126   2195.8894679888735
0.019436374995219892   2199.006898778255   2198.993017416697
0.02000616100108813   2200.224927592814   2200.209440212701
0.020592650537967844   2199.495707602381   2199.4780234111404
0.021196333277324068   2196.7637979895976   2196.7432127079464
0.02181771324555934   2191.979469194133   2191.955170751358
0.022457309244835088   2185.101592368825   2185.07271690636
0.02311565528622961   2176.0988677241826   2176.0645721948054
0.023793301035594242   2164.947160483804   2164.9066327071587
0.024490812272480036   2151.631961123464   2151.584455221572
0.025208771362518027   2136.156623622682   2136.1015976347917
0.0259477777436476   2118.534852021634   2118.4720041781043
0.02670844842659881   2098.7885961701472   2098.7178671924084
0.027491418510046592   2076.9614627625947   2076.8831490403895
0.028297341710866907   2053.116691663718   2053.031538781263
0.029126890909937666   2027.324065061546   2027.2332485797924
0.029980758713939952   1999.669822502621   1999.5749780448236
0.030859658033628758   1970.2757871764238   1970.1791409553543
0.031764322679055976   1939.271558370084   1939.1759080016234
0.03269550797224261   1906.7906641263019   1906.6993328540686
0.033653991377811755   1872.9972185574647   1872.9140929337548
0.03464057315210884   1838.0711893356615   1838.0007111739128
0.03565607701135116   1802.1879791863728   1802.1350729478822
0.036701350819364466   1765.5489985741165   1765.5188533079552
0.03777726729548091   1728.407127909527   1728.4048640828769
0.038884724743189276   1691.0067109802667   1691.0373255676059
0.04002464780014597   1653.5724121487242   1653.6407596833856
0.041197988210172884   1616.2911944951263   1616.4019459242336
0.04240572561788674   1579.3267504858989   1579.484378453231
0.04364886838662332   1542.8311152543276   1543.039869038416
0.04492845444033957   1507.0177744228429   1507.2805097457026
0.04624555213019635   1472.1770434517343   1472.4938371773
0.04760126112654554   1438.5780572707229   1438.9463977272626
0.04899671333706607   1406.4214815454832   1406.8364460999685
0.05043307385181555   1375.7629595081708   1376.217157440627
0.05191154191598653   1346.6283331966765   1347.1120767220161
0.053433351931179485   1319.012104045611   1319.5135429203067
0.05499977448602865   1292.8236188318147   1293.3287147413992
0.05661211741704101   1267.9614475292276   1268.4540953449743
0.05827172690053434   1244.2822980911553   1244.7449177254248
0.05997998857658587   1221.5743883940022   1221.9887546781315
0.06173832870592997   1199.6246842722862   1199.9722312163308
0.0635482153607709   1178.1609862701716   1178.4244585422828
0.06541115965050462   1156.8912772082472   1157.0555716586177
0.06732871698337338   1135.4940013172518   1135.547991431536
0.06930248836510605   1113.6013437384736   1113.540381570698
0.07133412173562886   1090.8484497814509   1090.6758149849102
0.07342531334496233   1066.845501202921   1066.5760635577485
0.07557780916945323   1041.2424355872367   1040.9036261560634
0.07779340636952398   1013.7586657638199   1013.3934492170495
0.08007395479015682   984.2074613454921   983.8729807905261
0.08242135850536496   952.5762850789952   952.3406486124128
0.08483757740794096   918.9940711882715   918.9345061141056
0.08732462884580919   883.7907673965411   883.9929719691386
0.08988458930634863   847.42532854882   847.9747730987428
0.09251959615009227   810.4746463551861   811.4470402294496
0.09523184939525078   773.6046871407884   775.0606638158862
0.09802361355455057   737.479475991616   739.4625020137615
0.10089721952591899   702.7831420610104   705.3112291504389
0.10385506653859616   670.1494271799422   673.2123180774194
0.10689962415629803   640.1406490207943   643.6900839783057
0.11003343433910281   613.1857357034298   617.138865282356
0.11325911356578279   589.4986169499392   593.7473182319407
0.11657935501835284   569.0403124227414   573.45785298147
0.11999693083066039   551.4837421879521   555.9320548883346
0.12351469440289359   536.2105009545783   540.5670810668439
0.12713558278394044   522.4185716001475   526.5961034621919
0.13086261912358757   509.16986826902865   513.1334522820497
0.13469891519660646   495.52680617941263   499.30035901466584
0.13864767400083483   480.6573578929733   484.3402122515115
0.14271219243142114   463.950133534538   467.7262524560722
0.14689586403346616   445.1443223652402   449.2315320775344
0.1512021818353596   424.38892509242254   429.0290065987745
0.15563474126517718   402.22870745871944   407.65013591834884
0.16019724315257297   379.5242169867663   385.886142284076
0.1648934968186736   357.32596185706814   364.69530218564427
0.1697274232565544   336.7174456097164   345.0355486960923
0.17470305840495237   318.5968533067922   327.66854131043385
0.17982455651794954   303.43035089260655   312.9888354417125
0.18509619363343993   291.10400062037115   300.82473258361233
0.19052237114327647   280.9774110322064   290.58146151442133
0.19610761946807834   272.08698928946524   281.40994229360075
0.20185660183976684   263.34616701262087   272.3583910581109
0.20777411819498756   253.72852760240426   262.55808167501937
0.21386510918267082   242.56137561740553   251.52885452274634
0.22013466028907505   229.84251104309715   239.26343700174934
0.22658800608375756   216.2558831380788   226.37593209360057
0.23323053459001789   202.8347213623113   213.7422039540063
0.2400677917834628   190.59018937340122   202.16785570874887
0.24710548622244882   180.22432765565344   192.1730667391507
0.25434949381426813   171.8628558684977   183.8269932292544
0.2618058627210567   164.9826851553837   176.66210348431844
0.2694808184095226   158.65942094931722   169.94117226751544
0.27738076884870827   151.95110774863392   162.98496277159919
0.2855123098601282   144.3252409582042   155.39658276695252
0.29388223062474755   135.95446074645653   147.3500842844093
0.3024975193514008   127.54188877448348   139.39888307433154
0.31136536911138296   119.86551399952047   132.06666858232208
0.3204931838440838   113.39949595843008   125.67454255201395
0.32988858453867975   108.03573022463644   120.10248523994511
0.3395594155970457   103.17143133137543   114.92651273370585
0.34951375138319807   98.1638998836567   109.71963659579878
0.3597599029647371   92.73647260035749   104.31101275992225
0.37030642505191835   87.14193116943575   98.92003822638546
0.3811621231401457   81.90835020240742   93.8467298372562
0.3923360608618501   77.36303147821366   89.272439212335
0.4038375675538918   73.41130169885173   85.12779686024383
0.41567624604680364   69.66532373219123   81.17124473034637
0.42786198068238046   65.8156174651536   77.23243440288095
0.4404049455663077   61.90778843042397   73.35595914295408
0.4533156130627191   58.22295416881826   69.6908411466002
0.4666047625377753   54.93745881959515   66.31073502188549
0.4802834893595659   51.95511582060202   63.1582716320177
0.49436321416184764   49.056946458302164   60.12167136561267
0.5088556923793517   46.17152840421873   57.16993174266491
0.5237730240626238   43.41826173569499   54.36032569231038
0.5391276639805903   40.90152410444924   51.73123054433226
0.5549324320192869   38.57155245564245   49.25199602152524
0.5712005238854289   36.32338604615928   46.8777341650975
0.5879455221237613   34.150401696705586   44.6063906839005
0.6051814074573895   32.11609205589718   42.45846628168095
0.622922570460556   30.227470070132036   40.43260910475832
0.6411838235736077   28.433886942042612   38.50391500874692
0.6599804134701901   26.719152532087804   36.66695436008736
0.6793280337869897   25.10805175079363   34.927130943127814
0.6992428382266549   23.599541188610054   33.28081885079006
0.7197414540448374   22.16993651505423   31.714604263442784
0.7408409959326054   20.81998075822321   30.2281521568109
0.7625590803058332   19.548420031118585   28.819214192834654
0.7849138400134885   18.350655936180484   27.48333036440419
0.8079239394770964   17.222363082753983   26.216305157391105
0.8316085902740278   16.159586939873275   25.01430973967809
0.8559875671776167   15.158816031285816   23.87397674378125
0.8810812246675007   14.216734048380482   22.792141074060396
0.9069105139239728   13.330177843130047   21.76579365978131
0.9334970003205227   12.496132258523991   20.792074736904066
0.960862881429187   11.71172497938442   19.868267325737946
0.9890310055537336   10.974221418815876   18.991790908281754
1.0180248908061487   10.281018165477098   18.16018771878875
1.047868744742366   9.629626442340376   17.371055943221997
1.0785874845736239   9.017676927350504   16.62208839993747
1.1102067579703248   8.442923056218167   15.911108599212051
1.1427529644757777   7.9032355795095945   15.23606357765293
1.1762532775476793   7.396597216333536   14.595016718432072
1.210735667245765   6.921097495282488   13.986140993920346
1.246228923584555   6.474927784116395   13.407712296534976
1.2827626805706884   6.056376876971298   12.85807231503512
1.3203674409449337   5.66382657007435   12.335602969944961
1.3590746016495152   5.295746462580484   11.838780167647656
1.3989164800420282   4.950689646156239   11.366174035167687
1.4399263408778291   4.627288648126621   10.916442608376974
1.4821384240834183   4.324251534688617   10.488325972967148
1.525587973344019   4.040358170663266   10.080640823708485
1.5703112655292182   3.7744565323841597   9.692268673644573
1.6163456409812174   3.525458721498883   9.32211204410712
1.6637295346910133   3.2923382428277845   8.969124113531702
1.7125025083885144   3.0741271692291825   8.632326470556519
1.7627052835733923   2.869913087989363   8.310804267557865
1.814379775514258   2.6788361837086465   8.003701667489377
1.8675691282445197   2.500086454510733   7.710217647422724
1.922317750584177   2.332901046853213   7.429601519858356
1.9786713532176083   2.176561232604231   7.161118662443421
2.0366769868582977   2.030389938930736   6.9040381976017375
2.0963830815323896   1.8937502638276942   6.6576772814669
2.1578394870138577   1.7660433074834516   6.421401205530285
2.2210975144450407   1.6467060471920365   6.194619773940236
2.286209979177315   1.5352093206098771   5.976783988685179
2.3532312448676476   1.4310559125936155   5.7673830138514255
2.4222172688678643   1.3337789551789303   5.565942771096505
2.4932256489445366   1.2429410391912008   5.372029172659182
2.5663156713684585   1.1581315429698538   5.185239856113582
2.641548360413907   1.0789646975355127   5.005199359230431
2.7189865293089923   1.0050781919595537   4.831557261058373
2.798694832679631   0.9361318485170272   4.663986468733365
2.8807398205309562   0.8718063644734547   4.502181634905569
2.9651899938111903   0.811802047493128   4.345856356741736
3.05211586160442   0.7558356924801519   4.194702327795612
3.1415899999999994   0.7036398683604336   4.048387983899605
