0.01   4570.771590176623   4570.657039150777
0.010293154462191829   4629.5588905621025   4629.439685678233
0.010594902878253955   4686.956410555749   4686.832201464917
0.010905497183778876   4742.824417395026   4742.694904125782
0.011225196699963396   4797.013867756099   4796.878638084827
0.011554268350120923   4849.369240492992   4849.227662937545
0.011892986882540897   4899.733231452836   4899.584447136904
0.012241635099881474   4947.9439178990915   4947.786946908502
0.012600504095286909   4993.831773598185   4993.665738538928
0.012969893495426888   5037.2260445696   5037.050204717099
0.013350111710660605   5077.954897326178   5077.76861281807
0.013741476192534558   5115.837852879336   5115.6402675833415
0.014144313698828986   5150.69155186759   5150.481446173881
0.01455896056637426   5182.334618609315   5182.110406724241
0.014985762991865008   5210.583298240337   5210.343159250481
0.01542507732090645   5235.249935876003   5234.9920086069915
0.015877270345534218   5256.151030241181   5255.873436790698
0.016342719610456153   5273.107116385269   5272.807888709865
0.016821813728271667   5285.936525677609   5285.613194425313
0.017314952703931925   5294.462777699927   5294.112248119986
0.017822548268711737   5298.518571465067   5298.137139141034
0.01834502422397195   5297.943422554224   5297.526857228569
0.018882816794999403   5292.584802071843   5292.12844093183
0.019436374995219892   5282.303295584847   5281.802078320125
0.02000616100108813   5266.974433042068   5266.4229218705605
0.020592650537967844   5246.490744137333   5245.883105593752
0.021196333277324068   5220.762186720299   5220.092228463702
0.02181771324555934   5189.7178162477185   5188.979064447273
0.022457309244835088   5153.316685757564   5152.5027516136215
0.02311565528622961   5111.546009947114   5110.6508781448065
0.023793301035594242   5064.4139043703435   5063.4319891045
0.024490812272480036   5011.961974461331   5010.888461020255
0.025208771362518027   4954.283138905949   4953.1147384363185
0.0259477777436476   4891.4947150515   4890.229759478055
0.02670844842659881   4823.738841676551   4822.377341115541
0.027491418510046592   4751.2282337857   4749.7726936146955
0.028297341710866907   4674.21878369205   4672.674551254523
0.029126890909937666   4592.978587306559   4591.353672655206
0.029980758713939952   4507.828894296118   4506.134232775357
0.030859658033628758   4419.17187977114   4417.421891997517
0.031764322679055976   4327.414131760679   4325.626440716623
0.03269550797224261   4232.974896885021   4231.169967993014
0.033653991377811755   4136.384217568683   4134.585155833041
0.03464057315210884   4038.1957915642365   4036.427992460285
0.03565607701135116   3938.934485589599   3937.225195844529
0.036701350819364466   3839.1543211541525   3837.531667954791
0.03777726729548091   3739.4475099811225   3737.939469243506
0.038884724743189276   3640.3623742626696   3638.9965338073653
0.04002464780014597   3542.423008377479   3541.2257826993955
0.041197988210172884   3446.2132287003105   3445.2069979820008
0.04240572561788674   3352.2858716436135   3351.4885511345924
0.04364886838662332   3261.1365575802806   3260.5617305575743
0.04492845444033957   3173.2966359651   3172.9472241407047
0.04624555213019635   3089.3213949259707   3089.1845550214707
0.04760126112654554   3009.7026691157735   3009.7513626863624
0.04899671333706607   2934.7255112554612   2934.919893590856
0.05043307385181555   2864.3326982501367   2864.620986511427
0.05191154191598653   2798.428307288859   2798.7478031134337
0.053433351931179485   2736.821948717511   2737.100078654844
0.05499977448602865   2679.1247323481175   2679.280094326366
0.05661211741704101   2624.9464150077665   2624.8894741151335
0.05827172690053434   2573.7859836628504   2573.4231721442197
0.05997998857658587   2525.0170593463536   2524.2552482581764
0.06173832870592997   2478.0111375231727   2476.7599785032266
0.0635482153607709   2431.9645394002882   2430.1481027786576
0.06541115965050462   2386.045498616226   2383.6067477946585
0.06732871698337338   2339.3156177153505   2336.230877716099
0.06930248836510605   2290.7409476363237   2287.0339000594777
0.07133412173562886   2239.3209654298257   2235.072301943951
0.07342531334496233   2184.0634027876463   2179.4282264628005
0.07557780916945323   2124.167785262511   2119.3760888474503
0.07779340636952398   2059.1455723690756   2054.5057858514883
0.08007395479015682   1988.8428388604354   1984.7297254596358
0.08242135850536496   1913.616238091237   1910.4551582263764
0.08483757740794096   1834.1989780526444   1832.4390993477782
0.08732462884580919   1751.7523841279196   1751.8361911235654
0.08988458930634863   1667.6873524559373   1670.0200319987896
0.09251959615009227   1583.5758666240308   1588.4969846896045
0.09523184939525078   1501.1498991638778   1508.8840193105311
0.09802361355455057   1422.037162826984   1432.685022176173
0.10089721952591899   1347.8970015413713   1361.4033436262728
0.10385506653859616   1280.1614549414653   1296.312334172617
0.10689962415629803   1219.9483529878728   1238.3150030871059
0.11003343433910281   1167.8973556097794   1187.8871898714276
0.11325911356578279   1123.9586279041432   1144.9062749265102
0.11657935501835284   1087.3930560762246   1108.6056929709396
0.11999693083066039   1056.8190045284678   1077.6232836390166
0.12351469440289359   1030.2897355855182   1050.1616980470474
0.12713558278394044   1005.5993705024641   1024.2482077793263
0.13086261912358757   980.4209038033287   997.8580812501028
0.13469891519660646   952.6180174105148   969.1771800325803
0.13864767400083483   920.5409110828448   936.9136263826682
0.14271219243142114   883.3022728563412   900.4820037251877
0.14689586403346616   841.0172848631632   860.0272965525254
0.1512021818353596   794.78183715039   816.665220103336
0.15563474126517718   746.5096108273966   772.0714125905524
0.16019724315257297   698.6846507779126   728.230285865645
0.1648934968186736   654.0021652943914   687.3409448259076
0.1697274232565544   614.8129861527033   651.1956965838084
0.17470305840495237   582.456065969285   620.5615127942912
0.17982455651794954   556.8946263193815   595.3835188464118
0.18509619363343993   536.8764424238693   574.4718057566183
0.19052237114327647   520.3612619807577   556.1705403703686
0.19610761946807834   504.8506326153102   538.6126821680643
0.20185660183976684   487.7424459382172   519.9043648014404
0.20777411819498756   467.10858869636644   498.788182091494
0.21386510918267082   442.56763390361635   475.3164274219158
0.22013466028907505   415.38507825342623   450.35361572700714
0.22658800608375756   387.7779386935528   425.5462484358383
0.23323053459001789   362.1650249520899   402.47165768329234
0.2400677917834628   340.4680105893964   382.35611145416
0.24710548622244882   323.3586772504278   365.33208381058324
0.25434949381426813   309.9952027214019   350.84498838140564
0.2618058627210567   298.4644188091173   337.5434412144145
0.2694808184095226   286.525504608502   324.1191561722476
0.27738076884870827   272.59588924043396   309.88321908090734
0.2855123098601282   256.67088306176373   294.7665170181515
0.29388223062474755   240.04956169132052   279.65748274262467
0.3024975193514008   224.5082791805562   265.52616521788156
0.31136536911138296   211.41894090167216   252.89195692865803
0.3204931838440838   200.90123071244238   241.81469014657623
0.32988858453867975   191.85482699698218   231.61128898087895
0.3395594155970457   182.80852566879346   221.60297548321225
0.34951375138319807   172.8411314226214   211.4709823911792
0.3597599029647371   162.19887404185067   201.31727078215636
0.37030642505191835   151.95552606796088   191.670533183383
0.3811621231401457   143.00777443757175   182.7908306255077
0.3923360608618501   135.43530001164612   174.65747130699353
0.4038375675538918   128.52667615959268   166.99630232601635
0.41567624604680364   121.49154632760349   159.50965386248942
0.42786198068238046   114.19725300729674   152.17593793017056
0.4404049455663077   107.14963905090424   145.1846126477546
0.4533156130627191   100.84185409518682   138.63949416578438
0.4666047625377753   95.24208170630422   132.51579884163144
0.4802834893595659   89.91823557794966   126.67671839995474
0.49436321416184764   84.59443505306203   121.04034339455552
0.5088556923793517   79.426797572227   115.65079644822934
0.5237730240626238   74.6786125603846   110.56820196166616
0.5391276639805903   70.34524756670811   105.76486264633759
0.5549324320192869   66.21410779895386   101.18538951467937
0.5712005238854289   62.199633315817024   96.80262294462422
0.5879455221237613   58.40970174810567   92.63833755221678
0.6051814074573895   54.90663005386069   88.69617520981357
0.622922570460556   51.61065457134653   84.94823595142822
0.6411838235736077   48.45726754588768   81.3699016111533
0.6599804134701901   45.48159613279144   77.96991288433757
0.6793280337869897   42.70368132329176   74.74297759076822
0.6992428382266549   40.085584345468455   71.66902295976715
0.7197414540448374   37.61526409884592   68.74359246120214
0.7408409959326054   35.28641133974214   65.96184585574413
0.7625590803058332   33.09263827531349   63.31583772130562
0.7849138400134885   31.027647963920295   60.79810190337328
0.8079239394770964   29.08525813892937   58.401623065552016
0.8316085902740278   27.259289051103696   56.11981386762283
0.8559875671776167   25.54319998116739   53.946507839625745
0.8810812246675007   23.93064172415007   51.875909327008216
0.9069105139239728   22.415618912871867   49.90256192668311
0.9334970003205227   20.992470849872234   48.02132709337075
0.960862881429187   19.655853356824384   46.227364183727374
0.9890310055537336   18.400721592001076   44.51611183591216
1.0180248908061487   17.222314506739995   42.88326728689353
1.047868744742366   16.116174709937187   41.32460363467166
1.0785874845736239   15.078138645538742   39.83590586039759
1.1102067579703248   14.10426487024829   38.4132132309384
1.1427529644757777   13.190819500159083   37.05282145902715
1.1762532775476793   12.334266908373046   35.751264382724834
1.210735667245765   11.53126071155111   34.50529708402935
1.246228923584555   10.778635047019149   33.31188032456285
1.2827626805706884   10.073394878625367   32.168146988650925
1.3203674409449337   9.412698517194938   31.071238779306874
1.3590746016495152   8.793857987530714   30.01839888842031
1.3989164800420282   8.214337901615561   29.007059375431048
1.4399263408778291   7.671747566331743   28.03482822814663
1.4821384240834183   7.16383338755546   27.099476599460072
1.525587973344019   6.68847162473995   26.198927099269888
1.5703112655292182   6.2436614836469175   25.331243018378593
1.6163456409812174   5.827518840546344   24.49459368907924
1.6637295346910133   5.438270403554873   23.687204865848393
1.7125025083885144   5.074246854675243   22.907415919603295
1.7627052835733923   4.7338770457774535   22.153684461530016
1.814379775514258   4.415682644644189   21.424578205860385
1.8675691282445197   4.118273041439209   20.718767485142337
1.922317750584177   3.8403405052808415   20.03501835607772
1.9786713532176083   3.5806555306323498   19.372184910642964
2.0366769868582977   3.3380614236398736   18.7291745849223
2.0963830815323896   3.111470507376199   18.104947343251798
2.1578394870138577   2.89986141337851   17.49854276107857
2.2210975144450407   2.7022753055900934   16.90907624113615
2.286209979177315   2.517812252391751   16.335734138217287
2.3532312448676476   2.3456277943044292   15.777769220686318
2.4222172688678643   2.1849296978826915   15.23449643369558
2.4932256489445366   2.0349751882964484   14.705315999701655
2.5663156713684585   1.895069298102546   14.18983077725563
2.641548360413907   1.7645606052057503   13.68772238891175
2.7189865293089923   1.64283803258609   13.198689141837878
2.798694832679631   1.5293285049789571   12.72244479192493
2.8807398205309562   1.4234947298727414   12.258717437540904
2.9651899938111903   1.3248330964097739   11.807248461667454
3.05211586160442   1.2328716665036208   11.367790910585775
3.1415899999999994   1.147166197377767   10.940043448851396
