0.01   4732.0267527544875   4731.876638157615
0.010293154462191829   4777.337922348083   4777.185707727283
0.010594902878253955   4820.238994856462   4820.084618571152
0.010905497183778876   4860.559679635475   4860.40284764301
0.011225196699963396   4898.1220881519075   4897.962488332009
0.011554268350120923   4932.742757143142   4932.580241363958
0.011892986882540897   4964.239942951637   4964.074538052166
0.012241635099881474   4992.430317265367   4992.2621675725895
0.012600504095286909   5017.1217956884775   5016.950989794673
0.012969893495426888   5038.124652303303   5037.9511911356985
0.013350111710660605   5055.253834117977   5055.077626238899
0.013741476192534558   5068.31936667482   5068.1401862054945
0.014144313698828986   5077.131561292108   5076.9490206983155
0.01455896056637426   5081.509918848999   5081.323469593887
0.014985762991865008   5081.279209360062   5081.088118181156
0.01542507732090645   5076.26422209109   5076.067516764752
0.015877270345534218   5066.301979782137   5066.098448477158
0.016342719610456153   5051.243988563316   5051.032180982596
0.016821813728271667   5030.949757823157   5030.72791882763
0.017314952703931925   5005.2929215460745   5005.058967543532
0.017822548268711737   4974.167683784278   4973.919225225023
0.01834502422397195   4937.489258472256   4937.223616796275
0.018882816794999403   4895.19449048827   4894.9087119206215
0.019436374995219892   4847.245224777322   4846.936115802368
0.02000616100108813   4793.631389412828   4793.29558025182
0.020592650537967844   4734.38117155108   4734.015307025468
0.021196333277324068   4669.555009380797   4669.15584895482
0.02181771324555934   4599.2419106573   4598.80637464335
0.022457309244835088   4523.579932276054   4523.10555276154
0.02311565528622961   4442.762947120941   4442.248451640676
0.023793301035594242   4357.011278382878   4356.456586605977
0.024490812272480036   4266.5807815407015   4265.987058443308
0.025208771362518027   4171.812357071282   4171.182525898802
0.0259477777436476   4073.080830776753   4072.4196088954286
0.02670844842659881   3970.7725842000787   3970.0863084041835
0.027491418510046592   3865.3566083289843   3864.653521364492
0.028297341710866907   3757.382211075218   3756.672736648725
0.029126890909937666   3647.3855078191273   3646.6819323891227
0.029980758713939952   3535.914295145984   3535.2304948692504
0.030859658033628758   3423.620481189762   3422.971884424492
0.031764322679055976   3311.141342736961   3310.544627289249
0.03269550797224261   3199.069181785961   3198.5418745440925
0.033653991377811755   3088.11147739222   3087.670998358289
0.03464057315210884   2979.048598475318   2978.7115211644327
0.03565607701135116   2872.567092504443   2872.3490842983297
0.036701350819364466   2769.247024630324   2769.1621917496923
0.03777726729548091   2669.546189150818   2669.6051414486296
0.038884724743189276   2573.8401159630325   2574.050026989252
0.04002464780014597   2482.462316230454   2482.827068871904
0.041197988210172884   2396.032246979487   2396.5479652005533
0.04240572561788674   2315.318588905281   2315.971315690312
0.04364886838662332   2240.9714785640276   2241.7387196245854
0.04492845444033957   2173.2027634739106   2174.054902441823
0.04624555213019635   2111.6468423661463   2112.5481754986936
0.04760126112654554   2055.9270355529557   2056.8362720435107
0.04899671333706607   2005.6574579761696   2006.5261969593762
0.05043307385181555   1960.4115454973203   1961.1815648743823
0.05191154191598653   1919.7892368070486   1920.3927248391292
0.053433351931179485   1883.2079856438222   1883.569826479093
0.05499977448602865   1849.9345972567637   1849.9743369883765
0.05661211741704101   1819.2164350880917   1818.850883742751
0.05827172690053434   1790.0513568743695   1789.2053233992715
0.05997998857658587   1761.403004463148   1760.0130774874626
0.06173832870592997   1732.0432834003057   1730.0697881406795
0.0635482153607709   1700.6211316015585   1698.0577649699412
0.06541115965050462   1665.8449670743876   1662.7215792567217
0.06732871698337338   1626.494307513238   1622.879970167674
0.06930248836510605   1581.6087088742172   1577.6182828423896
0.07133412173562886   1530.606512248001   1526.4115000916015
0.07342531334496233   1473.3425957362979   1469.154168880023
0.07557780916945323   1410.2438741475748   1406.2861792507235
0.07779340636952398   1342.1602366753941   1338.6721595437753
0.08007395479015682   1270.3391504181604   1267.5769739205407
0.08242135850536496   1196.321889799466   1194.524899248425
0.08483757740794096   1121.8309882616115   1121.1952068140372
0.08732462884580919   1048.8776364509326   1049.5358026339898
0.08988458930634863   979.3364638215861   981.3489788829813
0.09251959615009227   915.1930650944792   918.4999907909586
0.09523184939525078   858.0668970791945   862.4988973704167
0.09802361355455057   809.1573188925502   814.442964175213
0.10089721952591899   769.0442054946603   774.8324820665649
0.10385506653859616   737.5762449633852   743.4485082489507
0.10689962415629803   713.9223647487495   719.4371577581811
0.11003343433910281   696.6932684094677   701.426876363218
0.11325911356578279   683.9331004147065   687.5417473905885
0.11657935501835284   673.3682116398569   675.6298694301895
0.11999693083066039   662.4746805519279   663.3390838312959
0.12351469440289359   648.8089706771153   648.4598803196146
0.12713558278394044   630.3714311173286   629.2362990376107
0.13086261912358757   605.9348006529242   604.639471036606
0.13469891519660646   575.3129918947518   574.5910550321192
0.13864767400083483   539.4485976841796   540.0542639002676
0.14271219243142114   500.3979351033385   502.94830428601097
0.14689586403346616   461.06641104670774   465.883134654345
0.1512021818353596   424.5984300411885   431.6276935934188
0.15563474126517718   393.5237909580872   402.3354396768638
0.16019724315257297   369.1588455608405   379.05249560190794
0.1648934968186736   351.60006195978525   361.7636442399547
0.1697274232565544   339.9523957587743   349.52966639401893
0.17470305840495237   332.36380568557064   340.6613934033233
0.17982455651794954   326.0833965624022   332.8299241691677
0.18509619363343993   318.1072308930499   323.57622862254334
0.19052237114327647   306.2813536372132   311.1718110236304
0.19610761946807834   289.98432050743895   295.240747066684
0.20185660183976684   270.13070029289577   276.73781828218284
0.20777411819498756   248.9005011945063   257.3689830243043
0.21386510918267082   229.04525743283796   239.34094066202883
0.22013466028907505   212.80513499863326   224.29534178104132
0.22658800608375756   201.09646618032008   212.89026341130165
0.23323053459001789   193.36237839359714   204.495083024693
0.2400677917834628   187.72945972063272   197.67357155466513
0.24710548622244882   181.77212729780726   190.61465208556456
0.25434949381426813   173.7352940033352   182.09855039133623
0.2618058627210567   163.21739504982943   172.08209091981493
0.2694808184095226   151.27985378058378   161.22730389004533
0.27738076884870827   139.9059461796511   150.9827092407948
0.2855123098601282   130.70628605802156   142.35602877238327
0.29388223062474755   124.0421665904662   135.4993587095105
0.3024975193514008   119.03105072127451   129.7211624221603
0.31136536911138296   114.09754922868878   124.08123534759093
0.3204931838440838   108.08438165918605   117.91259824866765
0.32988858453867975   101.03418801763934   111.2613839241384
0.3395594155970457   93.93856872926057   104.75937884040971
0.34951375138319807   87.88621549841223   99.00147500156761
0.3597599029647371   83.1806664402348   94.09846116638333
0.37030642505191835   79.18981816366455   89.6315549250368
0.3811621231401457   75.0360205528273   85.18483085831824
0.3923360608618501   70.41341630466637   80.65622162149242
0.4038375675538918   65.75365690804999   76.23464854283763
0.41567624604680364   61.65849804650669   72.20057405368738
0.42786198068238046   58.23204123533336   68.57382485715924
0.4404049455663077   55.064096908369876   65.14955214101795
0.4533156130627191   51.79129967806961   61.79146345002019
0.4666047625377753   48.495465940361825   58.53676047962178
0.4802834893595659   45.48304631556121   55.49518636727733
0.49436321416184764   42.829741617187985   52.68757079412301
0.5088556923793517   40.33044930742504   50.02467052422428
0.5237730240626238   37.848265194094466   47.457875822331694
0.5391276639805903   35.475426113995354   45.0250372799799
0.5549324320192869   33.315709544153634   42.74623492418733
0.5712005238854289   31.31153362983693   40.59771960327891
0.5879455221237613   29.378084998545198   38.551547103740305
0.6051814074573895   27.544303661857743   36.6121877091852
0.622922570460556   25.828454761381025   34.78662351827259
0.6411838235736077   24.220446597308978   33.058568667321474
0.6599804134701901   22.712056190597448   31.422840856435574
0.6793280337869897   21.295871251083437   29.874846676131543
0.6992428382266549   19.965173510030066   28.41017913279004
0.7197414540448374   18.713867466390298   27.024614985206355
0.7408409959326054   17.53648807303838   25.714094092157552
0.7625590803058332   16.428801530714885   24.474550638507335
0.7849138400134885   15.387259567217876   23.302019119480327
0.8079239394770964   14.408439907804734   22.19275527883526
0.8316085902740278   13.489040756806597   21.14322587415652
0.8559875671776167   12.625882599671945   20.15009707975855
0.8810812246675007   11.815909177637518   19.210223487721287
0.9069105139239728   11.056179926521242   18.320636657609732
0.9334970003205227   10.343763017479095   17.478520877500344
0.960862881429187   9.675793027560784   16.681210256696748
0.9890310055537336   9.049572082540301   15.926193228332156
1.0180248908061487   8.462562819288706   15.211103895403268
1.047868744742366   7.912378930691324   14.533713512027226
1.0785874845736239   7.396776268545077   13.891922458479263
1.1102067579703248   6.913645255419248   13.28375100826681
1.1427529644757777   6.461019623149209   12.707295704820575
1.1762532775476793   6.037063650870719   12.16073000113064
1.210735667245765   5.640045378352697   11.642339553754919
1.246228923584555   5.268330508233445   11.15051657821144
1.2827626805706884   4.920377456970262   10.683752784311164
1.3203674409449337   4.594732612773878   10.240632806398347
1.3590746016495152   4.290025707258805   9.819827277512585
1.3989164800420282   4.00496234233281   9.42005729128785
1.4399263408778291   3.7383199836914707   9.040086230292301
1.4821384240834183   3.488948609767502   8.678756515145324
1.525587973344019   3.2557669426994615   8.334986603338534
1.5703112655292182   3.037758564533625   8.007765504761357
1.6163456409812174   2.8339682365666055   7.696147725978102
1.6637295346910133   2.643498417934818   7.399248349606133
1.7125025083885144   2.4655063442051404   7.11622053455123
1.7627052835733923   2.29920101421212   6.846243045676288
1.814379775514258   2.143839532291927   6.588547803982296
1.8675691282445197   1.9987242821074798   6.342418843147786
1.922317750584177   1.8632003174632585   6.107188423802881
1.9786713532176083   1.7366528920859459   5.882233467192281
2.0366769868582977   1.6185051199626834   5.666972202678899
2.0963830815323896   1.508215448066769   5.460847556371074
2.1578394870138577   1.4052753291016586   5.263311535103344
2.2210975144450407   1.3092079669466232   5.073851509446164
2.286209979177315   1.2195665049460778   4.891991370651554
2.3532312448676476   1.1359322202611315   4.717288788260334
2.4222172688678643   1.0579128216659108   4.549332700791642
2.4932256489445366   0.985140845608155   4.387741022937751
2.5663156713684585   0.9172724213441324   4.232162958725273
2.641548360413907   0.8539862204283756   4.082284044336793
2.7189865293089923   0.794981318671861   3.937812723548801
2.798694832679631   0.7399758275118142   3.798476598570692
2.8807398205309562   0.6887057501050834   3.664021130982017
2.9651899938111903   0.640923901309516   3.534208439503869
3.05211586160442   0.596398888359887   3.4088161860703026
3.1415899999999994   0.5549136215721792   3.2876242077938524
