0.01   2222.744595070604   2222.6926767899463
0.010293154462191829   2255.3267061165097   2255.274073663994
0.010594902878253955   2287.3930697024507   2287.3397472882284
0.010905497183778876   2318.8768101174614   2318.8228384699855
0.011225196699963396   2349.7092132050816   2349.654643244798
0.011554268350120923   2379.8164907162036   2379.7613150034604
0.011892986882540897   2409.121410009337   2409.065520886006
0.012241635099881474   2437.545474383996   2437.488659478741
0.012600504095286909   2465.007761942556   2464.94976833614
0.012969893495426888   2491.4238136356003   2491.3644778065286
0.013350111710660605   2516.7082014398466   2516.64746864075
0.013741476192534558   2540.7745323370505   2540.7124442934974
0.014144313698828986   2563.531910521068   2563.468480164576
0.01455896056637426   2584.8875446116144   2584.8226963061725
0.014985762991865008   2604.7490428558995   2604.6826095821057
0.01542507732090645   2623.022878491961   2622.954610389601
0.015877270345534218   2639.6136779177154   2639.5432576221892
0.016342719610456153   2654.4274506813595   2654.3544944802265
0.016821813728271667   2667.3717207670184   2667.295772279171
0.017314952703931925   2678.3529199616673   2678.2734118261574
0.017822548268711737   2687.279271445335   2687.195512006005
0.01834502422397195   2694.062708593275   2693.9738840537475
0.018882816794999403   2698.618618536727   2698.52380812419
0.019436374995219892   2700.8662180385004   2700.7644136566337
0.02000616100108813   2700.7302261339464   2700.6203388927233
0.020592650537967844   2698.14200798825   2698.022864133406
0.021196333277324068   2693.0418139955987   2692.912112874769
0.02181771324555934   2685.377891078956   2685.236200142733
0.022457309244835088   2675.1066731123733   2674.9514449731514
0.02311565528622961   2662.1988973869297   2662.0286232953945
0.023793301035594242   2646.640128998445   2646.453494538866
0.024490812272480036   2628.4252610134126   2628.2211597416876
0.025208771362518027   2607.5632063428743   2607.340792415245
0.0259477777436476   2584.089540699243   2583.848404836595
0.02670844842659881   2558.0526399379382   2557.792841394341
0.027491418510046592   2529.510838234319   2529.2329019979725
0.028297341710866907   2498.554863591021   2498.259952904989
0.029126890909937666   2465.3024112315934   2464.992453944257
0.029980758713939952   2429.8769252958627   2429.554569950151
0.030859658033628758   2392.419862528062   2392.088518904476
0.031764322679055976   2353.1152956617257   2352.7793474835717
0.03269550797224261   2312.153684625481   2311.8184485463203
0.033653991377811755   2269.727471183021   2269.3990636966855
0.03464057315210884   2226.081237195611   2225.7660568399438
0.03565607701135116   2181.488506886375   2181.1928830777365
0.036701350819364466   2136.210177617877   2135.940328493339
0.03777726729548091   2090.4996315324806   2090.262071054305
0.038884724743189276   2044.610664442018   2044.413163506238
0.04002464780014597   1998.7818781247072   1998.6334640491143
0.041197988210172884   1953.242541968085   1953.1529409383165
0.04240572561788674   1908.2851570834223   1908.260784572935
0.04364886838662332   1864.221895160689   1864.2639752107875
0.04492845444033957   1821.3364803485938   1821.441519825786
0.04624555213019635   1779.8780441211795   1780.0390489076208
0.04760126112654554   1740.0573183120605   1740.2655683357975
0.04899671333706607   1702.0624427103933   1702.3078412062223
0.05043307385181555   1666.0252439596684   1666.2961125463644
0.05191154191598653   1631.894153790883   1632.1757896075899
0.053433351931179485   1599.572128476876   1599.8465849572833
0.05499977448602865   1568.9450641707722   1569.191397071811
0.05661211741704101   1539.7970066999335   1539.9915670778125
0.05827172690053434   1511.8947569480247   1512.0114041568681
0.05997998857658587   1484.9834435511905   1484.994488956565
0.06173832870592997   1458.7363445529343   1458.6145193577322
0.0635482153607709   1432.829977269976   1432.5491039879132
0.06541115965050462   1406.8807841747434   1406.4203492066001
0.06732871698337338   1380.471783365018   1379.8201529952912
0.06930248836510605   1353.172846147728   1352.3297768317273
0.07133412173562886   1324.4997117837408   1323.481499245377
0.07342531334496233   1294.0050960970227   1292.846252164684
0.07557780916945323   1261.2901580075156   1260.0502281244883
0.07779340636952398   1226.0468340565674   1224.809108235127
0.08007395479015682   1188.185923798363   1187.0512158367617
0.08242135850536496   1147.7733302985334   1146.8551350385562
0.08483757740794096   1105.1613904220899   1104.5821953523287
0.08732462884580919   1060.8526615594615   1060.7377034504657
0.08988458930634863   1015.5584845587032   1016.0252672976485
0.09251959615009227   970.0516658610803   971.2030515648247
0.09523184939525078   925.1607581373885   927.077543856473
0.09802361355455057   881.7213900411112   884.4478724037131
0.10089721952591899   840.5208838341268   844.0582252232581
0.10385506653859616   802.2743671536573   806.5760841117633
0.10689962415629803   767.5981948059645   772.5696980849683
0.11003343433910281   736.8551090575662   742.3502666616167
0.11325911356578279   710.1796025337662   716.0090975445664
0.11657935501835284   687.2666655878537   693.2350723076696
0.11999693083066039   667.5211125102991   673.4443292103115
0.12351469440289359   649.991530174916   655.7151423410761
0.12713558278394044   633.566896119294   639.0057481504311
0.13086261912358757   617.0811878689723   622.2446649644078
0.13469891519660646   599.4518304506892   604.4440537605379
0.13864767400083483   579.8371564298349   584.8676298485095
0.14271219243142114   557.7524061334809   563.1162621457028
0.14689586403346616   533.1935840195114   539.2156538086336
0.1512021818353596   506.6595240339225   513.68614284736
0.15563474126517718   479.04980541574344   487.35827196310714
0.16019724315257297   451.5328992539165   461.2600141331687
0.1648934968186736   425.39200088713886   436.5302169396071
0.1697274232565544   401.8314244750417   414.1829422351933
0.17470305840495237   381.67848966506324   394.8703410922211
0.17982455651794954   365.09895154410657   378.7121553769363
0.18509619363343993   351.53869328745066   365.1383050757951
0.19052237114327647   339.94687504523023   353.2144816325753
0.19610761946807834   329.08236235070774   341.9040327874591
0.20185660183976684   317.71195275582244   330.1814447638755
0.20777411819498756   304.83021498084946   317.25746085467796
0.21386510918267082   290.0543649507808   302.90077544197095
0.22013466028907505   273.87716350167955   287.54984527276184
0.22658800608375756   257.40337139047074   272.1094366558212
0.23323053459001789   241.83883644526924   257.54177279664106
0.2400677917834628   228.14881923388924   244.54347083002938
0.24710548622244882   216.7868680235902   233.42177664973576
0.25434949381426813   207.4701453800324   223.89972176694874
0.2618058627210567   199.30528949045126   215.2684678592452
0.2694808184095226   191.2019705597967   206.74451129471979
0.27738076884870827   182.32247671714882   197.74334301346843
0.2855123098601282   172.4784010648624   188.1780152416639
0.29388223062474755   162.2583195246479   178.49391397556528
0.3024975193514008   152.5191076375818   169.30549778266652
0.31136536911138296   143.94225640606442   160.9997282603769
0.3204931838440838   136.7146645563787   153.69178035239187
0.32988858453867975   130.38833791027213   147.03671785954762
0.3395594155970457   124.24396745373552   140.582756425087
0.34951375138319807   117.79455029367503   134.0544446224179
0.3597599029647371   111.0503232006268   127.47022322368132
0.37030642505191835   104.47397746607172   121.13459593789304
0.3811621231401457   98.53246823767617   115.28222064525815
0.3923360608618501   93.31523611406192   109.92732852727286
0.4038375675538918   88.54367032158378   104.91467018081481
0.41567624604680364   83.8374590804113   100.04002104695736
0.42786198068238046   79.07168559339233   95.24889909018928
0.4404049455663077   74.44020713161332   90.64723342113288
0.4533156130627191   70.18064769911736   86.3348965495046
0.4666047625377753   66.31780607901587   82.30791931768982
0.4802834893595659   62.67471958545574   78.48104563783092
0.49436321416184764   59.107820843040265   74.79064292334442
0.5088556923793517   55.64906523922734   71.24982106026872
0.5237730240626238   52.4169814921383   67.90505011604662
0.5391276639805903   49.4266141031091   64.74862701486543
0.5549324320192869   46.594855326788576   61.74547889440292
0.5712005238854289   43.868286377141324   58.87408933713756
0.5879455221237613   41.27967182206294   56.14310575238523
0.6051814074573895   38.860084690182255   53.55827031105133
0.622922570460556   36.582243782462406   51.10418057241681
0.6411838235736077   34.413817723042   48.76633190449217
0.6599804134701901   32.36043839456297   46.54496647757292
0.6793280337869897   30.431339559157095   44.43739396952306
0.6992428382266549   28.61340984502839   42.43673496882612
0.7197414540448374   26.895704367377288   40.535621849192495
0.7408409959326054   25.273485056623922   38.729193422643796
0.7625590803058332   23.74243956002639   37.012919888034325
0.7849138400134885   22.298345653390214   35.382463817093836
0.8079239394770964   20.937081054098062   33.8336748604415
0.8316085902740278   19.65463166649194   32.36258431420353
0.8559875671776167   18.447043826049274   30.96535782910696
0.8810812246675007   17.31024697972191   29.638142928371217
0.9069105139239728   16.24029672710648   28.37723425733744
0.9334970003205227   15.233456687078917   27.179129933234854
0.960862881429187   14.28618817612647   26.04052025126096
0.9890310055537336   13.39514034779165   24.958277000587497
1.0180248908061487   12.55714079401497   23.929443372999508
1.047868744742366   11.769186959217322   22.95122351154606
1.0785874845736239   11.02845583748291   22.020927094150526
1.1102067579703248   10.332298479560366   21.135948173096384
1.1427529644757777   9.678202316105661   20.29382947876323
1.1762532775476793   9.06378293639073   19.492258813431143
1.210735667245765   8.486778591053776   18.72905987569996
1.246228923584555   7.94504485077688   18.002183700460385
1.2827626805706884   7.436549422994034   17.309700670946487
1.3203674409449337   6.959366371147824   16.649780432662475
1.3590746016495152   6.5116663444297185   16.020598941881083
1.3989164800420282   6.091716508524559   15.420399570551309
1.4399263408778291   5.697879127160808   14.847539636879095
1.4821384240834183   5.328606860378453   14.30048257905976
1.525587973344019   4.982438238261248   13.777790394298535
1.5703112655292182   4.6579933276825525   13.278116667171304
1.6163456409812174   4.3539695864008285   12.800200046787813
1.6637295346910133   4.069137930923161   12.342834622457884
1.7125025083885144   3.8023389779531085   11.904837704609648
1.7627052835733923   3.552479345697809   11.485098445257021
1.814379775514258   3.3185281908587947   11.082580556453987
1.8675691282445197   3.099513916053521   10.69631688891808
1.922317750584177   2.8945210295111106   10.325404451123328
1.9786713532176083   2.7026871515489743   9.968999829734585
2.0366769868582977   2.523200106135079   9.62631138540249
2.0963830815323896   2.355294483935401   9.296547174436723
2.1578394870138577   2.1982494859804707   8.978931683103376
2.2210975144450407   2.051387138657217   8.672745252411287
2.286209979177315   1.9140699157648382   8.377321062311449
2.3532312448676476   1.7856984653613215   8.092041339179485
2.4222172688678643   1.6657094541551025   7.816333880583327
2.4932256489445366   1.5535735240958746   7.549668866311367
2.5663156713684585   1.4487936787835274   7.291568087634022
2.641548360413907   1.3509041919629514   7.041633401883259
2.7189865293089923   1.2594676772624298   6.799503601503262
2.798694832679631   1.1740731808926872   6.564840869850717
2.8807398205309562   1.0943346930047446   6.3373292955693525
2.9651899938111903   1.0198897342361477   6.1166734841829715
3.05211586160442   0.9503980143268316   5.902597258847313
3.1415899999999994   0.8855400912572169   5.694840669034481
