0.01   3248.728132433709   3248.6153081051666
0.010293154462191829   3299.92374606905   3299.8039954139927
0.010594902878253955   3350.5263212100376   3350.399039208414
0.010905497183778876   3400.43863032619   3400.303280608762
0.011225196699963396   3449.560073742393   3449.4161650620567
0.011554268350120923   3497.7821956011044   3497.6290774853396
0.011892986882540897   3544.9916985161367   3544.8284648092394
0.012241635099881474   3591.0728407743495   3590.8983208276672
0.012600504095286909   3635.905083876936   3635.71794459224
0.012969893495426888   3679.3621261969483   3679.1610284839203
0.013350111710660605   3721.315662706862   3721.0992788132207
0.013741476192534558   3761.634782555003   3761.4017696404935
0.014144313698828986   3800.180945888588   3799.9297828503604
0.01455896056637426   3836.812741095388   3836.5416732528274
0.014985762991865008   3871.3883737345263   3871.095412800472
0.01542507732090645   3903.762532385798   3903.445500913032
0.015877270345534218   3933.7865019659316   3933.443085646769
0.016342719610456153   3961.3127597997886   3960.9405167156615
0.016821813728271667   3986.1943684049925   3985.790658178705
0.017314952703931925   4008.2812702745555   4007.8429573210865
0.017822548268711737   4027.4255415664134   4026.948926646806
0.01834502422397195   4043.483552751638   4042.964387100175
0.018882816794999403   4056.314585049713   4055.7481830381407
0.019436374995219892   4065.782107201467   4065.163451075916
0.02000616100108813   4071.7567346964115   4071.0805039869624
0.020592650537967844   4074.1178661261133   4073.3784329852956
0.021196333277324068   4072.7557588564628   4071.9471205396103
0.02181771324555934   4067.571123906485   4066.6869256221403
0.022457309244835088   4058.476463801383   4057.5100662806653
0.02311565528622961   4045.4045466114508   4044.349320308933
0.023793301035594242   4028.306258053897   4027.155793823916
0.024490812272480036   4007.145960985964   4005.8941253436474
0.025208771362518027   3981.911987216567   3980.5531584642886
0.0259477777436476   3952.628508202902   3951.158018659151
0.02670844842659881   3919.3363449813614   3917.750558461957
0.027491418510046592   3882.0945999050946   3880.391001159555
0.028297341710866907   3841.0136330964096   3839.1914471702385
0.029126890909937666   3796.2342115218185   3794.29467002077
0.029980758713939952   3747.9077565364346   3745.854031213138
0.030859658033628758   3696.227512485567   3694.0649357602165
0.031764322679055976   3641.446660648775   3639.1831047526784
0.03269550797224261   3583.825205217338   3581.470944743167
0.033653991377811755   3523.6364061880827   3521.2039121753473
0.03464057315210884   3461.232211030327   3458.735920386681
0.03565607701135116   3396.985130701871   3394.441206264812
0.036701350819364466   3331.2550097201215   3328.6810889511
0.03777726729548091   3264.435686538761   3261.8501422796267
0.038884724743189276   3196.962546720484   3194.383663179774
0.04002464780014597   3129.247579634689   3126.6933947598086
0.041197988210172884   3061.684183667897   3059.172000512607
0.04240572561788674   2994.6806762185643   2992.2252358123533
0.04364886838662332   2928.624845420018   2926.2379658889604
0.04492845444033957   2863.8749763490055   2861.565537338244
0.04624555213019635   2800.84107461143   2798.61034965882
0.04760126112654554   2739.9773139615118   2737.814851783997
0.04899671333706607   2681.698892119031   2679.5833334656277
0.05043307385181555   2626.2671859481115   2624.1672484921332
0.05191154191598653   2573.667895059565   2571.5433012646595
0.053433351931179485   2523.8521276233814   2521.654277826982
0.05499977448602865   2476.7012811385644   2474.3743046521918
0.05661211741704101   2431.9430340996955   2429.4253770746204
0.05827172690053434   2389.2982230029575   2386.5232641009925
0.05997998857658587   2348.400146776814   2345.3000697647058
0.06173832870592997   2308.777761791927   2305.28804178589
0.0635482153607709   2269.9586946263603   2266.0198920011017
0.06541115965050462   2231.3564848963197   2226.92325855016
0.06732871698337338   2192.365343273258   2187.4099989977694
0.06930248836510605   2152.309261374349   2146.832955783187
0.07133412173562886   2110.444910931095   2104.488934253235
0.07342531334496233   2066.0558256974937   2059.70997286961
0.07557780916945323   2018.4347373405612   2011.8534105527012
0.07779340636952398   1967.0130533041374   1960.4121018846758
0.08007395479015682   1911.4579019325897   1905.1091327947236
0.08242135850536496   1851.6850646320286   1845.9110458152702
0.08483757740794096   1788.0103306085457   1783.1838411308468
0.08732462884580919   1721.037591252001   1717.551859124885
0.08988458930634863   1651.715094772425   1649.9436718479078
0.09251959615009227   1581.1821704529177   1581.4631833759388
0.09523184939525078   1510.7040616703423   1513.3245111906147
0.09802361355455057   1441.6398349553606   1446.7870034772095
0.10089721952591899   1375.265923605613   1383.016308996943
0.10385506653859616   1312.8424868587606   1323.1356443052823
0.10689962415629803   1255.460096220254   1268.100035955888
0.11003343433910281   1203.948936035495   1218.582732019055
0.11325911356578279   1158.7740832121267   1174.9221405247495
0.11657935501835284   1119.844349073646   1136.9505803094362
0.11999693083066039   1086.5070655150005   1103.9962602102705
0.12351469440289359   1057.5751656458024   1074.914808662771
0.12713558278394044   1031.407843465079   1048.2125037471412
0.13086261912358757   1006.1852846133506   1022.284415243149
0.13469891519660646   980.0546957352626   995.5456962846464
0.13864767400083483   951.3989992377791   966.6507658503059
0.14271219243142114   919.0601536828742   934.6961626391898
0.14689586403346616   882.5395408098439   899.3886357584704
0.1512021818353596   842.1632731100267   861.1448369695424
0.15563474126517718   799.0298504325393   820.9219740201412
0.16019724315257297   754.8275484888544   780.1653723780465
0.1648934968186736   711.5971799994359   740.5878491084151
0.1697274232565544   671.4428146013764   703.790534572595
0.17470305840495237   636.1331787602911   671.0140633561822
0.17982455651794954   606.5972464890673   642.9458056772903
0.18509619363343993   582.5956592201699   619.2201792322463
0.19052237114327647   562.834005965989   598.705023127204
0.19610761946807834   545.4071387430016   579.9369673051198
0.20185660183976684   528.2149182190983   561.3475410641576
0.20777411819498756   509.2866585735127   541.5352882319524
0.21386510918267082   487.3174855260811   519.877071516787
0.22013466028907505   462.30786568688393   496.3448248473279
0.22658800608375756   435.6175406278139   471.9993241631822
0.23323053459001789   409.26972827350244   448.2996365608737
0.2400677917834628   385.20026562320623   426.44199959242997
0.24710548622244882   364.74429417490074   407.21893902615136
0.25434949381426813   348.1451412380264   390.59901029401897
0.2618058627210567   334.3891415126367   375.89698532092865
0.2694808184095226   321.69990989903937   361.94846724438753
0.27738076884870827   308.28520074337104   347.7077909794812
0.2855123098601282   293.12970406052347   332.7482901597955
0.29388223062474755   276.5795683874354   317.371141907349
0.3024975193514008   259.95939863349264   302.2779482472567
0.31136536911138296   244.74366850531212   288.299392537715
0.3204931838440838   231.82004038479621   275.6335925675782
0.32988858453867975   220.98889322673162   264.28052161797723
0.3395594155970457   211.11670656365166   253.56042913374708
0.34951375138319807   201.00830368628084   242.95376265852613
0.3597599029647371   190.15539252529604   232.27085434242844
0.37030642505191835   179.01841867512925   221.78583413398542
0.3811621231401457   168.5712892052031   211.86771038353567
0.3923360608618501   159.408872155794   202.68680633126056
0.4038375675538918   151.35657545591528   194.16682225717292
0.41567624604680364   143.71866531133136   186.00538591920488
0.42786198068238046   135.9356396854936   178.01785402145634
0.4404049455663077   128.08480930802725   170.27263008265086
0.4533156130627191   120.66358844298841   162.9150803882892
0.4666047625377753   113.9808202945961   155.99863774137017
0.4802834893595659   107.87142769084537   149.45990052633894
0.49436321416184764   101.95391310920442   143.18547769734593
0.5088556923793517   96.10191680711604   137.1309668902449
0.5237730240626238   90.51416432878932   131.35910137780138
0.5391276639805903   85.36785985662158   125.89924786239814
0.5549324320192869   80.57977322090551   120.7044516587923
0.5712005238854289   75.97399268673986   115.73423706434356
0.5879455221237613   71.53500745682825   110.98084695676089
0.6051814074573895   67.3641494133107   106.4587446504473
0.622922570460556   63.47232050140995   102.16256719075075
0.6411838235736077   59.77727293349993   98.05919194551478
0.6599804134701901   56.2502767572148   94.14193495838703
0.6793280337869897   52.927512322822935   90.41252863872342
0.6992428382266549   49.80611687831933   86.85809981103102
0.7197414540448374   46.85673580546043   83.46885548631468
0.7408409959326054   44.06617972215675   80.23699762739939
0.7625590803058332   41.42831761705912   77.15475911968387
0.7849138400134885   38.937009256586414   74.21477239283213
0.8079239394770964   36.58610303197577   71.41005059100006
0.8316085902740278   34.3694717568372   68.73396749071145
0.8559875671776167   32.28084736490631   66.18014988173371
0.8810812246675007   30.313338103969024   63.742212600925164
0.9069105139239728   28.460204050976   61.414053796391435
0.9334970003205227   26.715069302038668   59.189929913818084
0.960862881429187   25.071902548410137   57.06443268912992
0.9890310055537336   23.524998699350366   55.032467735205046
1.0180248908061487   22.068961493807155   53.08923460472013
1.047868744742366   20.69869024441394   51.230197414991075
1.0785874845736239   19.40942883830112   49.45084138657113
1.1102067579703248   18.1967294809664   47.74669839706662
1.1427529644757777   17.056363862002588   46.113579633278796
1.1762532775476793   15.984311457645347   44.54756596614408
1.210735667245765   14.976751341848422   43.04498892780695
1.246228923584555   14.030054160161306   41.60241317906143
1.2827626805706884   13.14077427727994   40.21662034032347
1.3203674409449337   12.30563731877013   38.8845340330331
1.3590746016495152   11.521521274098157   37.60304838093679
1.3989164800420282   10.785466945496978   36.36921679428289
1.4399263408778291   10.094674996702258   35.180296771753255
1.4821384240834183   9.44649817236304   34.03373537050144
1.525587973344019   8.838433835125944   32.92715587490096
1.5703112655292182   8.268116811781432   31.85834555307197
1.6163456409812174   7.733312588201732   30.82524211884175
1.6637295346910133   7.231911645869671   29.82587918222552
1.7125025083885144   6.761922832112437   28.858386323380383
1.7627052835733923   6.321466348378279   27.921026925158458
1.814379775514258   5.908768041027368   27.012191050786434
1.8675691282445197   5.522153981480595   26.130387118376667
1.922317750584177   5.160045286130789   25.274234208134096
1.9786713532176083   4.820953168221403   24.442454940629588
2.0366769868582977   4.503473614147829   23.633858441016944
2.0963830815323896   4.2062815621412195   22.847308723696422
2.1578394870138577   3.9281287514233374   22.08175283611017
2.2210975144450407   3.6678400807477485   21.33622455670305
2.286209979177315   3.424309589687727   20.609838939166142
2.3532312448676476   3.196496641244731   19.90178719784324
2.4222172688678643   2.983422297071702   19.211331897637642
2.4932256489445366   2.784165977312247   18.537811368919726
2.5663156713684585   2.59786391192388   17.880795056433154
2.641548360413907   2.4237052831104067   17.24003499310531
2.7189865293089923   2.260927433768256   16.615297339976692
2.798694832679631   2.108813159439547   16.006355403430163
2.8807398205309562   1.9666881989312008   15.412988826040223
2.9651899938111903   1.833918847617712   14.834982815320062
3.05211586160442   1.7099096885404406   14.272127406737974
3.1415899999999994   1.594099585259512   13.724170084678043
