0.01   14205.207407781814   14201.976344063762
0.010293154462191829   14365.881127873901   14362.350206494364
0.010594902878253955   14521.273660104942   14517.416117514038
0.010905497183778876   14670.934371663745   14666.72112791245
0.011225196699963396   14814.4005077447   14809.799887353003
0.011554268350120923   14951.20658212665   14946.184325247139
0.011892986882540897   15080.87073674892   15075.389762903622
0.012241635099881474   15202.888447927187   15196.90850228871
0.012600504095286909   15316.754977049735   15310.232661794653
0.012969893495426888   15421.96456987286   15414.853346744707
0.013350111710660605   15517.991650439997   15510.24148286336
0.013741476192534558   15604.309639428708   15595.866975932748
0.014144313698828986   15680.401385038213   15671.209304580721
0.01455896056637426   15745.74287337834   15735.74032220936
0.014985762991865008   15799.802989182992   15788.923909827885
0.01542507732090645   15842.067685043894   15830.241247884247
0.015877270345534218   15872.038506434723   15859.189153676825
0.016342719610456153   15889.217753336849   15875.264371933621
0.016821813728271667   15893.130036601358   15877.986135027066
0.017314952703931925   15883.331550101948   15866.905753323552
0.017822548268711737   15859.404943524101   15841.60024420531
0.01834502422397195   15820.964188576509   15801.677462056818
0.018882816794999403   15767.666365855826   15746.789193939328
0.019436374995219892   15699.218835765789   15676.63882697928
0.02000616100108813   15615.389125082762   15590.992023961639
0.020592650537967844   15516.000155950043   15489.671158007643
0.021196333277324068   15400.934714026454   15372.559775201828
0.02181771324555934   15270.176502171455   15239.645135493845
0.022457309244835088   15123.797531883327   15091.005060890006
0.02311565528622961   14961.930836251042   14926.779577892588
0.023793301035594242   14784.81614139507   14747.219329413343
0.024490812272480036   14592.8551294754   14552.744100729858
0.025208771362518027   14386.516763386855   14343.842232575298
0.0259477777436476   14166.339670123903   14121.07273401756
0.02670844842659881   13933.077961654048   13885.217044523177
0.027491418510046592   13687.605912413877   13637.179522142624
0.028297341710866907   13430.822134970276   13377.887510673569
0.029126890909937666   13163.790879912438   13108.435169663298
0.029980758713939952   12887.830740368328   12830.173527809202
0.030859658033628758   12604.255981128366   12544.446624275864
0.031764322679055976   12314.388678786518   12252.603601183238
0.03269550797224261   12019.800254218018   11956.243329355053
0.033653991377811755   11722.095474058393   11656.995302020412
0.03464057315210884   11422.785595112146   11356.390826959745
0.03565607701135116   11123.587412809562   11056.151250577419
0.036701350819364466   10826.486075336139   10758.248296987238
0.03777726729548091   10533.309966569008   10464.49448120355
0.038884724743189276   10245.650802876176   10176.464406287203
0.04002464780014597   9964.678196645587   9895.308624484936
0.041197988210172884   9691.352916017859   9621.96860463263
0.04240572561788674   9426.547655587401   9357.295188784918
0.04364886838662332   9171.74623238274   9102.677017477634
0.04492845444033957   8928.991127003343   8859.993950212289
0.04624555213019635   8700.119100900793   8630.931674764326
0.04760126112654554   8485.996858328484   8416.242733923247
0.04899671333706607   8285.648638463526   8214.901275534916
0.05043307385181555   8097.933343087617   8025.727695242912
0.05191154191598653   7921.700131181074   7847.535066968491
0.053433351931179485   7755.6481743548675   7678.988398808843
0.05499977448602865   7598.530901347703   7518.811014662036
0.05661211741704101   7448.762931180438   7365.432459439434
0.05827172690053434   7304.327301301771   7216.905560513819
0.05997998857658587   7163.223876197844   7071.321834329981
0.06173832870592997   7022.9892005474385   6926.429731100947
0.0635482153607709   6881.092545403435   6779.955123373256
0.06541115965050462   6734.771273238703   6629.49461886717
0.06732871698337338   6581.029335976649   6472.517276617576
0.06930248836510605   6417.139358598978   6306.810366927059
0.07133412173562886   6240.674300772218   6130.571501089234
0.07342531334496233   6049.930941519571   5942.663742539934
0.07557780916945323   5844.471262450407   5743.133580307468
0.07779340636952398   5624.866846756408   5532.849465285045
0.08007395479015682   5393.253072679941   5313.961748305876
0.08242135850536496   5152.655827340512   5089.323203834395
0.08483757740794096   4907.116481511978   4862.617099937067
0.08732462884580919   4661.0736631862865   4637.658760047023
0.08988458930634863   4419.16674281025   4418.243049633351
0.09251959615009227   4186.263105898415   4208.133248434306
0.09523184939525078   3966.7924617739936   4010.6695848922946
0.09802361355455057   3764.965202273432   3828.7736414936808
0.10089721952591899   3584.18979565726   3664.654575285976
0.10385506653859616   3426.421288711684   3519.0947194774317
0.10689962415629803   3292.107766515271   3391.7799157360505
0.11003343433910281   3179.378000864633   3280.8094651666
0.11325911356578279   3084.607567022995   3182.9891943575567
0.11657935501835284   3002.562585512362   3094.013939396144
0.11999693083066039   2926.9943332776525   3009.413613030071
0.12351469440289359   2851.44612887005   2924.821960024768
0.12713558278394044   2769.781643528649   2836.262370043477
0.13086261912358757   2677.147116622322   2741.2467443257065
0.13469891519660646   2570.732777277457   2638.558058767093
0.13864767400083483   2450.3387539161054   2528.5035101604776
0.14271219243142114   2318.5735646990165   2413.7212849168145
0.14689586403346616   2180.3333656233594   2297.5083003600544
0.1512021818353596   2042.1630882188472   2183.7946301485895
0.15563474126517718   1911.395456924476   2076.6699463301643
0.16019724315257297   1794.840231238458   1979.357319737735
0.1648934968186736   1696.948317794527   1893.8597761130425
0.1697274232565544   1618.3731102247727   1819.7027934277041
0.17470305840495237   1556.1163014559154   1754.1081633379688
0.17982455651794954   1504.8279558379356   1694.4224939167377
0.18509619363343993   1457.9295383454157   1637.2922957687215
0.19052237114327647   1408.3727461458268   1579.7569426866946
0.19610761946807834   1350.3284985777907   1519.4090165466157
0.20185660183976684   1281.7440518341714   1456.1784676503858
0.20777411819498756   1205.2876924394927   1391.7795301461604
0.21386510918267082   1126.6311043290941   1328.6840037461275
0.22013466028907505   1052.215554547607   1269.2284678713645
0.22658800608375756   987.547231936103   1214.633771152868
0.23323053459001789   935.2427195250683   1165.643621098319
0.2400677917834628   893.8662060980474   1121.062570934443
0.24710548622244882   858.7982523006864   1079.0725314323959
0.25434949381426813   824.0899553262894   1038.3488624619665
0.2618058627210567   785.0173623899201   997.7518255481028
0.2694808184095226   740.6231199054212   957.1312132054048
0.27738076884870827   693.7580291975385   917.2688713489722
0.2855123098601282   648.8812469091871   879.6380313900229
0.29388223062474755   609.9067234422165   844.2528337754662
0.3024975193514008   577.9622364630175   811.6106314370465
0.31136536911138296   550.7460885636722   780.6650800899702
0.3204931838440838   524.5318934464501   751.0446394934926
0.32988858453867975   496.52931379643036   722.1375438864435
0.3395594155970457   466.6545165375633   693.9890284451953
0.34951375138319807   437.3241877206793   667.1042886200769
0.3597599029647371   411.0235256271385   641.7781973971206
0.37030642505191835   388.41891793236374   617.735047878145
0.3811621231401457   368.11674673769545   594.880797403704
0.3923360608618501   348.04957584872454   573.0210426397915
0.4038375675538918   327.4610746278018   551.8618742471872
0.41567624604680364   307.3136709981244   531.5681282904378
0.42786198068238046   288.8996024784893   512.3151756784073
0.4404049455663077   272.4560613687415   494.0668377476757
0.4533156130627191   257.0738027283356   476.597655911491
0.4666047625377753   241.94165397959463   459.8204196987426
0.4802834893595659   227.18855476002892   443.7126877075028
0.49436321416184764   213.44726208449376   428.3572156763514
0.5088556923793517   200.8591818714503   413.7488202109888
0.5237730240626238   188.9943384003748   399.75966994717123
0.5391276639805903   177.54344526853862   386.32219486320747
0.5549324320192869   166.6683775254293   373.45728636404056
0.5712005238854289   156.5585458804506   361.1741657414974
0.5879455221237613   147.08843755769092   349.4182312894779
0.6051814074573895   138.0766532225924   338.1222457971973
0.622922570460556   129.55013938421715   327.2822441816845
0.6411838235736077   121.57016024082257   316.904578942806
0.6599804134701901   114.06805691663949   306.9382083243186
0.6793280337869897   106.99790664935901   297.3629276857056
0.6992428382266549   100.33653800712186   288.1587902684321
0.7197414540448374   94.06424589133606   279.3051008421623
0.7408409959326054   88.16186801012907   270.7824786912248
0.7625590803058332   82.61080101217021   262.57277846645957
0.7849138400134885   77.39302669986843   254.65900571067766
0.8079239394770964   72.49091660430469   247.02492257217017
0.8316085902740278   67.88653836047857   239.65384226846928
0.8559875671776167   63.56260778761634   232.52978751071802
0.8810812246675007   59.50279640984251   225.63790025968245
0.9069105139239728   55.691681368663346   218.96436555079273
0.9334970003205227   52.11469775190863   212.4963416287538
0.960862881429187   48.75809329571069   206.22189588456405
0.9890310055537336   45.608885957043626   200.12994339315452
1.0180248908061487   42.65487896908278   194.20993995332725
1.047868744742366   39.884647948736735   188.45166266224646
1.0785874845736239   37.28739339749321   182.84562459465627
1.1102067579703248   34.85289939902184   177.3830801607696
1.1427529644757777   32.571506076148054   172.05598074820995
1.1762532775476793   30.434083039537047   166.8569337252294
1.210735667245765   28.43200381686221   161.77916443940728
1.246228923584555   26.55711999959389   156.81649991471892
1.2827626805706884   24.80172204930165   151.96358515335544
1.3203674409449337   23.15852603906199   147.2157470926972
1.3590746016495152   21.620666169176637   142.5687478527177
1.3989164800420282   20.181673023622395   138.0187548805315
1.4399263408778291   18.835452480537533   133.56231772928626
1.4821384240834183   17.57626561197174   129.19634585803155
1.525587973344019   16.398709536230168   124.91808732222862
1.5703112655292182   15.29769915748068   120.72531103390122
1.6163456409812174   14.268449721895177   116.6169967324834
1.6637295346910133   13.306460442803205   112.5925190161274
1.7125025083885144   12.407498849603519   108.65132637514486
1.7627052835733923   11.567585869003898   104.79293247911819
1.814379775514258   10.782981654592236   101.01690773227625
1.8675691282445197   10.050172133241993   97.32287104600371
1.922317750584177   9.36585621890709   93.71048623493651
1.9786713532176083   8.726932030462011   90.17985864310839
2.0366769868582977   8.130484691945941   86.73177222115676
2.0963830815323896   7.573778748367024   83.36693109772375
2.1578394870138577   7.054248017120221   80.08587856995076
2.2210975144450407   6.569485636998817   76.88900166149878
2.286209979177315   6.117234663244637   73.77653594525059
2.3532312448676476   5.695379181513256   70.74857060572918
2.4222172688678643   5.301936159215851   67.8050982046305
2.4932256489445366   4.935050504777683   64.94658552951215
2.5663156713684585   4.592985699251441   62.17370217319094
2.641548360413907   4.2741140014250085   59.4868230677034
2.7189865293089923   3.976909973105021   56.886036725595
2.798694832679631   3.6999444195320996   54.37116580541102
2.8807398205309562   3.441878658720212   51.94178746251721
2.9651899938111903   3.2014591042536336   49.59725337041727
3.05211586160442   2.977509859300534   47.3365899170763
3.1415899999999994   2.768920700006441   45.158117259240626
