0.01   15664.87290850839   15660.625733956856
0.010293154462191829   15826.483096838712   15821.868583852964
0.010594902878253955   15981.708587106274   15976.695222462333
0.010905497183778876   16130.083228596013   16124.635447064997
0.011225196699963396   16271.139510312863   16265.217696852178
0.011554268350120923   16404.394650411734   16397.95575478549
0.011892986882540897   16529.350947421764   16522.349180707566
0.012241635099881474   16645.51341925139   16637.90038488759
0.012600504095286909   16752.38523389663   16744.1097309172
0.012969893495426888   16849.449741671287   16840.4567193116
0.013350111710660605   16936.19324490951   16926.42368404914
0.013741476192534558   17012.112501024087   17001.50353968756
0.014144313698828986   17076.698553918995   17065.182642348413
0.01455896056637426   17129.442708274277   17116.94698913248
0.014985762991865008   17169.85523856469   17156.301834860802
0.01542507732090645   17197.459912977676   17182.76575333771
0.015877270345534218   17211.780862190277   17195.8565836604
0.016342719610456153   17212.366619876946   17195.116818113165
0.016821813728271667   17198.796966768197   17180.120727290814
0.017314952703931925   17170.676685605387   17150.467470573632
0.017822548268711737   17127.642798303026   17105.788717499523
0.01834502422397195   17069.374694697497   17045.759378420044
0.018882816794999403   16995.600420881212   16970.10361674836
0.019436374995219892   16906.10305469196   16878.600888979945
0.02000616100108813   16800.718177045164   16771.08422562489
0.020592650537967844   16679.34042166109   16647.44728739244
0.021196333277324068   16541.959935932446   16507.683183344783
0.02181771324555934   16388.643493375588   16351.86420624953
0.022457309244835088   16219.5167457125   16180.122796373325
0.02311565528622961   16034.815103017574   15992.704788243136
0.023793301035594242   15834.914492444443   15790.001525510246
0.024490812272480036   15620.25077604808   15572.465350355194
0.025208771362518027   15391.336650216015   15340.627069683698
0.0259477777436476   15148.895021433482   15095.234587917012
0.02670844842659881   14893.74421914137   14837.133295349182
0.027491418510046592   14626.731902407848   14567.19721147506
0.028297341710866907   14348.88224894919   14286.480782255887
0.029126890909937666   14061.421927756137   13996.245395394933
0.029980758713939952   13765.571779783451   13697.74425111503
0.030859658033628758   13462.59778067045   13392.272859323255
0.031764322679055976   13154.05600003084   13081.414275480869
0.03269550797224261   12841.5218305001   12766.767312685897
0.033653991377811755   12526.491027248958   12449.847177112873
0.03464057315210884   12210.596426339305   12132.298887846482
0.03565607701135116   11895.580212538498   11815.869770719586
0.036701350819364466   11583.048272886435   11502.167641173492
0.03777726729548091   11274.550912416174   11192.733777573705
0.038884724743189276   10971.80026825211   10889.241045015939
0.04002464780014597   10676.395861530564   10593.245013665248
0.041197988210172884   10389.745019636324   10306.110459755684
0.04240572561788674   10112.879560796355   10028.814936135142
0.04364886838662332   9846.537529773206   9762.035303281402
0.04492845444033957   9591.352300458875   9506.348483483516
0.04624555213019635   9347.949275826517   9262.298183192801
0.04760126112654554   9117.082562483996   9030.484602028451
0.04899671333706607   8899.447023683151   8811.448823996274
0.05043307385181555   8695.342593919328   8605.369077637013
0.05191154191598653   8502.990724067071   8410.485811938646
0.053433351931179485   8319.940190862948   8224.41961797015
0.05499977448602865   8143.974455270321   8045.024253406318
0.05661211741704101   7973.326792310319   7870.607511588677
0.05827172690053434   7806.481161341455   7699.728497351523
0.05997998857658587   7641.814305424389   7530.873882595989
0.06173832870592997   7477.075569722412   7362.021874126374
0.0635482153607709   7310.031337539703   7191.188098058718
0.06541115965050462   7138.184079040655   7016.257420191363
0.06732871698337338   6958.823720871717   6835.02144258084
0.06930248836510605   6769.560027930091   6645.595737110897
0.07133412173562886   6568.373749533885   6446.540365090423
0.07342531334496233   6353.87597693595   6236.9719218631435
0.07557780916945323   6126.341415877801   6017.5553782316665
0.07779340636952398   5886.925685070317   5789.683960631805
0.08007395479015682   5638.292258100469   5555.940158699243
0.08242135850536496   5383.7997702576295   5319.391156735963
0.08483757740794096   5127.699981063084   5083.670955111203
0.08732462884580919   4874.347092115978   4852.3841619295135
0.08988458930634863   4628.0550924153395   4628.93072194074
0.09251959615009227   4392.816235628295   4416.355129990322
0.09523184939525078   4172.4957128048645   4217.453715046891
0.09802361355455057   3970.4358134156705   4034.3627373737727
0.10089721952591899   3789.4263959492473   3868.5829488220206
0.10385506653859616   3630.6428770392286   3720.4593426616725
0.10689962415629803   3493.7636816168083   3589.2278488233123
0.11003343433910281   3376.2169570663286   3472.4674547711134
0.11325911356578279   3273.7148533427444   3366.529826697264
0.11657935501835284   3180.6162137772285   3267.196171090713
0.11999693083066039   3090.8857060755504   3170.2756603508683
0.12351469440289359   2998.6904827695657   3072.114116910929
0.12713558278394044   2899.1920592199012   2969.877700572517
0.13086261912358757   2789.01452728626   2861.790940599302
0.13469891519660646   2667.120209664852   2747.727563485151
0.13864767400083483   2534.807378569704   2629.2582280685942
0.14271219243142114   2395.5381133353944   2509.257304292452
0.14689586403346616   2254.254395957204   2390.4547462850337
0.1512021818353596   2116.701019561189   2276.1797611624897
0.15563474126517718   1988.8471373415975   2169.5919764159216
0.16019724315257297   1875.9723955401591   2072.763588474965
0.1648934968186736   1780.8831222582837   1987.0239730370135
0.1697274232565544   1702.5734673255963   1910.7399505195394
0.17470305840495237   1636.9088662636175   1841.3826105380094
0.17982455651794954   1578.4155390171356   1776.1716581991088
0.18509619363343993   1521.5820898167954   1712.442798950627
0.19052237114327647   1461.2141918247728   1648.0952650461115
0.19610761946807834   1393.5498822065604   1582.108948216224
0.20185660183976684   1318.4265197696898   1515.5104229407316
0.20777411819498756   1239.5649430469446   1449.156083164645
0.21386510918267082   1162.205531299812   1385.3876322799638
0.22013466028907505   1090.9526034943872   1325.8403419057815
0.22658800608375756   1029.0176951795204   1270.7649848799128
0.23323053459001789   977.1645441811496   1220.1927120544985
0.2400677917834628   933.0238682301732   1173.2328915870141
0.24710548622244882   892.502231249828   1128.3129451280688
0.25434949381426813   851.4453378124664   1084.3786627413788
0.2618058627210567   807.2466458696368   1041.2566178272698
0.2694808184095226   760.4980126830176   998.9559583885549
0.27738076884870827   714.1099219769912   958.3849825746795
0.2855123098601282   670.9969213620742   919.9174549908083
0.29388223062474755   633.0697948899191   883.6446364971952
0.3024975193514008   600.1581622965878   849.6436965675352
0.31136536911138296   570.0282090092968   817.080107339958
0.3204931838440838   540.3590485788977   785.9312941878559
0.32988858453867975   510.03644166790764   755.7346592020809
0.3395594155970457   479.65738728648273   726.6892513263139
0.34951375138319807   450.93802467622703   698.9929261801643
0.3597599029647371   424.9322335867727   672.7815705446577
0.37030642505191835   401.4147345878921   647.8222609908482
0.3811621231401457   379.33016049601866   623.994346173046
0.3923360608618501   357.70319554253865   601.1296984042673
0.4038375675538918   336.50755643570415   579.1857675762908
0.41567624604680364   316.41098458047395   558.252101276682
0.42786198068238046   297.84763660368907   538.3091503669617
0.4404049455663077   280.6475925204179   519.2991298673162
0.4533156130627191   264.2933094517732   501.10195471845066
0.4666047625377753   248.5608022321117   483.66395839277044
0.4802834893595659   233.60850985876937   466.984189140903
0.49436321416184764   219.63552728539634   451.06023093020184
0.5088556923793517   206.5532489958568   435.8468064838698
0.5237730240626238   194.15831349803088   421.26410790967026
0.5391276639805903   182.3826805006311   407.2989193890126
0.5549324320192869   171.290146969662   393.93165358785393
0.5712005238854289   160.88006381596526   381.1353262396115
0.5879455221237613   151.06410014140172   368.8662403588921
0.6051814074573895   141.78813100099262   357.09445759568024
0.622922570460556   133.05300957061704   345.79676960352776
0.6411838235736077   124.84032814711242   334.96241911553585
0.6599804134701901   117.10729034389539   324.55521139036057
0.6793280337869897   109.82013765624944   314.5362173828681
0.6992428382266549   102.96565053634755   304.90183178083385
0.7197414540448374   96.52044808387399   295.63075839125577
0.7408409959326054   90.46113833459007   286.70092464479546
0.7625590803058332   84.76561251691976   278.0917748372128
0.7849138400134885   79.41297707504576   269.7841619880686
0.8079239394770964   74.38348920654947   261.7602488785143
0.8316085902740278   69.65849573456431   254.00341741447158
0.8559875671776167   65.22038268257987   246.49816288368115
0.8810812246675007   61.05268122695283   239.22951212417482
0.9069105139239728   57.139965587052245   232.18301755929522
0.9334970003205227   53.467611678184994   225.34525611815945
0.960862881429187   50.021754104638745   218.70378737082459
0.9890310055537336   46.78925316498714   212.2470909302624
1.0180248908061487   43.75766278815068   205.96450895487547
1.047868744742366   40.91519941661167   199.846193238773
1.0785874845736239   38.25070620824176   193.88303407685495
1.1102067579703248   35.753583767175165   188.06644617532663
1.1427529644757777   33.413797995551874   182.3884450250439
1.1762532775476793   31.221879818530414   176.8417169015975
1.210735667245765   29.16889627662312   171.41958160225605
1.246228923584555   27.246422673441405   166.11595673839358
1.2827626805706884   25.446515989000254   160.9253242572366
1.3203674409449337   23.761689514124125   155.84269891958007
1.3590746016495152   22.18488962495819   150.863785363385
1.3989164800420282   20.70947517603151   145.98547635423697
1.4399263408778291   19.329191807449895   141.20517453999346
1.4821384240834183   18.038150120821065   136.52056633985282
1.525587973344019   16.830805983363696   131.92960370064333
1.5703112655292182   15.70194177481976   127.43048635750283
1.6163456409812174   14.646648540959497   123.02164454456825
1.6637295346910133   13.66030900476629   118.70172650362088
1.7125025083885144   12.738579858158086   114.47011421938419
1.7627052835733923   11.877375530372479   110.32731088352507
1.814379775514258   11.072856930951529   106.27387516896893
1.8675691282445197   10.321417829808212   102.31028627447462
1.922317750584177   9.619671550942128   98.43694179632678
1.9786713532176083   8.964438365149997   94.65415587751447
2.0366769868582977   8.35273354953532   90.96215763951565
2.0963830815323896   7.781756021168377   87.3611148979372
2.1578394870138577   7.248876379169935   83.85166337107289
2.2210975144450407   6.7516272295896105   80.43479622782719
2.286209979177315   6.2876950973801415   77.1112631477461
2.3532312448676476   5.854911328804817   73.88155617331392
2.4222172688678643   5.451243437931981   70.74592275126003
2.4932256489445366   5.074786939383395   67.70437895930793
2.5663156713684585   4.723757642272082   64.75672284266763
2.641548360413907   4.396484709629788   61.902600776116664
2.7189865293089923   4.091406051902182   59.141900410923
2.798694832679631   3.8070597532052384   56.474460824004545
2.8807398205309562   3.5420764928986723   53.899837342224686
2.9651899938111903   3.295173976850676   51.41732341807476
3.05211586160442   3.0651516905048677   49.02597405208467
3.1415899999999994   2.850885945312781   46.72462856441008
