0.01   70.33437608864507   70.33437621639891
0.010293154462191829   71.38421581370513   71.384216011335
0.010594902878253955   72.42027142186606   72.42027131106144
0.010905497183778876   73.44060873816754   73.44060831161083
0.011225196699963396   74.4432438599497   74.44324348278802
0.011554268350120923   75.426053324473   75.42605331490068
0.011892986882540897   76.38677613046775   76.38677632871001
0.012241635099881474   77.32310563480877   77.32310536110705
0.012600504095286909   78.23265744122351   78.23265575555428
0.012969893495426888   79.11288188922269   79.1128784914797
0.013350111710660605   79.96117231684002   79.9611677596714
0.013741476192534558   80.77489552230719   80.77489116173616
0.014144313698828986   81.55136117963315   81.55135810128587
0.01455896056637426   82.28784259758262   82.28784083184371
0.014985762991865008   82.98161483494744   82.98161330447861
0.01542507732090645   83.62991603048782   83.62991313624929
0.015877270345534218   84.22989548266958   84.22989047695494
0.016342719610456153   84.77872032417913   84.77871352622302
0.016821813728271667   85.27359087667308   85.27358354876252
0.017314952703931925   85.71165945616606   85.71165255791449
0.017822548268711737   86.09009766063795   86.09009121173985
0.01834502422397195   86.40616492923844   86.40615799401428
0.018882816794999403   86.6572451808332   86.65723630250467
0.019436374995219892   86.8408753637986   86.84086326644753
0.02000616100108813   86.95473377937284   86.95471743766151
0.020592650537967844   86.99665828251294   86.99663687689139
0.021196333277324068   86.96468245536536   86.96465508903039
0.02181771324555934   86.8570360483418   86.85700165269625
0.022457309244835088   86.67215938769122   86.67211673205814
0.02311565528622961   86.40891674617473   86.40886453326722
0.023793301035594242   86.06663324784984   86.06657022043544
0.024490812272480036   85.6448827722769   85.64480772607659
0.025208771362518027   85.1436143619754   85.14352632692152
0.0259477777436476   84.56352065833197   84.5634195599361
0.02670844842659881   83.90564885967522   83.90553565466438
0.027491418510046592   83.17132023213867   83.17119682610944
0.028297341710866907   82.36276472617583   82.36263314710864
0.029126890909937666   81.48295500713466   81.48281675585082
0.029980758713939952   80.53503546297208   80.53489150961715
0.030859658033628758   79.52270644825273   79.52255830069652
0.031764322679055976   78.45085671936053   78.45070912531128
0.03269550797224261   77.32456427983993   77.324425471745
0.033653991377811755   76.1490322745781   76.14891288793575
0.03464057315210884   74.93090435645581   74.93080878545024
0.03565607701135116   73.67750139292971   73.67742329040784
0.036701350819364466   72.39588212074352   72.39580522682674
0.03777726729548091   71.09306361812246   71.0929793916176
0.038884724743189276   69.77619684326227   69.77613480472459
0.04002464780014597   68.4520867312917   68.45211491214735
0.041197988210172884   67.1273857979943   67.12759551147585
0.04240572561788674   65.81002862052524   65.81045211647191
0.04364886838662332   64.50807503228377   64.50865733563616
0.04492845444033957   63.22897079891444   63.229578082729795
0.04624555213019635   61.979569755874216   61.98005903716919
0.04760126112654554   60.766164450476325   60.766467122166134
0.04899671333706607   59.59451884346015   59.594640629393616
0.05043307385181555   58.46818816176306   58.46818792813248
0.05191154191598653   57.38527150967716   57.385211001700284
0.053433351931179485   56.343006183230344   56.342941214162714
0.05499977448602865   55.33777304371206   55.337748285145885
0.05661211741704101   54.363035886453396   54.363068213037685
0.05827172690053434   53.41205656649582   53.4121335561101
0.05997998857658587   52.47726083776232   52.477340025717474
0.06173832870592997   51.54951783371875   51.54952438891482
0.0635482153607709   50.61989647056781   50.61972910308678
0.06541115965050462   49.67799702211832   49.67756367476955
0.06732871698337338   48.713138769440135   48.712374046765746
0.06930248836510605   47.71421401138016   47.71309430311871
0.07133412173562886   46.66929762310321   46.66786148168782
0.07342531334496233   45.5677692024156   45.566108592658665
0.07557780916945323   44.4006772175282   44.398917196006394
0.07779340636952398   43.16200572299324   43.16028468255276
0.08007395479015682   41.851833258366916   41.850254184514256
0.08242135850536496   40.47460710060856   40.47322969302441
0.08483757740794096   39.04281378781133   39.04165932386104
0.08732462884580919   37.57290871908751   37.571981040039695
0.08988458930634863   36.08668550733994   36.086010959378086
0.09251959615009227   34.60723606296062   34.606870967847776
0.09523184939525078   33.158306625863794   33.15833486586131
0.09802361355455057   31.762783116364705   31.763268876191983
0.10089721952591899   30.44119161807305   30.442152425310518
0.10385506653859616   29.211186196508724   29.212537820345805
0.10689962415629803   28.086799136917346   28.088346193695486
0.11003343433910281   27.074430567634224   27.07592809895599
0.11325911356578279   26.173647625312686   26.174849858030413
0.11657935501835284   25.371673884950948   25.37241608536252
0.11999693083066039   24.647388664362488   24.64757919884373
0.12351469440289359   23.970946696198453   23.97053878669599
0.12713558278394044   23.309323289057556   23.30830452284131
0.13086261912358757   22.63058503005615   22.628977186744677
0.13469891519660646   21.908072187402997   21.905943521612567
0.13864767400083483   21.1246162465489   21.12212787016141
0.14271219243142114   20.27486740758361   20.272266129520574
0.14689586403346616   19.367192398654662   19.364759159250937
0.1512021818353596   18.423185960126848   18.421215387245883
0.15563474126517718   17.473199356821954   17.47195828836186
0.16019724315257297   16.55152326910304   16.55115713817841
0.1648934968186736   15.69156015862816   15.691985822773388
0.1697274232565544   14.920801614988626   14.921680604231366
0.17470305840495237   14.253861624890758   14.254703831380299
0.17982455651794954   13.685787728809524   13.686233528652751
0.18509619363343993   13.191848819726086   13.191673584233193
0.19052237114327647   12.735985517840778   12.735024321406838
0.19610761946807834   12.282082923192085   12.280247371573717
0.20185660183976684   11.800946075885282   11.798425745940037
0.20777411819498756   11.275074064981336   11.272364003836614
0.21386510918267082   10.70609511325656   10.703737262327511
0.22013466028907505   10.118027147453558   10.116285900311215
0.22658800608375756   9.54667153940837   9.545616399166185
0.23323053459001789   9.023127197351087   9.02268234053881
0.2400677917834628   8.565010702999054   8.564781213322535
0.24710548622244882   8.172958512844962   8.172431610884113
0.25434949381426813   7.828665527769419   7.827478919160205
0.2618058627210567   7.502060574195514   7.500129792116564
0.2694808184095226   7.165931328095054   7.1634946969349675
0.27738076884870827   6.807024936496223   6.804541952088917
0.2855123098601282   6.432451834545421   6.430340634795708
0.29388223062474755   6.065380224958804   6.063760816985857
0.3024975193514008   5.728336524882765   5.727092760858886
0.31136536911138296   5.431204278430962   5.429948238608371
0.3204931838440838   5.1689637762702585   5.167297994884049
0.32988858453867975   4.923378374199911   4.921237510976311
0.3395594155970457   4.676568907607245   4.67413154146226
0.34951375138319807   4.423401488252597   4.421018342642728
0.3597599029647371   4.1720092630173555   4.1699161043853605
0.37030642505191835   3.93649706370035   3.9346153668566584
0.3811621231401457   3.724290942716083   3.7223648902184028
0.3923360608618501   3.53074199451574   3.528558778793709
0.4038375675538918   3.3455957513613197   3.343162569040737
0.41567624604680364   3.1619391883173606   3.1594611132798454
0.42786198068238046   2.9817773508073038   2.979420434820594
0.4404049455663077   2.8120280810419396   2.8097674344643693
0.4533156130627191   2.655906027255537   2.6535835860079837
0.4666047625377753   2.5102028764899056   2.507724971800946
0.4802834893595659   2.3699236499704863   2.3673703227628633
0.49436321416184764   2.2339944858219165   2.2314695672656732
0.5088556923793517   2.1050121639887713   2.1025302880960535
0.5237730240626238   1.9847758412137506   1.9822607799912608
0.5391276639805903   1.8716627139029043   1.869077849215644
0.5549324320192869   1.7635685172245383   1.7609631120444427
0.5712005238854289   1.6604561706598675   1.6578736807488719
0.5879455221237613   1.563368209498621   1.5607888749925423
0.6051814074573895   1.4720819941497778   1.469481005663308
0.622922570460556   1.3855222545144208   1.3829146133350239
0.6411838235736077   1.303391961203196   1.3008009125217366
0.6599804134701901   1.225952126477507   1.2233723222080375
0.6793280337869897   1.1529727341749976   1.1503980192611594
0.6992428382266549   1.0839532462792227   1.0813944292752078
0.7197414540448374   1.0187655370647497   1.0162293939432754
0.7408409959326054   0.9572861968782477   0.9547770448288067
0.7625590803058332   0.8993099703795647   0.8968291407331793
0.7849138400134885   0.8446483721511698   0.8421981994951383
0.8079239394770964   0.7931227355077922   0.790706428567986
0.8316085902740278   0.7445634935409847   0.742184882981004
0.8559875671776167   0.6988108011993085   0.6964740226945147
0.8810812246675007   0.6557156164491899   0.6534246821131477
0.9069105139239728   0.6151362740849508   0.6128949621904148
0.9334970003205227   0.5769376580211032   0.574749472071023
0.960862881429187   0.5409909760595872   0.5388591142771368
0.9890310055537336   0.5071735362586514   0.5051008701445414
1.0180248908061487   0.4753685254785684   0.473357586207707
1.047868744742366   0.44546474400066544   0.44351774269266053
1.0785874845736239   0.41735600416586727   0.4154750825357275
1.1102067579703248   0.3909412305629482   0.3891285346689094
1.1427529644757777   0.366124534660631   0.36438212799560243
1.1762532775476793   0.3428149886561404   0.3411447814428336
1.210735667245765   0.3209264031594035   0.3193300976087618
1.246228923584555   0.3003771123466331   0.29885616173100954
1.2827626805706884   0.28108976668706576   0.279645345577842
1.3203674409449337   0.2629911455748444   0.2616240756658446
1.3590746016495152   0.24601196913437895   0.24472263359602064
1.3989164800420282   0.23008668851035433   0.2288750560538145
1.4399263408778291   0.2151533059535255   0.2140189658024029
1.4821384240834183   0.2011532041641971   0.2000954006446081
1.525587973344019   0.18803098221902473   0.1870486486614363
1.5703112655292182   0.1757342979494196   0.17482608964885096
1.6163456409812174   0.16421370890064071   0.16337807234961846
1.6637295346910133   0.15342249540127614   0.1526578900894774
1.7125025083885144   0.14331655976014832   0.1426214931163429
1.7627052835733923   0.13385430846232274   0.13322729444490664
1.814379775514258   0.12499652225498546   0.1244360497036344
1.8675691282445197   0.1167062320431997   0.1162107414211987
1.922317750584177   0.10894860042222586   0.10851646764479406
1.9786713532176083   0.10169080767912918   0.10132032458387476
2.0366769868582977   0.09490192079252932   0.0945910588793577
2.0963830815323896   0.08855279685578277   0.08829903305592073
2.1578394870138577   0.08261601447238072   0.08241643874925096
2.2210975144450407   0.07706578005106089   0.07691720025658484
2.286209979177315   0.07187783734109628   0.07177686863484
2.3532312448676476   0.06702938154206765   0.06697252215987763
2.4222172688678643   0.062498977792053316   0.062482672781082986
2.4932256489445366   0.05826649983442107   0.05828724616197224
2.5663156713684585   0.05431308688430617   0.054367627658132744
2.641548360413907   0.05062102051307315   0.050706357328716214
2.7189865293089923   0.047173648994549046   0.04728701529844312
2.798694832679631   0.043955327889685   0.04409416570209855
2.8807398205309562   0.04095136355476567   0.041113303134251024
2.9651899938111903   0.03814795946002049   0.03833080153755146
3.05211586160442   0.03553215511771582   0.03573385930693697
3.1415899999999994   0.03309167147767645   0.033310387980464956
