0.01   25651.96702115532   25648.005312910307
0.010293154462191829   25805.59643258486   25801.331483191858
0.010594902878253955   25943.885831144697   25939.296923809572
0.010905497183778876   26066.009981094685   26061.07279504
0.011225196699963396   26171.16185835641   26165.84849287782
0.011554268350120923   26258.53043976126   26252.81004210536
0.011892986882540897   26327.278393740406   26321.118364689875
0.012241635099881474   26376.59393039604   26369.960213041722
0.012600504095286909   26405.692616528813   26398.54963469751
0.012969893495426888   26413.758588283777   26406.067574060442
0.013350111710660605   26399.9902619408   26391.708640205274
0.013741476192534558   26363.639674371887   26354.721342310633
0.014144313698828986   26303.979787142485   26294.37468338951
0.01455896056637426   26220.29046652613   26209.94380057836
0.014985762991865008   26111.92191890305   26100.77457296077
0.01542507732090645   25978.295394722398   25966.283778558965
0.015877270345534218   25818.8569783062   25805.909654499814
0.016342719610456153   25633.12848993843   25619.165636998634
0.016821813728271667   25420.737014748658   25405.67147698289
0.017314952703931925   25181.396744670412   25165.13567647079
0.017822548268711737   24914.911674069615   24897.358379152865
0.01834502422397195   24621.21153947715   24602.266864487436
0.018882816794999403   24300.362767550665   24279.926379134115
0.019436374995219892   23952.5845623546   23930.555752062533
0.02000616100108813   23578.240139260364   23554.519277387357
0.020592650537967844   23177.838750275616   23152.329488732175
0.021196333277324068   22752.11222059854   22724.73299372091
0.02181771324555934   22302.001674822866   22272.69554132597
0.022457309244835088   21828.579066411672   21797.314026348202
0.02311565528622961   21333.11792098398   21299.890029901628
0.023793301035594242   20817.24651980493   20782.089597390986
0.024490812272480036   20282.719137583343   20245.704460258672
0.025208771362518027   19731.379803431635   19692.614581768365
0.0259477777436476   19165.480603013526   19125.1235760341
0.02670844842659881   18587.521168209074   18545.789819284164
0.027491418510046592   17999.955067953983   17957.11763914598
0.028297341710866907   17405.430811460672   17361.802075971827
0.029126890909937666   16807.099624745006   16763.041674123473
0.029980758713939952   16207.985533260044   16163.898475472588
0.030859658033628758   15610.950500315023   15567.262160641632
0.031764322679055976   15019.327395690596   14976.485347100379
0.03269550797224261   14436.474819515697   14394.937996504746
0.033653991377811755   13865.33411723359   13825.564267306137
0.03464057315210884   13308.871779977053   13271.308535142987
0.03565607701135116   12770.380800010249   12735.406844446357
0.036701350819364466   12252.68027408142   12220.622369595912
0.03777726729548091   11758.115072614497   11729.240728762865
0.038884724743189276   11288.884737818047   11263.346532504182
0.04002464780014597   10846.859498466678   10824.68675300059
0.041197988210172884   10433.491800257967   10414.60985855518
0.04240572561788674   10050.010856677944   10034.17836796285
0.04364886838662332   9697.527750487858   9684.249371798041
0.04492845444033957   9376.921184407922   9365.476075570657
0.04624555213019635   9088.213927820414   9077.696918047151
0.04760126112654554   8829.165496883737   8818.544985348957
0.04899671333706607   8597.340926634042   8585.473680488612
0.05043307385181555   8390.293841677494   8375.929413395974
0.05191154191598653   8204.842298757401   8186.631174887658
0.053433351931179485   8037.904186508842   8014.4003069732835
0.05499977448602865   7886.070404988911   7855.805738077022
0.05661211741704101   7745.12265349835   7706.7390811585265
0.05827172690053434   7610.872340777144   7563.163126303245
0.05997998857658587   7477.793176528688   7419.980668490833
0.06173832870592997   7339.817199810365   7271.710015413093
0.0635482153607709   7190.844516349175   7112.986373292167
0.06541115965050462   7024.589903808227   6938.473612723607
0.06732871698337338   6835.729169274625   6743.812273880355
0.06930248836510605   6620.638937969377   6526.405360226698
0.07133412173562886   6377.365936110225   6285.171723736144
0.07342531334496233   6107.110796824544   6021.950265060247
0.07557780916945323   5812.694079167574   5739.895733675604
0.07779340636952398   5498.8373108877395   5443.704243100354
0.08007395479015682   5171.482182286018   5138.958994957177
0.08242135850536496   4838.272846139354   4832.614704966075
0.08483757740794096   4507.347545676035   4531.668209201373
0.08732462884580919   4187.153744292684   4243.004077903706
0.08988458930634863   3886.7377884952466   3973.614928480969
0.09251959615009227   3614.1390831951862   3729.59778771237
0.09523184939525078   3375.757820266628   3515.156126833729
0.09802361355455057   3176.0559195489723   3332.8517125391822
0.10089721952591899   3015.655763274854   3182.3301796390942
0.10385506653859616   2892.8967424870143   3061.3697480900782
0.10689962415629803   2802.5606938188807   2964.57323437784
0.11003343433910281   2737.7118428564086   2885.771368247556
0.11325911356578279   2689.323024760452   2818.1530417116733
0.11657935501835284   2647.0861831299676   2754.057586927291
0.11999693083066039   2600.2873065183785   2686.0269255634757
0.12351469440289359   2538.9757353396144   2608.108914853102
0.12713558278394044   2455.814361690867   2516.3395229983403
0.13086261912358757   2347.0394269944677   2409.2855476283635
0.13469891519660646   2213.2417842438085   2288.562801426572
0.13864767400083483   2059.7406324885346   2158.8249328102306
0.14271219243142114   1896.51756770416   2026.5277741017808
0.14689586403346616   1736.5464955330367   1899.3851043592745
0.1512021818353596   1592.5546601023973   1784.7010071805662
0.15563474126517718   1473.3225245339654   1686.3068240517068
0.16019724315257297   1382.156683448421   1604.8183850111154
0.1648934968186736   1318.0075882480824   1538.9652095469694
0.1697274232565544   1276.28954120855   1484.5179789674548
0.17470305840495237   1248.5079627858538   1436.71041839947
0.17982455651794954   1222.7414737169445   1389.6647697753122
0.18509619363343993   1187.5910263405626   1339.179887703777
0.19052237114327647   1136.4409259655897   1283.1622348741917
0.19610761946807834   1068.6508651993947   1221.676490034512
0.20185660183976684   989.0647954074801   1158.0180268235515
0.20777411819498756   907.0274240880831   1096.0497079865786
0.21386510918267082   833.0120222299405   1039.251912699806
0.22013466028907505   774.1856062168823   989.8894998649226
0.22658800608375756   732.5362421140387   946.7258167460557
0.23323053459001789   704.624909956538   909.2047596123876
0.2400677917834628   682.4411790870347   873.9657468431877
0.24710548622244882   657.4060661185321   838.6810398692422
0.25434949381426813   624.4238913114343   802.8108354967649
0.2618058627210567   583.2553010839634   766.1298325216682
0.2694808184095226   538.7372087705321   730.5712212914754
0.27738076884870827   498.01167225967635   697.1416055255642
0.2855123098601282   465.66737939713147   666.7348258618375
0.29388223062474755   441.85443786600666   639.3847698106744
0.3024975193514008   422.7773287017697   613.1841736574914
0.31136536911138296   403.04657607544937   587.9076172491469
0.3204931838440838   379.7023219119864   563.5317607117535
0.32988858453867975   353.75961203604004   539.4716471489917
0.3395594155970457   328.6955513544578   516.6177688908496
0.34951375138319807   307.61846309333004   495.40708423747776
0.3597599029647371   290.73195789051806   475.61370234449834
0.37030642505191835   275.64698901443114   456.6762494629845
0.3811621231401457   259.9192051563621   438.48675855379315
0.3923360608618501   243.12851273438844   420.9755852705583
0.4038375675538918   226.84701684088867   404.2090501928768
0.41567624604680364   212.57967145471068   388.47762748326363
0.42786198068238046   200.27018036512354   373.6666444784478
0.4404049455663077   188.60258879842215   359.4660883878953
0.4533156130627191   176.81106347164354   345.8892244497953
0.4666047625377753   165.30745556138453   332.8724643081467
0.4802834893595659   154.8503720570827   320.5403832145939
0.49436321416184764   145.43603192609234   308.85738594342644
0.5088556923793517   136.4921194560022   297.6919131443413
0.5237730240626238   127.78523970339916   286.97078104483666
0.5391276639805903   119.58551189580253   276.7624913155832
0.5549324320192869   112.0655021550306   267.06624457875245
0.5712005238854289   105.02300972564727   257.81607494529766
0.5879455221237613   98.3067268696404   248.93798602231053
0.6051814074573895   91.99261150843051   240.46032121408368
0.622922570460556   86.0957429811475   232.40051311570187
0.6411838235736077   80.56433264514946   224.6817232912276
0.6599804134701901   75.37551934541496   217.28533472372035
0.6793280337869897   70.50867968270465   210.19565845634662
0.6992428382266549   65.94441227603672   203.39785847199866
0.7197414540448374   61.66446529943133   196.87790089708244
0.7408409959326054   57.651668393333885   190.62250647190356
0.7625590803058332   53.88987118958819   184.61908353421657
0.7849138400134885   50.36403610938899   178.8542600185903
0.8079239394770964   47.060219574777236   173.31321206855057
0.8316085902740278   43.96524878486251   167.9819530972589
0.8559875671776167   41.066662213366286   162.8474800691801
0.8810812246675007   38.35267709518841   157.8977015085862
0.9069105139239728   35.81215790931111   153.12137178462777
0.9334970003205227   33.434585848796694   148.50803101667842
0.960862881429187   31.21000439638239   144.04788095833226
0.9890310055537336   29.128953883034832   139.73161447241856
1.0180248908061487   27.182518153975522   135.55055524765262
1.047868744742366   25.362309068468587   131.4966525495849
1.0785874845736239   23.660437126405366   127.56244003459491
1.1102067579703248   22.069483593062117   123.74099796309031
1.1427529644757777   20.58247405518402   120.02591847779973
1.1762532775476793   19.192854764978275   116.41125015712294
1.210735667245765   17.894474520132132   112.89136666021012
1.246228923584555   16.68155514928002   109.46103963422807
1.2827626805706884   15.548667470726741   106.11546108059805
1.3203674409449337   14.490711527344345   102.85021863423607
1.3590746016495152   13.502897843828295   99.66127252916847
1.3989164800420282   12.580729658048686   96.54493410724479
1.4399263408778291   11.719985781520442   93.49787071917848
1.4821384240834183   10.916701818625874   90.5173360960874
1.525587973344019   10.167157237109082   87.60101077056554
1.5703112655292182   9.467863320838708   84.74679614869574
1.6163456409812174   8.815549454465394   81.95279842834285
1.6637295346910133   8.207150133552473   79.21731609189945
1.7125025083885144   7.639792699858867   76.53882785839411
1.7627052835733923   7.110785780315737   73.91599363045886
1.814379775514258   6.617608757291293   71.34797839739952
1.8675691282445197   6.157901369884924   68.83442225066864
1.922317750584177   5.7294534845525735   66.37501797937078
1.9786713532176083   5.330195944700806   63.96948385615095
2.0366769868582977   4.958191970663323   61.617559083374466
2.0963830815323896   4.611629054011906   59.31899938405046
2.1578394870138577   4.288811314022654   57.07357412231951
2.2210975144450407   3.9881515441106603   54.88124135419149
2.286209979177315   3.7081639890622466   52.74228330513793
2.3532312448676476   3.447459603837623   50.656940851783915
2.4222172688678643   3.204740153078444   48.62536881009741
2.4932256489445366   2.9787924680455693   46.647638171092225
2.5663156713684585   2.76848305220071   44.72373848673832
2.641548360413907   2.572753015346161   42.85358039606719
2.7189865293089923   2.3906138357563584   41.0371093295382
2.798694832679631   2.2211440329053618   39.27457594302889
2.8807398205309562   2.0634830797648056   37.56616238749511
2.9651899938111903   1.916827079286953   35.9118874266083
3.05211586160442   1.7804251915482718   34.31161751048714
3.1415899999999994   1.6535762736528838   32.765077776126795
