0.01   2209.248391172409   2209.155418844693
0.010293154462191829   2223.502390928018   2223.4082887692143
0.010594902878253955   2236.4135148385103   2236.3185206460835
0.010905497183778876   2247.90635691939   2247.8107078937605
0.011225196699963396   2257.9068873390543   2257.8108114690453
0.011554268350120923   2266.341564141946   2266.2452665701935
0.011892986882540897   2273.132491199382   2273.0360965094374
0.012241635099881474   2278.2026555055377   2278.106190367227
0.012600504095286909   2281.4780642563805   2281.3814606140754
0.012969893495426888   2282.883776944359   2282.786953486708
0.013350111710660605   2282.344869817465   2282.247806800967
0.013741476192534558   2279.791175982826   2279.6939182946794
0.014144313698828986   2275.1555004669076   2275.058135849993
0.01455896056637426   2268.3694532666273   2268.2720495957865
0.014985762991865008   2259.370241338641   2259.2728356187704
0.01542507732090645   2248.102206648107   2248.004802165713
0.015877270345534218   2234.5126855118415   2234.4152157840626
0.016342719610456153   2218.554876100672   2218.4571845964074
0.016821813728271667   2200.191817434076   2200.0936613550257
0.017314952703931925   2179.395124450498   2179.296199129637
0.017822548268711737   2156.143916213568   2156.0438969476036
0.01834502422397195   2130.4289314771486   2130.3274819060593
0.018882816794999403   2102.2536037882187   2102.150374259988
0.019436374995219892   2071.6350121819887   2071.529604410177
0.02000616100108813   2038.6038718271427   2038.49583051293
0.020592650537967844   2003.2046930783595   2003.0935177428205
0.021196333277324068   1965.50135797515   1965.386588976461
0.02181771324555934   1925.5781386775564   1925.4594573055283
0.022457309244835088   1883.532306056434   1883.4095368741516
0.02311565528622961   1839.4784104341593   1839.3515274084432
0.023793301035594242   1793.5636369052168   1793.4328045875259
0.024490812272480036   1745.9489238658932   1745.814494749738
0.025208771362518027   1696.8034314069823   1696.6659362112825
0.0259477777436476   1646.331514074138   1646.191802213153
0.02670844842659881   1594.7632935906965   1594.6226270548705
0.027491418510046592   1542.3254250480982   1542.1854194624616
0.028297341710866907   1489.2603406622266   1489.1229081621275
0.029126890909937666   1435.8579828690981   1435.725287359203
0.029980758713939952   1382.3978240851025   1382.2722170860561
0.030859658033628758   1329.1436535188143   1329.027613587888
0.031764322679055976   1276.4025064868915   1276.2986194702657
0.03269550797224261   1224.4846020769605   1224.3955256116408
0.033653991377811755   1173.6603031219158   1173.5887125954828
0.03464057315210884   1124.2036085316174   1124.152031752583
0.03565607701135116   1076.419403586493   1076.3899982975036
0.036701350819364466   1030.5660070489482   1030.560580942885
0.03777726729548091   986.8573243973406   986.8773060130087
0.038884724743189276   945.4994065693197   945.5454215505396
0.04002464780014597   906.6663654506045   906.7382040890899
0.041197988210172884   870.4912313900852   870.5879996713603
0.04240572561788674   837.0907414857488   837.210389015148
0.04364886838662332   806.573628872749   806.7124257401125
0.04492845444033957   779.0253784016816   779.1781467244874
0.04624555213019635   754.443770172482   754.604047368307
0.04760126112654554   732.6318276426306   732.7918792098917
0.04899671333706607   713.3852315942296   713.5361036943083
0.05043307385181555   696.4923685343307   696.6240080535302
0.05191154191598653   681.6715773221365   681.7730846896022
0.053433351931179485   668.6538407520773   668.7134794649462
0.05499977448602865   657.1308931324636   657.1364066358074
0.05661211741704101   646.720953148919   646.6600879709309
0.05827172690053434   637.0406824257824   636.9014728258387
0.05997998857658587   627.5699903674562   627.3426059113406
0.06173832870592997   617.7416724645173   617.4194383412804
0.0635482153607709   606.9693181706284   606.550087507192
0.06541115965050462   594.6399776738931   594.1278472139927
0.06732871698337338   580.223845319119   579.629594957908
0.06930248836510605   563.3308875144952   562.6725346531872
0.07133412173562886   543.7294708367123   543.031849379347
0.07342531334496233   521.4734813108581   520.7677928096937
0.07557780916945323   496.7714851958748   496.09306868386943
0.07779340636952398   470.01180958923675   469.3966420541756
0.08007395479015682   441.71984193343127   441.203064462368
0.08242135850536496   412.5910360022538   412.20653461197696
0.08483757740794096   383.3888540127833   383.1642601560141
0.08732462884580919   354.9141778140157   354.86638671055584
0.08988458930634863   328.05353772236293   328.1854695705899
0.09251959615009227   303.5859376258807   303.88730012952504
0.09523184939525078   282.1652845274787   282.60759998724444
0.09802361355455057   264.2527467864675   264.7915073906404
0.10089721952591899   249.96811578459898   250.54854822983955
0.10385506653859616   239.21922561659468   239.77893720175845
0.10689962415629803   231.59311452193268   232.06389246021766
0.11003343433910281   226.50966474128248   226.8253124921084
0.11325911356578279   223.186953548759   223.29480045684062
0.11657935501835284   220.69056057921802   220.55632501476538
0.11999693083066039   218.01345289748673   217.6284973327769
0.12351469440289359   214.1679191046037   213.55823602106187
0.12713558278394044   208.36390776475355   207.5892389149898
0.13086261912358757   200.1131858095815   199.26301173999346
0.13469891519660646   189.3278256828299   188.51258257345026
0.13864767400083483   176.389147952221   175.72158707405643
0.14271219243142114   162.17174298107346   161.74208994473128
0.14689586403346616   147.89645513816302   147.7514842438677
0.1512021818353596   134.8172361109927   134.949071281951
0.15563474126517718   123.85906828443021   124.2052440457748
0.16019724315257297   115.45626690416373   115.91602456834136
0.1648934968186736   109.63928646799378   110.0937097744166
0.1697274232565544   106.09282688972762   106.41649528914735
0.17470305840495237   104.1024890590401   104.19355065627089
0.17982455651794954   102.57431316873995   102.38969134935994
0.18509619363343993   100.37756908056453   99.95805554789054
0.19052237114327647   96.74330202354251   96.19566938573492
0.19610761946807834   91.42579268092261   90.88984973013716
0.20185660183976684   84.73424784734307   84.35425236316816
0.20777411819498756   77.49590638122103   77.36332404339309
0.21386510918267082   70.74762804584124   70.86331383914536
0.22013466028907505   65.28941348510263   65.57566572496194
0.22658800608375756   61.46153520856069   61.77330373308334
0.23323053459001789   59.071540694017216   59.27857387738709
0.2400677917834628   57.431181037713195   57.44963796518939
0.24710548622244882   55.69756700545698   55.53698537903259
0.25434949381426813   53.25924981703065   53.01875407884045
0.2618058627210567   49.93444766628897   49.746542821968845
0.2694808184095226   46.08555139811165   46.0576657262336
0.27738076884870827   42.40615963179444   42.54886473469699
0.2855123098601282   39.438648823004186   39.67727503044639
0.29388223062474755   37.32645503084467   37.5525907896728
0.3024975193514008   35.787963591117695   35.90793312798212
0.31136536911138296   34.29444097633772   34.312694737414624
0.3204931838440838   32.46452977363295   32.46227722553496
0.32988858453867975   30.291152344819395   30.354102032723752
0.3395594155970457   28.079164247700422   28.24390832846994
0.34951375138319807   26.185760329876796   26.413795603633506
0.3597599029647371   24.718900583062247   24.935965163155085
0.37030642505191835   23.491278892817306   23.65327107111422
0.3811621231401457   22.233573375163807   22.36392179469049
0.3923360608618501   20.836621149784094   20.99224888167474
0.4038375675538918   19.42178101247893   19.628761726984234
0.41567624604680364   18.166687366248397   18.404146665690718
0.42786198068238046   17.11620939110192   17.344405505629354
0.4404049455663077   16.154035828427368   16.36092202525993
0.4533156130627191   15.173524917015888   15.383775186445432
0.4666047625377753   14.187330225175957   14.422180098278888
0.4802834893595659   13.279943125062141   13.531496291219879
0.49436321416184764   12.477569294793671   12.726802433807949
0.5088556923793517   11.727990639597843   11.971744294086555
0.5237730240626238   10.990918455177466   11.241010047921298
0.5391276639805903   10.285871132651657   10.547480945280384
0.5549324320192869   9.64118973691767   9.906041794315986
0.5712005238854289   9.044487266158685   9.307869338358707
0.5879455221237613   8.473413759074981   8.73972642911682
0.6051814074573895   7.93179977937327   8.203124555424514
0.622922570460556   7.428061972929955   7.701730286223199
0.6411838235736077   6.955680668803524   7.230889402588064
0.6599804134701901   6.512002984963267   6.788390801184576
0.6793280337869897   6.095411995095323   6.372631460802438
0.6992428382266549   5.704370688125551   5.9820875635225175
0.7197414540448374   5.337418965714218   5.615311714071474
0.7408409959326054   4.993170670797383   5.2709301435974405
0.7625590803058332   4.67031041964867   4.9476396032052135
0.7849138400134885   4.367583135396884   4.644194588509775
0.8079239394770964   4.0837919170749055   4.3594053046860335
0.8316085902740278   3.8178060018466047   4.092148980209366
0.8559875671776167   3.568558068067568   3.841367262443903
0.8810812246675007   3.335040978113146   3.6060628365623235
0.9069105139239728   3.1163046665250267   3.385296193078255
0.9334970003205227   2.9114531689204606   3.178182543945895
0.960862881429187   2.719641928854077   2.983890467981354
0.9890310055537336   2.5400752544774616   2.801640956872556
1.0180248908061487   2.372003362564205   2.6307005848019243
1.047868744742366   2.2147198766736347   2.470378447174712
1.0785874845736239   2.0675595057730063   2.3200239290164992
1.1102067579703248   1.9298958326831126   2.1790245677156044
1.1427529644757777   1.8011392082121676   2.046804008325303
1.1762532775476793   1.6807346641512522   1.9228202667108285
1.210735667245765   1.5681596778713234   1.8065647406392242
1.246228923584555   1.4629227648848633   1.6975593908290045
1.2827626805706884   1.364561912797099   1.595354629171879
1.3203674409449337   1.2726429192502655   1.4995277615578084
1.3590746016495152   1.1867578156153062   1.4096815023168863
1.3989164800420282   1.106523372741221   1.3254425579552112
1.4399263408778291   1.0315796714520375   1.2464603397983018
1.4821384240834183   0.9615886063421849   1.1724063925897996
1.525587973344019   0.8962327183414448   1.1029727367144273
1.5703112655292182   0.8352141294206296   1.0378700890402393
1.6163456409812174   0.7782533957398297   0.9768267954881621
1.6637295346910133   0.7250884208363654   0.9195878285274222
1.7125025083885144   0.6754734288665744   0.8659138337857905
1.7627052835733923   0.6291779956260993   0.8155802186390322
1.814379775514258   0.5859861666467869   0.7683760397405562
1.8675691282445197   0.545695595304845   0.7241031541825204
1.922317750584177   0.5081166730409069   0.6825758439191316
1.9786713532176083   0.4730717593467769   0.6436200944685108
2.0366769868582977   0.4403944595152834   0.6070728829328248
2.0963830815323896   0.40992894343903485   0.5727815060925527
2.1578394870138577   0.3815293032773189   0.5406029467325584
2.2210975144450407   0.35505889779568645   0.5104033610455345
2.286209979177315   0.3303897060613284   0.48205765198542144
2.3532312448676476   0.3074019423128109   0.4554486912888483
2.4222172688678643   0.2859835720846598   0.4304667795844295
2.4932256489445366   0.2660298268997416   0.40700918757788557
2.5663156713684585   0.24744274813721698   0.3849797238045427
2.641548360413907   0.2301307584102513   0.36428832761364643
2.7189865293089923   0.21400828431630195   0.34485034506213474
2.798694832679631   0.1989955024832273   0.3265844399846108
2.8807398205309562   0.18501784399565546   0.30941401043449496
2.9651899938111903   0.17200559362980716   0.29326778929058583
3.05211586160442   0.15989358693392014   0.2780794549760527
3.1415899999999994   0.14862092532778365   0.26378726948709236
