0.01   1185.0909894439837   1185.0497893072854
0.010293154462191829   1199.205289394022   1199.1635068536334
0.010594902878253955   1212.908078725346   1212.8657897055898
0.010905497183778876   1226.1634902495587   1226.120772342067
0.011225196699963396   1238.9341075208722   1238.8909970955679
0.011554268350120923   1251.1822033288374   1251.1386922865147
0.011892986882540897   1262.8690787035757   1262.8251350437158
0.012241635099881474   1273.9537043516953   1273.909333408279
0.012600504095286909   1284.3946784448328   1284.3499349236733
0.012969893495426888   1294.1506280029257   1294.1056114475289
0.013350111710660605   1303.179006341253   1303.1337972428666
0.013741476192534558   1311.4368269192735   1311.3914463212266
0.014144313698828986   1318.8817354712157   1318.8361430965058
0.01455896056637426   1325.4708694674075   1325.424999608425
0.014985762991865008   1331.1597804706732   1331.1136132931124
0.01542507732090645   1335.9049775024146   1335.8585481685686
0.015877270345534218   1339.6642050015566   1339.6175934945481
0.016342719610456153   1342.3950497629914   1342.3483047863415
0.016821813728271667   1344.0563156787396   1344.0094217210963
0.017314952703931925   1344.6091068709766   1344.5619845897215
0.017822548268711737   1344.0160390843835   1343.9685778841285
0.01834502422397195   1342.2411463225174   1342.1932488278837
0.018882816794999403   1339.2516046507164   1339.2031904510152
0.019436374995219892   1335.0180969353964   1334.9690902472441
0.02000616100108813   1329.5149096769633   1329.465180021077
0.020592650537967844   1322.7204229697813   1322.66976954606
0.021196333277324068   1314.6175452298148   1314.5657020294418
0.02181771324555934   1305.1954617442611   1305.142150704603
0.022457309244835088   1294.449768285605   1294.3947496437772
0.02311565528622961   1282.3811825924208   1282.3242578357354
0.023793301035594242   1268.9975961075659   1268.938614388032
0.024490812272480036   1254.3183239757755   1254.2572003714083
0.025208771362518027   1238.368909904397   1238.3056275875992
0.0259477777436476   1221.1806268985697   1221.1152360495767
0.02670844842659881   1202.7996805114917   1202.7323098696882
0.027491418510046592   1183.283218450335   1183.2140805827441
0.028297341710866907   1162.6918992228293   1162.6212849050673
0.029126890909937666   1141.0976352433615   1141.0259490828296
0.029980758713939952   1118.5921905462912   1118.5200317790259
0.030859658033628758   1095.2697804263164   1095.1979355931653
0.031764322679055976   1071.22721059685   1071.1566296839248
0.03269550797224261   1046.5854849396003   1046.5172401612394
0.033653991377811755   1021.4734754693893   1021.4087316779974
0.03464057315210884   996.014275727656   995.954271427986
0.03565607701135116   970.3401983442624   970.2862384412806
0.036701350819364466   944.5988432943159   944.5522979247235
0.03777726729548091   918.9282601321731   918.8905484267839
0.038884724743189276   893.4617888133035   893.4343137214876
0.04002464780014597   868.358188011809   868.3420665569353
0.041197988210172884   843.7721569585041   843.7681605750628
0.04240572561788674   819.8404289774887   819.8490202513448
0.04364886838662332   796.6661523219947   796.6874839902989
0.04492845444033957   774.32071025439   774.3546226377626
0.04624555213019635   752.8646347944492   752.9106939509943
0.04760126112654554   732.3675512140193   732.4248566956788
0.04899671333706607   712.9540426979119   713.0204596019538
0.05043307385181555   694.7481955080614   694.820306935999
0.05191154191598653   677.8413173418899   677.9146118303848
0.053433351931179485   662.1436532758114   662.2131265553786
0.05499977448602865   647.4811395478625   647.5415945283601
0.05661211741704101   633.6940911596616   633.7401365740762
0.05827172690053434   620.6413604914637   620.6673462069447
0.05997998857658587   608.1958186917598   608.1958150408756
0.06173832870592997   596.2264757092048   596.1944322226437
0.0635482153607709   584.5502019029893   584.480582404886
0.06541115965050462   572.9788043238015   572.8667850206966
0.06732871698337338   561.3013915322231   561.1434173224659
0.06930248836510605   549.2748205471282   549.0693304744302
0.07133412173562886   536.6652884299614   536.41307260254
0.07342531334496233   523.2251513136329   522.9306582839469
0.07557780916945323   508.73615121091126   508.4076486939786
0.07779340636952398   493.06662415117506   492.71644708511536
0.08007395479015682   476.152956656258   475.7971858154599
0.08242135850536496   458.0589737823814   457.71650445914
0.08483757740794096   438.93874350545275   438.6301858792872
0.08732462884580919   419.06511168404757   418.81062749579326
0.08988458930634863   398.77165958930993   398.58954626688046
0.09251959615009227   378.4380929272463   378.3438952876133
0.09523184939525078   358.44416488337066   358.449609208676
0.09802361355455057   339.17780349350596   339.2882385666848
0.10089721952591899   321.0113442093587   321.2242297593888
0.10385506653859616   304.3008439213617   304.6045516286743
0.10689962415629803   289.3190039084603   289.6932274709381
0.11003343433910281   276.2623817596218   276.67781994571556
0.11325911356578279   265.1605534349097   265.5812573871135
0.11657935501835284   255.88659643822353   256.27209820684635
0.11999693083066039   248.12939738035593   248.44160458884483
0.12351469440289359   241.4634341906931   241.67133011129653
0.12713558278394044   235.36719027439668   235.45147727344488
0.13086261912358757   229.3090980340435   229.26576918804093
0.13469891519660646   222.78217484079047   222.6261304422158
0.13864767400083483   215.38475430961162   215.15018789157006
0.14271219243142114   206.8764656870459   206.61339560372812
0.14689586403346616   197.23145827646587   196.9995158610957
0.1512021818353596   186.6506317683189   186.5143519977952
0.15563474126517718   175.51196916067659   175.52624126360695
0.16019724315257297   164.3238795218854   164.52175807217114
0.1648934968186736   153.67220383423907   154.06074799540778
0.1697274232565544   144.1256049369229   144.67627506686995
0.17470305840495237   136.06989331812994   136.72615285870322
0.17982455651794954   129.58405819445497   130.27238806966162
0.18509619363343993   124.44039316663533   125.08670757294705
0.19052237114327647   120.21814159714445   120.76661414599076
0.19610761946807834   116.41132887703958   116.83585459607667
0.20185660183976684   112.47106223330519   112.7861470894058
0.20777411819498756   107.9118455797696   108.17523993049606
0.21386510918267082   102.52950550020402   102.82767154202891
0.22013466028907505   96.50601616497346   96.91950864664211
0.22658800608375756   90.27003828025522   90.85399669138526
0.23323053459001789   84.31355259629555   85.07572158336174
0.2400677917834628   79.06628429520755   79.96612005946972
0.24710548622244882   74.76114716319792   75.7241277954506
0.25434949381426813   71.32293063985519   72.26585976032423
0.2618058627210567   68.42516056298658   69.29586073823363
0.2694808184095226   65.62993583706427   66.42635253118674
0.27738076884870827   62.55560001766091   63.325755124678686
0.2855123098601282   59.09250074452089   59.91267777144217
0.29388223062474755   55.42906856558109   56.35376284458059
0.3024975193514008   51.877656845984184   52.92339331741121
0.31136536911138296   48.732330617425156   49.859104764206805
0.3204931838440838   46.10987795879256   47.2519204864179
0.32988858453867975   43.86935839095744   44.976016294051675
0.3395594155970457   41.75170195364677   42.81657040406668
0.34951375138319807   39.545857173598655   40.603035500360505
0.3597599029647371   37.21452381883117   38.31228677209252
0.37030642505191835   34.9093214017988   36.069124503604556
0.3811621231401457   32.80626979593932   34.008606713562294
0.3923360608618501   30.9672103364851   32.17224540161886
0.4038375675538918   29.31659369012584   30.49861115600155
0.41567624604680364   27.71581052755285   28.881474631408175
0.42786198068238046   26.098290131299557   27.273183218633978
0.4404049455663077   24.51332195887743   25.71286971806306
0.4533156130627191   23.043873339362772   24.25830521176127
0.4666047625377753   21.716207328980012   22.9245571997694
0.4802834893595659   20.479983290596895   21.67429392913913
0.49436321416184764   19.281116241057674   20.47028649019645
0.5088556923793517   18.116804566105348   19.310544415359455
0.5237730240626238   17.023404658849003   18.219285457005743
0.5391276639805903   16.013571889120737   17.20183903785905
0.5549324320192869   15.065441450406942   16.242818141312476
0.5712005238854289   14.157546897722588   15.328544036665184
0.5879455221237613   13.294788116827961   14.461457789634734
0.6051814074573895   12.487968170500483   13.646699003222539
0.622922570460556   11.731844869294967   12.879817439439627
0.6411838235736077   11.015566361861461   12.153625725844043
0.6599804134701901   10.338005563141884   11.46691698336955
0.6793280337869897   9.702001313168438   10.82015052341091
0.6992428382266549   9.104297571648488   10.210386862655916
0.7197414540448374   8.541223408251122   9.634878538668138
0.7408409959326054   8.010884611589175   9.091936649722365
0.7625590803058332   7.511604862335707   8.579822347160254
0.7849138400134885   7.041772061968133   8.09687722120216
0.8079239394770964   6.5998379068159725   7.641520846071224
0.8316085902740278   6.184317244555863   7.212248249044003
0.8559875671776167   5.793787229456902   6.807627347106755
0.8810812246675007   5.426886216333901   6.426296347593181
0.9069105139239728   5.0822957445915335   6.066957431858527
0.9334970003205227   4.7587250027845   5.7283708428077755
0.960862881429187   4.4549487798237255   5.409360882040685
0.9890310055537336   4.169809627733153   5.1088142569583646
1.0180248908061487   3.902214340162523   4.825677231603673
1.047868744742366   3.651130600382226   4.558952862160811
1.0785874845736239   3.4155837913815374   4.307698319249906
1.1102067579703248   3.1946541092909353   4.0710223622017025
1.1427529644757777   2.987477553827102   3.8480845248637072
1.1762532775476793   2.7932423863172087   3.6380924533701924
1.210735667245765   2.6111814653285736   3.4402974331467484
1.246228923584555   2.4405698174590795   3.253992150009471
1.2827626805706884   2.280722576684077   3.0785086478227695
1.3203674409449337   2.1309930047255814   2.9132163614353264
1.3590746016495152   1.9907705907854636   2.757520224752745
1.3989164800420282   1.8594791068941452   2.6108586338616298
1.4399263408778291   1.7365738508267412   2.472699843949896
1.4821384240834183   1.6215408043538908   2.3425416864931368
1.525587973344019   1.5138957760154566   2.219911311342772
1.5703112655292182   1.4131828047173562   2.1043635770433333
1.6163456409812174   1.31897263069907   1.9954795039758295
1.6637295346910133   1.2308612406959794   1.8928648049087737
1.7125025083885144   1.1484684843237092   1.796148490016049
1.7627052835733923   1.071436751543771   1.7049809246811505
1.814379775514258   0.9994297011011121   1.6190306255575642
1.8675691282445197   0.9321311041847039   1.537985553221642
1.922317750584177   0.8692437263080272   1.4615527714329122
1.9786713532176083   0.8104882560226443   1.3894572792119637
2.0366769868582977   0.7556022888347118   1.321440912655659
2.0963830815323896   0.7043393638653122   1.2572613126147858
2.1578394870138577   0.6564680503842758   1.196690941311762
2.2210975144450407   0.6117709941000273   1.1395137363216896
2.286209979177315   0.5700440293760854   1.0855220555727216
2.3532312448676476   0.5310956096851988   1.0345212357204079
2.4222172688678643   0.4947460907297402   0.9863294125205044
2.4932256489445366   0.46082702504965106   0.9407766277841582
2.5663156713684585   0.4291804959011945   0.8977040018887613
2.641548360413907   0.3996584884044198   0.8569629668149849
2.7189865293089923   0.37212230285529746   0.8184144611951502
2.798694832679631   0.3464421648355188   0.7819258519532741
2.8807398205309562   0.32249665463889304   0.7473706020739347
2.9651899938111903   0.3001719900502689   0.7146306739481572
3.05211586160442   0.27936156144924923   0.6835960458044632
3.1415899999999994   0.259965503766897   0.654164117873424
