0.01   1248.2900926449126   1248.239184251111
0.010293154462191829   1262.5116179969514   1262.460266216577
0.010594902878253955   1276.3070035402443   1276.2551358795474
0.010905497183778876   1289.6418740135298   1289.5894090270453
0.011225196699963396   1302.4796634928105   1302.4266051407246
0.011554268350120923   1314.7832000264088   1314.72966008232
0.011892986882540897   1326.5150803533243   1326.4612710916665
0.012241635099881474   1337.6363988171252   1337.5824912529808
0.012600504095286909   1348.1072867522878   1348.053307418812
0.012969893495426888   1357.8880580331474   1357.83388252209
0.013350111710660605   1366.9386336143725   1366.8840647522434
0.013741476192534558   1375.2177513488707   1375.1627018961553
0.014144313698828986   1382.6845727145592   1382.6290934935769
0.01455896056637426   1389.2988652960055   1389.243133033243
0.014985762991865008   1395.0194616129197   1394.9636536616892
0.01542507732090645   1399.8054299985358   1399.7496603158197
0.015877270345534218   1403.617250478834   1403.5615679404673
0.016342719610456153   1406.416134130685   1406.360531094672
0.016821813728271667   1408.1637076320928   1408.1081345950827
0.017314952703931925   1408.8236152299582   1408.7679822009106
0.017822548268711737   1408.3617568433126   1408.305941695049
0.01834502422397195   1406.745836862991   1406.6897308413916
0.018882816794999403   1403.9461931852334   1403.8897171775266
0.019436374995219892   1399.9363782097623   1399.8794816080288
0.02000616100108813   1394.6938535787965   1394.6364692579252
0.020592650537967844   1388.200289999927   1388.1422837056734
0.021196333277324068   1380.4412966107845   1380.382466282169
0.02181771324555934   1371.407470096559   1371.347572381162
0.022457309244835088   1361.0970287997523   1361.0358728498136
0.02311565528622961   1349.5133275932   1349.450797012877
0.023793301035594242   1336.6644891861206   1336.6005397465342
0.024490812272480036   1322.5689318669893   1322.503571117916
0.025208771362518027   1307.2540887894897   1307.1873592625882
0.0259477777436476   1290.7515341016915   1290.6835116479303
0.02670844842659881   1273.1014406793818   1273.03226496278
0.027491418510046592   1254.3599451936202   1254.2899007508129
0.028297341710866907   1234.5877433225294   1234.5172637688624
0.029126890909937666   1213.8492335380806   1213.7788910300108
0.029980758713939952   1192.2271121265894   1192.157616524869
0.030859658033628758   1169.813865174336   1169.746056465719
0.031764322679055976   1146.7010708531914   1146.6359034351965
0.03269550797224261   1122.9908073463516   1122.9293278881437
0.033653991377811755   1098.804582037304   1098.7479027912761
0.03464057315210884   1074.260833732199   1074.2101173472329
0.03565607701135116   1049.475135101443   1049.4315771156087
0.036701350819364466   1024.578621536601   1024.5434091051127
0.03777726729548091   999.7024594634978   999.6767522591164
0.038884724743189276   974.9679785111067   974.9529011166214
0.04002464780014597   950.5017117223906   950.4981995252143
0.041197988210172884   926.4390579432288   926.4476712183559
0.04240572561788674   902.9035104306613   902.9244582968483
0.04364886838662332   879.9999964198723   880.0331418401208
0.04492845444033957   857.7955927080836   857.8403368141592
0.04624555213019635   836.3417663462096   836.3970546694267
0.04760126112654554   815.6844284499249   815.7487820634119
0.04899671333706607   795.886082241412   795.9572181428032
0.05043307385181555   777.0234417676425   777.0979453189865
0.05191154191598653   759.1650523674668   759.2384706842491
0.053433351931179485   742.2953779042386   742.3626002245095
0.05499977448602865   726.2353366305913   726.2912655013309
0.05661211741704101   710.7989135920442   710.8385459323545
0.05827172690053434   695.8248920963441   695.8433384574172
0.05997998857658587   681.1871816094387   681.1797103605335
0.06173832870592997   666.7715145404951   666.73358263354
0.0635482153607709   652.4383305072618   652.3660177129959
0.06541115965050462   638.0190619678423   637.9095638485023
0.06732871698337338   623.3503873034647   623.2022051898074
0.06930248836510605   608.2383438609668   608.0523777780884
0.07133412173562886   592.4941094737644   592.2739571394761
0.07342531334496233   575.9533320745652   575.7059312202565
0.07557780916945323   558.4788053132903   558.2149589419605
0.07779340636952398   540.0029096117078   539.7366591552567
0.08007395479015682   520.5603071447962   520.3080811460023
0.08242135850536496   500.2617029180677   500.04147445081225
0.08483757740794096   479.3508108418969   479.18109550382826
0.08732462884580919   458.11230084575567   458.0106256299059
0.08988458930634863   436.8902741142328   436.87074655959975
0.09251959615009227   416.02207987811084   416.09457893177677
0.09523184939525078   395.83766614436877   396.0070720057698
0.09802361355455057   376.6420317777196   376.90688193211065
0.10089721952591899   358.710355634123   359.06191193967254
0.10385506653859616   342.2803647231069   342.70198863676177
0.10689962415629803   327.53069960145467   327.998555215895
0.11003343433910281   314.5042282789629   314.9875708592395
0.11325911356578279   303.14582266235334   303.60905205598334
0.11657935501835284   293.191291232119   293.6009405081204
0.11999693083066039   284.28490846434477   284.61328730440516
0.12351469440289359   275.955859993647   276.18615197340216
0.12713558278394044   267.7363774039493   267.86610779905953
0.13086261912358757   259.1923534109051   259.23588286450666
0.13469891519660646   249.99299266168094   249.9800048252769
0.13864767400083483   239.9468092949941   239.9215161334488
0.14271219243142114   229.03852145705605   229.05705341652194
0.14689586403346616   217.4503138486123   217.56741571205018
0.1512021818353596   205.50612516444116   205.76632003279258
0.15563474126517718   193.61927766865875   194.05145381267715
0.16019724315257297   182.23693849536684   182.84935847678494
0.1648934968186736   171.79606897386557   172.56902227936197
0.1697274232565544   162.63698708075916   163.52501683100874
0.17470305840495237   154.88928293785702   155.82964227453655
0.17982455651794954   148.39118964692057   149.31793384309543
0.18509619363343993   142.74804563652262   143.61470978278763
0.19052237114327647   137.5018692821284   138.28858044170602
0.19610761946807834   132.235690830926   132.95383815916097
0.20185660183976684   126.59802580406252   127.29051500945478
0.20777411819498756   120.39063514943687   121.125977059392
0.21386510918267082   113.70766165298606   114.56184233380031
0.22013466028907505   106.9104757206981   107.92764898602387
0.22658800608375756   100.41623378383058   101.60095234497881
0.23323053459001789   94.54266377057998   95.86521322172528
0.2400677917834628   89.4656510250081   90.86516654790262
0.24710548622244882   85.1494268415248   86.5567729819731
0.25434949381426813   81.33406617765976   82.7065758346199
0.2618058627210567   77.68503085915725   79.01710126744497
0.2694808184095226   73.91841708578642   75.24216108102725
0.27738076884870827   69.91683651856566   71.2926884703643
0.2855123098601282   65.80948444440945   67.28185491889768
0.29388223062474755   61.85241141226709   63.42882379683266
0.3024975193514008   58.24506534827852   59.89788588869093
0.31136536911138296   55.0724659686175   56.752866691420245
0.3204931838440838   52.253304057411185   53.91857044265738
0.32988858453867975   49.58816181726158   51.230730641699715
0.3395594155970457   46.92476067487613   48.56623561603385
0.34951375138319807   44.231752986176254   45.905595703533805
0.3597599029647371   41.598457243398805   43.32033933279206
0.37030642505191835   39.154422836741034   40.91054027610315
0.3811621231401457   36.941408731084515   38.702869015280946
0.3923360608618501   34.905734499442865   36.65282063222829
0.4038375675538918   32.95880459259877   34.69357361428523
0.41567624604680364   31.0498214748345   32.7881205787652
0.42786198068238046   29.20434215377337   30.955989924379264
0.4404049455663077   27.47550896037006   29.234040107471
0.4533156130627191   25.87708742870903   27.628348559819997
0.4666047625377753   24.379503149269798   26.116977878975945
0.4802834893595659   22.946353732419485   24.674512710968106
0.49436321416184764   21.573751874340065   23.297566804371858
0.5088556923793517   20.27917925424456   21.996946757504393
0.5237730240626238   19.069396769082726   20.774995252235975
0.5391276639805903   17.93057972508848   19.62130237731649
0.5549324320192869   16.849259557556948   18.526895026093925
0.5712005238854289   15.82537176167599   17.490572190776618
0.5879455221237613   14.862981380591608   16.513425664700858
0.6051814074573895   13.958057384028091   15.591792448118674
0.622922570460556   13.103482732981274   14.72037020027481
0.6411838235736077   12.296904734953387   13.896864781564803
0.6599804134701901   11.538136749620485   13.120051085820391
0.6793280337869897   10.82414530914849   12.38722197928878
0.6992428382266549   10.151600370298743   11.695325447546278
0.7197414540448374   9.518544216524253   11.042425794258593
0.7408409959326054   8.92307124106331   10.426572273473257
0.7625590803058332   8.363090204554956   9.845736084475464
0.7849138400134885   7.836606371097684   9.297983766343997
0.8079239394770964   7.341729085700642   8.781480371962648
0.8316085902740278   6.876666861390059   8.294485293393677
0.8559875671776167   6.4397226657569435   7.8353481838496934
0.8810812246675007   6.029289400849572   7.402504982302098
0.9069105139239728   5.6438473157290865   6.994475713703329
0.9334970003205227   5.281967653884532   6.609868340192848
0.960862881429187   4.942299717609172   6.2473668590650275
0.9890310055537336   4.623563078451998   5.905723936062618
1.0180248908061487   4.3245444710141125   5.583757910241923
1.047868744742366   4.044094788418177   5.28034987677722
1.0785874845736239   3.781126172077747   4.994440844907084
1.1102067579703248   3.534609190330998   4.725028970234519
1.1427529644757777   3.3035689030126263   4.471165863644579
1.1762532775476793   3.08708118885324   4.231953048750832
1.210735667245765   2.884273095484996   4.006541779927985
1.246228923584555   2.6943206670297166   3.7941308692431237
1.2827626805706884   2.5164464470978722   3.5939642590899092
1.3203674409449337   2.349917090404052   3.4053286937291505
1.3590746016495152   2.194041079644795   3.2275514882724496
1.3989164800420282   2.0481665441368087   3.059998220827749
1.4399263408778291   1.9116791746184258   2.902067599592654
1.4821384240834183   1.78400023689952   2.753190580642819
1.525587973344019   1.6645846791246974   2.6128317969814656
1.5703112655292182   1.5529193248014959   2.480487735622049
1.6163456409812174   1.4485211511657874   2.3556848911151667
1.6637295346910133   1.3509356498094447   2.2379780194070436
1.7125025083885144   1.259735266439015   2.1269484873131934
1.7627052835733923   1.1745178751304666   2.0222019526483765
1.814379775514258   1.0949051853854728   1.9233634205444792
1.8675691282445197   1.020541615722064   1.830079500897308
1.922317750584177   0.9510931117742757   1.7420188169638018
1.9786713532176083   0.8862459227882777   1.6588706072920625
2.0366769868582977   0.8257054414982207   1.580343414468342
2.0963830815323896   0.7691951047029675   1.506163858113134
2.1578394870138577   0.7164553513852044   1.4360754695364468
2.2210975144450407   0.6672425560793779   1.3698340523610808
2.286209979177315   0.6213280292922501   1.3072032332134305
2.3532312448676476   0.5784973249055944   1.2479615086703233
2.4222172688678643   0.5385494210252425   1.191902278206929
2.4932256489445366   0.5012959194080295   1.1388327615430944
2.5663156713684585   0.466560289648091   1.0885729999883849
2.641548360413907   0.4341771558395148   1.040954934881981
2.7189865293089923   0.40399163495483464   0.9958214055064821
2.798694832679631   0.3758588986277087   0.9530226623088798
2.8807398205309562   0.3496434856536514   0.912416471737832
2.9651899938111903   0.32521852324649014   0.8738702523646432
3.05211586160442   0.30246520500251395   0.8372604481889864
3.1415899999999994   0.28127230555460364   0.8024718542045292
