0.01   1496.8878329882518   1496.8324980786626
0.010293154462191829   1509.1123529689946   1509.0564973207659
0.010594902878253955   1520.4935740323554   1520.4372166441701
0.010905497183778876   1530.979984971282   1530.9231177785662
0.011225196699963396   1540.5193779107417   1540.4619890496006
0.011554268350120923   1549.0578029012843   1548.9999225657766
0.011892986882540897   1556.5421344396948   1556.4838409885388
0.012241635099881474   1562.9201472558066   1562.861558676788
0.012600504095286909   1568.1377233750413   1568.0789322595547
0.012969893495426888   1572.141188845802   1572.0822336663732
0.013350111710660605   1574.879147715242   1574.820012638242
0.013741476192534558   1576.3008468896087   1576.2414901370385
0.014144313698828986   1576.3557541670402   1576.2961479127366
0.01455896056637426   1574.9965960227346   1574.9367296365087
0.014985762991865008   1572.179470451843   1572.1193412596497
0.01542507732090645   1567.8622880491537   1567.8018556035713
0.015877270345534218   1562.0069527754133   1561.9461257517794
0.016342719610456153   1554.5805205856643   1554.5191593180398
0.016821813728271667   1545.554907941194   1545.4928516702291
0.017314952703931925   1534.9072973803793   1534.8443916261976
0.017822548268711737   1522.6212481162106   1522.557347141927
0.01834502422397195   1508.6878146939632   1508.6227796638675
0.018882816794999403   1493.1075798841457   1493.0412696466337
0.019436374995219892   1475.8888517289672   1475.8211224373829
0.02000616100108813   1457.0477728287308   1456.97848159925
0.020592650537967844   1436.6145444750216   1436.5435739585898
0.021196333277324068   1414.6313642813038   1414.558639898567
0.02181771324555934   1391.1473493269214   1391.072839059603
0.022457309244835088   1366.2246929246649   1366.1484326890986
0.02311565528622961   1339.9468686686005   1339.8690217220587
0.023793301035594242   1312.4039182070883   1312.3247747403866
0.024490812272480036   1283.6921291925553   1283.6120964149995
0.025208771362518027   1253.9344859091839   1253.8540899712086
0.0259477777436476   1223.2665888478393   1223.18646749792
0.02670844842659881   1191.8222912757008   1191.7431777169204
0.027491418510046592   1159.7523566661764   1159.6750902622448
0.028297341710866907   1127.2354392447935   1127.1609925168143
0.029126890909937666   1094.4430509197193   1094.3725091981605
0.029980758713939952   1061.5417874253176   1061.4763178933765
0.030859658033628758   1028.7259282179996   1028.6667184908772
0.031764322679055976   996.1870653896528   996.1352939583089
0.03269550797224261   964.0978403458788   964.0546634260958
0.033653991377811755   932.6440160878335   932.6104525416333
0.03464057315210884   902.0286395250384   902.0054487051411
0.03565607701135116   872.4301550043251   872.4178602825883
0.036701350819364466   843.9976756607099   843.9965588023072
0.03777726729548091   816.8410818249572   816.8510534015106
0.038884724743189276   791.0477173385169   791.0683264061175
0.04002464780014597   766.6918438345065   766.7223101445705
0.041197988210172884   743.87733034302   743.9161591773186
0.04240572561788674   722.7313264607757   722.7760053517183
0.04364886838662332   703.3650015960545   703.412104021155
0.04492845444033957   685.7725843124911   685.8180116742456
0.04624555213019635   669.7377502421181   669.7770895570458
0.04760126112654554   655.0394177871067   655.0679833056488
0.04899671333706607   641.4804212477479   641.4932580353008
0.05043307385181555   628.8884637466409   628.8803565596392
0.05191154191598653   617.1038478218106   617.0693398745565
0.053433351931179485   605.9145992660491   605.8482903905248
0.05499977448602865   595.0506631004781   594.9475551085267
0.05661211741704101   584.2403309087905   584.0960505526856
0.05827172690053434   573.138755969712   572.9505875851039
0.05997998857658587   561.3944675408591   561.161748083134
0.06173832870592997   548.6571051639089   548.3819887653066
0.0635482153607709   534.5859757196149   534.2741013796336
0.06541115965050462   518.933587336373   518.5938492277793
0.06732871698337338   501.587018351848   501.2311537201336
0.06930248836510605   482.54481515887085   482.18718739950276
0.07133412173562886   461.9750318218332   461.63270821981075
0.07342531334496233   440.1485249737368   439.8396077865403
0.07557780916945323   417.47672322598913   417.21770768524897
0.07779340636952398   394.4148240636867   394.22000000740945
0.08007395479015682   371.4564384746068   371.33766454998613
0.08242135850536496   349.1163230123347   349.0808390160785
0.08483757740794096   327.9070170429266   327.9559444323896
0.08732462884580919   308.35207496794425   308.47928869172654
0.08988458930634863   290.8856809382389   291.0781878298592
0.09251959615009227   275.808055694419   276.04317120839505
0.09523184939525078   263.27973642129365   263.52669426076193
0.09802361355455057   253.1838059932965   253.40977732121894
0.10089721952591899   245.25080521008823   245.42282819298796
0.10385506653859616   238.98957795580822   239.0766226775288
0.10689962415629803   233.80928881416685   233.78687271478947
0.11003343433910281   229.0352887436368   228.89062645993013
0.11325911356578279   223.97437133734797   223.70905730232846
0.11657935501835284   218.0027931813026   217.63428220405663
0.11999693083066039   210.64995011000917   210.21169682584738
0.12351469440289359   201.70735617797268   201.24707899252124
0.12713558278394044   191.24171714815992   190.81405833883358
0.13086261912358757   179.59042382518373   179.24701960496557
0.13469891519660646   167.33638889199335   167.11717490711925
0.13864767400083483   155.2605194343019   155.18524475168678
0.14271219243142114   144.1882540714512   144.24823106926726
0.14689586403346616   134.7703397802449   134.92835636407685
0.1512021818353596   127.29216842743823   127.49241502258545
0.15563474126517718   121.65114606107792   121.82997823061275
0.16019724315257297   117.48737343391146   117.58546632432565
0.1648934968186736   114.25625138874479   114.23157035727593
0.1697274232565544   111.23119558044569   111.07059154314021
0.17470305840495237   107.64518486180073   107.37828442394093
0.17982455651794954   103.01489909947794   102.70342715090797
0.18509619363343993   97.3172417872036   97.03821224210355
0.19052237114327647   90.9151311835555   90.73097540730149
0.19610761946807834   84.3911399350307   84.33727924890019
0.20185660183976684   78.40907256479947   78.47637042007435
0.20777411819498756   73.46665851281824   73.60616863943355
0.21386510918267082   69.6934734166225   69.83520503714304
0.22013466028907505   66.860161218659   66.93798505179292
0.22658800608375756   64.4624706197021   64.44709379152705
0.23323053459001789   61.90710553443909   61.818399724246916
0.2400677917834628   58.843073571718094   58.73448000948794
0.24710548622244882   55.29528663126452   55.238123643128404
0.25434949381426813   51.56588854284483   51.59972236391893
0.2618058627210567   48.10129586488383   48.22124536040335
0.2694808184095226   45.22544284013071   45.38474982586485
0.27738076884870827   42.93755602722816   43.08303702217376
0.2855123098601282   40.985591356158224   41.084352015290214
0.29388223062474755   39.02916085033226   39.091181520939706
0.3024975193514008   36.86145499245462   36.93327039068841
0.31136536911138296   34.55571791234324   34.67545778536255
0.3204931838440838   32.34023583304852   32.514510515430146
0.32988858453867975   30.40359499977019   30.606200342135047
0.3395594155970457   28.76232970258065   28.958631845152293
0.34951375138319807   27.26306839318416   27.44094899382069
0.3597599029647371   25.746177843633124   25.922235001107328
0.37030642505191835   24.189462937594303   24.38956383957091
0.3811621231401457   22.688111255544108   22.91850840714065
0.3923360608618501   21.337511860704712   21.582050812826314
0.4038375675538918   20.12838527781976   20.371047830964223
0.41567624604680364   18.983178035072104   19.223599159069067
0.42786198068238046   17.850589628808688   18.100376422235744
0.4404049455663077   16.757823059158984   17.0233796560849
0.4533156130627191   15.748003960171474   16.02293892019262
0.4666047625377753   14.82034622934542   15.096656817607292
0.4802834893595659   13.939591958263534   14.218384112630565
0.49436321416184764   13.091426858462317   13.37751874234944
0.5088556923793517   12.291182969964451   12.584474880259755
0.5237730240626238   11.547190021852359   11.84381784840865
0.5391276639805903   10.847631870695286   11.146365777001161
0.5549324320192869   10.182469715650292   10.485265223826422
0.5712005238854289   9.555346125003863   9.862018580643962
0.5879455221237613   8.968077469416052   9.276938023864968
0.6051814074573895   8.416080865645872   8.726462427455234
0.622922570460556   7.895637755267654   8.207526368414584
0.6411838235736077   7.405277960498863   7.718550979250622
0.6599804134701901   6.94357359500009   7.258017638380509
0.6793280337869897   6.509129991516988   6.824460731810231
0.6992428382266549   6.10058896306415   6.416468432013594
0.7197414540448374   5.716631491125624   6.032683111667101
0.7408409959326054   5.355972947603707   5.6717968932280804
0.7625590803058332   5.017293721504413   5.332504732940413
0.7849138400134885   4.6992900282573995   5.013535637713803
0.8079239394770964   4.400733372970322   4.713690285627074
0.8316085902740278   4.120467192198379   4.431837871757002
0.8559875671776167   3.8574026371103423   4.166912408582564
0.8810812246675007   3.610514608232949   3.9179092076487603
0.9069105139239728   3.3788385711325772   3.683881990157174
0.9334970003205227   3.1614773884612553   3.4639483984323425
0.960862881429187   2.957594135644214   3.2572839375019713
0.9890310055537336   2.7663972989984935   3.0631093713955146
1.0180248908061487   2.5871381833104117   2.8806882138376086
1.047868744742366   2.4191088887560612   2.7093246965914983
1.0785874845736239   2.261640360276189   2.548361804152959
1.1102067579703248   2.1141004647865955   2.397179370966862
1.1427529644757777   1.9758903751966164   2.2551920567342925
1.1762532775476793   1.8464427633335532   2.121847569492081
1.210735667245765   1.7252229381198936   1.9966252681404584
1.246228923584555   1.6117272830504137   1.8790345409275573
1.2827626805706884   1.5054815630990086   1.7686132291083256
1.3203674409449337   1.406039315851111   1.6649261177762473
1.3590746016495152   1.312980324424498   1.5675634974107493
1.3989164800420282   1.2259093203753968   1.4761404206126338
1.4399263408778291   1.1444547025642209   1.390295815301446
1.4821384240834183   1.0682668983802186   1.3096898876871321
1.525587973344019   0.9970171006844567   1.2340028193496153
1.5703112655292182   0.9303961097757814   1.162933689228657
1.6163456409812174   0.8681132343277352   1.096199443624049
1.6637295346910133   0.8098952486815577   1.0335339130667203
1.7125025083885144   0.7554853746480741   0.9746868232680894
1.7627052835733923   0.7046422992953452   0.9194228194992385
1.814379775514258   0.6571393754125521   0.8675207684395517
1.8675691282445197   0.6127637934432879   0.8187729750300583
1.922317750584177   0.5713157799126839   0.7729844081193068
1.9786713532176083   0.5326078390465094   0.7299719658601825
2.0366769868582977   0.49646403549305995   0.6895637793258107
2.0963830815323896   0.4627192792308859   0.651598540665496
2.1578394870138577   0.4312185756996998   0.6159248413686257
2.2210975144450407   0.4018165756750485   0.582400630473104
2.286209979177315   0.3743770469193811   0.5508926708289172
2.3532312448676476   0.3487723246282226   0.5212760089937309
2.4222172688678643   0.32488279336174614   0.4934334747655841
2.4932256489445366   0.3025963987785656   0.4672552089458186
2.5663156713684585   0.2818082191652177   0.44263786309011494
2.641548360413907   0.26242019583804027   0.4194822760598693
2.7189865293089923   0.24434054663140048   0.39769494745723516
2.798694832679631   0.2274832898550027   0.3771887112690491
2.8807398205309562   0.21176789526560094   0.35788228968516567
2.9651899938111903   0.197118954923772   0.3396998761917314
3.05211586160442   0.1834658725954388   0.3225707493716449
3.1415899999999994   0.17074252396561615   0.30642919549226044
