0.01   2341.9587419665336   2341.9184754808225
0.010293154462191829   2375.192698853629   2375.1530994257278
0.010594902878253955   2407.9493471481715   2407.910535304957
0.010905497183778876   2440.1661679227136   2440.128173566996
0.011225196699963396   2471.7792232596103   2471.7419800630664
0.011554268350120923   2502.721903077918   2502.685281047298
0.011892986882540897   2532.92303548993   2532.886927783866
0.012241635099881474   2562.3097704549846   2562.2741080519795
0.012600504095286909   2590.8080060391585   2590.772757980946
0.012969893495426888   2618.340662528419   2618.3058204575773
0.013350111710660605   2644.8287828787693   2644.7943525813334
0.013741476192534558   2670.192871584503   2670.158872951025
0.014144313698828986   2694.3513732175384   2694.3177924763627
0.01455896056637426   2717.2194539638645   2717.1861560280017
0.014985762991865008   2738.712112145546   2738.678827883881
0.01542507732090645   2758.744474531628   2758.7108135814715
0.015877270345534218   2777.230070715288   2777.1956272755947
0.016342719610456153   2794.0825817674713   2794.0469799878415
0.016821813728271667   2809.2171778963675   2809.18007225582
0.017314952703931925   2822.5496151215534   2822.5106032730205
0.017822548268711737   2833.9961658801385   2833.9546684028073
0.01834502422397195   2843.4757493688116   2843.431000701835
0.018882816794999403   2850.910595242055   2850.861657024616
0.019436374995219892   2856.2269665076788   2856.1727906793926
0.02000616100108813   2859.3554279066448   2859.294879142514
0.020592650537967844   2860.2313396596114   2860.1632033600363
0.021196333277324068   2858.797812386204   2858.7208674682956
0.02181771324555934   2855.006227717617   2854.9193216794115
0.022457309244835088   2848.81411328075   2848.716171697494
0.02311565528622961   2840.1881062710304   2840.078145200044
0.023793301035594242   2829.1110736559617   2828.9882275149535
0.024490812272480036   2815.57485770444   2815.4383885395364
0.025208771362518027   2799.579250261405   2799.4285705518655
0.0259477777436476   2781.1448964050423   2780.9798676132264
0.02670844842659881   2760.309982061941   2760.1311371321985
0.027491418510046592   2737.1195181658913   2736.9280476897975
0.028297341710866907   2711.6353736552655   2711.433098409035
0.029126890909937666   2683.9523030581377   2683.741638238612
0.029980758713939952   2654.173622602976   2653.9575411240367
0.030859658033628758   2622.408944822122   2622.190962325183
0.031764322679055976   2588.799554386321   2588.583942622122
0.03269550797224261   2553.50436012003   2553.2962370247524
0.033653991377811755   2516.681637260462   2516.4868938043237
0.03464057315210884   2478.513478162599   2478.338521086391
0.03565607701135116   2439.227141748099   2439.078480840941
0.036701350819364466   2399.0472474815347   2398.9314165082346
0.03777726729548091   2358.1875793356353   2358.1111002500734
0.038884724743189276   2316.8419014395736   2316.811232237512
0.04002464780014597   2275.1897900660474   2275.211292077801
0.041197988210172884   2233.401990771956   2233.4818917611906
0.04240572561788674   2191.6892896498516   2191.8326275136237
0.04364886838662332   2150.3211756796427   2150.530364125915
0.04492845444033957   2109.5535857670097   2109.8285027800134
0.04624555213019635   2069.6110186050814   2069.948996839674
0.04760126112654554   2030.6361072961358   2031.0309747130636
0.04899671333706607   1992.7387505302756   1993.180729118131
0.05043307385181555   1956.0109314678898   1956.486981215662
0.05191154191598653   1920.412519762402   1920.9073940452192
0.053433351931179485   1885.8121995493607   1886.3092091248718
0.05499977448602865   1852.0799685148388   1852.5612042404978
0.05661211741704101   1819.02523567049   1819.4731112030329
0.05827172690053434   1786.417058248618   1786.8154310687175
0.05997998857658587   1754.031330926308   1754.365842783
0.06173832870592997   1721.608571473184   1721.8690025165988
0.0635482153607709   1688.887659988231   1689.0687340171687
0.06541115965050462   1655.6011041521397   1655.7045839934879
0.06732871698337338   1621.4538477622152   1621.4924733398975
0.06930248836510605   1586.1667777612984   1586.1649897152467
0.07133412173562886   1549.4445092518606   1549.443857787767
0.07342531334496233   1511.0173613471463   1511.077160745829
0.07557780916945323   1470.6993583129042   1470.8972620001846
0.07779340636952398   1428.3819799209325   1428.8131553792307
0.08007395479015682   1384.1358873351096   1384.9136378399708
0.08242135850536496   1338.187682713538   1339.4420734758146
0.08483757740794096   1290.955964935576   1292.8167875003214
0.08732462884580919   1243.000110313093   1245.584005099219
0.08988458930634863   1194.984572046556   1198.3925467891163
0.09251959615009227   1147.5991949148736   1151.9132962806575
0.09523184939525078   1101.5168626384186   1106.7859467979877
0.09802361355455057   1057.3431763685858   1063.5796021430835
0.10089721952591899   1015.6074155208469   1022.7862337771571
0.10385506653859616   976.7240801275854   984.781242960631
0.10689962415629803   940.981035459582   949.8044983405401
0.11003343433910281   908.4612639361399   917.9072607751368
0.11325911356578279   879.0042273767575   888.9165429083463
0.11657935501835284   852.1375732433114   862.3681328789918
0.11999693083066039   827.145510712414   837.574166934734
0.12351469440289359   803.1048350869107   813.6773579015555
0.12713558278394044   779.0814954404043   789.8240199008574
0.13086261912358757   754.235546799546   765.2596126332777
0.13469891519660646   727.9771050800056   739.4697341684772
0.13864767400083483   700.0201438250446   712.2328622542118
0.14271219243142114   670.4465685989579   683.6754699578931
0.14689586403346616   639.7228872155112   654.2326298712868
0.1512021818353596   608.6047684392857   624.5796307383583
0.15563474126517718   578.0111762582474   595.5282337848961
0.16019724315257297   548.8677328864984   567.876788606783
0.1648934968186736   521.9758656348125   542.2856416921712
0.1697274232565544   497.89347082669155   519.1841776480566
0.17470305840495237   476.7723358842509   498.6594344243955
0.17982455651794954   458.21898184103674   480.3295085293074
0.18509619363343993   441.34101791342255   463.40237986770757
0.19052237114327647   425.0566210362797   446.9802868496161
0.19610761946807834   408.4581121110063   430.34317602378434
0.20185660183976684   390.9764544311085   413.09637013253916
0.20777411819498756   372.4309548349153   395.1041815831649
0.21386510918267082   353.1518105617512   376.67321302605905
0.22013466028907505   333.9783309043742   358.49118467246547
0.22658800608375756   315.88482176975043   341.30062052108434
0.23323053459001789   299.5226758974261   325.55225324946446
0.2400677917834628   285.0731704202436   311.3619285698528
0.24710548622244882   272.27121240805434   298.45563791898394
0.25434949381426813   260.44738661766814   286.34821438713436
0.2618058627210567   248.80517588354343   274.4721063086857
0.2694808184095226   236.81683602427378   262.4732823407005
0.27738076884870827   224.41809941976754   250.35989217138112
0.2855123098601282   212.02058211621775   238.42680599215294
0.29388223062474755   200.2735812850041   227.0840585175668
0.3024975193514008   189.61258375701837   216.60573723970032
0.31136536911138296   180.0313866839433   206.9476679222689
0.3204931838440838   171.22119116631185   197.88098319752203
0.32988858453867975   162.68849115800415   189.13124526791776
0.3395594155970457   154.12704427435963   180.50830924407362
0.34951375138319807   145.60724957984036   172.0753795506766
0.3597599029647371   137.4247986649527   164.00377407583284
0.37030642505191835   129.86023244194237   156.42288039731937
0.3811621231401457   122.93320288050994   149.32239677940262
0.3923360608618501   116.42115479281097   142.57885448868493
0.4038375675538918   110.10482910076273   136.0803143056735
0.41567624604680364   103.92955465624117   129.80381290174233
0.42786198068238046   98.01732604062667   123.8056970666545
0.4404049455663077   92.49646531318984   118.13380304104643
0.4533156130627191   87.3511702482027   112.76412255480288
0.4666047625377753   82.46702305991388   107.64301916245383
0.4802834893595659   77.7681229511655   102.74209838026485
0.49436321416184764   73.28040694197769   98.0632195866823
0.5088556923793517   69.05524831181303   93.6192490495353
0.5237730240626238   65.08834642415133   89.40115590361535
0.5391276639805903   61.32525324638287   85.38225354281259
0.5549324320192869   57.74095283932938   81.55180558036989
0.5712005238854289   54.34812240638657   77.90654700966688
0.5879455221237613   51.15308721369068   74.44309785241148
0.6051814074573895   48.1345958949208   71.14880438387578
0.622922570460556   45.27425339270958   68.01235470625056
0.6411838235736077   42.571254148427364   65.02914422131957
0.6599804134701901   40.0229998284938   62.193364434795065
0.6793280337869897   37.6173106907674   59.49705559016302
0.6992428382266549   35.34512180613171   56.93225560731648
0.7197414540448374   33.20212645004436   54.49280071607557
0.7408409959326054   31.181369252482412   52.17291330652076
0.7625590803058332   29.27630297607496   49.96699989508645
0.7849138400134885   27.480857623127516   47.8692589371609
0.8079239394770964   25.789241019934362   45.87418822044311
0.8316085902740278   24.195928983352196   43.976569969900424
0.8559875671776167   22.69565655957387   42.17144433150159
0.8810812246675007   21.283414040871094   40.45401671329809
0.9069105139239728   19.954432353957113   38.81970991703425
0.9334970003205227   18.704170465383463   37.264199111163315
0.960862881429187   17.528306731152483   35.78339768609766
0.9890310055537336   16.422730423272604   34.3734436536971
1.0180248908061487   15.383533422567575   33.030686844147816
1.047868744742366   14.407002006867526   31.751673613091217
1.0785874845736239   13.489606192296222   30.533023851892235
1.1102067579703248   12.62799216266937   29.37141210778115
1.1427529644757777   11.818978609213746   28.26370898623475
1.1762532775476793   11.05954940500928   27.206977420807686
1.210735667245765   10.34684625142752   26.1984597108877
1.246228923584555   9.678161560697035   25.235565504711058
1.2827626805706884   9.050931574077852   24.315860651310903
1.3203674409449337   8.462729249078414   23.437014509698283
1.3590746016495152   7.911256888879374   22.596694008759947
1.3989164800420282   7.394341565400621   21.792688506408428
1.4399263408778291   6.9099294852148025   21.022933997615496
1.4821384240834183   6.456080172846456   20.285502454112148
1.525587973344019   6.030960884649577   19.578592023394403
1.5703112655292182   5.632841248159265   18.90051801185224
1.6163456409812174   5.2600880389734   18.24969855529221
1.6637295346910133   4.911159480824703   17.62458751249536
1.7125025083885144   4.584601116212044   17.023701985218583
1.7627052835733923   4.279041904409907   16.44566048334551
1.814379775514258   3.993189856841195   15.889176283442916
1.8675691282445197   3.725827860874079   15.35305066933823
1.922317750584177   3.475809695557989   14.836166722295433
1.9786713532176083   3.2420562237322335   14.337483018198125
2.0366769868582977   3.0235511636125483   13.855986251272594
2.0963830815323896   2.819337459228556   13.390665634509345
2.1578394870138577   2.628515113541887   12.94058016291909
2.2210975144450407   2.450238107310089   12.504860555735196
2.286209979177315   2.2837113664096447   12.082704317899445
2.3532312448676476   2.128187884372776   11.673371200262334
2.4222172688678643   1.9829659933008081   11.276179017873742
2.4932256489445366   1.84738713584711   10.890520145509347
2.5663156713684585   1.7208345767855828   10.515930001941525
2.641548360413907   1.6027294868508672   10.152003325496477
2.7189865293089923   1.492528249824991   9.798360521193299
2.798694832679631   1.3897204786205448   9.454646052342236
2.8807398205309562   1.2938271304171387   9.120526928109314
2.9651899938111903   1.204398716825055   8.795691273628929
3.05211586160442   1.1210133827062063   8.479840787718514
3.1415899999999994   1.043272055651503   8.172595066088585
