0.01   26250.868178523535   26231.416582752314
0.010293154462191829   26513.511628955766   26492.25766119455
0.010594902878253955   26764.358556998868   26741.14951415505
0.010905497183778876   27002.55672627375   26977.223855375854
0.011225196699963396   27227.253972224353   27199.61254849837
0.011554268350120923   27437.576259184705   27407.42647007661
0.011892986882540897   27632.61385667369   27599.74227748001
0.012241635099881474   27811.46240863855   27775.642657306038
0.012600504095286909   27973.22347697791   27934.21605726223
0.012969893495426888   28116.972934366255   28074.521137912587
0.013350111710660605   28241.792543158885   28195.621598754613
0.013741476192534558   28346.78923598792   28296.607327872996
0.014144313698828986   28431.07037601717   28376.567771003865
0.01455896056637426   28493.743956346974   28434.592016596212
0.014985762991865008   28533.95797248249   28469.810804628196
0.01542507732090645   28550.90024887488   28481.394621715568
0.015877270345534218   28543.78094437433   28468.530323581286
0.016342719610456153   28511.862851616734   28430.4580978745
0.016821813728271667   28454.47541008719   28366.487994762756
0.017314952703931925   28371.02013015749   28276.007516097092
0.017822548268711737   28260.976880159997   28158.487891877467
0.01834502422397195   28123.91053996912   28013.489521118092
0.018882816794999403   27959.4946300095   27840.684198045998
0.019436374995219892   27767.545307465207   27639.88670038486
0.02000616100108813   27547.98484173977   27411.022221082578
0.020592650537967844   27300.84904875491   27154.136260335043
0.021196333277324068   27026.395205368142   26869.516116211435
0.02181771324555934   26725.049238965843   26557.63087674574
0.022457309244835088   26397.337875548987   26219.054514036616
0.02311565528622961   26044.010624048093   25854.593528646343
0.023793301035594242   25666.131647025646   25465.382655739202
0.024490812272480036   25264.860577796244   25052.654323280763
0.025208771362518027   24841.479380563047   24617.767011767686
0.0259477777436476   24397.698163530877   24162.527959911884
0.02670844842659881   23935.39388082501   23688.915757941035
0.027491418510046592   23456.450114724834   23198.91031367571
0.028297341710866907   22963.086482077313   22694.830028443415
0.029126890909937666   22457.9102531969   22179.38303847247
0.029980758713939952   21943.45130390466   21655.1893983417
0.030859658033628758   21422.248844630132   21124.866252015017
0.031764322679055976   20897.255537787874   20591.429434445792
0.03269550797224261   20371.36957323837   20057.826293537397
0.033653991377811755   19847.295802513425   19526.79569052021
0.03464057315210884   19328.08328932065   19001.36519510153
0.03565607701135116   18817.006466829906   18484.740556987286
0.036701350819364466   18317.02682090137   17979.809163108468
0.03777726729548091   17830.59488466182   17488.93769232932
0.038884724743189276   17359.321832342783   17013.633174856135
0.04002464780014597   16904.5184459805   16555.102450622315
0.041197988210172884   16467.423482901955   16114.464894899904
0.04240572561788674   16050.248868614348   15693.591662614625
0.04364886838662332   15655.669724504254   15294.697205767427
0.04492845444033957   15286.030464469668   14919.699214791652
0.04624555213019635   14941.085624034988   14568.12991869923
0.04760126112654554   14617.323247154403   14236.51979150561
0.04899671333706607   14311.274883245582   13921.463892281306
0.05043307385181555   14019.845678629837   13619.93525881343
0.05191154191598653   13740.320588067552   13329.29265662601
0.053433351931179485   13470.132378833663   13047.060866857222
0.05499977448602865   13205.920263794718   12770.185848062727
0.05661211741704101   12943.801020764657   12495.252835023564
0.05827172690053434   12679.85032616197   12218.907453776283
0.05997998857658587   12409.282254589149   11937.31797686646
0.06173832870592997   12127.43410441672   11646.84778166209
0.0635482153607709   11829.522789236049   11344.085883673763
0.06541115965050462   11510.976122315426   11025.98635845534
0.06732871698337338   11168.696036165478   10690.83289411497
0.06930248836510605   10801.273348212524   10338.40817991336
0.07133412173562886   10409.269301163293   9970.038602653975
0.07342531334496233   9995.793064012601   9589.077119786129
0.07557780916945323   9565.756838345469   9199.962831854547
0.07779340636952398   9126.148010046283   8808.396043813265
0.08007395479015682   8684.602331433127   8420.447609820667
0.08242135850536496   8249.099092821394   8042.327202294029
0.08483757740794096   7827.593490213409   7679.49020042936
0.08732462884580919   7427.61642291112   7336.6429758251
0.08988458930634863   7056.529521953721   7018.019506924854
0.09251959615009227   6720.295148438928   6726.825791527132
0.09523184939525078   6423.058112582457   6464.501970526383
0.09802361355455057   6166.567830211117   6230.900135122351
0.10089721952591899   5948.4080243922235   6023.100113416832
0.10385506653859616   5763.199782490845   5836.644917421028
0.10689962415629803   5602.076524978396   5665.378253426323
0.11003343433910281   5454.5149285428115   5502.603607196047
0.11325911356578279   5309.344706460733   5341.765838311274
0.11657935501835284   5155.99383063056   5177.482690766662
0.11999693083066039   4985.9292974064065   5005.985853025486
0.12351469440289359   4793.681902738653   4825.400479673923
0.12713558278394044   4578.344192476708   4636.236355123578
0.13086261912358757   4343.556193603883   4442.3241379211895
0.13469891519660646   4096.7739227707925   4248.565359199856
0.13864767400083483   3848.1558842544614   4058.637630333034
0.14271219243142114   3609.4448580693006   3878.2221683439393
0.14689586403346616   3392.2948237862215   3711.2466776165143
0.1512021818353596   3205.4824963508654   3560.2114049122697
0.15563474126517718   3051.9968650078586   3425.4431718051333
0.16019724315257297   2927.918043556925   3303.327143118576
0.1648934968186736   2824.4763396642834   3189.8656050587524
0.1697274232565544   2731.0921394770235   3081.2733145175475
0.17470305840495237   2636.734924131755   2974.563771112906
0.17982455651794954   2531.302801880844   2866.90055519085
0.18509619363343993   2409.421874786427   2757.2988914980824
0.19052237114327647   2273.680027855029   2647.170371611738
0.19610761946807834   2132.791939103288   2540.19732596366
0.20185660183976684   1997.0176413375566   2438.400468311426
0.20777411819498756   1875.3317984202336   2343.0085467167187
0.21386510918267082   1773.2612138211675   2254.770935573031
0.22013466028907505   1690.0110810622523   2172.374532461096
0.22658800608375756   1619.2579998205383   2094.853545693895
0.23323053459001789   1552.1280266592344   2020.1326794862377
0.2400677917834628   1480.4834551305212   1946.6238284108085
0.24710548622244882   1401.0101787021126   1874.9491149851724
0.25434949381426813   1317.0482606278465   1805.2325685830992
0.2618058627210567   1235.0817694633847   1738.8493682064086
0.2694808184095226   1161.149877286675   1675.4116952915117
0.27738076884870827   1098.2641449394716   1615.9569702249075
0.2855123098601282   1044.1787815831872   1559.293403581592
0.29388223062474755   993.5366010263498   1505.078289231544
0.3024975193514008   941.8056424673495   1452.6194127506872
0.31136536911138296   887.7005026177641   1402.1703942996012
0.3204931838440838   833.9080214440812   1353.4966618510161
0.32988858453867975   784.2402084738809   1307.059617820351
0.3395594155970457   740.2417425992177   1263.1000498404733
0.34951375138319807   700.641713867463   1221.1162133747384
0.3597599029647371   662.6505871196047   1180.8150503661645
0.37030642505191835   624.6161959422707   1141.986281445077
0.3811621231401457   587.2912087221022   1104.6249974909251
0.3923360608618501   552.4046083797226   1068.8982357068114
0.4038375675538918   520.6386201569486   1034.8573214605433
0.41567624604680364   491.11428245808077   1002.266365814756
0.42786198068238046   462.6587583770011   970.8926740332142
0.4404049455663077   435.0627178494603   940.6619295719012
0.4533156130627191   409.02577664515576   911.7086385663091
0.4666047625377753   384.8740259128689   883.976770067977
0.4802834893595659   362.22177290883644   857.3568789486806
0.49436321416184764   340.5909742925278   831.7067501129327
0.5088556923793517   320.014147968659   806.9915005895251
0.5237730240626238   300.7133379627099   783.2413042705142
0.5391276639805903   282.6139693594086   760.388554832263
0.5549324320192869   265.487447175049   738.3455969450179
0.5712005238854289   249.27651173420264   717.0483213927953
0.5879455221237613   234.03516102345156   696.5108323956287
0.6051814074573895   219.70486509896307   676.6734393268368
0.622922570460556   206.19549201301933   657.4615282868268
0.6411838235736077   193.46905940854617   638.8718964424468
0.6599804134701901   181.48514771134182   620.8662749339551
0.6793280337869897   170.20447497394332   603.4071258774832
0.6992428382266549   159.58948611453923   586.459615314321
0.7197414540448374   149.604306864933   569.991438192712
0.7408409959326054   140.21469623725952   553.9726584474408
0.7625590803058332   131.3879978340142   538.3755626677187
0.7849138400134885   123.09300297984298   523.1744647310101
0.8079239394770964   115.29956825665433   508.34532940729156
0.8316085902740278   107.97897658332312   493.8659117217334
0.8559875671776167   101.10404092210568   479.71576686050463
0.8810812246675007   94.64903074754967   465.8761506960195
0.9069105139239728   88.58960140243002   452.3299274867544
0.9334970003205227   82.90272637920616   439.06148398850263
0.960862881429187   77.56663258414507   426.05665145344847
0.9890310055537336   72.56076648743563   413.3030878624239
1.0180248908061487   67.86575813552841   400.7906849528889
1.047868744742366   63.463298218894   388.5105178286974
1.0785874845736239   59.33607765949666   376.4546423345606
1.1102067579703248   55.4677389409268   364.61604155514823
1.1427529644757777   51.84282935805202   352.98857407021177
1.1762532775476793   48.44675614461127   341.56692368691387
1.210735667245765   45.265742773928395   330.3466438634405
1.246228923584555   42.28677438048765   319.3260753157564
1.2827626805706884   39.49756291977085   308.5059448958845
1.3203674409449337   36.88652490165883   297.8871427243868
1.3590746016495152   34.4427447972364   287.4706068252977
1.3989164800420282   32.15593948097848   277.2573040664406
1.4399263408778291   30.016424346751336   267.248211560389
1.4821384240834183   28.01508103488846   257.4442985691579
1.525587973344019   26.14332629599341   247.84688434102273
1.5703112655292182   24.393080440388236   238.45985178314038
1.6163456409812174   22.756741932406204   229.2877067128169
1.6637295346910133   21.227162316653384   220.33427021077614
1.7125025083885144   19.797620934237322   211.60269614123098
1.7627052835733923   18.461800915807714   203.0954959218585
1.814379775514258   17.213766402484616   194.81456435241165
1.8675691282445197   16.047940939363276   186.76120663661501
1.922317750584177   14.959085428216092   178.93655351816048
1.9786713532176083   13.942276381295674   171.34223677332895
2.0366769868582977   12.99289221943281   163.97932604837743
2.0963830815323896   12.106596545365987   156.84814894471063
2.1578394870138577   11.27932140020378   149.9483419992367
2.2210975144450407   10.507251439686252   143.2789012832379
2.286209979177315   9.786808984306703   136.83823233600032
2.3532312448676476   9.11464001101713   130.62420149894191
2.4222172688678643   8.48760470002738   124.63426661492774
2.4932256489445366   7.902764577774566   118.86552794083758
2.5663156713684585   7.357364941966747   113.31465589722876
2.641548360413907   6.848823667132128   107.97792984165126
2.7189865293089923   6.374720993562899   102.85128304022375
2.798694832679631   5.93278987212308   97.93034561972344
2.8807398205309562   5.520906838475487   93.21048541514674
2.9651899938111903   5.1370818367194415   88.68674134815114
3.05211586160442   4.779437186160207   84.35295544838962
3.1415899999999994   4.4462107046771555   80.2024615654396
