0.01   2671.795740196614   2671.6845670647117
0.010293154462191829   2701.7648516359163   2701.6524196629016
0.010594902878253955   2730.759487371235   2730.6459975805165
0.010905497183778876   2758.702531726015   2758.5883258719946
0.011225196699963396   2785.5120155225236   2785.3973578241016
0.011554268350120923   2811.105081588675   2810.9901281254056
0.011892986882540897   2835.3984204127237   2835.283222006522
0.012241635099881474   2858.3062884114024   2858.1908433237204
0.012600504095286909   2879.7421705919514   2879.626448541707
0.012969893495426888   2899.6202085857494   2899.5041506369357
0.013350111710660605   2917.8523082142783   2917.735850474676
0.013741476192534558   2934.3468582451314   2934.229967838887
0.014144313698828986   2949.0135576665293   2948.896236596207
0.01455896056637426   2961.7635760009466   2961.6458519146017
0.014985762991865008   2972.5070965826044   2972.3889699838323
0.01542507732090645   2981.1561806510335   2981.0376071202163
0.015877270345534218   2987.626340303488   2987.507228885145
0.016342719610456153   2991.833892862632   2991.71406829567
0.016821813728271667   2993.696178472945   2993.5753400783783
0.017314952703931925   2993.1355723352867   2993.013293102373
0.017822548268711737   2990.0797594318797   2989.955503935391
0.01834502422397195   2984.4609313881774   2984.3341176810763
0.018882816794999403   2976.2178608357967   2976.0878779825684
0.019436374995219892   2965.297011896833   2965.163220171795
0.02000616100108813   2951.6541152400814   2951.5157851974113
0.020592650537967844   2935.254493449901   2935.1107590898
0.021196333277324068   2916.0727033616918   2915.9225697351594
0.02181771324555934   2894.0956419539334   2893.938052938775
0.022457309244835088   2869.3273762804924   2869.1613779930044
0.02311565528622961   2841.7832054278206   2841.6079766775533
0.023793301035594242   2811.4900181141156   2811.304893881559
0.024490812272480036   2778.499795010197   2778.304483325833
0.025208771362518027   2742.8830085919617   2742.6777089016755
0.0259477777436476   2704.7193013097076   2704.5046843717228
0.02670844842659881   2664.1108540732394   2663.888049497325
0.027491418510046592   2621.194288649262   2620.9648804092662
0.028297341710866907   2576.114386295027   2575.8803783252215
0.029126890909937666   2529.0256663994355   2528.789494872148
0.029980758713939952   2480.126759633948   2479.8916324665556
0.030859658033628758   2429.6331084300023   2429.4030937961147
0.031764322679055976   2377.756956006349   2377.5368818284223
0.03269550797224261   2324.739185631532   2324.534462206323
0.033653991377811755   2270.859719660664   2270.6761374267485
0.03464057315210884   2216.3874873584527   2216.231127416384
0.03565607701135116   2161.5863120037166   2161.4634066567783
0.036701350819364466   2106.757741457607   2106.6742864774383
0.03777726729548091   2052.1971552625873   2052.158789538318
0.038884724743189276   1998.175763564135   1998.1877574976759
0.04002464780014597   1944.977486916729   1945.0443627310585
0.041197988210172884   1892.8979771776796   1893.0231598042326
0.04240572561788674   1842.2030346294923   1842.3889526420014
0.04364886838662332   1793.1158407133705   1793.3633091350453
0.04492845444033957   1745.7875900646363   1746.0933046176085
0.04624555213019635   1700.3395327095034   1700.6959110385894
0.04760126112654554   1656.878171925776   1657.2739011834788
0.04899671333706607   1615.5245986131126   1615.9462306089554
0.05043307385181555   1576.4075797861144   1576.840711366797
0.05191154191598653   1539.6388578746696   1540.0682482556354
0.053433351931179485   1505.1300323281182   1505.5389972360106
0.05499977448602865   1472.4698126017938   1472.839156296566
0.05661211741704101   1441.246897430406   1441.555004187539
0.05827172690053434   1411.1070490509153   1411.3305964277686
0.05997998857658587   1381.7681214320248   1381.8831619082925
0.06173832870592997   1352.9701086471093   1352.9524805905544
0.0635482153607709   1324.3762507832398   1324.205397484483
0.06541115965050462   1295.5821641642453   1295.2446825632005
0.06732871698337338   1266.1914375145982   1265.6824364092229
0.06930248836510605   1235.7310428726735   1235.0608421046652
0.07133412173562886   1203.7477118261997   1202.9429855074266
0.07342531334496233   1169.8507887508524   1168.9557961850846
0.07557780916945323   1133.7204674862096   1132.7971893682081
0.07779340636952398   1095.2345146420546   1094.358583254543
0.08007395479015682   1054.5284574301058   1053.7840297534428
0.08242135850536496   1011.9053614744491   1011.3815916341805
0.08483757740794096   967.9147139966643   967.7024953230547
0.08732462884580919   923.2023126442534   923.3877164314159
0.08988458930634863   878.5463902291831   879.2020826569757
0.09251959615009227   834.7056059868326   835.8861583868662
0.09523184939525078   792.4104192824011   794.147746572427
0.09802361355455057   752.3592928089714   754.6528544694157
0.10089721952591899   715.1903119131332   718.0017536129658
0.10385506653859616   681.4554023858423   684.7042227441611
0.10689962415629803   651.5509006331255   655.1203974417634
0.11003343433910281   625.5319266649303   629.277033483662
0.11325911356578279   603.2206590932935   606.980504856122
0.11657935501835284   583.9674894167073   587.5967779044439
0.11999693083066039   566.9362505003612   570.319296331449
0.12351469440289359   551.067066014408   554.1365801973202
0.12713558278394044   535.3134282845629   538.0680918318195
0.13086261912358757   518.7078323822269   521.223440780684
0.13469891519660646   500.5078468208069   502.9281490195542
0.13864767400083483   480.2961096064966   482.8299935142451
0.14271219243142114   458.059712177649   460.96843945361894
0.14689586403346616   434.22801286552664   437.76131683556844
0.1512021818353596   409.53710673802453   413.89443801361887
0.15563474126517718   384.9245111544305   390.2301700317493
0.16019724315257297   361.43659512567586   367.7112503343424
0.1648934968186736   340.1094842577956   347.2296224734689
0.1697274232565544   321.70143023136706   329.43140795626607
0.17470305840495237   306.4200223902885   314.4621736756901
0.17982455651794954   293.8144039119029   301.86546608275796
0.18509619363343993   283.0016098194416   290.85183119669244
0.19052237114327647   273.0062411836237   280.55024159694125
0.19610761946807834   262.876189337765   270.15272297171845
0.20185660183976684   251.76313395939488   258.96151818016114
0.20777411819498756   239.2523597007012   246.66788720959838
0.21386510918267082   225.65762444284096   233.59580796770135
0.22013466028907505   211.81342429783928   220.43077171155934
0.22658800608375756   198.62354726198978   207.91573050373984
0.23323053459001789   186.79539796970596   196.61075340217548
0.2400677917834628   176.7403253961256   186.79318973004396
0.24710548622244882   168.32918004662716   178.31631654578646
0.25434949381426813   160.96600290803698   170.70331338598677
0.2618058627210567   153.89434068211236   163.36277013984252
0.2694808184095226   146.46068840073002   155.80623071843354
0.27738076884870827   138.44323051881418   147.91979716451516
0.2855123098601282   130.1832993081183   139.96031653146733
0.29388223062474755   122.23106426548695   132.33214410225494
0.3024975193514008   115.03819640927141   125.34227305924924
0.31136536911138296   108.80241107084863   119.10496452694488
0.3204931838440838   103.29802541226877   113.43561288578776
0.32988858453867975   98.07985621065565   108.03419723197234
0.3395594155970457   92.8186725430146   102.68490318455281
0.34951375138319807   87.44856910255784   97.36600455886882
0.3597599029647371   82.19810373698506   92.2227659459525
0.37030642505191835   77.35220883064656   87.42704305547777
0.3811621231401457   72.9910756201706   83.00633442578449
0.3923360608618501   68.99522988735744   78.87967968125247
0.4038375675538918   65.15845539280949   74.92790941895069
0.41567624604680364   61.37594589947735   71.09485941816952
0.42786198068238046   57.716037248469924   67.41953581702744
0.4404049455663077   54.29656537791804   63.95930288353744
0.4533156130627191   51.14692127778402   60.71731962375612
0.4666047625377753   48.19542625494283   57.65334657389328
0.4802834893595659   45.36567782998265   54.72929427399854
0.49436321416184764   42.64963780537416   51.9375867715826
0.5088556923793517   40.092623763965044   49.29777111716786
0.5237730240626238   37.70605771490909   46.80753102044139
0.5391276639805903   35.459643257644736   44.44950286627909
0.5549324320192869   33.32399962180177   42.20946173183579
0.5712005238854289   31.301677550981132   40.084959366108826
0.5879455221237613   29.40221233464526   38.07573271210954
0.6051814074573895   27.616396594698553   36.17461461525339
0.622922570460556   25.929317047199618   34.37256999346629
0.6411838235736077   24.336658228324197   32.66510166157982
0.6599804134701901   22.838722438397657   31.049353924582444
0.6793280337869897   21.429234449026676   29.52018309289244
0.6992428382266549   20.101254048562584   28.07198870522998
0.7197414540448374   18.85105791283107   26.700743220715882
0.7408409959326054   17.675078668890126   25.402854865713657
0.7625590803058332   16.569145115044797   24.17436778541692
0.7849138400134885   15.52929832193481   23.011528029398246
0.8079239394770964   14.551789925692654   21.91078003243651
0.8316085902740278   13.633071710361236   20.868756955644667
0.8559875671776167   12.769785661451483   19.88227141415236
0.8810812246675007   11.958754471715785   18.948306584096684
0.9069105139239728   11.196979033321503   18.064003122672844
0.9334970003205227   10.481648740879612   17.226637154761324
0.960862881429187   9.810106404682955   16.433630073349725
0.9890310055537336   9.179832833786833   15.68254652444064
1.0180248908061487   8.58844076337506   14.971086650552289
1.047868744742366   8.033668964750966   14.297078727612005
1.0785874845736239   7.513376539129454   13.658472178317547
1.1102067579703248   7.025537376243269   13.053330800898125
1.1427529644757777   6.5682316947376655   12.479803081536321
1.1762532775476793   6.1396386119051485   11.93609605503361
1.210735667245765   5.738038176903402   11.420519407167614
1.246228923584555   5.361807150096213   10.93148543675195
1.2827626805706884   5.0094140346428215   10.467502493001266
1.3203674409449337   4.679414329141943   10.027168851328273
1.3590746016495152   4.370445993970628   9.609166997202639
1.3989164800420282   4.08122513269205   9.21225692294507
1.4399263408778291   3.8105420687479183   8.835237812811114
1.4821384240834183   3.5572573546378696   8.476947682417281
1.525587973344019   3.3202977644799203   8.136298661977023
1.5703112655292182   3.0986527259235404   7.812273590653205
1.6163456409812174   2.891370934438257   7.503920981081555
1.6637295346910133   2.697557130185355   7.210350371618396
1.7125025083885144   2.5163690311755036   6.930728034382425
1.7627052835733923   2.34701436336983   6.664269603202088
1.814379775514258   2.1887476803660193   6.410208933447585
1.8675691282445197   2.0408680836294923   6.167813986754096
1.922317750584177   1.9027170082291316   5.936402264068241
1.9786713532176083   1.773675819648168   5.715337291782907
2.0366769868582977   1.6531635328121561   5.504025210091243
2.0963830815323896   1.5406346508985271   5.301911640010743
2.1578394870138577   1.4355771184126631   5.108478804428562
2.2210975144450407   1.3375103017908163   4.9232354398833085
2.286209979177315   1.245982930323353   4.74569179799311
2.3532312448676476   1.1605716930389207   4.5753847160929055
2.4222172688678643   1.0808796849186597   4.411884275150129
2.4932256489445366   1.0065348356261106   4.254791294331126
2.5663156713684585   0.9371884260714851   4.10373503984824
2.641548360413907   0.8725136883157977   3.9583711278120264
2.7189865293089923   0.8122044861700803   3.818379640574069
2.798694832679631   0.755974308241153   3.683469058737963
2.8807398205309562   0.7035552516756244   3.553379605292034
2.9651899938111903   0.6546963833263413   3.427870076290907
3.05211586160442   0.609162658416884   3.3067150952801527
3.1415899999999994   0.5667339670940201   3.189704051533397
