0.01   94.16652981372312   94.16653273223847
0.010293154462191829   94.97914868057228   94.97915212362219
0.010594902878253955   95.74666396696979   95.74666735093328
0.010905497183778876   96.46627283135648   96.46627504293566
0.011225196699963396   97.13504997993418   97.13504989975321
0.011554268350120923   97.74986888129962   97.74986624552504
0.011892986882540897   98.30761949639144   98.30761499746848
0.012241635099881474   98.80523118804027   98.80522630302407
0.012600504095286909   99.2396290609224   99.23962492558961
0.012969893495426888   99.60779358384484   99.60779056510195
0.013350111710660605   99.90679868981161   99.90679638715166
0.013741476192534558   100.1336871929779   100.13368498991957
0.014144313698828986   100.285453514925   100.28545126991092
0.01455896056637426   100.35923113513242   100.35922922828549
0.014985762991865008   100.35225684933997   100.352255993867
0.01542507732090645   100.26166348789565   100.2616638969102
0.015877270345534218   100.08471757286665   100.08471873171
0.016342719610456153   99.81892364790693   99.81892435384052
0.016821813728271667   99.46202952463281   99.4620286037057
0.017314952703931925   99.01205088325152   99.01204786725508
0.017822548268711737   98.4673122418353   98.46730738655188
0.01834502422397195   97.8264149309814   97.82640882129598
0.018882816794999403   97.08813544654335   97.08812774661621
0.019436374995219892   96.25159341941671   96.25158264863245
0.02000616100108813   95.31632356917535   95.31630722892747
0.020592650537967844   94.28248297750815   94.28245872326407
0.021196333277324068   93.15080211779866   93.15076859109827
0.02181771324555934   91.92244134248976   91.92239815793918
0.022457309244835088   90.59916863928603   90.59911608978446
0.02311565528622961   89.18360597749003   89.18354438019098
0.023793301035594242   87.6788327650797   87.67876236775281
0.024490812272480036   86.08839559100267   86.08831659364411
0.025208771362518027   84.41706310568419   84.41697582073027
0.0259477777436476   82.67036006544153   82.67026499726958
0.02670844842659881   80.85402564322948   80.85392347633669
0.027491418510046592   78.97472521051473   78.97461717474282
0.028297341710866907   77.04058808899089   77.04047661189546
0.029126890909937666   75.05977559139637   75.05966424161839
0.029980758713939952   73.04057072182022   73.04046398645795
0.030859658033628758   70.99313002818138   70.99303264307255
0.031764322679055976   68.92797762257494   68.92789426776227
0.03269550797224261   66.85498208596762   66.85491734520963
0.033653991377811755   64.78469621990446   64.78465490411803
0.03464057315210884   62.728747604332625   62.72873519016181
0.03565607701135116   60.69774688053957   60.697769416709136
0.036701350819364466   58.70170041793115   58.70176413227525
0.03777726729548091   56.752328434563736   56.752438276713605
0.038884724743189276   54.86075214478449   54.86091148120227
0.04002464780014597   53.03649928292199   53.03671009194826
0.041197988210172884   51.28685421135855   51.287116964614135
0.04240572561788674   49.61702434924686   49.61733788696486
0.04364886838662332   48.031230748480304   48.03159250922782
0.04492845444033957   46.53379813326245   46.53420363700693
0.04624555213019635   45.13180172488889   45.13224199355704
0.04760126112654554   43.83210879301205   43.83257023741576
0.04899671333706607   42.63944462278077   42.639909749418266
0.05043307385181555   41.54597067793416   41.54642017141772
0.05191154191598653   40.5377421755644   40.5381559716899
0.053433351931179485   39.602095526294995   39.60245278852787
0.05499977448602865   38.7280257656982   38.72830466643859
0.05661211741704101   37.90577145170095   37.90594908603024
0.05827172690053434   37.12531489925731   37.12536773571481
0.05997998857658587   36.372196348910734   36.37210219737488
0.06173832870592997   35.63138592833606   35.63112466936204
0.0635482153607709   34.88601059847001   34.88556717724158
0.06541115965050462   34.1162918750611   34.115660446818836
0.06732871698337338   33.3034165285664   33.302601442583764
0.06930248836510605   32.428225209209366   32.42724437278621
0.07133412173562886   31.47411954164428   31.473004736079112
0.07342531334496233   30.4321078678198   30.430905601618544
0.07557780916945323   29.298959541816146   29.297729800277295
0.07779340636952398   28.080569033067416   28.079382044694082
0.08007395479015682   26.78944481663012   26.78837692511236
0.08242135850536496   25.445998702931938   25.44512402805017
0.08483757740794096   24.07472154122981   24.074106393936386
0.08732462884580919   22.70295524536219   22.702655184665602
0.08988458930634863   21.358001566433344   21.358057572145267
0.09251959615009227   20.068483278543358   20.06891183393103
0.09523184939525078   18.861941105820563   18.862728982915616
0.09802361355455057   17.76484861826653   17.76594872178162
0.10089721952591899   16.79639887686527   16.79773059171058
0.10385506653859616   15.969199242015648   15.970644789730288
0.10689962415629803   15.28340368592674   15.284825288183237
0.11003343433910281   14.727739483076201   14.728993348667283
0.11325911356578279   14.27916525802717   14.280110561966255
0.11657935501835284   13.907391478388421   13.907902488924275
0.11999693083066039   13.575936714771185   13.575937831925376
0.12351469440289359   13.247319517670439   13.246792982540706
0.12713558278394044   12.885202306277161   12.884189573952629
0.13086261912358757   12.460586408228508   12.459206163673201
0.13469891519660646   11.95595581189923   11.95439291471131
0.13864767400083483   11.368915689232578   11.367387239165739
0.14271219243142114   10.712526369919866   10.711254858039984
0.14689586403346616   10.012937706188785   10.012117511935127
0.1512021818353596   9.30699642491865   9.306752021413377
0.15563474126517718   8.638231636967802   8.638577501183077
0.16019724315257297   8.04736883764998   8.048200549817928
0.1648934968186736   7.559193644604624   7.560297476936237
0.1697274232565544   7.176785993282673   7.177894184496747
0.17470305840495237   6.885077958642524   6.88592836979152
0.17982455651794954   6.657905473990051   6.658282565714618
0.18509619363343993   6.460829933466792   6.460617131327522
0.19052237114327647   6.253322439330509   6.252554111997496
0.19610761946807834   6.000879256606707   5.999760807635172
0.20185660183976684   5.691195467981203   5.6900507055574066
0.20777411819498756   5.33646172602777   5.3355770366027775
0.21386510918267082   4.963446521868823   4.963022142660409
0.22013466028907505   4.605961467674187   4.606049045017388
0.22658800608375756   4.295145255019043   4.295591294729593
0.23323053459001789   4.04679482845408   4.047338637552154
0.2400677917834628   3.8561356763180865   3.8564761824844136
0.24710548622244882   3.7021836024327883   3.702104565779806
0.25434949381426813   3.554513253741912   3.5539976757853644
0.2618058627210567   3.387168571918504   3.386417523290749
0.2694808184095226   3.1932447295001953   3.1925222962017665
0.27738076884870827   2.9834792116582265   2.98302194990711
0.2855123098601282   2.778462206478638   2.7783364940826836
0.29388223062474755   2.5992990298963123   2.5993937341789457
0.3024975193514008   2.453606410334768   2.453661977250801
0.31136536911138296   2.3327323051672706   2.3325624269839156
0.3204931838440838   2.2200492454045473   2.2196217996867147
0.32988858453867975   2.1006582755934904   2.100114738006812
0.3395594155970457   1.971907851174951   1.971437925328667
0.34951375138319807   1.843430295501328   1.8431387017655076
0.3597599029647371   1.7265965714649456   1.7264322315450134
0.37030642505191835   1.62635847901402   1.626163793800637
0.3811621231401457   1.5380200535853115   1.5376891229262228
0.3923360608618501   1.4524740888634697   1.452037879891629
0.4038375675538918   1.3651304632492807   1.3646986772769905
0.41567624604680364   1.278844957762244   1.2784923116356863
0.42786198068238046   1.1990932999426391   1.198793549033721
0.4404049455663077   1.1278637840124452   1.1275349303628674
0.4533156130627191   1.0621915666058372   1.061793892038252
0.4666047625377753   0.9983330192656938   0.9979097780079211
0.4802834893595659   0.9360770549037788   0.935680402367925
0.49436321416184764   0.8776378394413856   0.877263012570241
0.5088556923793517   0.8240579381293475   0.8236669407161128
0.5237730240626238   0.7740082376964703   0.7735873394099925
0.5391276639805903   0.7260665152049488   0.7256384958234879
0.5549324320192869   0.6804789173417911   0.6800611593443576
0.5712005238854289   0.6379829100927072   0.637562201815897
0.5879455221237613   0.5983338459602089   0.5978984306558361
0.6051814074573895   0.5608222956272128   0.5603797188853894
0.622922570460556   0.525364556231506   0.5249224460356632
0.6411838235736077   0.49217547956366037   0.4917291003209924
0.6599804134701901   0.46106243425386334   0.46060775042761853
0.6793280337869897   0.4318068673020825   0.43134553023791433
0.6992428382266549   0.40429922303574556   0.4038331613208743
0.7197414540448374   0.3784489126763283   0.37797951148827313
0.7408409959326054   0.3541685942160657   0.35369680103812406
0.7625590803058332   0.3313742072270707   0.33090062260660447
0.7849138400134885   0.30998498753585324   0.3095099424670889
0.8079239394770964   0.28992346384969375   0.2894470852506609
0.8316085902740278   0.2711145617734095   0.27063687619328647
0.8559875671776167   0.253483525615099   0.25300466819632095
0.8810812246675007   0.2369590993444822   0.2364793362217972
0.9069105139239728   0.22147419992385373   0.2209939027458055
0.9334970003205227   0.20696567980937453   0.20648530332475729
0.960862881429187   0.19337410266890498   0.19289416508440113
0.9890310055537336   0.1806435315911321   0.1801645974307782
1.0180248908061487   0.16872143444657167   0.16824410104643564
1.047868744742366   0.15755886214885284   0.1570837528209128
1.0785874845736239   0.14710978990713905   0.14663754234061002
1.1102067579703248   0.13733078659363934   0.13686204081863823
1.1427529644757777   0.12818088415687667   0.1277162724520257
1.1762532775476793   0.11962145244625995   0.11916159097502883
1.210735667245765   0.11161607925408971   0.11116156123264972
1.246228923584555   0.10413043802229337   0.10368183509983908
1.2827626805706884   0.09713208983594443   0.09668998937342428
1.3203674409449337   0.0905904747934356   0.0901554802629964
1.3590746016495152   0.08447686015625822   0.08404957332532784
1.3989164800420282   0.0787642379428716   0.0783452444017879
1.4399263408778291   0.07342722761970481   0.07301708527372247
1.4821384240834183   0.06844198382475888   0.06804121395123203
1.525587973344019   0.06378611004722529   0.06339519181592145
1.5703112655292182   0.05943858412776817   0.05905796014474955
1.6163456409812174   0.055379672197535604   0.05500974740993482
1.6637295346910133   0.05159084858653396   0.05123198428247304
1.7125025083885144   0.048054726055958154   0.047707235666057446
1.7627052835733923   0.04475498978853431   0.04441913626330408
1.814379775514258   0.04167633490583207   0.041352329413211986
1.8675691282445197   0.03880440707363807   0.038492408629799836
1.922317750584177   0.036125743680326276   0.035825857959078854
1.9786713532176083   0.03362772300842912   0.03334000309424549
2.0366769868582977   0.03129851672889612   0.03102296590881518
2.0963830815323896   0.029127042494673388   0.02886361738049549
2.1578394870138577   0.027102919135889015   0.02685153299381829
2.2210975144450407   0.025216424373867966   0.024976950583164306
2.286209979177315   0.023458454568593717   0.023230729370620942
2.3532312448676476   0.021820481384315676   0.02160429429040317
2.4222172688678643   0.020294519118273926   0.02008960937258057
2.4932256489445366   0.01887309726599672   0.01867916323383817
2.5663156713684585   0.017549228704720296   0.017365936484353917
2.641548360413907   0.016316379558845198   0.016143370480336025
2.7189865293089923   0.015168440857907828   0.015005337988330683
2.798694832679631   0.014099702163730089   0.013946116015348132
2.8807398205309562   0.013104833569562891   0.012960369278502512
2.9651899938111903   0.012178860419390859   0.012043123662585612
3.05211586160442   0.011317131996805396   0.011189731344612921
3.1415899999999994   0.010515300952823601   0.010395849744035662
