0.01   8909.563366249376   8908.92057189426
0.010293154462191829   8999.773658086198   8999.094392426574
0.010594902878253955   9086.276148827355   9085.559240178585
0.010905497183778876   9168.798109485593   9168.040939099445
0.011225196699963396   9247.065640082848   9246.264009253802
0.011554268350120923   9320.80270196991   9319.951112530121
0.011892986882540897   9389.722945639018   9388.815976283606
0.012241635099881474   9453.539107716653   9452.571819756091
0.012600504095286909   9511.96672315556   9510.934659214177
0.012969893495426888   9564.71212666353   9563.610567500724
0.013350111710660605   9611.474067352161   9610.297303108453
0.013741476192534558   9651.957775601972   9650.699082865687
0.014144313698828986   9685.872352784825   9684.524067908973
0.01455896056637426   9712.921281781824   9711.475020955731
0.014985762991865008   9732.816516011424   9731.263251827248
0.01542507732090645   9745.282622003846   9743.612705142386
0.015877270345534218   9750.045304252902   9748.248186323863
0.016342719610456153   9746.836787780208   9744.9008331324
0.016821813728271667   9735.408488615667   9733.321042031404
0.017314952703931925   9715.529519701975   9713.276774790364
0.017822548268711737   9686.982733929188   9684.549273902221
0.01834502422397195   9649.575296505605   9646.944134493486
0.018882816794999403   9603.142396739668   9600.295166389671
0.019436374995219892   9547.549566182928   9544.467099735988
0.02000616100108813   9482.694422140765   9479.357174003644
0.020592650537967844   9408.508283904115   9404.89652402529
0.021196333277324068   9324.9673726788   9321.061503386181
0.02181771324555934   9232.103439410379   9227.884430544467
0.022457309244835088   9129.987042377039   9125.436656710926
0.02311565528622961   9018.732216143711   9013.833481693295
0.023793301035594242   8898.539492929953   8893.27900394273
0.024490812272480036   8769.666848770368   8764.035794539694
0.025208771362518027   8632.405733601454   8626.399873067023
0.0259477777436476   8487.132683526657   8480.753519411017
0.02670844842659881   8334.334027364788   8327.590537289767
0.027491418510046592   8174.521252074043   8167.429608587063
0.028297341710866907   8008.245391454058   8000.828823285676
0.029126890909937666   7836.212425192485   7828.502831884915
0.029980758713939952   7659.174059256184   7651.211919089287
0.030859658033628758   7477.870488344437   7469.703862808212
0.031764322679055976   7293.153947321618   7284.838148969797
0.03269550797224261   7106.001134970631   7097.59844345173
0.033653991377811755   6917.341952112422   6908.920419965134
0.03464057315210884   6728.092674312424   6719.72437390228
0.03565607701135116   6539.3097231086795   6531.06724354692
0.036701350819364466   6352.014404012925   6343.969462769249
0.03777726729548091   6167.136879231812   6159.359473673949
0.038884724743189276   5985.674385426786   5978.225244093287
0.04002464780014597   5808.669952917633   5801.594208840861
0.041197988210172884   5637.047122953334   5630.375556569333
0.04240572561788674   5471.571842278479   5465.320064742917
0.04364886838662332   5312.772941512071   5306.935103113739
0.04492845444033957   5161.072595475525   5155.622212846334
0.04624555213019635   5016.837357109852   5011.728174748497
0.04760126112654554   4880.537331198283   4875.681274353123
0.04899671333706607   4752.700949688917   4747.953853928653
0.05043307385181555   4633.784108307826   4628.951020384053
0.05191154191598653   4523.5294822946835   4518.386791037941
0.053433351931179485   4420.577423316493   4414.905063079934
0.05499977448602865   4323.576775557053   4317.160636655127
0.05661211741704101   4231.3504585017145   4223.982402648071
0.05827172690053434   4142.92430229276   4134.402781210946
0.05997998857658587   4057.3937587232303   4047.5254450844923
0.06173832870592997   3973.5693550757533   3962.1975012925736
0.0635482153607709   3890.0166687974665   3877.0470829593205
0.06541115965050462   3805.311136770673   3790.7252862635846
0.06732871698337338   3717.715335015152   3701.63234221544
0.06930248836510605   3625.53991911074   3608.2290884490835
0.07133412173562886   3527.22802714319   3509.14525878261
0.07342531334496233   3421.407038638976   3403.2139895839496
0.07557780916945323   3307.343263891933   3289.8854611000847
0.07779340636952398   3185.1189412440003   3169.3997255834674
0.08007395479015682   3055.4269453931734   3042.5390713277275
0.08242135850536496   2919.822604250827   2910.860236374903
0.08483757740794096   2780.2895788414617   2776.289917824328
0.08732462884580919   2639.3636621783508   2641.2503905113176
0.08988458930634863   2499.6233642310735   2508.1148161589417
0.09251959615009227   2363.6454392251494   2379.1643611508175
0.09523184939525078   2233.9771906712363   2256.6103813641594
0.09802361355455057   2113.0106557288686   2142.4894426026967
0.10089721952591899   2002.9777983419954   2038.5850468218105
0.10385506653859616   1905.5764945889061   1946.1975877814407
0.10689962415629803   1821.5151804432146   1865.6580481269546
0.11003343433910281   1750.7064597185895   1796.6259113096387
0.11325911356578279   1691.4945041719836   1737.4825423772184
0.11657935501835284   1641.488136804387   1686.0279526623797
0.11999693083066039   1597.3563571107918   1639.3346055912486
0.12351469440289359   1555.5564340607539   1594.4227451027177
0.12713558278394044   1512.5454437278552   1548.4527171330885
0.13086261912358757   1465.2263025766147   1499.1347795447186
0.13469891519660646   1411.3923423354163   1444.9694288091507
0.13864767400083483   1350.069636159912   1385.4529530673194
0.14271219243142114   1281.844503919143   1321.2827696473905
0.14689586403346616   1208.578043800708   1254.0882709450216
0.1512021818353596   1133.1301513477567   1186.1777248777375
0.15563474126517718   1059.0704862766272   1120.250786368531
0.16019724315257297   990.3121131673103   1059.0243590143493
0.1648934968186736   930.2038400559097   1004.6493469181844
0.1697274232565544   880.4901095437734   958.0653029156181
0.17470305840495237   840.7165115831584   918.6190388281068
0.17982455651794954   808.6584953961259   884.461750139603
0.18509619363343993   781.3105436034697   853.5389332430394
0.19052237114327647   755.3111050972425   823.6353491748997
0.19610761946807834   727.1550701704801   792.6273796980931
0.20185660183976684   694.2893226700483   759.1335233155504
0.20777411819498756   656.4885938883209   723.3124983880816
0.21386510918267082   615.811666951068   686.8953901434992
0.22013466028907505   575.1836017513042   651.2711180379468
0.22658800608375756   537.5976128609753   618.1159370060832
0.23323053459001789   505.37054007321615   588.496517091686
0.2400677917834628   479.1700454486849   562.4484657778605
0.24710548622244882   457.76108415379616   539.2315759537189
0.25434949381426813   438.7488428476529   517.4822319935278
0.2618058627210567   419.4086613623931   496.0133021782679
0.2694808184095226   397.9362034878552   474.099913628127
0.27738076884870827   374.52305525794463   451.97839823383634
0.2855123098601282   350.7522910078786   430.39437629507006
0.29388223062474755   328.5165595971378   410.13985711517
0.3024975193514008   309.27316536961257   391.4980592408573
0.31136536911138296   293.059184801563   374.42016716831046
0.3204931838440838   278.60374648120006   358.42604082783555
0.32988858453867975   264.4095064038821   342.90952164965495
0.3395594155970457   249.57314600331583   327.77763562294234
0.34951375138319807   234.37343337912858   313.018063680979
0.3597599029647371   219.88114702627342   299.0018743754236
0.37030642505191835   206.8691290937546   285.8669584780449
0.3811621231401457   195.3561089900081   273.53545201965
0.3923360608618501   184.68925996699798   261.83669410641494
0.4038375675538918   174.17634787636987   250.580385731422
0.41567624604680364   163.7188974160682   239.76411938020942
0.42786198068238046   153.73065693726969   229.47665560959422
0.4404049455663077   144.56698117311532   219.74402672406606
0.4533156130627191   136.18033572325575   210.5124685658702
0.4666047625377753   128.24008810112392   201.71676326258606
0.4802834893595659   120.5438759753703   193.32151933771155
0.49436321416184764   113.19185799277192   185.31496749381887
0.5088556923793517   106.33987380949428   177.71334768024278
0.5237730240626238   99.96881531070065   170.49415975134104
0.5391276639805903   93.9391552748079   163.61362013697467
0.5549324320192869   88.19075012809762   157.05467929269952
0.5712005238854289   82.7723269065264   150.80905085045742
0.5879455221237613   77.70402969397102   144.86968255712625
0.6051814074573895   72.93435311856194   139.21365143239242
0.622922570460556   68.4217322855997   133.81846868750716
0.6411838235736077   64.17200302803836   128.67851808093033
0.6599804134701901   60.184426992680066   123.78343655047598
0.6793280337869897   56.430257124308575   119.11544411136792
0.6992428382266549   52.89556303286114   114.66177804241558
0.7197414540448374   49.57248027973524   110.41458906323237
0.7408409959326054   46.44913958176725   106.36248845180528
0.7625590803058332   43.5141289382257   102.49463966895438
0.7849138400134885   40.75665058173387   98.80088723593497
0.8079239394770964   38.166490234411356   95.27170952223166
0.8316085902740278   35.733987766143976   91.89817509951286
0.8559875671776167   33.450009198793026   88.67190237223501
0.8810812246675007   31.30592599782718   85.58498038701754
0.9069105139239728   29.29363924081891   82.629570287654
0.9334970003205227   27.40551490409878   79.79810849638382
0.960862881429187   25.63432426678474   77.08353151369542
0.9890310055537336   23.973224853801245   74.47924263107089
1.0180248908061487   22.41574248821119   71.97907837147892
1.047868744742366   20.95575397093319   69.57727763062606
1.0785874845736239   19.587470382292604   67.26845328222399
1.1102067579703248   18.305418069863713   65.04749714107501
1.1427529644757777   17.1044123682313   62.9092807623281
1.1762532775476793   15.979556440656415   60.8489190046765
1.210735667245765   14.926231916783255   58.861871970421134
1.246228923584555   13.940084361232191   56.94392050420884
1.2827626805706884   13.0170094021719   55.091143663078164
1.3203674409449337   12.153139499923697   53.29989804153764
1.3590746016495152   11.344831332693651   51.56679874233209
1.3989164800420282   10.588653919616005   49.88866798747144
1.4399263408778291   9.881377377312827   48.26246253485055
1.4821384240834183   9.219961602745002   46.68534928858136
1.525587973344019   8.601545843794625   45.1547089891219
1.5703112655292182   8.02343885951745   43.66812226375385
1.6163456409812174   7.483109564590389   42.223356723897844
1.6637295346910133   6.978178138249364   40.81835500388597
1.7125025083885144   6.506407565896592   39.451224606289365
1.7627052835733923   6.065694813158104   38.12029140237277
1.814379775514258   5.6540630043850255   36.824118948433004
1.8675691282445197   5.269655654557791   35.5613923224189
1.922317750584177   4.910729871515634   34.330900561997716
1.9786713532176083   4.575649783815919   33.131530031536386
2.0366769868582977   4.262880320429328   31.96225813170086
2.0963830815323896   3.9709813255296122   30.822147319623102
2.1578394870138577   3.6986019614009016   29.710345233600968
2.2210975144450407   3.4444748700666556   28.626192564248022
2.286209979177315   3.2074114325266936   27.569191098653217
2.3532312448676476   2.986297720103927   26.538876691855098
2.4222172688678643   2.7800900305996907   25.534811664923648
2.4932256489445366   2.5878106516237964   24.55658230691494
2.5663156713684585   2.408543865239593   23.60379647659941
2.641548360413907   2.2414321812265516   22.67608130207022
2.7189865293089923   2.0856729207517106   21.773106657205606
2.798694832679631   1.9405159052881675   20.894791671725272
2.8807398205309562   1.805259399164747   20.041153828897585
2.9651899938111903   1.6792464067849497   19.212161947718958
3.05211586160442   1.5618619547839765   18.407737301719994
3.1415899999999994   1.452530535421267   17.627756350811296
