0.01   18281.39593758917   18271.272661837396
0.010293154462191829   18522.46283427429   18511.34979321265
0.010594902878253955   18757.606449889998   18745.41238517516
0.010905497183778876   18986.19909529409   18972.825367947105
0.011225196699963396   19207.594997030577   19192.935450505473
0.011554268350120923   19421.13886881137   19405.079818475377
0.011892986882540897   19626.14179416523   19608.560603521833
0.012241635099881474   19821.88318360837   19802.64689521624
0.012600504095286909   20007.63783502837   19986.603257918367
0.012969893495426888   20182.66782483885   20159.681513297335
0.013350111710660605   20346.19772812274   20321.095469946737
0.013741476192534558   20497.448064625216   20470.055130325643
0.014144313698828986   20635.644168193558   20605.775604261667
0.01455896056637426   20759.985855045794   20727.443803820726
0.014985762991865008   20869.660711328575   20834.23271598618
0.01542507732090645   20963.874358330297   20925.334172713963
0.015877270345534218   21041.83901700722   20999.946445143312
0.016342719610456153   21102.75466266614   21057.253899207888
0.016821813728271667   21145.84866579026   21096.469339597556
0.017314952703931925   21170.384448100234   21116.842910771207
0.017822548268711737   21175.642464489254   21117.63977781567
0.01834502422397195   21160.938846312874   21098.16088156478
0.018882816794999403   21125.646591048768   21057.766577790306
0.019436374995219892   21069.198940921644   20995.87889617834
0.02000616100108813   20991.093190176874   20911.98454866607
0.020592650537967844   20890.901482770223   20805.648419011693
0.021196333277324068   20768.283006996848   20676.527161693484
0.02181771324555934   20623.022034184243   20524.412027002887
0.022457309244835088   20455.00834748795   20349.20607649666
0.02311565528622961   20264.226951605204   20150.9119455475
0.023793301035594242   20050.832478556218   19929.712627310964
0.024490812272480036   19815.171607552362   19685.995462501003
0.025208771362518027   19557.6895779572   19420.249953464143
0.0259477777436476   19278.969844814997   19133.110712105532
0.02670844842659881   18979.902822422726   18825.540757103063
0.027491418510046592   18661.51255366142   18498.642064580985
0.028297341710866907   18324.89480964873   18153.587537919866
0.029126890909937666   17971.47233332519   17791.890720725743
0.029980758713939952   17602.96208539597   17415.369920234854
0.030859658033628758   17221.083686639202   17025.838956350995
0.031764322679055976   16827.669250911396   16625.220773265042
0.03269550797224261   16424.954292352235   16215.848859429334
0.033653991377811755   16015.170434318235   15800.043072659262
0.03464057315210884   15600.476548803657   15380.035370621074
0.03565607701135116   15183.535325835566   14958.52964305385
0.036701350819364466   14767.273261890665   14538.466996407244
0.03777726729548091   14354.367395619849   14122.527361811544
0.038884724743189276   13947.188966389682   13713.077535180057
0.04002464780014597   13547.74902073518   13312.12193299751
0.041197988210172884   13157.816433797225   12921.41604321635
0.04240572561788674   12779.085723977092   12542.613964842087
0.04364886838662332   12414.36058179184   12178.276380332569
0.04492845444033957   12066.834242736639   11831.260973642598
0.04624555213019635   11739.285258560882   11504.038921105142
0.04760126112654554   11432.99709589518   11197.635452253073
0.04899671333706607   11147.669513912379   10911.542989701918
0.05043307385181555   10882.910501548984   10645.180476813623
0.05191154191598653   10637.898383406115   10397.53191531441
0.053433351931179485   10411.305110110605   10167.064794158938
0.05499977448602865   10201.811251610878   9952.275766903225
0.05661211741704101   10007.313406999168   9750.999539635253
0.05827172690053434   9825.24934185243   9560.694875750829
0.05997998857658587   9652.926349443393   9378.753500181247
0.06173832870592997   9486.85470544241   9201.963875051855
0.0635482153607709   9323.486930641055   9027.11898039537
0.06541115965050462   9158.50505900874   8850.51195108201
0.06732871698337338   8987.264752254807   8668.276619412325
0.06930248836510605   8805.014661531122   8476.780896491066
0.07133412173562886   8606.933730928971   8272.66575828775
0.07342531334496233   8388.998403912618   8053.216241127432
0.07557780916945323   8148.216072028641   7816.516475059697
0.07779340636952398   7883.209344100252   7562.24283398858
0.08007395479015682   7594.525374706865   7291.9602346824495
0.08242135850536496   7284.681917122693   7008.4510817323435
0.08483757740794096   6957.9355614047045   6715.522057344368
0.08732462884580919   6620.032537462287   6418.075437432821
0.08988458930634863   6277.584574570523   6121.467305694057
0.09251959615009227   5938.239880383613   5831.352195776655
0.09523184939525078   5609.35838203592   5552.930235153654
0.09802361355455057   5298.871326372112   5291.343227314999
0.10089721952591899   5013.685361428083   5050.752760080519
0.10385506653859616   4759.819910416255   4834.0856728699455
0.10689962415629803   4540.987318825818   4642.829993929762
0.11003343433910281   4358.433914211424   4476.8691017388655
0.11325911356578279   4210.008865781994   4333.391065036896
0.11657935501835284   4091.017259159822   4207.964974193146
0.11999693083066039   3993.8359904345316   4095.4646277039797
0.12351469440289359   3909.2745405289506   3990.1457502934154
0.12713558278394044   3827.052382026877   3885.9735102882496
0.13086261912358757   3736.843338048374   3777.708878297131
0.13469891519660646   3629.7893939731766   3660.844330543185
0.13864767400083483   3499.830747383171   3533.4095034897814
0.14271219243142114   3345.0193438620913   3397.2913069281017
0.14689586403346616   3168.049678511521   3253.446859256555
0.1512021818353596   2975.9259907963924   3106.42636669511
0.15563474126517718   2779.183551864154   2962.0853239174285
0.16019724315257297   2590.3639757684537   2824.975071110189
0.1648934968186736   2421.4772133924175   2699.940588890184
0.1697274232565544   2280.834719867937   2589.9469285052332
0.17470305840495237   2170.9605233327825   2492.2342568700615
0.17982455651794954   2088.7679522737935   2406.40784456172
0.18509619363343993   2026.9569371403536   2328.6736670966393
0.19052237114327647   1974.9976234824214   2254.7537529448905
0.19610761946807834   1920.3682011170713   2180.5981415362508
0.20185660183976684   1851.9464002081477   2104.159129644997
0.20777411819498756   1764.5413759611404   2024.6418293534614
0.21386510918267082   1660.6505791490104   1943.3494047835572
0.22013466028907505   1548.6172717742331   1863.2964669697963
0.22658800608375756   1439.7626658415843   1787.120554975131
0.23323053459001789   1344.9507925433236   1716.9972117508776
0.2400677917834628   1270.3842642484392   1652.570493651055
0.24710548622244882   1215.3275652577581   1593.7687097822152
0.25434949381426813   1173.0207656992454   1538.6603312264508
0.2618058627210567   1132.8392142690586   1485.3935130244608
0.2694808184095226   1085.2748819774295   1432.5008202946258
0.27738076884870827   1026.7552074715027   1379.8488852759444
0.2855123098601282   960.7258595353105   1328.8259601682057
0.29388223062474755   895.1453746323142   1279.579835965846
0.3024975193514008   838.3599803228957   1233.4896943223046
0.31136536911138296   793.955153530717   1189.8812530717146
0.3204931838440838   759.0597413274791   1149.2230364447016
0.32988858453867975   726.9024701123068   1110.241368402925
0.3395594155970457   691.1030607201199   1071.9511525350545
0.34951375138319807   650.1507420782858   1034.9076986563127
0.3597599029647371   607.9813493370536   999.1768008367628
0.37030642505191835   569.9892349196951   965.277100220495
0.3811621231401457   538.7776555106122   933.2871921107518
0.3923360608618501   512.3626919314469   902.7948190445987
0.4038375675538918   486.3930414320577   873.5903000608545
0.41567624604680364   458.4234620572426   845.1106968141194
0.42786198068238046   429.8161257511623   817.6809016155621
0.4404049455663077   403.6077817470702   791.5865335921324
0.4533156130627191   381.0765892769165   766.6963912085882
0.4666047625377753   360.6524707306196   743.0287053742104
0.4802834893595659   340.18277588124283   720.1346108011138
0.49436321416184764   319.5088625211064   697.9668824397002
0.5088556923793517   300.1017960073488   676.7415775375132
0.5237730240626238   282.75321915073255   656.5807009719982
0.5391276639805903   266.64863709864323   637.2024962093075
0.5549324320192869   250.83863662441036   618.4929060146372
0.5712005238854289   235.55540603810036   600.3816778381479
0.5879455221237613   221.44764112334755   583.0365630561424
0.6051814074573895   208.40406163993742   566.4239834539267
0.622922570460556   195.90644044913262   550.3229553829476
0.6411838235736077   183.9488701085044   534.7326870800781
0.6599804134701901   172.81023826673783   519.755840280203
0.6793280337869897   162.36352034156712   505.29197941465793
0.6992428382266549   152.48721145175583   491.2949219045211
0.7197414540448374   143.15948675763053   477.73897804200425
0.7408409959326054   134.36038080901938   464.6005674838174
0.7625590803058332   126.06929926187293   451.8575911734546
0.7849138400134885   118.26523562579101   439.48933825254676
0.8079239394770964   110.92551196528518   427.47518720133934
0.8316085902740278   104.02387348138548   415.79250269337996
0.8559875671776167   97.53480478825726   404.41971415181894
0.8810812246675007   91.43427261314748   393.3368609527552
0.9069105139239728   85.69963774955339   382.52549718193256
0.9334970003205227   80.30957246596454   371.9686043831763
0.960862881429187   75.24398301498167   361.65051145035267
0.9890310055537336   70.48394718792508   351.55682928747683
1.0180248908061487   66.01191909944042   341.6746159486453
1.047868744742366   61.81161316002174   331.9923132540627
1.0785874845736239   57.86758643355064   322.49940328369036
1.1102067579703248   54.16518441499225   313.1863402413
1.1427529644757777   50.69050800045511   304.0445014964683
1.1762532775476793   47.43038125628656   295.0661412953152
1.210735667245765   44.37232001957123   286.2443467619689
1.246228923584555   41.504491106079264   277.57318575109946
1.2827626805706884   38.81562064968984   269.04889147792795
1.3203674409449337   36.295026336012974   260.66886222960886
1.3590746016495152   33.93262745225856   252.43089719177203
1.3989164800420282   31.71891379855804   244.33316666954588
1.4399263408778291   29.644915813057448   236.3741868420014
1.4821384240834183   27.702176090760034   228.55279481732708
1.525587973344019   25.882722247343715   220.8681249458452
1.5703112655292182   24.179044554556903   213.3204106609985
1.6163456409812174   22.58407613206671   205.91227504791794
1.6637295346910133   21.09115952246766   198.64651820024164
1.7125025083885144   19.694023016194233   191.52567752734774
1.7627052835733923   18.386759980292815   184.55202819445958
1.814379775514258   17.163809169260514   177.72758421084706
1.8675691282445197   16.01993598059767   171.0541001530421
1.922317750584177   14.950214436950407   164.5331079618099
1.9786713532176083   13.950005505174774   158.166847626583
2.0366769868582977   13.014941997601383   151.95820629200472
2.0963830815323896   12.14091940413061   145.90956424769448
2.1578394870138577   11.324081247242813   140.02275715491203
2.2210975144450407   10.56080488180796   134.2991031182781
2.286209979177315   9.847688050414625   128.73943025646156
2.3532312448676476   9.18153615812903   123.34410458699179
2.4222172688678643   8.559351090573424   118.11314129705893
2.4932256489445366   7.978324921014584   113.04675126419241
2.5663156713684585   7.435823996842446   108.14492180673518
2.641548360413907   6.929375666302941   103.40713287727942
2.7189865293089923   6.456659034742258   98.83239640903435
2.798694832679631   6.015496219236814   94.41929656173741
2.8807398205309562   5.603844061887436   90.16602891850775
2.9651899938111903   5.219786272994938   86.07043793313552
3.05211586160442   4.86151983013141   82.12964621766612
3.1415899999999994   4.527339711084281   78.33948343405791
