0.01   3203.3263684697595   3203.277677230797
0.010293154462191829   3247.985275128505   3247.9357352392412
0.010594902878253955   3291.9282788778232   3291.8775668461467
0.010905497183778876   3335.0650222508175   3335.013000366223
0.011225196699963396   3377.3031582971244   3377.2498850558104
0.011554268350120923   3418.545852275286   3418.491464186299
0.011892986882540897   3458.6897052841896   3458.6341907279416
0.012241635099881474   3497.6291881896836   3497.572356489961
0.012600504095286909   3535.2567672301966   3535.1982603500064
0.012969893495426888   3571.459696937146   3571.399106772461
0.013350111710660605   3606.1227142017074   3606.059630529627
0.013741476192534558   3639.1298722232723   3639.0638831735723
0.014144313698828986   3670.361013041628   3670.29166487152
0.01455896056637426   3699.691033102183   3699.6177779756035
0.014985762991865008   3726.994994642653   3726.917186450705
0.01542507732090645   3752.1477597631106   3752.0646518375524
0.015877270345534218   3775.020550334467   3774.9312873249523
0.016342719610456153   3795.4852490538733   3795.3888657158504
0.016821813728271667   3813.4161955713025   3813.311614463724
0.017314952703931925   3828.6870183497936   3828.572973152614
0.017822548268711737   3841.171744023071   3841.04671181054
0.01834502422397195   3850.7490064597905   3850.6112092560174
0.018882816794999403   3857.3020836945607   3857.1494726854608
0.019436374995219892   3860.718046503316   3860.5482472013687
0.02000616100108813   3860.890664948004   3860.700977545414
0.020592650537967844   3857.721849377116   3857.5092756084387
0.021196333277324068   3851.1239850498278   3850.885377077914
0.02181771324555934   3841.020115970969   3840.7522785684355
0.022457309244835088   3827.3437321906763   3827.043446120998
0.02311565528622961   3810.0438925903372   3809.707956118536
0.023793301035594242   3789.090117941694   3788.7154064596975
0.024490812272480036   3764.4650685137585   3764.048562355914
0.025208771362518027   3736.166806935114   3735.705694641412
0.0259477777436476   3704.2265068412876   3703.718771965251
0.02670844842659881   3668.696490366517   3668.14115337777
0.027491418510046592   3629.641646708655   3629.038751950588
0.028297341710866907   3587.1611171290083   3586.512003397821
0.029126890909937666   3541.395273316806   3540.7029303456725
0.029980758713939952   3492.4950876801336   3491.7640948382023
0.030859658033628758   3440.630586963552   3439.8670909656084
0.031764322679055976   3386.0324174086095   3385.244404365773
0.03269550797224261   3328.948560537802   3328.1458085179343
0.033653991377811755   3269.6281910925322   3268.822092889614
0.03464057315210884   3208.3709883602432   3207.57447971019
0.03565607701135116   3145.5199106118666   3144.747381310884
0.036701350819364466   3081.4062927747045   3080.673380098811
0.03777726729548091   3016.36820972915   3015.6913757073435
0.038884724743189276   2950.795183153618   2950.1908534659415
0.04002464780014597   2885.065164263244   2884.5494988768014
0.041197988210172884   2819.531107921978   2819.1198538052868
0.04240572561788674   2754.5452143086422   2754.2525832675587
0.04364886838662332   2690.4483094509196   2690.2863280056563
0.04492845444033957   2627.5513373305635   2627.5300009820176
0.04624555213019635   2566.18158485405   2566.306752815057
0.04760126112654554   2506.7331975529887   2507.002043811225
0.04899671333706607   2449.574399239294   2449.975640570658
0.05043307385181555   2394.992356411554   2395.5071135160733
0.05191154191598653   2343.0129509558874   2343.6154812302934
0.053433351931179485   2293.580789324162   2294.2390841541664
0.05499977448602865   2246.614772100827   2247.2912469075554
0.05661211741704101   2201.8889893966602   2202.54188664776
0.05827172690053434   2159.142805706865   2159.726819178536
0.05997998857658587   2118.085178245559   2118.553152844636
0.06173832870592997   2078.31277443269   2078.6198332231165
0.0635482153607709   2039.4223787949027   2039.5268490519973
0.06541115965050462   2000.9411296014619   2000.8098646314397
0.06732871698337338   1962.347871001909   1961.9604779116848
0.06930248836510605   1923.1051600465094   1922.4580572557395
0.07133412173562886   1882.5922540019887   1881.7084494695864
0.07342531334496233   1840.2172677355065   1839.1496411206576
0.07557780916945323   1795.3967797674723   1794.2425369000216
0.07779340636952398   1747.6284906792068   1746.5301527247732
0.08007395479015682   1696.610820713547   1695.7558128655705
0.08242135850536496   1642.2160804691598   1641.8305308047857
0.08483757740794096   1584.6648436178436   1585.0036347692396
0.08732462884580919   1524.398335595166   1525.7325854252572
0.08988458930634863   1462.188927014714   1464.787922472908
0.09251959615009227   1398.951442225556   1403.0641998903093
0.09523184939525078   1335.7498858593822   1341.5819414250382
0.09802361355455057   1273.6972666389397   1281.391419401776
0.10089721952591899   1213.8811221897847   1223.5083103023558
0.10385506653859616   1157.3263126840648   1168.869387022858
0.10689962415629803   1104.9658219808505   1118.3112380079397
0.11003343433910281   1057.5043896309276   1072.4302718984368
0.11325911356578279   1015.4082868544261   1031.5913712392958
0.11657935501835284   978.6591101223805   995.720370977345
0.11999693083066039   946.8528570410392   964.3876776563205
0.12351469440289359   919.0479518805935   936.6620100888761
0.12713558278394044   893.9705213835712   911.3602540745893
0.13086261912358757   870.1264366240963   887.1423710922749
0.13469891519660646   845.9785457753986   862.6393894118743
0.13864767400083483   820.1610111604117   836.689867281707
0.14271219243142114   791.6351617801289   808.4542047094355
0.14689586403346616   759.8879569594778   777.5305336170665
0.1512021818353596   725.05779596959   744.1528660539053
0.15563474126517718   687.9145647275108   709.0555996248393
0.16019724315257297   649.7424672199551   673.3384695341481
0.1648934968186736   612.1414550634591   638.3700753169422
0.1697274232565544   576.8031418420995   605.5129508366745
0.17470305840495237   545.219023916541   575.9273960166802
0.17982455651794954   518.3032083520562   550.2889230745358
0.18509619363343993   496.07929067759244   528.4508289551534
0.19052237114327647   477.65898724439563   509.6242742719187
0.19610761946807834   461.5583798777368   492.62995398185166
0.20185660183976684   446.0961444963504   476.13721682063937
0.20777411819498756   429.67269210010375   458.96887485130713
0.21386510918267082   411.1084273240017   440.3256947964994
0.22013466028907505   390.13985158321617   420.1318276200705
0.22658800608375756   367.62943438252427   399.10858218005353
0.23323053459001789   345.1316794302567   378.3853870666168
0.2400677917834628   324.2286322985239   359.0688754828594
0.24710548622244882   306.08509215382736   341.8611951355469
0.25434949381426813   291.09473344804775   326.97385340807386
0.2618058627210567   278.6630581779121   313.8317082084375
0.2694808184095226   267.469959892473   301.6258107977878
0.27738076884870827   256.06840550965416   289.44302635359173
0.2855123098601282   243.48452422910384   276.7014802653062
0.29388223062474755   229.7316260203286   263.4706577630904
0.3024975193514008   215.75064394863793   250.45343790210586
0.31136536911138296   202.69301508779486   238.18996557215704
0.3204931838440838   191.37433311880127   227.12042112324357
0.32988858453867975   181.8413016799145   217.19398154112557
0.3395594155970457   173.3311170343746   207.96100527565196
0.34951375138319807   164.86898774251264   198.90683943146902
0.3597599029647371   155.91924177553352   189.84294614508454
0.37030642505191835   146.67228719403874   180.89381420270124
0.3811621231401457   137.83820104200257   172.36710548989902
0.3923360608618501   129.97981285753661   164.4535410835704
0.4038375675538918   123.08441066969338   157.14964212802565
0.41567624604680364   116.67612745801759   150.2268983387618
0.42786198068238046   110.26141998099105   143.48031547280672
0.4404049455663077   103.78317083504798   136.9177949506149
0.4533156130627191   97.58026273824477   130.66846723875608
0.4666047625377753   91.94671719905044   124.79976312548916
0.4802834893595659   86.83163681860268   119.27975023452655
0.49436321416184764   81.95115568319653   114.00612581667156
0.5088556923793517   77.14992315354662   108.92871697540852
0.5237730240626238   72.53203775116914   104.07885360800847
0.5391276639805903   68.2581378387283   99.49832239418379
0.5549324320192869   64.30425015334649   95.15425659453723
0.5712005238854289   60.53575606897211   91.01243877335754
0.5879455221237613   56.90613164772268   87.05564052825268
0.6051814074573895   53.4827764320912   83.29446255473384
0.622922570460556   50.29428208063191   79.72930860404722
0.6411838235736077   47.285301986645536   76.33473573155273
0.6599804134701901   44.41894071018358   73.09959684515972
0.6793280337869897   41.715515667800936   70.02403190616873
0.6992428382266549   39.18202671795527   67.10160341431725
0.7197414540448374   36.7907543820239   64.32256666226476
0.7408409959326054   34.52947713488963   61.67198320723844
0.7625590803058332   32.40104044829642   59.151127144053916
0.7849138400134885   30.398825668646776   56.754558423747426
0.8079239394770964   28.514851457939667   54.47493557488953
0.8316085902740278   26.74172612770349   52.30540767051806
0.8559875671776167   25.07271674201676   50.23965607603501
0.8810812246675007   23.50211041512894   48.27214394451932
0.9069105139239728   22.024644474986136   46.39776789919248
0.9334970003205227   20.63529084422275   44.61170942024632
0.960862881429187   19.32924952130541   42.90941804477956
0.9890310055537336   18.101941939486455   41.286595637721405
1.0180248908061487   16.94900418478216   39.73918162815934
1.047868744742366   15.866278916822981   38.26333291049157
1.0785874845736239   14.849774244291416   36.85522645344984
1.1102067579703248   13.895661999416548   35.51104783592143
1.1427529644757777   13.000316899714937   34.22721451007748
1.1762532775476793   12.16030942796861   33.00037251667802
1.210735667245765   11.372396317476843   31.827380384262202
1.246228923584555   10.633511426186995   30.705294269652903
1.2827626805706884   9.940756988925177   29.631354236651653
1.3203674409449337   9.291396734037306   28.60293480674334
1.3590746016495152   8.682852603108683   27.617406745691223
1.3989164800420282   8.112690593297659   26.67226893975715
1.4399263408778291   7.578611425323048   25.765190229321693
1.4821384240834183   7.07844388944754   24.893996978454865
1.525587973344019   6.61013845955429   24.05666166310919
1.5703112655292182   6.171761168859078   23.251292393376332
1.6163456409812174   5.761487683570986   22.476121518083467
1.6637295346910133   5.37759619345709   21.72944888523154
1.7125025083885144   5.0184623567697315   21.009635457596097
1.7627052835733923   4.682556099704072   20.31515429303409
1.814379775514258   4.368436674034004   19.64458569463031
1.8675691282445197   4.074747843214453   18.996609754700767
1.922317750584177   3.8002132978753584   18.36999950004375
1.9786713532176083   3.543632292003585   17.763614582176846
2.0366769868582977   3.3038752444654818   17.176380327831673
2.0963830815323896   3.0798790671672047   16.607233515152934
2.1578394870138577   2.8706444488340264   16.05517404916752
2.2210975144450407   2.6752325808480157   15.519279961920642
2.286209979177315   2.492761711057847   14.998702274606295
2.3532312448676476   2.3224038777727203   14.492660245224945
2.4222172688678643   2.163381815709518   14.00043696255069
2.4932256489445366   2.0149660729059025   13.521379014120711
2.5663156713684585   1.8764733503447997   13.054985864599418
2.641548360413907   1.7472635695851904   12.600897468763614
2.7189865293089923   1.6267359873821616   12.158780221019397
2.798694832679631   1.514326880868117   11.72831991213317
2.8807398205309562   1.4095074209045408   11.30922045242616
2.9651899938111903   1.311781655045596   10.901202653494959
3.05211586160442   1.220684595469254   10.504003065114109
3.1415899999999994   1.1357793168518184   10.117339865394793
