0.01   10016.118065463566   10015.333888277828
0.010293154462191829   10102.541079463981   10101.720734074514
0.010594902878253955   10183.734798903308   10182.875466942402
0.010905497183778876   10259.366807334263   10258.465330472092
0.011225196699963396   10329.101634798733   10328.15463010209
0.011554268350120923   10392.60792825231   10391.611795042974
0.011892986882540897   10449.547137915673   10448.497941882159
0.012241635099881474   10499.569742516176   10498.463050326614
0.012600504095286909   10542.333753280465   10541.164632225524
0.012969893495426888   10577.503896328139   10576.266906719697
0.013350111710660605   10604.737644483424   10603.426740126222
0.013741476192534558   10623.701116766482   10622.309635798301
0.014144313698828986   10634.076782288   10632.597469674556
0.01455896056637426   10635.551416900833   10633.976174753849
0.014985762991865008   10627.818282278015   10626.137925360736
0.01542507732090645   10610.594234326332   10608.79854132585
0.015877270345534218   10583.6191950433   10581.696935723376
0.016342719610456153   10546.649670596194   10544.588525861218
0.016821813728271667   10499.471608993264   10497.258244883029
0.017314952703931925   10441.9057332978   10439.525903607573
0.017822548268711737   10373.8103082211   10371.24865135304
0.01834502422397195   10295.083313334944   10292.32326564196
0.018882816794999403   10205.664297619205   10202.688285096805
0.019436374995219892   10105.5460051379   10102.336178201322
0.02000616100108813   9994.789148613732   9991.328829842809
0.020592650537967844   9873.502590881371   9869.776612339683
0.021196333277324068   9741.846856600498   9737.841846785423
0.02181771324555934   9600.085999007912   9595.791832634874
0.022457309244835088   9448.556703545002   9443.967225234072
0.02311565528622961   9287.635239240084   9282.748223420973
0.023793301035594242   9117.79587350774   9112.614260523633
0.024490812272480036   8939.647252729312   8934.1811713399
0.025208771362518027   8753.8272801788   8748.093769621792
0.0259477777436476   8561.01726532502   8555.039955033488
0.02670844842659881   8362.084480955878   8355.8945117641
0.027491418510046592   8157.950547191677   8151.58629009153
0.028297341710866907   7949.516910647396   7943.0230139590385
0.029126890909937666   7737.814523243124   7731.241722879466
0.029980758713939952   7524.019199304523   7517.424207505902
0.030859658033628758   7309.241301048951   7302.685671718268
0.031764322679055976   7094.571131859007   7088.119332312857
0.03269550797224261   6881.272192504863   6874.9872857261025
0.033653991377811755   6670.554653336574   6664.496951698785
0.03464057315210884   6463.508405645822   6457.734959035556
0.03565607701135116   6261.289652793258   6255.848556844385
0.036701350819364466   6065.0834921732685   6060.009594456064
0.03777726729548091   5875.923887667473   5871.240064098098
0.038884724743189276   5694.671642339125   5690.384285053418
0.04002464780014597   5521.976878795484   5518.060139131776
0.041197988210172884   5358.371457834926   5354.767924884998
0.04240572561788674   5204.3052511558335   5200.929174291519
0.04364886838662332   5060.2143236475   5056.947116628173
0.04492845444033957   4926.5085981269585   4923.19711684275
0.04624555213019635   4803.529429553245   4799.9890585835765
0.04760126112654554   4690.790865959518   4686.81333286346
0.04899671333706607   4586.702044274333   4582.065000030571
0.05043307385181555   4489.722276481339   4484.190732917764
0.05191154191598653   4398.501184055754   4391.830424998883
0.053433351931179485   4311.888135074573   4303.827710243322
0.05499977448602865   4228.7959764093675   4219.093228025236
0.05661211741704101   4147.705989624276   4136.143641200717
0.05827172690053434   4066.790035380585   4053.2164243360103
0.05997998857658587   3984.2018563701617   3968.547850958416
0.06173832870592997   3897.682853877261   3880.0252981816684
0.0635482153607709   3805.0550577528334   3785.6285731756575
0.06541115965050462   3704.368783029194   3683.590367044928
0.06732871698337338   3593.9685097432684   3572.4443023414365
0.06930248836510605   3473.080923705456   3451.597154063334
0.07133412173562886   3341.9571198211493   3321.465341124316
0.07342531334496233   3201.5895910283725   3183.126917679388
0.07557780916945323   3053.8973240233076   3038.4857671449226
0.07779340636952398   2901.3109316145797   2889.918746724335
0.08007395479015682   2746.8357570735593   2740.3515072822474
0.08242135850536496   2593.5607265957747   2592.694974265562
0.08483757740794096   2444.57809574266   2449.7782623846033
0.08732462884580919   2303.0692428441007   2314.4712939657707
0.08988458930634863   2172.035855068359   2189.4220389066863
0.09251959615009227   2054.2534761389365   2076.879293068099
0.09523184939525078   1951.732233518435   1978.420271670678
0.09802361355455057   1865.149575343748   1894.4726908271546
0.10089721952591899   1794.1818476883295   1824.5628650791527
0.10385506653859616   1736.6731557076205   1766.494867253057
0.10689962415629803   1689.662050877006   1717.4494309071576
0.11003343433910281   1649.1973851418456   1673.906621315337
0.11325911356578279   1611.0437148635378   1632.2055249505909
0.11657935501835284   1570.942468784866   1588.7850790965188
0.11999693083066039   1525.1215111307486   1540.6819528592446
0.12351469440289359   1470.9221914604004   1485.913538782154
0.12713558278394044   1407.2021626993817   1423.7787641094617
0.13086261912358757   1334.660546298256   1355.2078231620255
0.13469891519660646   1255.5226654318685   1282.2207434263491
0.13864767400083483   1173.3154224337754   1207.735810966817
0.14271219243142114   1092.6303076316808   1135.446988862827
0.14689586403346616   1018.4950700530808   1069.0087150759628
0.1512021818353596   954.8929569605373   1011.1544539195206
0.15563474126517718   903.5511363541378   962.9124874305224
0.16019724315257297   863.6571129766324   923.3250668158653
0.1648934968186736   832.6878659200233   890.1479106076439
0.1697274232565544   807.2327783659342   860.9064850501968
0.17470305840495237   783.0293497488491   832.5672193093992
0.17982455651794954   755.540905201453   802.1516354980148
0.18509619363343993   721.8845626780359   768.0352223552086
0.19052237114327647   682.0948265714428   730.5190197069236
0.19610761946807834   638.6137629283505   691.4539395279869
0.20185660183976684   594.9296486090068   653.1748998655606
0.20777411819498756   554.8225229925297   617.7889580255558
0.21386510918267082   521.1455518425843   586.8712240162216
0.22013466028907505   494.53791043542753   560.5406263156443
0.22658800608375756   473.493780850377   537.5076520503742
0.23323053459001789   455.05473545186715   516.1918654943348
0.2400677917834628   435.78505140544337   494.80844807649277
0.24710548622244882   413.6917117779314   472.4192578283628
0.25434949381426813   389.1257021658778   449.4552052946704
0.2618058627210567   363.8985485087812   426.80670963822314
0.2694808184095226   340.4439597085137   405.58872725665435
0.27738076884870827   320.55193670008515   386.54462802764266
0.2855123098601282   304.11251744433173   369.3206843982352
0.29388223062474755   289.620511457639   353.29572570596144
0.3024975193514008   275.2308903531315   337.69559971781786
0.31136536911138296   259.85008064364547   322.24095533870184
0.3204931838440838   243.93819095463124   307.0701690343063
0.32988858453867975   228.77384561279624   292.6743893065244
0.3395594155970457   215.29276992065576   279.31389251228177
0.34951375138319807   203.52324040909005   266.8744316626283
0.3597599029647371   192.62724668333462   255.0719662702671
0.37030642505191835   181.77773081930496   243.68258796722822
0.3811621231401457   170.89827168762378   232.70754890827263
0.3923360608618501   160.49075896925848   222.25914814922794
0.4038375675538918   151.00789830649768   212.41914787248655
0.41567624604680364   142.36407177905818   203.13364229929874
0.42786198068238046   134.17029012552754   194.28618225127585
0.4404049455663077   126.1775497502764   185.81390315466317
0.4533156130627191   118.53215744856296   177.76043160597416
0.4666047625377753   111.42209819913582   170.12317119682584
0.4802834893595659   104.82516031763298   162.88460142546367
0.49436321416184764   98.56942769295354   155.9933147043749
0.5088556923793517   92.59107077696456   149.4236585115069
0.5237730240626238   86.95571174191404   143.18128778203894
0.5391276639805903   81.68807178488528   137.25578481009487
0.5549324320192869   76.7282909473399   131.62128713621942
0.5712005238854289   72.02895864330539   126.25530023107362
0.5879455221237613   67.60096807173412   121.15287951785433
0.6051814074573895   63.44485199016985   116.30133880685412
0.622922570460556   59.53090155601943   111.68549039365764
0.6411838235736077   55.84258497395628   107.29328942650892
0.6599804134701901   52.37289232164594   103.11261557240071
0.6793280337869897   49.10965849450148   99.13217096434265
0.6992428382266549   46.041168429254164   95.34131898655792
0.7197414540448374   43.156337716019976   91.73003799965213
0.7408409959326054   40.44468059249511   88.28888337417696
0.7625590803058332   37.896279457411836   85.00895200362929
0.7849138400134885   35.50175803555099   81.8818375390672
0.8079239394770964   33.2523104167869   78.89929040766162
0.8316085902740278   31.139663050233054   76.0532070178662
0.8559875671776167   29.155976440424705   73.33597940489035
0.8810812246675007   27.293821909892948   70.74047990603108
0.9069105139239728   25.546163055258294   68.26002767035976
0.9334970003205227   23.90633781103981   65.88835771652612
0.960862881429187   22.368040842951046   63.61958803237762
0.9890310055537336   20.925294316468303   61.447991874531375
1.0180248908061487   19.572430611671432   59.367920321919286
1.047868744742366   18.304096806157823   57.37408056241527
1.0785874845736239   17.115240136534027   55.46153272593238
1.1102067579703248   16.00109253777585   53.62566425638701
1.1427529644757777   14.957155880252303   51.862166373100884
1.1762532775476793   13.979187878886663   50.167011294536536
1.210735667245765   13.063188549687748   48.53632065998841
1.246228923584555   12.205387345879712   46.96627248128829
1.2827626805706884   11.402231149825887   45.45329009006975
1.3203674409449337   10.650372650768555   43.994046978688466
1.3590746016495152   9.94665925702271   42.58544907868397
1.3989164800420282   9.28812254448197   41.22461851316352
1.4399263408778291   8.671968219422471   39.90887857019755
1.4821384240834183   8.095566439454654   38.63570670208669
1.525587973344019   7.556442611098474   37.40268202664355
1.5703112655292182   7.0522691135952575   36.20754986965531
1.6163456409812174   6.580857151719903   35.0482224515014
1.6637295346910133   6.140148971440163   33.92276796167873
1.7125025083885144   5.728210475207228   32.82940047939506
1.7627052835733923   5.343224218970824   31.766470664571262
1.814379775514258   4.983482586414596   30.73247613682163
1.8675691282445197   4.647381187733457   29.726089695100764
1.922317750584177   4.333413490062026   28.746097584557113
1.9786713532176083   4.040165271030485   27.79138078882409
2.0366769868582977   3.766309246177453   26.860909185381168
2.0963830815323896   3.510599987800653   25.95373604581846
2.1578394870138577   3.271869120998797   25.068992846659718
2.2210975144450407   3.049020524748085   24.205906003564895
2.286209979177315   2.8410253727057215   23.363854138049795
2.3532312448676476   2.646919099441463   22.542286703660793
2.4222172688678643   2.46579782515456   21.74069594733902
2.4932256489445366   2.2968146842084183   20.958613910542603
2.5663156713684585   2.139176365010805   20.195609548548113
2.641548360413907   1.99213984985077   19.451285959949075
2.7189865293089923   1.8550096160897374   18.72531879061564
2.798694832679631   1.7271357885831427   18.017623403553298
2.8807398205309562   1.607910095435995   17.3281738051273
2.9651899938111903   1.4967628161976831   16.65692051633321
3.05211586160442   1.3931604557021509   16.00379140733767
3.1415899999999994   1.2966035492244237   15.368692621142403
