0.01   99.0501367347755   99.05013543417913
0.010293154462191829   100.49680096435866   100.49679976263214
0.010594902878253955   101.92315838527067   101.92315739274814
0.010905497183778876   103.32643415311708   103.32643339630646
0.011225196699963396   104.70366220794848   104.70366163381117
0.011554268350120923   106.05168283933527   106.05168232038599
0.011892986882540897   107.36726632396874   107.36726565520534
0.012241635099881474   108.6470739854226   108.64707294484774
0.012600504095286909   109.887540094853   109.8875386588321
0.012969893495426888   111.08501317203645   111.08501157021155
0.013350111710660605   112.23579786031019   112.23579656380768
0.013741476192534558   113.33610313889088   113.33610255714193
0.014144313698828986   114.38207095010975   114.38207119743838
0.01455896056637426   115.36983751272976   115.36983839166008
0.014985762991865008   116.29542709557452   116.29542819428347
0.01542507732090645   117.15459611897391   117.15459706137811
0.015877270345534218   117.94309229714317   117.94309278253368
0.016342719610456153   118.65671102675465   118.65671080645933
0.016821813728271667   119.29127676317172   119.29127540233395
0.017314952703931925   119.84268573253281   119.84268248056901
0.017822548268711737   120.30695102306572   120.3069448125626
0.01834502422397195   120.68011440832878   120.6801040746935
0.018882816794999403   120.95819161894272   120.95817627590796
0.019436374995219892   121.13737103284703   121.13735011581332
0.02000616100108813   121.21407651581299   121.21404963125201
0.020592650537967844   121.18507954428847   121.1850455266727
0.021196333277324068   121.04746342462832   121.04741998865829
0.02181771324555934   120.79861506084883   120.79855883766312
0.022457309244835088   120.43635691831064   120.43628417398314
0.02311565528622961   119.95899342106338   119.95890092395587
0.023793301035594242   119.36520502461575   119.36509011063559
0.024490812272480036   118.65420210679495   118.65406272665554
0.025208771362518027   117.82618993353243   117.82602481414801
0.0259477777436476   116.88192408177709   116.88173275962603
0.02670844842659881   115.82259851656474   115.822381310883
0.027491418510046592   114.65058352820347   114.65034132325384
0.028297341710866907   113.36929638604416   113.36903043754467
0.029126890909937666   111.9824967681334   111.98220867809542
0.029980758713939952   110.49482062508642   110.49451282357043
0.030859658033628758   108.9128134868385   108.91249062983933
0.031764322679055976   107.24343621384936   107.2431052921251
0.03269550797224261   105.49385180602283   105.49352191656911
0.033653991377811755   103.6728725332105   103.6725541725427
0.03464057315210884   101.7902017728972   101.78990634538658
0.03565607701135116   99.8552965357566   99.85503620239406
0.036701350819364466   97.87884936371216   97.87863661258625
0.03777726729548091   95.87422219968396   95.8740691534327
0.038884724743189276   93.85437117369965   93.85428947838167
0.04002464780014597   91.83127340072642   91.8312741380738
0.041197988210172884   89.8150906911668   89.81518385572511
0.04240572561788674   87.81477988564022   87.8149742038841
0.04364886838662332   85.83864169142461   85.83894465445098
0.04492845444033957   83.89776758947018   83.8981827451685
0.04624555213019635   82.00734620646129   82.00786945616828
0.04760126112654554   80.18156580111541   80.18218583372618
0.04899671333706607   78.43120239911102   78.43190103436305
0.05043307385181555   76.75899229118984   76.75974384382744
0.05191154191598653   75.16586261781688   75.16663427240017
0.053433351931179485   73.65125634425972   73.6520087402353
0.05499977448602865   72.20996215572038   72.2106499139801
0.05661211741704101   70.83607351050725   70.83664566494389
0.05827172690053434   69.52171834021085   69.52211936886863
0.05997998857658587   68.25527311426929   68.25544447284183
0.06173832870592997   67.02507602635148   67.02495716109618
0.0635482153607709   65.81654805114226   65.81608249979574
0.06541115965050462   64.61395385604662   64.61309268844765
0.06732871698337338   63.40027798653852   63.398981853083654
0.06930248836510605   62.15601765216724   62.15426002845971
0.07133412173562886   60.86204243514746   60.85981516010397
0.07342531334496233   59.49815862843785   59.49548766792847
0.07557780916945323   58.04636447361319   58.04331183990996
0.07779340636952398   56.492847340052755   56.48951193480483
0.08007395479015682   54.82879850325175   54.82531216689593
0.08242135850536496   53.05513579006594   53.051655848848114
0.08483757740794096   51.18016032414936   51.1768660478102
0.08732462884580919   49.223132836357316   49.22022597609058
0.08988458930634863   47.209707433176035   47.20738570236117
0.09251959615009227   45.17167268218013   45.17009748164935
0.09523184939525078   43.1449252069873   43.14421279232712
0.09802361355455057   41.165147853910234   41.16536686636692
0.10089721952591899   39.26820774385269   39.269356732306775
0.10385506653859616   37.48727611468035   37.4892741869935
0.10689962415629803   35.850841253558336   35.853505719555926
0.11003343433910281   34.380423282700576   34.383474873399194
0.11325911356578279   33.084965354033045   33.08805412807366
0.11657935501835284   31.960475155828536   31.963200971291393
0.11999693083066039   30.98653286657142   30.98847089439075
0.12351469440289359   30.128244084137076   30.12902191124631
0.12713558278394044   29.34110426690341   29.340459512920592
0.13086261912358757   28.57444779052556   28.572267761725403
0.13469891519660646   27.779108325457262   27.775454595198557
0.13864767400083483   26.912678369228708   26.90781927424641
0.14271219243142114   25.945956008575404   25.940387946709123
0.14689586403346616   24.869267826746018   24.863607873518493
0.1512021818353596   23.694702143815235   23.689606818800616
0.15563474126517718   22.45476601500783   22.450839721865556
0.16019724315257297   21.19741504048634   21.195084129833216
0.1648934968186736   19.979015519212425   19.978425329062905
0.1697274232565544   18.855681071388265   18.856629034210567
0.17470305840495237   17.871789415124447   17.87370766435673
0.17982455651794954   17.04741116057694   17.049499653440325
0.18509619363343993   16.371291445571757   16.372625938464832
0.19052237114327647   15.804977741051664   15.804787170537253
0.19610761946807834   15.29481648596303   15.292706999948967
0.20185660183976684   14.783246141087545   14.779256566423847
0.20777411819498756   14.218790753814085   14.213429860515282
0.21386510918267082   13.571347677200515   13.565632472919145
0.22013466028907505   12.847391063079444   12.842403318145719
0.22658800608375756   12.088061307009902   12.084550936646831
0.23323053459001789   11.349446543438725   11.347675246621025
0.2400677917834628   10.682708570062216   10.682262087808732
0.24710548622244882   10.11988188218707   10.119871702322753
0.25434949381426813   9.661444792404128   9.660719007493103
0.2618058627210567   9.274647622799986   9.272398957676062
0.2694808184095226   8.908981059592694   8.905023568422374
0.27738076884870827   8.517365576984705   8.512269022813806
0.2855123098601282   8.077815207660189   8.07267692345388
0.29388223062474755   7.605525703677358   7.601358107994771
0.3024975193514008   7.140131142780697   7.137279072453374
0.31136536911138296   6.720857779252143   6.718940749146624
0.3204931838440838   6.367233712539563   6.365204640817839
0.32988858453867975   6.068177394643978   6.065181760057703
0.3395594155970457   5.789813553395961   5.785626470555045
0.34951375138319807   5.50076188814381   5.495914103504949
0.3597599029647371   5.19154957734812   5.186958027000763
0.37030642505191835   4.879297996004282   4.8755525194426275
0.3811621231401457   4.5912690678394945   4.588147746706519
0.3923360608618501   4.34070671122311   4.337454519880821
0.4038375675538918   4.1189239924354535   4.114996453939667
0.41567624604680364   3.9051059361506715   3.900574928811811
0.42786198068238046   3.685984919518712   3.68142947833331
0.4404049455663077   3.4670343068303406   3.4629203061245746
0.4533156130627191   3.262960367790912   3.259174315567144
0.4666047625377753   3.080384450989089   3.076451617851856
0.4802834893595659   2.9122694801788085   2.907948673850899
0.49436321416184764   2.747915452408795   2.7434456862611563
0.5088556923793517   2.5856719960291943   2.5813874274975404
0.5237730240626238   2.432343993931032   2.4282625699052014
0.5391276639805903   2.2919364751920326   2.287799816706263
0.5549324320192869   2.1607740845685295   2.156468097834216
0.5712005238854289   2.034021533779963   2.029721655313306
0.5879455221237613   1.9123285242850938   1.9081720064890366
0.6051814074573895   1.7987184504283125   1.7946197056909958
0.622922570460556   1.692754022594266   1.6886179196645486
0.6411838235736077   1.5918810997951127   1.5877666609119692
0.6599804134701901   1.4957834762385775   1.4917721737034566
0.6793280337869897   1.4056347945276177   1.401690791624187
0.6992428382266549   1.3209641992893177   1.3170516814253468
0.7197414540448374   1.241004022018475   1.2371373036074804
0.7408409959326054   1.1654430191492149   1.1616480960993734
0.7625590803058332   1.0941170773528825   1.0904114271851497
0.7849138400134885   1.0268609267670707   1.0232546348037972
0.8079239394770964   0.963506669471254   0.9600038051339842
0.8316085902740278   0.9038787647404635   0.9004793812452256
0.8559875671776167   0.8477748644158459   0.8444793790205319
0.8810812246675007   0.7949943172991688   0.7918043499713863
0.9069105139239728   0.745347653510659   0.7422656707386991
0.9334970003205227   0.698655961914881   0.6956849762678069
0.960862881429187   0.6547503018968177   0.6518936209801707
0.9890310055537336   0.6134711487060748   0.6107321676282449
1.0180248908061487   0.5746679978580184   0.5720500252710893
1.047868744742366   0.5382010769020238   0.5357071141429157
1.0785874845736239   0.5039399502285754   0.5015725328055775
1.1102067579703248   0.47176069408980414   0.46952184564465377
1.1427529644757777   0.44154555725066397   0.43943676347929717
1.1762532775476793   0.4131827173330596   0.41120491397954556
1.210735667245765   0.38656604157675667   0.3847196142108524
1.246228923584555   0.3615948521172569   0.3598796456281365
1.2827626805706884   0.3381734737626908   0.3365887886453682
1.3203674409449337   0.3162107071691351   0.3147552732854361
1.3590746016495152   0.2956202433757322   0.29429225839438233
1.3989164800420282   0.27632053930377815   0.2751177190421531
1.4399263408778291   0.2582345796447595   0.2571542079609101
1.4821384240834183   0.24128964884032847   0.2403286265702585
1.525587973344019   0.22541711285629407   0.2245720053805011
1.5703112655292182   0.21055221643631578   0.20981930601173648
1.6163456409812174   0.19663393203950302   0.19600932063460397
1.6637295346910133   0.18360472874158196   0.1830843950733708
1.7125025083885144   0.17141035494287102   0.17099017108080997
1.7627052835733923   0.15999966777753494   0.15967541668991017
1.814379775514258   0.1493244705377311   0.14909186451203535
1.8675691282445197   0.13933935742383546   0.1391940568954851
1.922317750584177   0.1300015649141914   0.12993919647284582
1.9786713532176083   0.12127079640666946   0.1212869088358254
2.0366769868582977   0.11310907611547417   0.1131990748963019
2.0963830815323896   0.10548068435551589   0.10563988040559523
2.1578394870138577   0.0983520379707131   0.09857570031753808
2.2210975144450407   0.0916915704906793   0.09197497158984667
2.286209979177315   0.08546961842457686   0.08580807286374531
2.3532312448676476   0.07965831342019647   0.08004721068874741
2.4222172688678643   0.07423149260011595   0.07466632018250809
2.4932256489445366   0.06916465222795222   0.06964099648225183
2.5663156713684585   0.06443479358929492   0.0649483581830516
2.641548360413907   0.06002031176049019   0.06056694077864033
2.7189865293089923   0.05590091737382893   0.056476613657563096
2.798694832679631   0.05205756229605541   0.05265850158756277
2.8807398205309562   0.04847236903725878   0.049094910459300305
2.9651899938111903   0.04512855864214158   0.045769258648305465
3.05211586160442   0.04201026847595253   0.042666047057340784
3.1415899999999994   0.039102526085213266   0.03977078624935319
