0.01   21737.94911674214   21720.94211975229
0.010293154462191829   22006.31176353216   21987.67036462306
0.010594902878253955   22267.287591998225   22246.866536208177
0.010905497183778876   22520.200383384108   22497.842336605296
0.011225196699963396   22764.344520776478   22739.877025749152
0.011554268350120923   22999.007518334914   22972.24289363031
0.011892986882540897   23223.460345906922   23194.195932299288
0.012241635099881474   23436.93826048836   23404.957064687194
0.012600504095286909   23638.670450221503   23603.741570153696
0.012969893495426888   23827.884550909872   23789.763291386746
0.013350111710660605   24003.772202971897   23962.19676561063
0.013741476192534558   24165.50752634255   24120.197302413533
0.014144313698828986   24312.274836991193   24262.931158831583
0.01455896056637426   24443.253104741456   24389.55832497819
0.014985762991865008   24557.600149719983   24499.215040301242
0.01542507732090645   24654.491525453723   24591.056226821012
0.015877270345534218   24733.123847321127   24664.2590228216
0.016342719610456153   24792.680197199035   24717.985210367307
0.016821813728271667   24832.360069375838   24751.41354897326
0.017314952703931925   24851.40501223308   24763.767359458616
0.017822548268711737   24849.085152058327   24754.296680969554
0.01834502422397195   24824.69569752963   24722.272896694594
0.018882816794999403   24777.589854555023   24667.028659203137
0.019436374995219892   24707.185303335693   24587.965719700962
0.02000616100108813   24612.961644363306   24484.554210088678
0.020592650537967844   24494.473484869748   24356.344977175027
0.021196333277324068   24351.360524421503   24202.979446541965
0.02181771324555934   24183.37646310676   24024.21836603184
0.022457309244835088   23990.395768475013   23819.948755170768
0.02311565528622961   23772.391275862527   23590.162246045296
0.023793301035594242   23529.46495578301   23334.991819902938
0.024490812272480036   23261.930714474896   23054.810555289525
0.025208771362518027   22970.22685932693   22750.12584776828
0.0259477777436476   22654.898691033904   22421.557121057656
0.02670844842659881   22316.76140698436   22070.015282185224
0.027491418510046592   21956.857606013495   21696.65468748776
0.028297341710866907   21576.302693560912   21302.701669063365
0.029126890909937666   21176.39971431988   20889.58104303007
0.029980758713939952   20758.844875964158   20459.142023711192
0.030859658033628758   20325.403216357812   20013.298690634914
0.031764322679055976   19877.87485141362   19553.99033314744
0.03269550797224261   19418.498646880464   19083.604002803313
0.033653991377811755   18949.725142825133   18604.734160137712
0.03464057315210884   18473.898250953836   18119.848331022782
0.03565607701135116   17993.488952783184   17631.523890080658
0.036701350819364466   17511.31813686913   17142.672918540527
0.03777726729548091   17030.049504197268   16656.02814467056
0.038884724743189276   16552.21136748218   16174.155619183988
0.04002464780014597   16080.809979998568   15700.004412813647
0.041197988210172884   15618.868075104738   15236.494870986002
0.04240572561788674   15169.065540499158   14786.200005171368
0.04364886838662332   14733.51537667707   14351.105288848848
0.04492845444033957   14313.688359297228   13932.528639686765
0.04624555213019635   13910.81961791002   13531.558650556493
0.04760126112654554   13526.189098193076   13149.270862770472
0.04899671333706607   13162.136240977095   12787.4447493627
0.05043307385181555   12821.138099757623   12447.921387702507
0.05191154191598653   12505.202406384371   12132.145295729953
0.053433351931179485   12213.267619699694   11838.801429837546
0.05499977448602865   11942.13051806491   11564.660828037999
0.05661211741704101   11688.807301114937   11306.723653005503
0.05827172690053434   11450.618177423523   11062.301124038919
0.05997998857658587   11225.140136372713   10828.968721655605
0.06173832870592997   11009.97047692983   10604.368525190554
0.0635482153607709   10801.723097033107   10385.449554301462
0.06541115965050462   10596.747980467648   10169.016934635072
0.06732871698337338   10391.089697160545   9951.787419363542
0.06930248836510605   10179.982515933068   9730.088321321951
0.07133412173562886   9958.811698315136   9500.477714208697
0.07342531334496233   9722.62554200736   9259.617762100788
0.07557780916945323   9466.833621345322   9004.588939599846
0.07779340636952398   9188.3330705653   8733.949796610274
0.08007395479015682   8885.364324598082   8447.437149472555
0.08242135850536496   8558.375750556306   8146.383599941376
0.08483757740794096   8209.797072763029   7833.483147785753
0.08732462884580919   7844.207088804549   7512.710906740165
0.08988458930634863   7467.748014107525   7188.937108258534
0.09251959615009227   7087.514498453604   6867.616705008832
0.09523184939525078   6710.834150658594   6554.142015061602
0.09802361355455057   6345.3360892902065   6253.26629135871
0.10089721952591899   5998.405595562584   5969.189957385757
0.10385506653859616   5677.396056475225   5705.7875513518175
0.10689962415629803   5388.174015007299   5465.828493999955
0.11003343433910281   5135.24601522898   5250.684239690019
0.11325911356578279   4920.3176212593635   5060.139198024755
0.11657935501835284   4741.780170678914   4892.006590201474
0.11999693083066039   4594.757978554927   4742.292476607608
0.12351469440289359   4471.655799156511   4605.638901879533
0.12713558278394044   4362.847400208821   4476.592728374829
0.13086261912358757   4258.046421115281   4349.905784096711
0.13469891519660646   4146.977350200834   4220.738880259603
0.13864767400083483   4020.9277610727963   4085.954422224685
0.14271219243142114   3873.8204001702215   3944.0504711049634
0.14689586403346616   3703.6329157212886   3795.0934122441763
0.1512021818353596   3512.7678116953166   3641.560224141159
0.15563474126517718   3307.4487003530094   3487.180170405349
0.16019724315257297   3096.933267559602   3335.837905470194
0.1648934968186736   2892.6344191385224   3191.232008828498
0.1697274232565544   2706.332924707679   3056.8694190513106
0.17470305840495237   2547.0776063191465   2935.311226020377
0.17982455651794954   2418.432483728699   2826.118223644452
0.18509619363343993   2317.745732538303   2726.748367935471
0.19052237114327647   2237.955946866245   2635.1171069917655
0.19610761946807834   2169.736118876665   2547.3670301767693
0.20185660183976684   2102.2610553152012   2461.335401873526
0.20777411819498756   2024.8718233184284   2374.73235829706
0.21386510918267082   1931.3151079721008   2287.898688674939
0.22013466028907505   1822.8628990752657   2201.2745867392077
0.22658800608375756   1706.678132497665   2116.3249794401263
0.23323053459001789   1592.3023907477468   2035.262217233549
0.2400677917834628   1489.1164498384876   1958.6304104610253
0.24710548622244882   1403.4699508889046   1887.6347400646705
0.25434949381426813   1335.9488636396422   1821.147494114897
0.2618058627210567   1281.5118073443834   1758.0318306665506
0.2694808184095226   1231.8529225262523   1697.6565991844636
0.27738076884870827   1178.417402132361   1639.2242818900777
0.2855123098601282   1116.9369305221458   1581.685446977964
0.29388223062474755   1049.4590742199575   1525.8100305680425
0.3024975193514008   981.6758101509552   1472.3010871460976
0.31136536911138296   920.0535160924088   1421.6661874109645
0.3204931838440838   868.5422602074276   1372.9641698827224
0.32988858453867975   825.8616314479156   1327.3900216602192
0.3395594155970457   787.246219453891   1283.635082047173
0.34951375138319807   747.756777801796   1241.6168149209352
0.3597599029647371   705.231849583364   1200.3239100471528
0.37030642505191835   661.7412013680811   1161.1666455435402
0.3811621231401457   621.0948142255992   1123.6363766973404
0.3923360608618501   585.5201804393081   1087.7435770564837
0.4038375675538918   554.3927909981414   1053.633026108995
0.41567624604680364   524.9898903741957   1020.9209117201435
0.42786198068238046   495.2253945752602   989.1720301686844
0.4404049455663077   465.4061782124085   958.6328841337952
0.4533156130627191   437.26294935899335   929.3698949234121
0.4666047625377753   411.8949678707842   901.4349734385404
0.4802834893595659   388.6966204403789   874.6448756139686
0.49436321416184764   366.40283663545716   848.868534211852
0.5088556923793517   344.5296402557949   823.902894759088
0.5237730240626238   323.7295888967541   799.8596250681055
0.5391276639805903   304.5285689484512   776.8280212092936
0.5549324320192869   286.678029911038   754.6516555777896
0.5712005238854289   269.62313007516514   733.1956287397862
0.5879455221237613   253.2966012679028   712.4444996278415
0.6051814074573895   237.9696774109925   692.4317043410372
0.622922570460556   223.66195122574757   673.1292707777826
0.6411838235736077   210.14025685153067   654.4189826815864
0.6599804134701901   197.30572238618572   636.296822352015
0.6793280337869897   185.22930894123834   618.7006195915344
0.6992428382266549   173.90440046169593   601.6657273457312
0.7197414540448374   163.23379710075147   585.119349502573
0.7408409959326054   153.17418232165784   569.0225428543321
0.7625590803058332   143.69589673340926   553.3484921121014
0.7849138400134885   134.77017897795108   538.0723282450585
0.8079239394770964   126.3691947971529   523.1710149353096
0.8316085902740278   118.46605854242769   508.62324389795214
0.8559875671776167   111.0348477955404   494.4093381659536
0.8810812246675007   104.05060617117766   480.5111571690756
0.9069105139239728   97.48878193587866   466.91145134916275
0.9334970003205227   91.32493124738225   453.5933758590589
0.960862881429187   85.5358498889917   440.5414641821353
0.9890310055537336   80.09963519015089   427.74167664280935
1.0180248908061487   74.9956156290008   415.18132777581985
1.047868744742366   70.2042841241312   402.8490178818717
1.0785874845736239   65.70723482673176   390.73456817688816
1.1102067579703248   61.48710789828736   378.8290236686035
1.1427529644757777   57.5276468727406   367.126244193031
1.1762532775476793   53.81361760613187   355.62274473062877
1.210735667245765   50.330612846338454   344.31567083337694
1.246228923584555   47.0650059147871   333.20266026254893
1.2827626805706884   44.00391351947641   322.2818086286952
1.3203674409449337   41.13515994573217   311.55163543860374
1.3590746016495152   38.44724260478195   301.0110505065909
1.3989164800420282   35.92929621254817   290.6595542326015
1.4399263408778291   33.57103499123198   280.49956063413435
1.4821384240834183   31.36274144426817   270.53500394543335
1.525587973344019   29.295257893290504   260.76948367882505
1.5703112655292182   27.359956869635138   251.20623441021417
1.6163456409812174   25.548712577754348   241.84812682324608
1.6637295346910133   23.85387373694906   232.6976696672082
1.7125025083885144   22.26823774617715   223.7570126089017
1.7627052835733923   20.785026282053074   215.0283289309652
1.814379775514258   19.39786265103887   206.51554340204748
1.8675691282445197   18.10074877295252   198.222595092092
1.922317750584177   16.8880437644343   190.15258361169165
1.9786713532176083   15.754443993150513   182.30781032483827
2.0366769868582977   14.694964147356128   174.68982176331394
2.0963830815323896   13.704919275854335   167.2994535862922
2.1578394870138577   12.779907754954136   160.1368748076376
2.2210975144450407   11.91579381849017   153.20169749560662
2.286209979177315   11.108689962272626   146.49314561430833
2.3532312448676476   10.354946701760673   140.00990044192108
2.4222172688678643   9.651139564945815   133.75010150080126
2.4932256489445366   8.994055866929772   127.7113928524023
2.5663156713684585   8.38068221413965   121.89096818826835
2.641548360413907   7.808192701370054   116.28561454815492
2.7189865293089923   7.273937795034961   110.8917541318548
2.798694832679631   6.7754363127416815   105.70544994622313
2.8807398205309562   6.310366542655781   100.72242559982355
2.9651899938111903   5.876551954871536   95.93816819576872
3.05211586160442   5.471952129635177   91.34796897131491
3.1415899999999994   5.0946547056101235   86.9469546928059
