0.01   20202.995416456244   20196.684924065514
0.010293154462191829   20418.71191511334   20411.825662196617
0.010594902878253955   20625.205430179263   20617.697233490617
0.010905497183778876   20821.756835001102   20813.576692866918
0.011225196699963396   21007.623916090593   20998.715302764627
0.011554268350120923   21182.064685438745   21172.364477811803
0.011892986882540897   21344.322034448553   21333.761295617765
0.012241635099881474   21493.595364151566   21482.101393288103
0.012600504095286909   21629.08504655374   21616.58193537439
0.012969893495426888   21750.000067713496   21736.40870597368
0.013350111710660605   21855.52260272978   21840.758061879646
0.013741476192534558   21944.8304147603   21928.800597284688
0.014144313698828986   22017.126238972654   21999.732261259844
0.01455896056637426   22071.61473259203   22052.750554261573
0.014985762991865008   22107.484067272937   22087.035507398763
0.01542507732090645   22123.95845315079   22101.803740623272
0.015877270345534218   22120.302653507722   22096.31288567389
0.016342719610456153   22095.78838526859   22069.826009473596
0.016821813728271667   22049.72941674777   22021.648380363436
0.017314952703931925   21981.506779729018   21951.153771571404
0.017822548268711737   21890.555775409714   21857.768911163716
0.01834502422397195   21776.36741262513   21740.97438558602
0.018882816794999403   21638.519910777668   21600.33976268111
0.019436374995219892   21476.688432050203   21435.5344986885
0.02000616100108813   21290.65612997416   21246.341566288174
0.020592650537967844   21080.314636583706   21032.655708415572
0.021196333277324068   20845.66990846054   20794.488650174695
0.02181771324555934   20586.89873340906   20532.028096635444
0.022457309244835088   20304.34336134793   20245.631950913114
0.02311565528622961   19998.462305101777   19935.77671261367
0.023793301035594242   19669.889785178057   19603.122266212747
0.024490812272480036   19319.547612367012   19248.633686508463
0.025208771362518027   18948.48343520981   18873.40468614817
0.0259477777436476   18557.855007431826   18478.639553346326
0.02670844842659881   18149.173619379148   18065.90889904066
0.027491418510046592   17724.169675517292   17637.007837435718
0.028297341710866907   17284.595900291784   17193.74888799668
0.029126890909937666   16832.45124292635   16738.191770926147
0.029980758713939952   16370.181605742257   16272.849053248025
0.030859658033628758   15900.192193600744   15800.184648846716
0.031764322679055976   15424.848183640672   15322.613950088074
0.03269550797224261   14946.934212420629   14842.971197653476
0.033653991377811755   14469.263351700274   14364.111559789642
0.03464057315210884   13994.408962996455   13888.638346996306
0.03565607701135116   13525.24404763488   13419.419316581258
0.036701350819364466   13065.085625790089   12959.725259569872
0.03777726729548091   12616.886437860561   12512.458856920272
0.038884724743189276   12183.14125759888   12080.062995913795
0.04002464780014597   11765.728525107133   11664.355624696318
0.041197988210172884   11366.14803814294   11266.777047998958
0.04240572561788674   10985.68772664094   10888.553477989135
0.04364886838662332   10626.590265994766   10531.705261992076
0.04492845444033957   10291.923466798196   10198.939531505785
0.04624555213019635   9984.360967739778   9892.604671852207
0.04760126112654554   9704.893700497618   9613.444621575305
0.04899671333706607   9451.444419935486   9359.254674808251
0.05043307385181555   9221.759491029436   9127.67439580781
0.05191154191598653   9013.716019852509   8916.471457758867
0.053433351931179485   8825.164954527136   8723.375669492067
0.05499977448602865   8654.106127870136   8546.269291622039
0.05661211741704101   8497.894377440505   8382.477298245161
0.05827172690053434   8353.070806973048   8228.618229863727
0.05997998857658587   8216.147951586754   8081.330179295513
0.06173832870592997   8082.552732900572   7936.422065411851
0.0635482153607709   7947.463722166617   7789.562523568799
0.06541115965050462   7805.52220766193   7636.120646642832
0.06732871698337338   7650.8425529102105   7471.185522041464
0.06930248836510605   7478.11040350917   7290.528081968256
0.07133412173562886   7282.81012320959   7090.9140541303495
0.07342531334496233   7061.712441746797   6870.293754042611
0.07557780916945323   6813.730976743095   6628.604559608024
0.07779340636952398   6539.591830080509   6367.2222309654935
0.08007395479015682   6242.688330736516   6089.652021005671
0.08242135850536496   5927.898158638485   5800.519253619603
0.08483757740794096   5601.632219615534   5505.653641995711
0.08732462884580919   5271.160482740103   5211.192720833309
0.08988458930634863   4944.276409174962   4923.343280463053
0.09251959615009227   4629.708609574314   4648.648698889437
0.09523184939525078   4335.4243920574445   4392.942972383758
0.09802361355455057   4069.1625151878798   4161.364790700306
0.10089721952591899   3837.022787403072   3957.6857613673033
0.10385506653859616   3642.389747141781   3783.035331417144
0.10689962415629803   3486.070231728175   3636.7857238703227
0.11003343433910281   3365.233898728041   3515.9806128603536
0.11325911356578279   3274.490289212242   3415.779734212344
0.11657935501835284   3206.0646931074803   3329.748894952121
0.11999693083066039   3150.258171196118   3251.2579657240512
0.12351469440289359   3096.4906090545915   3173.5097343149187
0.12713558278394044   3033.9453840217043   3089.7933916592146
0.13086261912358757   2953.3552515642064   2995.586209948436
0.13469891519660646   2848.4475299543883   2888.166966511862
0.13864767400083483   2717.088121505933   2767.1624548272544
0.14271219243142114   2561.844622725261   2636.081799604569
0.14689586403346616   2389.912386207186   2499.587895200911
0.1512021818353596   2212.519229105444   2363.985096016742
0.15563474126517718   2043.057629923401   2236.264401818292
0.16019724315257297   1893.8572129086103   2121.7655084921394
0.1648934968186736   1772.7081522103117   2023.5137636016614
0.1697274232565544   1681.535485811829   1941.1914941490286
0.17470305840495237   1617.4747039272854   1870.9386075713549
0.17982455651794954   1573.8693752966612   1810.110180523361
0.18509619363343993   1540.286517645996   1753.6035088363435
0.19052237114327647   1503.8281314515218   1696.4427351000315
0.19610761946807834   1453.443679405249   1634.646769659671
0.20185660183976684   1384.2734199495505   1567.958443857069
0.20777411819498756   1298.4850973860769   1498.2255169746884
0.21386510918267082   1203.6124482658568   1428.4222791406714
0.22013466028907505   1110.8317158240636   1362.094704316126
0.22658800608375756   1030.8338641109367   1301.5423910433951
0.23323053459001789   969.546611727292   1248.2569970881261
0.2400677917834628   926.6291649112861   1200.7316267679407
0.24710548622244882   895.9314692596729   1156.830866400447
0.25434949381426813   867.4771442655101   1114.7381582765693
0.2618058627210567   832.3687734100473   1072.5104920049303
0.2694808184095226   787.1107234752351   1029.9058968593026
0.27738076884870827   734.1858038290414   987.1834895122065
0.2855123098601282   680.8246208354309   946.8496393110285
0.29388223062474755   634.8374524891493   908.8401878215435
0.3024975193514008   599.5965899323002   874.159755392518
0.31136536911138296   572.9895174966088   841.5285146583942
0.3204931838440838   549.1962940146574   810.636080515659
0.32988858453867975   522.3745190837132   780.4057997987746
0.3395594155970457   490.95913384703505   750.6501627073192
0.34951375138319807   458.00369207391196   722.1558216693469
0.3597599029647371   428.0975081712179   695.2537660657775
0.37030642505191835   403.77995142081704   669.8766211993792
0.3811621231401457   383.64265283304024   645.8777182419273
0.3923360608618501   364.12890138229903   623.0176247639295
0.4038375675538918   343.04204409651277   600.8038106009943
0.41567624604680364   321.19832553225626   579.2901114101963
0.42786198068238046   301.0355534751606   558.888933972057
0.4404049455663077   283.7341236966743   539.6718940248065
0.4533156130627191   268.26977159824526   521.3190454778555
0.4666047625377753   252.8964103319971   503.6571874780485
0.4802834893595659   237.34101388784734   486.6191157755019
0.49436321416184764   222.630697404764   470.3194403632805
0.5088556923793517   209.46554551813958   454.8807793038748
0.5237730240626238   197.3362751868252   440.14478889788484
0.5391276639805903   185.51091311995032   425.92279320496203
0.5549324320192869   174.06287583749133   412.26825938811896
0.5712005238854289   163.45104202659584   399.21883256257394
0.5879455221237613   153.66348107112205   386.75779040922004
0.6051814074573895   144.33868482523803   374.72784291194444
0.622922570460556   135.42450297849226   363.1858364443737
0.6411838235736077   127.0839351327841   352.14110279769443
0.6599804134701901   119.25159766940195   341.5102982771729
0.6793280337869897   111.88837803075123   331.2689987758719
0.6992428382266549   104.9650559754317   321.3978966642919
0.7197414540448374   98.45443133255932   311.87879538971004
0.7408409959326054   92.33116783408136   302.6945397489309
0.7625590803058332   86.57165000719525   293.8289510552461
0.7849138400134885   81.15388066814566   285.2667001094312
0.8079239394770964   76.0582482805646   276.9911013828578
0.8316085902740278   71.2673232512173   268.9838904424599
0.8559875671776167   66.76452229546183   261.22795248059543
0.8810812246675007   62.534010633194896   253.7074099181005
0.9069105139239728   58.560682201564326   246.40754046869756
0.9334970003205227   54.83013902873025   239.3147022743857
0.960862881429187   51.32866720091155   232.4162653089944
0.9890310055537336   48.04305902506169   225.70054280922756
1.0180248908061487   44.960556806929   219.15673123095706
1.047868744742366   42.0690994542053   212.7748664782458
1.0785874845736239   39.35730904994604   206.54577577215807
1.1102067579703248   36.814454307885214   200.46103235971438
1.1427529644757777   34.43041584625915   194.51291351921557
1.1762532775476793   32.195653349176624   188.69436255388007
1.210735667245765   30.10119391862453   182.99909595370625
1.246228923584555   28.13861484371489   177.42169067588165
1.2827626805706884   26.29997302623645   171.95726708775177
1.3203674409449337   24.5777751101807   166.60142372388339
1.3590746016495152   22.964954226189306   161.35021089539114
1.3989164800420282   21.454847771895206   156.20010542802433
1.4399263408778291   20.04117618469537   151.1479871041185
1.4821384240834183   18.7180179714571   146.19147740096886
1.525587973344019   17.479784758104095   141.3294281327625
1.5703112655292182   16.321215619807383   136.5609991042822
1.6163456409812174   15.237361096773855   131.88548004016394
1.6637295346910133   14.223565825695621   127.30227834274014
1.7125025083885144   13.27545206203648   122.81090707635755
1.7627052835733923   12.388904053065842   118.41097321392571
1.814379775514258   11.560053815339092   114.10248848457843
1.8675691282445197   10.785268252661183   109.88656059693793
1.922317750584177   10.061133841714254   105.7643738403542
1.9786713532176083   9.384443653043068   101.73693323868378
2.0366769868582977   8.752185533991264   97.8050677574086
2.0963830815323896   8.161530916027361   93.96943387801754
2.1578394870138577   7.60982421726886   90.23051951882871
2.2210975144450407   7.094572095365976   86.58878820971763
2.286209979177315   6.613431817022534   83.04513369673397
2.3532312448676476   6.164205318389991   79.60033933607595
2.4222172688678643   5.744831584251063   76.2548962195753
2.4932256489445366   5.353378444963631   73.00901937219369
2.5663156713684585   4.988034839396772   69.86266408922042
2.641548360413907   4.647103519237576   66.81554230411304
2.7189865293089923   4.32899478499088   63.86720529778716
2.798694832679631   4.032222689492171   61.01736639444597
2.8807398205309562   3.755395748921562   58.265601526720836
2.9651899938111903   3.49720983094266   55.61120932363552
3.05211586160442   3.256442949310967   53.05323536372104
3.1415899999999994   3.0319503485222534   50.59049604009931
