0.01   4618.277464709691   4618.143987449104
0.010293154462191829   4680.996802388735   4680.856253979949
0.010594902878253955   4742.430652252783   4742.28218541395
0.010905497183778876   4802.433548783634   4802.276171780736
0.011225196699963396   4860.849707168602   4860.6824858052405
0.011554268350120923   4917.520016715274   4917.342099918224
0.011892986882540897   4972.281985373641   4972.092563981367
0.012241635099881474   5024.96459282115   5024.762627394877
0.012600504095286909   5075.392922483727   5075.177039053167
0.012969893495426888   5123.390828988351   5123.159319050114
0.013350111710660605   5168.774808219605   5168.5258657195745
0.013741476192534558   5211.35353438508   5211.085535146159
0.014144313698828986   5250.935922886728   5250.647453020962
0.01455896056637426   5287.32998575582   5287.019668019265
0.014985762991865008   5320.337065380634   5320.002869425824
0.01542507732090645   5349.759542658408   5349.39861546351
0.015877270345534218   5375.403450279007   5375.012141430148
0.016342719610456153   5397.072104680348   5396.646432596732
0.016821813728271667   5414.568913004051   5414.104943145288
0.017314952703931925   5427.7046504488635   5427.198527104976
0.017822548268711737   5436.296498880567   5435.744161270175
0.01834502422397195   5440.165789715932   5439.56223789399
0.018882816794999403   5439.144529768629   5438.48373839166
0.019436374995219892   5433.0777247892365   5432.352727945499
0.02000616100108813   5421.824596401685   5421.027954832179
0.020592650537967844   5405.260097720734   5404.384178455649
0.021196333277324068   5383.276480213517   5382.313518671652
0.02181771324555934   5355.790013547648   5354.732113845963
0.022457309244835088   5322.745711845924   5321.584809376445
0.02311565528622961   5284.109922940861   5282.837852562894
0.023793301035594242   5239.875154053128   5238.483947147554
0.024490812272480036   5190.083662495647   5188.56685806052
0.025208771362518027   5134.809000244087   5133.162110177346
0.0259477777436476   5074.146959038398   5072.367468147966
0.02670844842659881   5008.2496895015565   5006.337303471629
0.027491418510046592   4937.3283190179345   4935.285211020402
0.028297341710866907   4861.611625041454   4859.442342098016
0.029126890909937666   4781.36524339775   4779.076985225462
0.029980758713939952   4696.951453086098   4694.555431853468
0.030859658033628758   4608.7557357931055   4606.267205032865
0.031764322679055976   4517.168560806365   4514.606439758038
0.03269550797224261   4422.6645766044585   4420.051257600874
0.033653991377811755   4325.773770147597   4323.134835963722
0.03464057315210884   4227.006333750923   4224.370083729031
0.03565607701135116   4126.907803211111   4124.304318020515
0.036701350819364466   4026.1391051573346   4023.5986885879984
0.03777726729548091   3925.3354160739545   3922.888159963777
0.038884724743189276   3825.0825324913058   3822.757989270549
0.04002464780014597   3725.9317703361503   3723.757620307539
0.041197988210172884   3628.3913476465223   3626.3927924939594
0.04240572561788674   3532.919955436007   3531.119785429862
0.04364886838662332   3440.0638629268174   3438.477320166108
0.04492845444033957   3350.537486263076   3349.164172864332
0.04624555213019635   3264.9977356475815   3263.822481864979
0.04760126112654554   3183.9439874835457   3182.9377096262056
0.04899671333706607   3107.488278114865   3106.6063517601156
0.05043307385181555   3035.6440530845457   3034.8270228424444
0.05191154191598653   2968.363204402988   2967.538440963657
0.053433351931179485   2905.370992812959   2904.455255757304
0.05499977448602865   2846.3548486777363   2845.2553698481465
0.05661211741704101   2790.922166588445   2789.538800675649
0.05827172690053434   2738.4914001953894   2736.7204496692534
0.05997998857658587   2688.4791216382087   2686.214831089322
0.06173832870592997   2640.1460092968664   2637.290544595778
0.0635482153607709   2592.6721467926004   2589.142128871299
0.06541115965050462   2545.1691921246797   2540.9066370831665
0.06732871698337338   2496.5873974207066   2491.5793236790796
0.06930248836510605   2445.8896657763057   2440.1735796686826
0.07133412173562886   2391.9657733886506   2385.645248267665
0.07342531334496233   2333.8077772654183   2327.060789452176
0.07557780916945323   2270.6296252982775   2263.7446671395282
0.07779340636952398   2201.8978554119585   2195.2648676071167
0.08007395479015682   2127.5746796947715   2121.6353208698088
0.08242135850536496   2047.9922493235842   2043.2234787915756
0.08483757740794096   1964.0319045996866   1960.9567706051569
0.08732462884580919   1876.8900552135544   1876.0319552646208
0.08988458930634863   1788.0799745626275   1789.8999102813698
0.09251959615009227   1699.3419185701857   1704.2084305293072
0.09523184939525078   1612.4391823094247   1620.6158127488466
0.09802361355455057   1529.195340637993   1540.7795886211675
0.10089721952591899   1451.338454384439   1466.239448408564
0.10385506653859616   1380.3863211946425   1398.3037806633506
0.10689962415629803   1317.5190620643755   1337.9581198329133
0.11003343433910281   1263.2845176424748   1285.5741951202929
0.11325911356578279   1217.6105163525015   1240.958767734936
0.11657935501835284   1179.6106357179642   1203.1826903843164
0.11999693083066039   1147.719464453378   1170.7667024564687
0.12351469440289359   1119.8742045618815   1141.8302092445697
0.12713558278394044   1093.6427915251434   1114.191345652506
0.13086261912358757   1066.552665180959   1085.7379652369718
0.13469891519660646   1036.3343419865232   1054.6301958249455
0.13864767400083483   1001.2630275846722   1019.5380519730413
0.14271219243142114   960.5162304314227   979.8768870561239
0.14689586403346616   914.3322358922513   936.0123769083336
0.1512021818353596   864.0090290362383   889.1829270780901
0.15563474126517718   811.7325147038244   841.2172027741997
0.16019724315257297   760.2906329310277   794.4092975375169
0.1648934968186736   712.6259225442652   751.0454227594739
0.1697274232565544   671.1772017272244   712.8812919063723
0.17470305840495237   637.2119314596613   680.7640210552397
0.17982455651794954   610.5197427666017   654.3404208119523
0.18509619363343993   589.6175425609221   632.2148659071671
0.19052237114327647   572.1814526564699   612.5939517598197
0.19610761946807834   555.3896143087802   593.4739101209436
0.20185660183976684   536.4008013701896   572.8195020511816
0.20777411819498756   513.2878165442561   549.4169344184968
0.21386510918267082   485.9024998593626   523.592644644099
0.22013466028907505   455.83546149258564   496.35927949654797
0.22658800608375756   425.6393701447655   469.52193360455254
0.23323053459001789   398.01460681836437   444.7954149640151
0.2400677917834628   374.96880881471367   423.4141407751769
0.24710548622244882   357.0080799917436   405.34708063229687
0.25434949381426813   342.96868053228957   389.84020879244906
0.2618058627210567   330.5688992634649   375.3706370745123
0.2694808184095226   317.2947940309813   360.5641770742161
0.27738076884870827   301.59442280324737   344.7870335942734
0.2855123098601282   283.70772629860545   328.1155505552461
0.29388223062474755   265.27441847022226   311.6176081044373
0.3024975193514008   248.35745770111274   296.3086711645546
0.31136536911138296   234.37290576133276   282.7605950557502
0.3204931838440838   223.20442720979187   270.73393646664033
0.32988858453867975   213.4382774706339   259.6228219407704
0.3395594155970457   203.3803841250939   248.60304145941524
0.34951375138319807   192.13552096206823   237.33635038145528
0.3597599029647371   180.2123588918736   226.1868969357275
0.37030642505191835   168.93152263800758   215.63386545438507
0.3811621231401457   159.2487491309066   205.9734672860779
0.3923360608618501   151.0864807197278   197.07397948830146
0.4038375675538918   143.49777949122426   188.62720997136307
0.41567624604680364   135.6120411954742   180.33239715675978
0.42786198068238046   127.42525997197137   172.2305713570018
0.4404049455663077   119.61930250804433   164.538543382261
0.4533156130627191   112.7307724629118   157.3364172287261
0.4666047625377753   106.60395274449397   150.58182186885202
0.4802834893595659   100.6857283343117   144.11713303059022
0.49436321416184764   94.71532221110914   137.8620417579155
0.5088556923793517   88.96110869625227   131.89201358443916
0.5237730240626238   83.72701606187258   126.26838299065479
0.5391276639805903   78.9426386978707   120.94289702609959
0.5549324320192869   74.33277694004803   115.85392595773183
0.5712005238854289   69.84115504870266   110.97757478393406
0.5879455221237613   65.6274146501447   106.34564798545178
0.6051814074573895   61.74216036599723   101.96129617364556
0.622922570460556   58.06567920959497   97.78210434571372
0.6411838235736077   54.53738238762171   93.78676506632556
0.6599804134701901   51.21839890889731   89.9909900095917
0.6793280337869897   48.12292827128219   86.38592032695212
0.6992428382266549   45.19353954420625   82.94448895292747
0.7197414540448374   42.42701294117099   79.66535766551222
0.7408409959326054   39.82026969515393   76.5464262782847
0.7625590803058332   37.36510410885788   73.57777253615238
0.7849138400134885   35.053617259895844   70.75014391857206
0.8079239394770964   32.87819453611982   68.0550982458331
0.8316085902740278   30.831368374168697   65.48548039604466
0.8559875671776167   28.90598968935675   63.03476362125064
0.8810812246675007   27.09527573396718   60.696792439599456
0.9069105139239728   25.3927934114513   58.46575992846939
0.9334970003205227   23.792443207505745   56.33618651810402
0.960862881429187   22.2884437312201   54.30290015701194
0.9890310055537336   20.875317177168103   52.36101249274078
1.0180248908061487   19.547889478214213   50.50566037102147
1.047868744742366   18.301277833954064   48.73193049363086
1.0785874845736239   17.130854614459846   47.035203332607566
1.1102067579703248   16.03223423128755   45.41115904330852
1.1427529644757777   15.001262227906963   43.85575603551958
1.1762532775476793   14.03400472969481   42.3652112369164
1.210735667245765   13.126738252012617   40.93598190434974
1.246228923584555   12.275938925162183   39.56472226236085
1.2827626805706884   11.478267276264159   38.2480955981706
1.3203674409449337   10.730564710712718   36.982896194009875
1.3590746016495152   10.029848248451636   35.76613768233799
1.3989164800420282   9.373301685207226   34.595037719378425
1.4399263408778291   8.758267112218046   33.46700336761845
1.4821384240834183   8.182236805364598   32.37961768148596
1.525587973344019   7.642845472482506   31.330627183562957
1.5703112655292182   7.137862920868455   30.3178872442837
1.6163456409812174   6.6651870479657   29.339305908186997
1.6637295346910133   6.2228369169297   28.392928392622743
1.7125025083885144   5.808946303995802   27.47694101523546
1.7627052835733923   5.421757571772167   26.589661639907785
1.814379775514258   5.059615831146469   25.729530887755388
1.8675691282445197   4.720963381071665   24.895104039237733
1.922317750584177   4.404334303576333   24.08504217571504
1.9786713532176083   4.108348082675678   23.298087782450228
2.0366769868582977   3.8317056661582787   22.533066177057833
2.0963830815323896   3.573186131351977   21.78889458905146
2.1578394870138577   3.33164228245808   21.064576699182954
2.2210975144450407   3.105996449257484   20.359197215401924
2.286209979177315   2.8952365067809325   19.67191680472997
2.3532312448676476   2.6984121056684636   19.00196734482518
2.4222172688678643   2.5146316847231307   18.348696754793284
2.4932256489445366   2.343060338238956   17.71168299393544
2.5663156713684585   2.18291454245274   17.09057019230619
2.641548360413907   2.0334587073501296   16.485022776648158
2.7189865293089923   1.894002437400578   15.894724000451019
2.798694832679631   1.7638979333621945   15.319374534053237
2.8807398205309562   1.6425375291129776   14.758691112260186
2.9651899938111903   1.5293512268374565   14.212401712853344
3.05211586160442   1.4238009838298713   13.6801461287743
3.1415899999999994   1.3253793610030595   13.161479116403646
