0.01   178.03285738732637   178.03246099191162
0.010293154462191829   179.91022415190642   179.9098257094067
0.010594902878253955   181.71238863202768   181.7119857282011
0.010905497183778876   183.43379321985088   183.43338404753578
0.011225196699963396   185.06881059386689   185.06839510918763
0.011554268350120923   186.61182255454975   186.61140252503674
0.011892986882540897   188.05717568560797   188.05675378714432
0.012241635099881474   189.39917536484845   189.39875386313093
0.012600504095286909   190.63219422120048   190.63177485183823
0.012969893495426888   191.75058243410774   191.75016640030094
0.013350111710660605   192.74818019622407   192.74776824945158
0.013741476192534558   193.61876185741744   193.6183543163975
0.014144313698828986   194.3562711706111   194.35586789727918
0.01455896056637426   194.95488469388516   194.95448466727825
0.014985762991865008   195.40905152597205   195.40865236041478
0.01542507732090645   195.71349785198845   195.71309576820428
0.015877270345534218   195.86313091477   195.862721476932
0.016342719610456153   195.8526724895027   195.8522536101131
0.016821813728271667   195.67709384813068   195.6766665661271
0.017314952703931925   195.33179522940333   195.3313634979676
0.017822548268711737   194.81267967961548   194.81224629759566
0.01834502422397195   194.11619004689902   194.1157529498614
0.018882816794999403   193.23931666363939   193.23886886004283
0.019436374995219892   192.17967282429117   192.17920400967213
0.02000616100108813   190.9356174214871   190.9351189214817
0.020592650537967844   189.50617883667223   189.50564459468492
0.021196333277324068   187.8910911063273   187.89051764514335
0.02181771324555934   186.09129670232716   186.09068289983696
0.022457309244835088   184.1088113755626   184.1081582684736
0.02311565528622961   181.9463417241428   181.94565242112608
0.023793301035594242   179.60779602033023   179.60707481440383
0.024490812272480036   177.09905958313138   177.09830986819512
0.025208771362518027   174.42678473779824   174.42600872504872
0.0259477777436476   171.59832601525005   171.5975250202134
0.02670844842659881   168.6234810967843   168.62265800397395
0.027491418510046592   165.5135204088301   165.51268100184922
0.028297341710866907   162.2798817828856   162.27903452711294
0.029126890909937666   158.9355678226576   158.93472430326355
0.029980758713939952   155.4964963068946   155.49567231666785
0.030859658033628758   151.97849992766058   151.9777151608369
0.031764322679055976   148.39730441434426   148.39658159663983
0.03269550797224261   144.77166230965977   144.77102378020015
0.033653991377811755   141.12101019497464   141.12047632888414
0.03464057315210884   137.4634900634341   137.46307929140457
0.03565607701135116   133.81800926586945   133.8177386712415
0.036701350819364466   130.20536009753786   130.2052463393197
0.03777726729548091   126.64468498562324   126.64474434671924
0.038884724743189276   123.15346580811348   123.15371319379754
0.04002464780014597   119.74914921614806   119.7495920692409
0.041197988210172884   116.44789340258157   116.44853014245119
0.04240572561788674   113.26389038091587   113.26471142831744
0.04364886838662332   110.20905444190014   110.21004155790948
0.04492845444033957   107.29308945382701   107.29421460016536
0.04624555213019635   104.52433639330178   104.52556272519782
0.04760126112654554   101.90852804594802   101.90980944831732
0.04899671333706607   99.44325474229484   99.44452954430915
0.05043307385181555   97.12385170188716   97.12504184300877
0.05191154191598653   94.9448763866289   94.94588960056504
0.053433351931179485   92.88717405420387   92.88791616979873
0.05499977448602865   90.92307090623709   90.92345401039388
0.05661211741704101   89.0269744833624   89.02691657187688
0.05827172690053434   87.17697885925419   87.176400630996
0.05997998857658587   85.35413382192777   85.35295672588974
0.06173832870592997   83.5393496666038   83.53749973120847
0.0635482153607709   81.704376277428   81.70180520994386
0.06541115965050462   79.81930738368656   79.81600008337122
0.06732871698337338   77.85401302882967   77.84999590665234
0.06930248836510605   75.77615819513127   75.77151375579447
0.07133412173562886   73.55887209933147   73.55373841071969
0.07342531334496233   71.18770598622275   71.18228368029854
0.07557780916945323   68.65686145863775   68.65140692086901
0.07779340636952398   65.98267426488877   65.9774749497611
0.08007395479015682   63.1950583956833   63.19041241322836
0.08242135850536496   60.33397687224189   60.33016958136851
0.08483757740794096   57.44545074605952   57.44273596291031
0.08732462884580919   54.57910266174611   54.57767222607089
0.08988458930634863   51.784537505586925   51.78450353413377
0.09251959615009227   49.1091570364034   49.11053891618472
0.09523184939525078   46.59628688811592   46.599003684268084
0.09802361355455057   44.28889401493792   44.29272549960035
0.10089721952591899   42.21991016057199   42.22449367099382
0.10385506653859616   40.40903482530457   40.413861483890834
0.10689962415629803   38.856488867394795   38.860960585189055
0.11003343433910281   37.53351063177195   37.53702046861291
0.11325911356578279   36.39471563852598   36.39670952795393
0.11657935501835284   35.374269035272995   35.37432935259218
0.11999693083066039   34.40316075126507   34.40106561776059
0.12351469440289359   33.412838334391296   33.40861801239599
0.12713558278394044   32.34508683861379   32.33907825711573
0.13086261912358757   31.158030578904707   31.150840030411953
0.13469891519660646   29.834355607175816   29.82674583388999
0.13864767400083483   28.38577246621779   28.378602537080027
0.14271219243142114   26.8472813581949   26.841392862546815
0.14689586403346616   25.271482029192324   25.26752371817227
0.1512021818353596   23.721790426268374   23.720123757920323
0.15563474126517718   22.267494003577696   22.268050362409696
0.16019724315257297   20.973868859656882   20.976063645161595
0.1648934968186736   19.880844859368576   19.883719982143415
0.1697274232565544   18.982847384146257   18.985260780647607
0.17470305840495237   18.23689211865368   18.2378502124752
0.17982455651794954   17.583757050820854   17.58261409347107
0.18509619363343993   16.963276752730145   16.95980721929971
0.19052237114327647   16.315127322775485   16.309683235076317
0.19610761946807834   15.589564694443862   15.583087415777669
0.20185660183976684   14.776611594222494   14.770382004102752
0.20777411819498756   13.911814843679046   13.906850901179503
0.21386510918267082   13.051563821626566   13.048398252340471
0.22013466028907505   12.247433728563022   12.24594999359977
0.22658800608375756   11.539875689222612   11.539387408143968
0.23323053459001789   10.944000793341635   10.943394494396866
0.2400677917834628   10.439808735639495   10.438083936313726
0.24710548622244882   9.986074995211702   9.982724507989467
0.25434949381426813   9.53669600778801   9.531897221469773
0.2618058627210567   9.057172523111863   9.051799577657636
0.2694808184095226   8.547491749263033   8.54248927082944
0.27738076884870827   8.035657154375995   8.031645095274843
0.2855123098601282   7.5522588682692575   7.54920877019895
0.29388223062474755   7.121000181886687   7.118355121823974
0.3024975193514008   6.745799137282895   6.742727276321145
0.31136536911138296   6.406080166342401   6.402120294401988
0.3204931838440838   6.077229192975013   6.07251182690353
0.32988858453867975   5.744358739148415   5.739431998229965
0.3395594155970457   5.409345228026156   5.404755623101913
0.34951375138319807   5.088782634029048   5.084659377854038
0.3597599029647371   4.795228620614028   4.791285635513634
0.37030642505191835   4.528944016832775   4.524731446516298
0.3811621231401457   4.280959819070197   4.276306391100994
0.3923360608618501   4.040567412686889   4.035683354178114
0.4038375675538918   3.8052639314701886   3.8004537736530453
0.41567624604680364   3.5806504060640747   3.576011333901569
0.42786198068238046   3.3715619709602898   3.366955418884529
0.4404049455663077   3.1776630319114405   3.172902743911832
0.4533156130627191   2.9942250856983663   2.989307248279702
0.4666047625377753   2.8184390474951795   2.8134932782084685
0.4802834893595659   2.650911877406639   2.6460249023769746
0.49436321416184764   2.493657997996486   2.488780354007891
0.5088556923793517   2.3462762515569167   2.3413425213529875
0.5237730240626238   2.2069785341605876   2.20199882760891
0.5391276639805903   2.0747345231270384   2.0697657917094108
0.5549324320192869   1.9498818865673047   1.9449408535089354
0.5712005238854289   1.8325096071210705   1.8275712475345254
0.5879455221237613   1.7218746967475063   1.7169412505235415
0.6051814074573895   1.6173553217758876   1.612449968750797
0.622922570460556   1.5188030829755466   1.5139375675214664
0.6411838235736077   1.4260336530083109   1.421207182094464
0.6599804134701901   1.3386553687082952   1.3338729967964413
0.6793280337869897   1.256319402734355   1.2515934192124982
0.6992428382266549   1.1787946134056786   1.1741321487691172
0.7197414540448374   1.1058595885086944   1.1012634618558412
0.7408409959326054   1.0372330321611358   1.032709032726548
0.7625590803058332   0.9726677289986271   0.9682227096838771
0.7849138400134885   0.9119389855414429   0.9075797593527736
0.8079239394770964   0.854833361301123   0.8505665482818158
0.8316085902740278   0.8011481747868396   0.7969800802046935
0.8559875671776167   0.7506910445487798   0.746627562868403
0.8810812246675007   0.7032794436042308   0.6993259849676494
0.9069105139239728   0.6587402671062041   0.6549017036830349
0.9334970003205227   0.6169093259083431   0.6131900764657746
0.960862881429187   0.5776308438553198   0.5740351076320381
0.9890310055537336   0.5407572939393802   0.5372889822705134
1.0180248908061487   0.5061490469407013   0.5028116882556477
1.047868744742366   0.4736739954515324   0.4704706642695694
1.0785874845736239   0.4432071923690367   0.4401404589203684
1.1102067579703248   0.41463050355447817   0.4117024010080787
1.1427529644757777   0.3878322719980269   0.38504427734470414
1.1762532775476793   0.36270693976148466   0.36005993605820324
1.210735667245765   0.33915475477253465   0.3366490111043359
1.246228923584555   0.3170815508882501   0.3147167505353308
1.2827626805706884   0.2963984654252456   0.2941737403117743
1.3203674409449337   0.277021665405545   0.27493563356814554
1.3590746016495152   0.25887208610552387   0.256922891223207
1.3989164800420282   0.24187518148807835   0.2400605336512871
1.4399263408778291   0.22596068158787955   0.2242778880993423
1.4821384240834183   0.21106233627389864   0.20950826443696632
1.525587973344019   0.1971177266969326   0.1956888307933968
1.5703112655292182   0.1840680777573092   0.1827604683320187
1.6163456409812174   0.1718580598394876   0.17066756704180608
1.6637295346910133   0.16043560015687194   0.15935783118511698
1.7125025083885144   0.14975170344370747   0.14878209445559915
1.7627052835733923   0.1397602816015801   0.138894144443265
1.814379775514258   0.13041798940483887   0.12965055020503288
1.8675691282445197   0.12168406648519527   0.12101049390793459
1.922317750584177   0.11352019973634148   0.11293563967771153
1.9786713532176083   0.10589038649224916   0.10538999473349042
2.0366769868582977   0.0987608030294978   0.09833977372934775
2.0963830815323896   0.09209967996859664   0.09175327034927042
2.1578394870138577   0.08587718425527761   0.08560073581451107
2.2210975144450407   0.08006530703682165   0.07985426345139174
2.286209979177315   0.07463774231195516   0.07448765843781162
2.3532312448676476   0.06956978642269375   0.06947633445311426
2.4222172688678643   0.06483826772353947   0.0647972503703401
2.4932256489445366   0.06042145731929814   0.060428818996357776
2.5663156713684585   0.05629898301911826   0.05635081859462182
2.641548360413907   0.052451748143800006   0.052544309535279866
2.7189865293089923   0.04886185493271844   0.04899155579519346
2.798694832679631   0.045512534896471654   0.045675954774950484
2.8807398205309562   0.042388104293260224   0.04258200177272076
2.9651899938111903   0.039473881435000545   0.039695197981888225
3.05211586160442   0.036756107782692116   0.037001962344940714
3.1415899999999994   0.034221892560123944   0.03448957587369058
