0.01   10847.003037848266   10846.073821623955
0.010293154462191829   10951.431105167474   10950.440961877168
0.010594902878253955   11051.180679173358   11050.125284181795
0.010905497183778876   11145.925122884571   11144.798371157945
0.011225196699963396   11235.337210851923   11234.131263909316
0.011554268350120923   11319.077990441641   11317.784469140348
0.011892986882540897   11396.801168794402   11395.412071252313
0.012241635099881474   11468.163812166273   11466.671577321307
0.012600504095286909   11532.81912968474   11531.216139044118
0.012969893495426888   11590.405597283672   11588.682924126666
0.013350111710660605   11640.566475060978   11638.713713737967
0.013741476192534558   11682.95268431727   11680.95799618378
0.014144313698828986   11717.208687261847   11715.059040013864
0.01455896056637426   11742.982910336053   11740.664237509483
0.014985762991865008   11759.93911268345   11757.436377963313
0.01542507732090645   11767.747677120742   11765.044698745134
0.015877270345534218   11766.080419323716   11763.159538365122
0.016342719610456153   11754.629954167296   11751.472105175653
0.016821813728271667   11733.111765391437   11729.696473845326
0.017314952703931925   11701.255716978725   11697.560462794025
0.017822548268711737   11658.817098027637   11654.817210589132
0.01834502422397195   11605.584083895697   11601.25296422827
0.018882816794999403   11541.380021852267   11536.689557042424
0.019436374995219892   11466.065746861961   11460.986780673862
0.02000616100108813   11379.542010593188   11374.044646768256
0.020592650537967844   11281.757109492539   11275.811194727035
0.021196333277324068   11172.725462358692   11166.301594969376
0.02181771324555934   11052.511285100305   11045.581293847828
0.022457309244835088   10921.226310362179   10913.763671912942
0.02311565528622961   10779.074298996415   10771.056463231345
0.023793301035594242   10626.341847688933   10617.752125934849
0.024490812272480036   10463.357257564016   10454.184897078538
0.025208771362518027   10290.527647298146   10280.769013509182
0.0259477777436476   10108.404605464377   10098.066354792018
0.02670844842659881   9917.583329072195   9906.682455368555
0.027491418510046592   9718.693437191963   9707.25687998584
0.028297341710866907   9512.532743023827   9500.599503644366
0.029126890909937666   9299.990214815512   9287.611960947974
0.029980758713939952   9081.942776240958   9069.182483300976
0.030859658033628758   8859.363396582627   8846.294649407202
0.031764322679055976   8633.411678604298   8620.118516056284
0.03269550797224261   8405.209949327516   8391.785257522904
0.033653991377811755   8175.844950147118   8162.38848100339
0.03464057315210884   7946.563973184199   7933.1789894606445
0.03565607701135116   7718.610941466483   7705.402124926182
0.036701350819364466   7493.117994971437   7480.190145576034
0.03777726729548091   7271.281329269925   7258.730241147498
0.038884724743189276   7054.409022514957   7042.31051487048
0.04002464780014597   6843.671103843738   6832.081959396528
0.041197988210172884   6640.05118429545   6629.009276681683
0.04240572561788674   6444.21887699696   6433.736810238259
0.04364886838662332   6256.690815098731   6246.75633221882
0.04492845444033957   6077.913390786629   6068.490871461376
0.04624555213019635   5908.53306376063   5899.532979340724
0.04760126112654554   5749.373861482827   5740.625873839425
0.04899671333706607   5601.162740197765   5592.422784626628
0.05043307385181555   5463.871641390382   5454.848584956847
0.05191154191598653   5335.992507171784   5326.395651441152
0.053433351931179485   5215.952753610735   5205.497220179013
0.05499977448602865   5102.360491135698   5090.76608029337
0.05661211741704101   4994.045181296423   4981.034929978013
0.05827172690053434   4889.932482257349   4875.233930692275
0.05997998857658587   4788.673258675105   4772.052079293098
0.06173832870592997   4688.5855379721925   4669.885198710209
0.0635482153607709   4588.012980508203   4567.166911470591
0.06541115965050462   4484.925933331312   4462.030147756678
0.06732871698337338   4377.28982980197   4352.6248404650605
0.06930248836510605   4263.149419948545   4237.235639936878
0.07133412173562886   4140.661486288764   4114.308444948427
0.07342531334496233   4008.595602211378   3982.8800813231037
0.07557780916945323   3866.633019365601   3842.8775107641263
0.07779340636952398   3715.141850257749   3694.8281272585255
0.08007395479015682   3555.60934826317   3540.2491809336866
0.08242135850536496   3390.085515054731   3381.1419021565575
0.08483757740794096   3221.4549419929203   3220.267048321743
0.08732462884580919   3052.7421646808634   3060.417691618245
0.08988458930634863   2887.095938363067   2904.3807154704955
0.09251959615009227   2727.622084586788   2754.836415848056
0.09523184939525078   2577.3023780821395   2614.2958906864037
0.09802361355455057   2439.0144021221267   2485.014936353916
0.10089721952591899   2315.1100698638274   2368.773019365878
0.10385506653859616   2206.9659130334385   2266.4262862288383
0.10689962415629803   2115.099470682751   2178.0944928947906
0.11003343433910281   2038.1848873421254   2102.322506737271
0.11325911356578279   1973.939326226774   2036.9187658610924
0.11657935501835284   1918.7019385573803   1978.711003398468
0.11999693083066039   1868.3805839267   1924.2880509047604
0.12351469440289359   1818.6219370900303   1870.172249334343
0.12713558278394044   1765.3792813297403   1813.3825864558576
0.13086261912358757   1705.3931490385448   1751.683245194091
0.13469891519660646   1636.6850327222385   1683.8787547140678
0.13864767400083483   1559.0821417641664   1610.154648870795
0.14271219243142114   1474.084732779719   1531.9791795065423
0.14689586403346616   1384.628963715536   1451.8230423455832
0.1512021818353596   1294.7103335129505   1372.6026315096394
0.15563474126517718   1208.9895918509872   1297.6264007887935
0.16019724315257297   1131.9676366873714   1229.5707543081521
0.1648934968186736   1066.8016836991915   1170.1449767828929
0.1697274232565544   1014.2010511839464   1119.811803578314
0.17470305840495237   972.3590574545083   1076.3678264861817
0.17982455651794954   938.0145794461708   1037.896625897071
0.18509619363343993   907.2684996238622   1001.8298730644689
0.19052237114327647   875.8213656160087   965.6721446288622
0.19610761946807834   839.7932242907871   927.3226136030748
0.20185660183976684   797.473771447415   886.0505507967569
0.20777411819498756   750.1753352634389   843.0655028773227
0.21386510918267082   701.1793268232221   800.5493909382338
0.22013466028907505   654.1637453504047   760.0146097423293
0.22658800608375756   612.5246827844815   723.1494357296294
0.23323053459001789   578.1568622284217   690.4827108136504
0.2400677917834628   550.5757831050258   661.5261381738426
0.24710548622244882   527.3831472982885   635.017831275597
0.25434949381426813   505.2708316586927   609.4624070262571
0.2618058627210567   481.2592196538218   583.6631201048842
0.2694808184095226   454.39636385763   557.5638261152296
0.27738076884870827   426.0039547553226   531.6482192653573
0.2855123098601282   398.3675716145259   507.0014308880336
0.29388223062474755   373.7156880308933   484.05363434935583
0.3024975193514008   353.02150775587774   463.0458384123031
0.31136536911138296   335.3268143080992   443.53754117691676
0.3204931838440838   318.7423309537479   424.89727966755913
0.32988858453867975   301.66867697196056   406.7883169618294
0.3395594155970457   283.72594429643743   389.00517297846477
0.34951375138319807   265.9616511304049   371.9677680571472
0.3597599029647371   249.66182773060729   355.9572301108443
0.37030642505191835   235.32626625919286   340.8974159439787
0.3811621231401457   222.4703436317466   326.6760342401885
0.3923360608618501   210.1020063741607   313.0899425269319
0.4038375675538918   197.69387270354528   299.991784769154
0.41567624604680364   185.54773990873898   287.47317687902733
0.42786198068238046   174.2424196470676   275.6075771956713
0.4404049455663077   163.99469769462564   264.3784769264827
0.4533156130627191   154.4752376975935   253.68798420347755
0.4666047625377753   145.29843443330762   243.4805639387578
0.4802834893595659   136.4111564329276   233.73092856131169
0.49436321416184764   128.05259911581086   224.44978054281205
0.5088556923793517   120.31971962817408   215.64716967469076
0.5237730240626238   113.07450223109974   207.26401492814637
0.5391276639805903   106.1620490032973   199.25741987531342
0.5549324320192869   99.6005729826978   191.6286919621894
0.5712005238854289   93.46019877939953   184.36790383289568
0.5879455221237613   87.71020334174835   177.45338420520565
0.6051814074573895   82.27625394764499   170.8572256126622
0.622922570460556   77.14274981962838   164.56177069886914
0.6411838235736077   72.32465500710923   158.5611412337311
0.6599804134701901   67.80126959741663   152.83849227519082
0.6793280337869897   63.54290156055817   147.37876969151307
0.6992428382266549   59.5382235925099   142.16554698785458
0.7197414540448374   55.7735947710198   137.18535930161408
0.7408409959326054   52.2357329543534   132.42568054098516
0.7625590803058332   48.91199746757483   127.87474426019553
0.7849138400134885   45.79036579407068   123.52149283120121
0.8079239394770964   42.859410470636305   119.35553031559436
0.8316085902740278   40.1082762488136   115.36707874749224
0.8559875671776167   37.526648116241255   111.54684601321675
0.8810812246675007   35.10466042268166   107.88528513708675
0.9069105139239728   32.83293597083579   104.37305261952662
0.9334970003205227   30.702611559066245   101.00143126431526
0.960862881429187   28.705312837407583   97.762288400579
0.9890310055537336   26.833129790323067   94.6480335893593
1.0180248908061487   25.078593276420207   91.65157981161518
1.047868744742366   23.434652591684333   88.76630782554167
1.0785874845736239   21.894656425762257   85.98594699995182
1.1102067579703248   20.45234010856626   83.30424060980076
1.1427529644757777   19.101795543479685   80.7152522282987
1.1762532775476793   17.837449265128203   78.213466184511
1.210735667245765   16.654045230126172   75.79375833768431
1.246228923584555   15.546628362117728   73.45136928279443
1.2827626805706884   14.51052882730281   71.18187977628328
1.3203674409449337   13.541347013905197   68.98118807761288
1.3590746016495152   12.63493760320721   66.84544381497307
1.3989164800420282   11.78739400462335   64.77096420437944
1.4399263408778291   10.995039634650478   62.75432803489053
1.4821384240834183   10.254416018223441   60.79237851872547
1.525587973344019   9.56227073254772   58.88220685235753
1.5703112655292182   8.915545951204955   57.021136997462214
1.6163456409812174   8.311367563529492   55.20671155349428
1.6637295346910133   7.747034832931951   53.436680605184286
1.7125025083885144   7.2200099935315   51.70909380507205
1.7627052835733923   6.727908874000786   50.02232314935179
1.814379775514258   6.268493084575004   48.37489008334303
1.8675691282445197   5.839661682070098   46.76544324143141
1.922317750584177   5.439443195769786   45.192750645091245
1.9786713532176083   5.065988080736303   43.655692255716225
2.0366769868582977   4.717561578247755   42.153252845892865
2.0963830815323896   4.392536912413241   40.68452542496547
2.1578394870138577   4.0893880865833125   39.248876281250936
2.2210975144450407   3.806684252804451   37.84588494781183
2.286209979177315   3.5430848745981587   36.47516637851893
2.3532312448676476   3.2973343027625295   35.13636191540911
2.4222172688678643   3.068256631060526   33.82913629754527
2.4932256489445366   2.854750846304478   32.55317477036989
2.5663156713684585   2.655786257267667   31.308180295893987
2.641548360413907   2.4703983744707325   30.093912853653787
2.7189865293089923   2.2976861196064244   28.91048770786755
2.798694832679631   2.136806804341451   27.758140244789594
2.8807398205309562   1.9869716988591974   26.637029141319196
2.9651899938111903   1.847442743026286   25.547238521011273
3.05211586160442   1.7175294504390328   24.488781749678378
3.1415899999999994   1.596585988688389   23.461605268491365
