0.01   9834.326348456209   9833.705064803622
0.010293154462191829   9907.15988670415   9906.51938362854
0.010594902878253955   9975.17627025383   9974.518638495341
0.010905497183778876   10038.105421285001   10037.430921626292
0.011225196699963396   10095.67911348917   10094.985750148719
0.011554268350120923   10147.631891560253   10146.915621277984
0.011892986882540897   10193.688920463617   10192.945758628193
0.012241635099881474   10233.574562438147   10232.801663234524
0.012600504095286909   10267.020964949368   10266.216648612952
0.012969893495426888   10293.760824053665   10292.923699739944
0.013350111710660605   10313.523023642125   10312.6505116929
0.013741476192534558   10326.047310679696   10325.135506805711
0.014144313698828986   10331.084585258433   10330.12840212452
0.01455896056637426   10328.384568494017   10327.378555317007
0.014985762991865008   10317.707907662365   10316.64658332595
0.01542507732090645   10298.834110026097   10297.711980147513
0.015877270345534218   10271.5543638039   10270.365345392978
0.016342719610456153   10235.67087436159   10234.407561243446
0.016821813728271667   10191.009956492186   10189.663634926088
0.017314952703931925   10137.423726539972   10135.984525664135
0.017822548268711737   10074.788487646625   10073.245790698744
0.01834502422397195   10003.009646580394   10001.352280612562
0.018882816794999403   9922.024886084486   9920.241232281207
0.019436374995219892   9831.811788248016   9829.889993290819
0.02000616100108813   9732.38883703463   9730.317027456791
0.020592650537967844   9623.810068634128   9621.576474913129
0.021196333277324068   9506.175718278439   9503.769132156649
0.02181771324555934   9379.657038794772   9377.06806908322
0.022457309244835088   9244.467139170882   9241.688495155377
0.02311565528622961   9100.856539907676   9097.883145923965
0.023793301035594242   8949.166429500483   8945.997031751866
0.024490812272480036   8789.810431063222   8786.448692304872
0.025208771362518027   8623.226243875864   8619.680491448104
0.0259477777436476   8449.916246895002   8446.19979512018
0.02670844842659881   8270.511753348004   8266.644163326764
0.027491418510046592   8085.664233814315   8081.6709671476265
0.028297341710866907   7896.036160716352   7891.948071394932
0.029126890909937666   7702.431928287849   7698.286302793909
0.029980758713939952   7505.7189690770365   7501.559652889774
0.030859658033628758   7306.727496573285   7302.603870648766
0.031764322679055976   7106.339926672642   7102.305519992695
0.03269550797224261   6905.570120501477   6901.680940131322
0.033653991377811755   6705.374877732652   6701.688523870856
0.03464057315210884   6506.65390546868   6503.228323877
0.03565607701135116   6310.415491104356   6307.30431663593
0.036701350819364466   6117.649655388812   6114.900404124569
0.03777726729548091   5929.2332917912645   5926.88768889562
0.038884724743189276   5745.982046124448   5744.072536748704
0.04002464780014597   5568.676270698516   5567.220995076873
0.041197988210172884   5397.993401567086   5396.997458157923
0.04240572561788674   5234.509081544047   5233.962842492678
0.04364886838662332   5078.700276464972   5078.5619488890525
0.04492845444033957   4930.962885641465   4931.1557089451935
0.04624555213019635   4791.617308718047   4792.033997893219
0.04760126112654554   4660.636802297661   4661.149155252236
0.04899671333706607   4537.631226466304   4538.099581526401
0.05043307385181555   4422.215569077437   4422.490261562952
0.05191154191598653   4313.7719157855345   4313.695186870969
0.053433351931179485   4211.025922605103   4210.435732604876
0.05499977448602865   4112.694519427982   4111.425740127044
0.05661211741704101   4017.622562253523   4015.5134420435265
0.05827172690053434   3924.804974471713   3921.7134119663397
0.05997998857658587   3833.326347628582   3829.1326926595134
0.06173832870592997   3742.0334218330986   3736.669530132746
0.0635482153607709   3649.4103208788547   3642.9007394962223
0.06541115965050462   3554.027452104835   3546.493485753803
0.06732871698337338   3454.3518034496906   3446.057529977473
0.06930248836510605   3348.9497782469107   3340.311419163592
0.07133412173562886   3236.8960482481593   3228.471691029023
0.07342531334496233   3117.8371908586096   3110.3137554793066
0.07557780916945323   2992.044048511056   2986.1937170994347
0.07779340636952398   2860.8754082802593   2857.4976301072948
0.08007395479015682   2725.9846500811586   2725.8600868366643
0.08242135850536496   2589.4927741760384   2593.320692747899
0.08483757740794096   2453.5578930934607   2461.925672869791
0.08732462884580919   2320.5256247047528   2333.8680788849415
0.08988458930634863   2192.580536108849   2211.1388195419354
0.09251959615009227   2071.813710001645   2095.558255590175
0.09523184939525078   1960.1785320787458   1988.7774020336446
0.09802361355455057   1859.453765766586   1892.2521568221803
0.10089721952591899   1770.6762726894508   1806.7175962739507
0.10385506653859616   1694.3022657893061   1732.3874742369019
0.10689962415629803   1629.332727613953   1668.2187879681285
0.11003343433910281   1574.040262111508   1612.542284451366
0.11325911356578279   1525.6333230579094   1562.801495500505
0.11657935501835284   1481.0545224514092   1516.280315483646
0.11999693083066039   1437.1200086360925   1470.319114264074
0.12351469440289359   1390.9906199466657   1422.5926709166947
0.12713558278394044   1340.3766077323123   1371.281201229312
0.13086261912358757   1284.0520011598119   1315.657057935379
0.13469891519660646   1221.9277127541013   1255.910096155896
0.13864767400083483   1155.1642524267938   1193.0835075069497
0.14271219243142114   1085.7899217300628   1128.890692896792
0.14689586403346616   1016.4158382529939   1065.4330350898758
0.1512021818353596   950.0461087773372   1005.0108119127019
0.15563474126517718   889.8421880567638   949.9289424869705
0.16019724315257297   838.099424818394   901.6220483651786
0.1648934968186736   795.3822186269789   860.2845100089392
0.1697274232565544   760.3829389521628   824.795702758604
0.17470305840495237   730.717289830348   793.1512618478397
0.17982455651794954   703.8308313095629   763.5541886836244
0.18509619363343993   677.0307564098387   734.2259233771646
0.19052237114327647   647.7540687256662   703.6303712253595
0.19610761946807834   614.6715893761062   670.9873048169859
0.20185660183976684   578.6055810154443   636.9955196259401
0.20777411819498756   541.7203641299321   603.2467424439121
0.21386510918267082   506.3120831922311   571.1250587945092
0.22013466028907505   474.40449103250705   541.6563922145622
0.22658800608375756   447.2337761433838   515.4514456545677
0.23323053459001789   424.5630532273773   492.21531232011387
0.2400677917834628   404.95299647389714   470.9262223976612
0.24710548622244882   386.47169260234426   450.57607987881687
0.25434949381426813   367.27766971647924   430.2563037672827
0.2618058627210567   346.6724823629142   409.84078359114943
0.2694808184095226   325.4378705072589   389.62095255184767
0.27738076884870827   304.8398896280574   370.28430808986695
0.2855123098601282   286.0603617845178   352.24999061886695
0.29388223062474755   269.7278516524156   335.7684056585761
0.3024975193514008   255.35822977219357   320.4438192931937
0.31136536911138296   241.9175178008898   305.8773238919648
0.3204931838440838   228.55890467012875   291.8084046674149
0.32988858453867975   214.99670195131333   278.08636922618075
0.3395594155970457   201.71834178928478   264.9416148447439
0.34951375138319807   189.38608895846997   252.54740489236136
0.3597599029647371   178.23473030523718   240.9226492055034
0.37030642505191835   168.0568256399037   229.9670091418604
0.3811621231401457   158.3835511698966   219.5310553311822
0.3923360608618501   148.92978333835018   209.53359952653483
0.4038375675538918   139.8018154947277   199.98862248828527
0.41567624604680364   131.2427182926273   190.9485869100204
0.42786198068238046   123.3452358699226   182.40534645809038
0.4404049455663077   115.96989187894972   174.30046909992282
0.4533156130627191   108.95288388727248   166.59205862692517
0.4666047625377753   102.24394832190978   159.24817861145038
0.4802834893595659   95.92697572000006   152.2801442437945
0.49436321416184764   90.0283287673281   145.67396285929027
0.5088556923793517   84.4936254305459   139.4036501495045
0.5237730240626238   79.25626783335834   133.43975095358138
0.5391276639805903   74.30885684090903   127.77317765964725
0.5549324320192869   69.66506735281288   122.39529347245592
0.5712005238854289   65.3070479614977   117.28712618581211
0.5879455221237613   61.203646691605854   112.43334722343351
0.6051814074573895   57.339244197559616   107.82011277764988
0.622922570460556   53.70984515067652   103.43660882561801
0.6411838235736077   50.301106408968934   99.269819875245
0.6599804134701901   47.09870510030694   95.30863947512285
0.6793280337869897   44.089387324606335   91.5422346023857
0.6992428382266549   41.26448975891747   87.9602897753991
0.7197414540448374   38.61396380128807   84.55268454575871
0.7408409959326054   36.12648616964977   81.30999043263382
0.7625590803058332   33.792534926868704   78.2230686983117
0.7849138400134885   31.60318594095627   75.28332048204588
0.8079239394770964   29.549990176179055   72.4826740120686
0.8316085902740278   27.624951760248535   69.81354940451916
0.8559875671776167   25.82050680825664   67.268825989464
0.8810812246675007   24.12950299737485   64.84181197082013
0.9069105139239728   22.545179276359008   62.52619164293974
0.9334970003205227   21.0611396134561   60.31569011893691
0.960862881429187   19.67133934107057   58.20419104206998
0.9890310055537336   18.370074241219204   56.1859782261056
1.0180248908061487   17.15196332815769   54.25571221726024
1.047868744742366   16.011932218949266   52.408402869735724
1.0785874845736239   14.945197233013024   50.63938412683265
1.1102067579703248   13.947250198183879   48.944290816055464
1.1427529644757777   13.013843377482175   47.318990797212024
1.1762532775476793   12.14097333833923   45.75936153360686
1.210735667245765   11.324870531658851   44.261473487603666
1.246228923584555   10.56198780116196   42.821668644124905
1.2827626805706884   9.84898820959501   41.43654068659378
1.3203674409449337   9.18273345916094   40.102916743131594
1.3590746016495152   8.560272883700804   38.81784066003765
1.3989164800420282   7.978832988246983   37.578557542443235
1.4399263408778291   7.435807094812156   36.38245014996201
1.4821384240834183   6.928745445032474   35.226959109375215
1.525587973344019   6.455347364100348   34.10969017001198
1.5703112655292182   6.013452898886839   33.028422609112596
1.6163456409812174   5.601034710693522   31.981097412711936
1.6637295346910133   5.2161903972224914   30.965806425834636
1.7125025083885144   4.857135223856861   29.980782377405394
1.7627052835733923   4.522195238529651   29.024390222097775
1.814379775514258   4.2098005645667715   28.095135601537415
1.8675691282445197   3.9184792753636297   27.19165804502256
1.922317750584177   3.6468518585224268   26.31270159360961
1.9786713532176083   3.393625717166973   25.457106987673097
2.0366769868582977   3.1575899604137914   24.623805694734642
2.0963830815323896   2.9376104856169047   23.81181432865304
2.1578394870138577   2.732625337587051   23.02022942052451
2.2210975144450407   2.5416402569925554   22.248229018715826
2.286209979177315   2.3637239170134676   21.495127648586877
2.3532312448676476   2.198004551355337   20.760334915950324
2.4222172688678643   2.0436667666979695   20.043308006137
2.4932256489445366   1.899948040326691   19.34354802668804
2.5663156713684585   1.7661354188181062   18.66059708264551
2.641548360413907   1.6415624132558324   17.994035473138506
2.7189865293089923   1.5256060799903088   17.34347899947911
2.798694832679631   1.4176845013763801   16.708621708963708
2.8807398205309562   1.3172548583882724   16.08937776014088
2.9651899938111903   1.2238100573699   15.485706666348074
3.05211586160442   1.1368761947096708   14.897552002541733
3.1415899999999994   1.056010479871455   14.324841883416386
