0.01   5083.034722905146   5082.897981377612
0.010293154462191829   5133.550936432612   5133.4131253751475
0.010594902878253955   5181.851440069664   5181.712430814765
0.010905497183778876   5227.7719133410255   5227.6314921890935
0.011225196699963396   5271.147561933455   5271.005433803874
0.011554268350120923   5311.807572103832   5311.663469130906
0.011892986882540897   5349.576312396214   5349.430093868555
0.012241635099881474   5384.279492083277   5384.131152262142
0.012600504095286909   5415.741763786738   5415.591344800373
0.012969893495426888   5443.780916442243   5443.628242270333
0.013350111710660605   5468.216720339778   5468.061344203781
0.013741476192534558   5488.872974934878   5488.7141851489705
0.014144313698828986   5505.570752947025   5505.407676973828
0.01455896056637426   5518.132324010274   5517.963999103146
0.014985762991865008   5526.387668339648   5526.213046209101
0.01542507732090645   5530.172089120436   5529.989942045517
0.015877270345534218   5529.323344630247   5529.132063616853
0.016342719610456153   5523.689697240518   5523.487274768906
0.016821813728271667   5513.131750219877   5512.915815907582
0.017314952703931925   5497.520690740052   5497.288706905618
0.017822548268711737   5476.741441875538   5476.490806425723
0.01834502422397195   5450.69563965678   5450.423702709622
0.018882816794999403   5419.305721775908   5419.009630023259
0.019436374995219892   5382.5175271144035   5382.193981715639
0.02000616100108813   5340.297126981308   5339.942399069807
0.020592650537967844   5292.634772366682   5292.244875662554
0.021196333277324068   5239.560811412323   5239.132244183167
0.02181771324555934   5181.133095888666   5180.663093352966
0.022457309244835088   5117.431635121552   5116.918182661392
0.02311565528622961   5048.585836788799   5048.028003528359
0.023793301035594242   4974.776065329355   4974.1743490671615
0.024490812272480036   4896.201405784818   4895.557684554284
0.025208771362518027   4813.094729411487   4812.412366819817
0.0259477777436476   4725.770227910948   4725.054679568723
0.02670844842659881   4634.5654333767825   4633.824238495351
0.027491418510046592   4539.826943989459   4539.069539481399
0.028297341710866907   4441.985714307563   4441.223572530495
0.029126890909937666   4341.532681872012   4340.779340314341
0.029980758713939952   4238.944614424806   4238.215387113529
0.030859658033628758   4134.719441421162   4134.031111987078
0.031764322679055976   4029.4375926039284   4028.8081010431497
0.03269550797224261   3923.659648594331   3923.1078179041183
0.033653991377811755   3817.9197430105964   3817.4648954423533
0.03464057315210884   3712.8626054655674   3712.522910513132
0.03565607701135116   3609.1647983544744   3608.956412786453
0.036701350819364466   3507.4343514752436   3507.371544121929
0.03777726729548091   3408.166872269513   3408.261097399613
0.038884724743189276   3311.7118277320305   3311.9699016197314
0.04002464780014597   3218.364134015973   3218.788519093863
0.041197988210172884   3128.4243593693063   3129.0127136208175
0.04240572561788674   3042.480069497537   3043.2188194332043
0.04364886838662332   2961.189934812145   2962.0525825247532
0.04492845444033957   2885.1127121350623   2886.061467203086
0.04624555213019635   2814.241077113173   2815.2307564346006
0.04760126112654554   2748.073334535475   2749.0546115253724
0.04899671333706607   2686.1282254877838   2687.047890951967
0.05043307385181555   2627.926884982358   2628.7258623091425
0.05191154191598653   2572.991085723447   2573.602608355884
0.053433351931179485   2520.854954054839   2521.2056257416457
0.05499977448602865   2470.8698626925516   2470.8858892403505
0.05661211741704101   2422.315503259245   2421.92610863356
0.05827172690053434   2374.434937035859   2373.577770609379
0.05997998857658587   2326.3078812420167   2324.9419406770835
0.06173832870592997   2277.030543168123   2275.1395155580362
0.0635482153607709   2225.5805046980117   2223.187962332855
0.06541115965050462   2170.9477358147738   2168.12297038751
0.06732871698337338   2112.267082295622   2109.130870480043
0.06930248836510605   2048.8394791078435   2045.566515026586
0.07133412173562886   1980.3579706351402   1977.1692991325297
0.07342531334496233   1906.9355198636592   1904.0887179743388
0.07557780916945323   1829.1317849952204   1826.9059821181975
0.07779340636952398   1747.923531668023   1746.6039503801705
0.08007395479015682   1664.610922088552   1664.4713553972722
0.08242135850536496   1580.6772732451225   1581.9645635693767
0.08483757740794096   1497.7215814083652   1500.6293692222803
0.08732462884580919   1417.3363812360842   1421.9839125364952
0.08988458930634863   1341.1579677977456   1347.5582471939863
0.09251959615009227   1270.6034468130908   1278.6648277117038
0.09523184939525078   1206.9687719040026   1216.4767452424321
0.09802361355455057   1151.1087482616729   1161.7370084773672
0.10089721952591899   1103.3242059413867   1114.6329875105678
0.10385506653859616   1063.2350959450519   1074.7444411260556
0.10689962415629803   1029.7851821700956   1041.0454480284393
0.11003343433910281   1001.2997384899453   1011.9255105926431
0.11325911356578279   975.7696367811579   985.4836718665624
0.11657935501835284   950.9648416190353   959.6860724870158
0.11999693083066039   924.7524448835833   932.6250424080235
0.12351469440289359   895.2961206546532   902.6898314441509
0.12713558278394044   861.3824775103027   868.8597342835197
0.13086261912358757   822.6664377208829   830.9790363965922
0.13469891519660646   779.7167773814087   789.6697132565793
0.13864767400083483   733.9449546947311   746.180041933806
0.14271219243142114   687.4049849723672   702.379894580909
0.14689586403346616   642.5404612399632   660.3555143038709
0.1512021818353596   601.7801286579978   622.1208574484012
0.15563474126517718   566.9533348808218   589.1503162124117
0.16019724315257297   538.723351242178   561.8522920736685
0.1648934968186736   516.4366901693634   539.5432322010469
0.1697274232565544   498.50304378850893   520.8457229044167
0.17470305840495237   482.8418102283246   503.9455911247169
0.17982455651794954   467.10497031198173   487.004309699073
0.18509619363343993   449.09107966315446   468.329774941495
0.19052237114327647   427.60338192021976   447.0552336151248
0.19610761946807834   403.0432162860693   423.6742589867464
0.20185660183976684   377.05315756109485   399.5732498923584
0.20777411819498756   351.7428307402553   376.2669467254138
0.21386510918267082   329.11591686797476   355.23784526185517
0.22013466028907505   310.43997580747   337.2699818638454
0.22658800608375756   295.70545880659046   322.3128181755172
0.23323053459001789   283.655197184913   309.3113836686159
0.2400677917834628   272.42796550869286   296.95680976452724
0.24710548622244882   260.2082238751659   284.0768125808639
0.25434949381426813   246.1973650259125   270.1593863842945
0.2618058627210567   230.9700724574587   255.8183913422269
0.2694808184095226   215.87395429658056   241.79425481346476
0.27738076884870827   202.32935220691706   228.99403790352605
0.2855123098601282   191.09130593200427   217.81640413370093
0.29388223062474755   181.75269354272837   207.89065495018738
0.3024975193514008   173.17617652696947   198.5663741681488
0.31136536911138296   164.2786526588665   189.23017681189265
0.3204931838440838   154.68512733496493   179.7493465591564
0.32988858453867975   144.960591149973   170.44101997213684
0.3395594155970457   135.9841561413398   161.74912187828684
0.34951375138319807   128.20327273226584   153.84434863764895
0.3597599029647371   121.38356921709416   146.57427098977303
0.37030642505191835   114.86464364577364   139.61191799086535
0.3811621231401457   108.21162613707511   132.7831633664254
0.3923360608618501   101.56522974510715   126.1702601030064
0.4038375675538918   95.35424312185378   119.92925965393941
0.41567624604680364   89.79833021359921   114.13176618419921
0.42786198068238046   84.70696231513747   108.68112080698731
0.4404049455663077   79.7740543019767   103.45484560539771
0.4533156130627191   74.92462504716002   98.43661801524391
0.4666047625377753   70.33928559034126   93.6794562782534
0.4802834893595659   66.13203720192406   89.20268441571886
0.49436321416184764   62.21676377886261   84.97314657911286
0.5088556923793517   58.45989588000121   80.93773907340578
0.5237730240626238   54.86520076321575   77.09648521452611
0.5391276639805903   51.50541068992135   73.46591142005587
0.5549324320192869   48.374412882603075   70.02979315228897
0.5712005238854289   45.40969965369556   66.76692129856916
0.5879455221237613   42.59543278131207   63.66775910236643
0.6051814074573895   39.955212907725034   60.73253138054623
0.622922570460556   37.48098167494691   57.95216750417169
0.6411838235736077   35.14521540034883   55.311982930018374
0.6599804134701901   32.94335969918035   52.80898108467867
0.6793280337869897   30.874875078835302   50.43558211443181
0.6992428382266549   28.931919701829113   48.1848074973398
0.7197414540448374   27.106582104584856   46.05009866082608
0.7408409959326054   25.391507356590846   44.025252250133946
0.7625590803058332   23.779855045796094   42.10440097133735
0.7849138400134885   22.26545921980677   40.281951104352665
0.8079239394770964   20.842893321346665   38.55253732845104
0.8316085902740278   19.507033458163843   36.91109214024347
0.8559875671776167   18.253002165273962   35.352837965788
0.8810812246675007   17.07615995114579   33.87327013055355
0.9069105139239728   15.972096831785425   32.468140845191215
0.9334970003205227   14.936623886785409   31.133444146495922
0.960862881429187   13.965762667843217   29.86539506341985
0.9890310055537336   13.055701691222058   28.66030583088257
1.0180248908061487   12.202804804166457   27.51461048828443
1.047868744742366   11.403639870593675   26.424963067237993
1.0785874845736239   10.654969351074184   25.38822619651585
1.1102067579703248   9.953740079052773   24.40145696579445
1.1427529644757777   9.29707351836798   23.461893817679794
1.1762532775476793   8.682256483201986   22.5669443884621
1.210735667245765   8.106733346175611   21.714154319154357
1.246228923584555   7.568102740626495   20.901093199608415
1.2827626805706884   7.06410389044168   20.125440373757293
1.3203674409449337   6.592606238708837   19.38502992775098
1.3590746016495152   6.151602586879398   18.677839441498616
1.3989164800420282   5.73920255379113   18.001979504963014
1.4399263408778291   5.35362633562307   17.355684076239353
1.4821384240834183   4.993198755342857   16.737301567179113
1.525587973344019   4.656342818544332   16.14525606596631
1.5703112655292182   4.341573284510613   15.577992392544482
1.6163456409812174   4.047493730411289   15.034048859446377
1.6637295346910133   3.772791955109351   14.512064940822894
1.7125025083885144   3.516235211474843   14.010773780390418
1.7627052835733923   3.2766656852104123   13.528995326152419
1.814379775514258   3.052996209166881   13.065630034270022
1.8675691282445197   2.8442061907594782   12.619652177554505
1.922317750584177   2.649337377068568   12.19007302767499
1.9786713532176083   2.4674902498872413   11.775933024000862
2.0366769868582977   2.2978211396172434   11.376339713278805
2.0963830815323896   2.1395389624021797   10.99046561058922
2.1578394870138577   1.9919021013656513   10.617543618160974
2.2210975144450407   1.854215460919176   10.25686281874552
2.286209979177315   1.7258276854095405   9.907764607265268
2.3532312448676476   1.6061286331860714   9.569643434624298
2.4222172688678643   1.4945477428375007   9.241982257364503
2.4932256489445366   1.390550999446528   8.924325075622313
2.5663156713684585   1.2936380976552473   8.616246292143712
2.641548360413907   1.203340424315288   8.317348431633484
2.7189865293089923   1.1192191602286423   8.02726035721123
2.798694832679631   1.040863486724922   7.745635599091499
2.8807398205309562   0.9678888919904929   7.4721507861350505
2.9651899938111903   0.8999348178700972   7.206482456249019
3.05211586160442   0.8366611568540261   6.948242103653726
3.1415899999999994   0.7777498609529465   6.697053339366395
