0.01   1124.9440072678444   1124.9109380114464
0.010293154462191829   1140.3496902380364   1140.3163587119857
0.010594902878253955   1155.477364571928   1155.443760639483
0.010905497183778876   1170.295610184892   1170.2616913742568
0.011225196699963396   1184.771658109249   1184.7373831119608
0.011554268350120923   1198.8711210220742   1198.8364988962835
0.011892986882540897   1212.5590274614976   1212.5241237174873
0.012241635099881474   1225.7995294597054   1225.764454939839
0.012600504095286909   1238.554273111746   1238.5191219169574
0.012969893495426888   1250.7839593331203   1250.7487890605667
0.013350111710660605   1262.4490373800334   1262.413868757071
0.013741476192534558   1273.5088946092774   1273.4737380320066
0.014144313698828986   1283.9220207597655   1283.8869025223032
0.01455896056637426   1293.6470465860714   1293.6120103821454
0.014985762991865008   1302.6421298169907   1302.6072273888678
0.01542507732090645   1310.8634459586578   1310.8287076261909
0.015877270345534218   1318.267350315679   1318.2327787434733
0.016342719610456153   1324.810935826621   1324.776507155224
0.016821813728271667   1330.4509936161537   1330.4166776676743
0.017314952703931925   1335.144722173785   1335.1104957844323
0.017822548268711737   1338.8508390703107   1338.816686467942
0.01834502422397195   1341.5291061366024   1341.4950069400927
0.018882816794999403   1343.1398431934265   1343.1057482361912
0.019436374995219892   1343.645527337968   1343.611355912825
0.02000616100108813   1343.011233917401   1342.9768734475238
0.020592650537967844   1341.2047814774874   1341.1700832531558
0.021196333277324068   1338.1971098113313   1338.1618878977365
0.02181771324555934   1333.9626556721007   1333.9266886585697
0.022457309244835088   1328.4807202759555   1328.443767405341
0.02311565528622961   1321.7360792430147   1321.6979014223964
0.023793301035594242   1313.7177793885237   1313.6781421862834
0.024490812272480036   1304.4204166559048   1304.3791019157704
0.025208771362518027   1293.8483833623764   1293.8052349004047
0.0259477777436476   1282.011994503197   1281.9669300559403
0.02670844842659881   1268.9264017593125   1268.8794129265355
0.027491418510046592   1254.6187015485511   1254.5698788393433
0.028297341710866907   1239.1268393777   1239.076392558314
0.029126890909937666   1222.4926286426055   1222.4408811396493
0.029980758713939952   1204.7671561099357   1204.7145588697285
0.030859658033628758   1186.0211422515756   1185.9683253197406
0.031764322679055976   1166.3297472214401   1166.277515669993
0.03269550797224261   1145.770542671075   1145.7198661913376
0.033653991377811755   1124.4385926108796   1124.3906586160572
0.03464057315210884   1102.4379917373244   1102.3942244236955
0.03565607701135116   1079.87033376116   1079.8323650381146
0.036701350819364466   1056.8517768590448   1056.821302623164
0.03777726729548091   1033.5268490371423   1033.5053952444066
0.038884724743189276   1010.035043228629   1010.0239461157902
0.04002464780014597   986.5048228820855   986.5053080221293
0.041197988210172884   963.0447290115303   963.0583823104523
0.04240572561788674   939.7505733323399   939.7794902657173
0.04364886838662332   916.7114059475666   916.7581060292954
0.04492845444033957   894.0555172456337   894.121787168792
0.04624555213019635   871.958732824412   872.0442914658397
0.04760126112654554   850.5830893648405   850.6857080805809
0.04899671333706607   830.0600463073688   830.1760856427852
0.05043307385181555   810.448697193938   810.5746642584005
0.05191154191598653   791.7855877589005   791.9185053557954
0.053433351931179485   774.0969181819949   774.2342070957395
0.05499977448602865   757.3429560431792   757.4815605540601
0.05661211741704101   741.4476299309863   741.5835335794906
0.05827172690053434   726.3360517503934   726.4643377125238
0.05997998857658587   711.8962921644946   712.0111433481695
0.06173832870592997   697.9973839061034   698.092110666296
0.0635482153607709   684.5103398796786   684.5775822081606
0.06541115965050462   671.2775611074799   671.3100521854236
0.06732871698337338   658.1397980103922   658.1306503432667
0.06930248836510605   644.9217809076539   644.8655160874845
0.07133412173562886   631.4191551200324   631.3132187473508
0.07342531334496233   617.434296417248   617.2793464030864
0.07557780916945323   602.7517441542324   602.5528413852276
0.07779340636952398   587.173413036049   586.9401835420431
0.08007395479015682   570.5506916406043   570.2979338386169
0.08242135850536496   552.7829766619819   552.5304451312007
0.08483757740794096   533.8832979318311   533.6534196644703
0.08732462884580919   513.9540615523965   513.770129028879
0.08988458930634863   493.21083442187677   493.096716566271
0.09251959615009227   471.94102665553504   471.9205117135016
0.09523184939525078   450.4962541174741   450.5905012722776
0.09802361355455057   429.24202669859386   429.46815469602404
0.10089721952591899   408.55139186968444   408.92108461677947
0.10385506653859616   388.77952174482164   389.2960846948673
0.10689962415629803   370.2650212749793   370.91949958323414
0.11003343433910281   353.28626035173846   354.0584959848301
0.11325911356578279   338.0677615843792   338.92701830995105
0.11657935501835284   324.70254634549906   325.6092723578475
0.11999693083066039   313.14848311899505   314.0559613955552
0.12351469440289359   303.1767570284849   304.03990107550646
0.12713558278394044   294.4280087789686   295.2091771146105
0.13086261912358757   286.4161338351194   287.0890222061614
0.13469891519660646   278.6275514171599   279.1826282182558
0.13864767400083483   270.55839113724625   271.0095139789026
0.14271219243142114   261.79139984082866   262.1746796109002
0.14689586403346616   252.04646018697204   252.41869181441032
0.1512021818353596   241.23329235856096   241.6680254415173
0.15563474126517718   229.48737885300625   230.060697370838
0.16019724315257297   217.13304110206684   217.91653530195904
0.1648934968186736   204.63108592678117   205.6798609933088
0.1697274232565544   192.51505880330822   193.84768592377907
0.17470305840495237   181.32643644698538   182.9222354267296
0.17982455651794954   171.50779014547132   173.30834557131652
0.18509619363343993   163.26692609472553   165.18282232771762
0.19052237114327647   156.4933256197211   158.43163723587685
0.19610761946807834   150.80229756118788   152.68949572085697
0.20185660183976684   145.68017697544119   147.46898478767386
0.20777411819498756   140.60147315299326   142.29524088071898
0.21386510918267082   135.0906229879699   136.7438366501702
0.22013466028907505   128.84528269684554   130.55167146145044
0.22658800608375756   121.90431068750927   123.76964059219132
0.23323053459001789   114.64500312668429   116.74686071826258
0.2400677917834628   107.5741857515022   109.93159660309128
0.24710548622244882   101.1397655749078   103.71724549854655
0.25434949381426813   95.63202426542072   98.34132790784126
0.2618058627210567   91.07591457611832   93.80734558430805
0.2694808184095226   87.19959527126933   89.87475259459126
0.27738076884870827   83.58027107783025   86.17327854917716
0.2855123098601282   79.80374169236471   82.35421295469531
0.29388223062474755   75.66071389362862   78.25665973714669
0.3024975193514008   71.25841414199216   73.97569485986722
0.31136536911138296   66.91627279102468   69.78591083893711
0.3204931838440838   62.944925813288066   65.9299659010086
0.32988858453867975   59.517710595255316   62.53989157285834
0.3395594155970457   56.57049317513615   59.55802206362445
0.34951375138319807   53.84414751074251   56.765801019691075
0.3597599029647371   51.092857580844246   53.981234985177636
0.37030642505191835   48.22595132879189   51.14084938204058
0.3811621231401457   45.34935722978946   48.328067107446614
0.3923360608618501   42.66222705334252   45.69026466718009
0.4038375675538918   40.26859489187462   43.299412416734725
0.41567624604680364   38.11945344241673   41.11177118881541
0.42786198068238046   36.07688684977077   39.02719280129382
0.4404049455663077   34.03895755802109   36.975487216307826
0.4533156130627191   32.027226646599004   34.977303256880894
0.4666047625377753   30.133288537228335   33.09096939583077
0.4802834893595659   28.40452452464543   31.34294472360335
0.49436321416184764   26.805276448442797   29.708667368470344
0.5088556923793517   25.268377214335032   28.14300671538922
0.5237730240626238   23.77524595538269   26.63498863793031
0.5391276639805903   22.358764729782894   25.205051869630537
0.5549324320192869   21.043924396991592   23.86411206317567
0.5712005238854289   19.813506463936378   22.60047182416915
0.5879455221237613   18.639524828073842   21.397663847177476
0.6051814074573895   17.51968331918816   20.252821391185858
0.622922570460556   16.467348158341835   19.172260728290897
0.6411838235736077   15.481368484637814   18.15328259202264
0.6599804134701901   14.548667915876187   17.18760006038925
0.6793280337869897   13.66459157563337   16.272349903163732
0.6992428382266549   12.832554261033982   15.407472345739555
0.7197414540448374   12.050224901043293   14.590319096365736
0.7408409959326054   11.312959236818816   13.81762356919057
0.7625590803058332   10.617856546704271   13.086894052584212
0.7849138400134885   9.962812333068644   12.395986562745081
0.8079239394770964   9.34580828832937   11.742853397747364
0.8316085902740278   8.764900001837475   11.12553653554956
0.8559875671776167   8.218216905818089   10.542165348210025
0.8810812246675007   7.703961910562229   9.990954200355642
0.9069105139239728   7.2204092887627604   9.470199279524067
0.9334970003205227   6.765868521656044   8.978259616203125
0.960862881429187   6.338691807236873   8.513557479227194
0.9890310055537336   5.937316894402003   8.074595803118774
1.0180248908061487   5.560265099526015   7.659955581362175
1.047868744742366   5.206137196530511   7.268292316966906
1.0785874845736239   4.873609486703275   6.898332582706129
1.1102067579703248   4.561430041762184   6.548870692939555
1.1427529644757777   4.268416313014897   6.218765250097509
1.1762532775476793   3.993457284624646   5.9069348990345665
1.210735667245765   3.7355039074994703   5.612356517266955
1.246228923584555   3.493563051770007   5.334062926742704
1.2827626805706884   3.266694908959218   5.071140076566046
1.3203674409449337   3.054010491612101   4.822724341121969
1.3590746016495152   2.85466922244754   4.587999932715229
1.3989164800420282   2.667876606135802   4.366196384108056
1.4399263408778291   2.492881194186982   4.156580336122569
1.4821384240834183   2.32897191199582   3.9584488088657084
1.525587973344019   2.1754777339826106   3.7711392147680227
1.5703112655292182   2.031765829709985   3.594028458659264
1.6163456409812174   1.8972395721803021   3.4265305602656166
1.6637295346910133   1.7713366365350773   3.2680944189352608
1.7125025083885144   1.6535271860394805   3.118201712326821
1.7627052835733923   1.543312137715548   2.9763643701353812
1.814379775514258   1.440221458994061   2.8421158782903406
1.8675691282445197   1.3438126316671821   2.7150130247443465
1.922317750584177   1.25366920610777   2.594640219614532
1.9786713532176083   1.169399375173318   2.4806078048220055
2.0366769868582977   1.0906346168993142   2.3725503450855037
2.0963830815323896   1.017028404378624   2.2701250368602555
2.1578394870138577   0.9482549800625554   2.1730102267584868
2.2210975144450407   0.8840081103649949   2.0808999662293637
2.286209979177315   0.8239997755864474   1.9934916311787003
2.3532312448676476   0.7679594375444683   1.9104992573173838
2.4222172688678643   0.7156331213649832   1.8316565121314001
2.4932256489445366   0.6667824547670549   1.756715213147858
2.5663156713684585   0.6211837591222376   1.685443967694481
2.641548360413907   0.5786271897850644   1.6176269234621994
2.7189865293089923   0.5389159292499545   1.5530625774966853
2.798694832679631   0.5018656610246691   1.4915609247430852
2.8807398205309562   0.46730384728038127   1.432942167808537
2.9651899938111903   0.4350686664565004   1.3770384505168116
3.05211586160442   0.4050083630070124   1.3236931592941708
3.1415899999999994   0.37698065916289003   1.2727600947630906
