0.01   534.5337950690242   534.5133905336926
0.010293154462191829   541.7343351314754   541.7137096720469
0.010594902878253955   548.7931484820562   548.7723466694222
0.010905497183778876   555.6950294544301   555.6740445232061
0.011225196699963396   562.4245041619971   562.4032779876511
0.011554268350120923   568.9656160320884   568.9440879335046
0.011892986882540897   575.3019781086027   575.2801316500121
0.012241635099881474   581.4170408417511   581.3949076291544
0.012600504095286909   587.2937763975905   587.2714191889988
0.012969893495426888   592.9139530931358   592.8914093290629
0.013350111710660605   598.2590725845922   598.2363423416839
0.013741476192534558   603.3106102992036   603.2876581862314
0.014144313698828986   608.0497055592126   608.0265005018387
0.01455896056637426   612.4573560955854   612.4338993532908
0.014985762991865008   616.514762295125   616.491088901134
0.01542507732090645   620.2029838071945   620.1791467464743
0.015877270345534218   623.5024937794511   623.478527551546
0.016342719610456153   626.3940852315928   626.3700004239415
0.016821813728271667   628.8590418257224   628.8348274858519
0.017314952703931925   630.878821717893   630.8544691147727
0.017822548268711737   632.4353993581051   632.4109141068409
0.01834502422397195   633.5116095811242   633.4870116725721
0.018882816794999403   634.0910282415987   634.0663359270418
0.019436374995219892   634.1579393678344   634.1331429316958
0.02000616100108813   633.6978051911403   633.6728646157709
0.020592650537967844   632.6975075804366   632.6723575565685
0.021196333277324068   631.1458896900472   631.1204677275119
0.02181771324555934   629.0335330483649   629.0077898739646
0.022457309244835088   626.352701935918   626.3266016986815
0.02311565528622961   623.0984337981961   623.0719533690509
0.023793301035594242   619.2688042383429   619.2419322571919
0.024490812272480036   614.863804855867   614.8365416147515
0.025208771362518027   609.8861584531544   609.8585146453646
0.0259477777436476   604.343977274509   604.3159692252464
0.02670844842659881   598.2480589880281   598.2197073364584
0.027491418510046592   591.611143592396   591.5824741742023
0.028297341710866907   584.4518610216485   584.4229239095644
0.029126890909937666   576.7939908465355   576.7648761768777
0.029980758713939952   568.6625404226564   568.6333765356834
0.030859658033628758   560.0864776436468   560.0574275057478
0.031764322679055976   551.1042950395498   551.0755509204347
0.03269550797224261   541.7559962755355   541.7277762420698
0.033653991377811755   532.0817205199945   532.0542648595343
0.03464057315210884   522.1279633066038   522.1015264297723
0.03565607701135116   511.94443758360046   511.91928201784316
0.036701350819364466   501.5789887591691   501.55538265994915
0.03777726729548091   491.08535251291755   491.0635619505951
0.038884724743189276   480.53152449493416   480.51180031314044
0.04002464780014597   469.9830883466576   469.9656647226824
0.041197988210172884   459.4984044380098   459.48349503509866
0.04240572561788674   449.1122079978806   449.0999711255068
0.04364886838662332   438.8471831743387   438.8377085307714
0.04492845444033957   428.7244933890688   428.7178056796467
0.04624555213019635   418.7934161435141   418.7893516854337
0.04760126112654554   409.1459111612041   409.1439327831775
0.04899671333706607   399.86944040047234   399.8686557922764
0.05043307385181555   391.02980698491285   391.0290846600211
0.05191154191598653   382.61020025105324   382.608662798294
0.053433351931179485   374.56758284850815   374.56475292897244
0.05499977448602865   366.86141951146743   366.8571595105547
0.05661211741704101   359.4452339751667   359.43927249922933
0.05827172690053434   352.26877769307174   352.2603616131337
0.05997998857658587   345.2844694326618   345.2723974392142
0.06173832870592997   338.43585740982684   338.4185985013949
0.0635482153607709   331.6605004472165   331.63629291097624
0.06541115965050462   324.89859589349743   324.86554539878426
0.06732871698337338   318.08119777999997   318.0377990016924
0.06930248836510605   311.1392029564407   311.0845510265882
0.07133412173562886   303.9999513062445   303.9339330642369
0.07342531334496233   296.5780290138596   296.50171376356525
0.07557780916945323   288.797329629584   288.7129038052556
0.07779340636952398   280.59895691598155   280.5094836467554
0.08007395479015682   271.94103214750555   271.85025943579063
0.08242135850536496   262.8300898040176   262.7420434869052
0.08483757740794096   253.30915381968103   253.22782033482443
0.08732462884580919   243.47118098725278   243.40028888310448
0.08988458930634863   233.44895459835678   233.3918095042124
0.09251959615009227   223.39329625613786   223.35288329610452
0.09523184939525078   213.4630933973595   213.44212364733838
0.09802361355455057   203.81019346929014   203.81051049301237
0.10089721952591899   194.5732832313964   194.595420976422
0.10385506653859616   185.8796712468886   185.92198031802525
0.10689962415629803   177.83644894341586   177.89483694089134
0.11003343433910281   170.52903659721528   170.5967546030741
0.11325911356578279   163.9991444428564   164.06770416088187
0.11657935501835284   158.22212952129013   158.28271711728945
0.11999693083066039   153.1117109330098   153.15599017410875
0.12351469440289359   148.5011709226379   148.52228563086712
0.12713558278394044   144.18770554528396   144.18128491529362
0.13086261912358757   139.94809465919948   139.91311154451765
0.13469891519660646   135.58186016555328   135.52088373509235
0.13864767400083483   130.92990771304633   130.84939756755404
0.14271219243142114   125.89722668508175   125.80777001886011
0.14689586403346616   120.47262764732683   120.38690724566905
0.1512021818353596   114.72572989278765   114.65667116424399
0.15563474126517718   108.80378594877152   108.76315998508427
0.16019724315257297   102.89524575856655   102.89169687140603
0.1648934968186736   97.20117031101532   97.2382266267968
0.1697274232565544   91.91524093730284   91.9891932283117
0.17470305840495237   87.20186704459421   87.30036659747921
0.17982455651794954   83.14198730046412   83.24889774282204
0.18509619363343993   79.68570303254023   79.78458021130876
0.19052237114327647   76.6623159637754   76.74059667559071
0.19610761946807834   73.84985206899236   73.9019486823842
0.20185660183976684   71.04949587138005   71.07663765579113
0.20777411819498756   68.1063202435706   68.11865095751601
0.21386510918267082   64.92225365304068   64.93874891357372
0.22013466028907505   61.51351673596329   61.553187704393494
0.22658800608375756   58.03213870693694   58.10745913264354
0.23323053459001789   54.680665210752274   54.79541483177644
0.2400677917834628   51.613918508026686   51.762029407139025
0.24710548622244882   48.91348385702446   49.080396277273096
0.25434949381426813   46.57805091323272   46.747504379630975
0.2618058627210567   44.50034108390752   44.65980828139469
0.2694808184095226   42.52446552918606   42.672037602971336
0.27738076884870827   40.518448485028266   40.66232793696061
0.2855123098601282   38.417890457004525   38.57458874868986
0.29388223062474755   36.26388709495577   36.446044966578626
0.3024975193514008   34.17516087535818   34.387725683932324
0.31136536911138296   32.24990904059238   32.48734128621477
0.3204931838440838   30.527904925917223   30.777679302710663
0.32988858453867975   28.983715823682047   29.23517390244403
0.3395594155970457   27.530583217209525   27.780693786389094
0.34951375138319807   26.092023146416118   26.346312697540135
0.3597599029647371   24.64960368449197   24.91706947230418
0.37030642505191835   23.236658949174537   23.523084356541844
0.3811621231401457   21.911544171778573   22.213772782254757
0.3923360608618501   20.700164857815228   21.01082085349535
0.4038375675538918   19.58005316297505   19.893674673155815
0.41567624604680364   18.512548368111673   18.828804277007666
0.42786198068238046   17.472003112252075   17.794624361766083
0.4404049455663077   16.46566265848755   16.797690659050698
0.4533156130627191   15.516975035546118   15.85696562818988
0.4666047625377753   14.634263674965167   14.978349802567864
0.4802834893595659   13.805579713478071   14.151486376513056
0.49436321416184764   13.014189727761785   13.362625017081893
0.5088556923793517   12.256907991513694   12.609094554851374
0.5237730240626238   11.539880723763735   11.895455952130048
0.5391276639805903   10.867205612490421   11.224352704246487
0.5549324320192869   10.232879464749553   10.590597470944703
0.5712005238854289   9.630734607497931   9.98921522421198
0.5879455221237613   9.059802632859995   9.419217262731587
0.6051814074573895   8.521586124985586   8.88123836398414
0.622922570460556   8.014442040775629   8.3736241350433
0.6411838235736077   7.5350445255443   7.89356214519438
0.6599804134701901   7.081981529372374   7.43974317960907
0.6793280337869897   6.654815179046996   7.011473417929392
0.6992428382266549   6.252161789469655   6.607348319751259
0.7197414540448374   5.872353203140644   6.225804790824727
0.7408409959326054   5.514296042844822   5.865811971537028
0.7625590803058332   5.176916374930182   5.526244513759657
0.7849138400134885   4.859118600494592   5.2060037480223365
0.8079239394770964   4.559841399600876   4.904051115038283
0.8316085902740278   4.278075772089493   4.619397597016907
0.8559875671776167   4.012862820546301   4.351101919014432
0.8810812246675007   3.7632915906521345   4.098268769787084
0.9069105139239728   3.528496982828169   3.8600470413029178
0.9334970003205227   3.3076577579797135   3.635628107525095
0.960862881429187   3.0999965739448636   3.4242454418719626
0.9890310055537336   2.9047789532919794   3.225173543746995
1.0180248908061487   2.721307653728163   3.037723773628103
1.047868744742366   2.5489207086261065   2.861242593769351
1.0785874845736239   2.386989931585273   2.695110114512383
1.1102067579703248   2.234919462405616   2.5387386692073535
1.1427529644757777   2.0921443551082093   2.39157142048713
1.1762532775476793   1.958129102844967   2.25308110636702
1.210735667245765   1.8323652779581754   2.1227697651647497
1.246228923584555   1.7143709986629307   2.0001667242812724
1.2827626805706884   1.6036905215102821   1.88482651397386
1.3203674409449337   1.4998929844087436   1.776327706514917
1.3590746016495152   1.402571185860699   1.674271802619499
1.3989164800420282   1.311340414046613   1.5782821513894498
1.4399263408778291   1.2258373244564424   1.4880029046318908
1.4821384240834183   1.1457188465093282   1.4030981116502366
1.525587973344019   1.070661117587461   1.323250963033102
1.5703112655292182   1.0003585607547403   1.2481624984465278
1.6163456409812174   0.9345229554758977   1.1775506288550892
1.6637295346910133   0.8728825345820799   1.1111492829898926
1.7125025083885144   0.8151811220906306   1.0487075868984796
1.7627052835733923   0.7611773104818629   0.9899890763247079
1.814379775514258   0.7106436737579591   0.934770952755328
1.8675691282445197   0.6633659506799241   0.8828437016590414
1.922317750584177   0.6191423416782538   0.8340103745519853
1.9786713532176083   0.5777829255054109   0.7880854662082056
2.0366769868582977   0.5391090128831195   0.7448942792778316
2.0963830815323896   0.5029525264100776   0.704272344235445
2.1578394870138577   0.4691554114067588   0.6660648650457638
2.2210975144450407   0.4375690763963841   0.6301261899731502
2.286209979177315   0.40805384374081977   0.5963191169267146
2.3532312448676476   0.38047834621817167   0.5645133454487814
2.4222172688678643   0.35471915376830143   0.5345860465686506
2.4932256489445366   0.33066037761537354   0.5064220324858394
2.5663156713684585   0.3081932333227285   0.47991328863790417
2.641548360413907   0.2872156271912104   0.45495853099159617
2.7189865293089923   0.26763176511653947   0.43146278974402824
2.798694832679631   0.24935178313198525   0.40933701526473776
2.8807398205309562   0.23229147231188232   0.3884970852940528
2.9651899938111903   0.2163720135674175   0.3688628423414659
3.05211586160442   0.20151948582844942   0.3503592155901416
3.1415899999999994   0.18766455527913195   0.33291607933209544
