0.01   1489.6085867637476   1489.5417216154135
0.010293154462191829   1505.601363309233   1505.5333968823866
0.010594902878253955   1520.9933717038052   1520.9246406274065
0.010905497183778876   1535.7384938535695   1535.6692634426984
0.011225196699963396   1549.7893911430224   1549.7197599141566
0.011554268350120923   1563.0986500305935   1563.0285465499535
0.011892986882540897   1575.6176730191848   1575.5469609974932
0.012241635099881474   1587.296602831178   1587.2252088784487
0.012600504095286909   1598.0859416219255   1598.013864833504
0.012969893495426888   1607.9361235600031   1607.8634256126818
0.013350111710660605   1616.7953495597324   1616.7221048865056
0.013741476192534558   1624.612047706911   1624.5383299512894
0.014144313698828986   1631.3358598551224   1631.2617412406637
0.01455896056637426   1636.91606385089   1636.8416064815897
0.014985762991865008   1641.3019283432723   1641.2271758082286
0.01542507732090645   1644.4447910987876   1644.3697678529386
0.015877270345534218   1646.297549301175   1646.222258255839
0.016342719610456153   1646.8128238928387   1646.7372387891085
0.016821813728271667   1645.9457246017726   1645.8697886175523
0.017314952703931925   1643.6547821487723   1643.5784075084696
0.017822548268711737   1639.9011814051823   1639.824236625318
0.01834502422397195   1634.6493991349241   1634.571699746109
0.018882816794999403   1627.8684945026437   1627.7898047235599
0.019436374995219892   1619.5325955691742   1619.4526533265189
0.02000616100108813   1609.6214163735563   1609.5399965470276
0.020592650537967844   1598.1203199034826   1598.0372455552324
0.021196333277324068   1585.020847984019   1584.935984497767
0.02181771324555934   1570.3240279085712   1570.2372106924904
0.022457309244835088   1554.0392291240703   1553.9502204850369
0.02311565528622961   1536.1821434486537   1536.0906376626588
0.023793301035594242   1516.7789206090379   1516.6846233172216
0.024490812272480036   1495.8707553710299   1495.7735445446353
0.025208771362518027   1473.5056113909563   1473.4055512699001
0.0259477777436476   1449.738652144186   1449.63598174457
0.02670844842659881   1424.6460095926448   1424.5411150928928
0.027491418510046592   1398.3156000173437   1398.20899465144
0.028297341710866907   1370.8380907588712   1370.730403229354
0.029126890909937666   1342.3195468220683   1342.2115697750748
0.029980758713939952   1312.8897034057184   1312.7824814910853
0.030859658033628758   1282.6782514135223   1282.5730620444879
0.031764322679055976   1251.816575745764   1251.7148888525514
0.03269550797224261   1220.4655261671576   1220.3689166471902
0.033653991377811755   1188.7914803199747   1188.7015799964722
0.03464057315210884   1156.9507631663967   1156.8692395573598
0.03565607701135116   1125.1101132619683   1125.038633170768
0.036701350819364466   1093.4529570535371   1093.3931478963752
0.03777726729548091   1062.1479542728775   1062.1013946425908
0.038884724743189276   1031.3530866223393   1031.3212419306533
0.04002464780014597   1001.2432077111388   1001.2271158390828
0.041197988210172884   971.9840361307546   971.9842489063523
0.04240572561788674   943.7203720526693   943.7370088300923
0.04364886838662332   916.5658416724461   916.598442996267
0.04492845444033957   890.6040736808104   890.6514396171314
0.04624555213019635   865.9054647667738   865.9657347043357
0.04760126112654554   842.5326340639801   842.6031940951731
0.04899671333706607   820.5514291194601   820.6282503120198
0.05043307385181555   800.0219896772095   800.0995747578496
0.05191154191598653   780.980883186958   781.0524650908809
0.053433351931179485   763.2810258116543   763.3393771476684
0.05499977448602865   746.675886133889   746.7137859331765
0.05661211741704101   730.939313578671   730.9495437774436
0.05827172690053434   715.882523105617   715.857832194064
0.05997998857658587   701.3437021310839   701.2767990865559
0.06173832870592997   687.1576191692125   687.0413888486725
0.0635482153607709   673.0850562696467   672.9135908602179
0.06541115965050462   658.8758407997293   658.6447988803423
0.06732871698337338   644.2591104603799   643.9666361146554
0.06930248836510605   628.9247965501085   628.5728890204189
0.07133412173562886   612.5923216386917   612.1870860435029
0.07342531334496233   595.0197371901393   594.5725922527108
0.07557780916945323   576.0219165377057   575.549445377065
0.07779340636952398   555.5793654560728   555.102619127418
0.08007395479015682   533.782243712725   533.3257117855844
0.08242135850536496   510.8601249733865   510.4497698782006
0.08483757740794096   487.13548590002375   486.7969870128551
0.08732462884580919   463.01916892776865   462.7753430584461
0.08988458930634863   438.9566903121121   438.82587917652074
0.09251959615009227   415.4008146192406   415.3955165419478
0.09523184939525078   392.7807700391417   392.90669644389607
0.09802361355455057   371.53245361329135   371.7855924106521
0.10089721952591899   352.04378681722034   352.40887031645246
0.10385506653859616   334.65459049114656   335.10322531496973
0.10689962415629803   319.5529867694874   320.04652155064645
0.11003343433910281   306.7539055353318   307.24575468517344
0.11325911356578279   296.071566705597   296.51218821317326
0.11657935501835284   287.1093717718464   287.4516094247018
0.11999693083066039   279.3363692710203   279.54282432730764
0.12351469440289359   272.14302159026397   272.19205669788835
0.12713558278394044   264.906720197887   264.7980305009245
0.13086261912358757   257.0655093765911   256.8218026411323
0.13469891519660646   248.17551054675522   247.84191563838465
0.13864767400083483   238.01254685192418   237.6536298091714
0.14271219243142114   226.59013532564924   226.28131190410667
0.14689586403346616   214.16988654386432   213.98521099147152
0.1512021818353596   201.20128668974795   201.2061519339768
0.15563474126517718   188.269637627944   188.50401845202802
0.16019724315257297   176.0378683141487   176.50336983175598
0.1648934968186736   165.1472094977481   165.80668975184412
0.1697274232565544   156.00579032697343   156.78315395678132
0.17470305840495237   148.64036953112029   149.44575186490115
0.17982455651794954   142.74125718352104   143.49012796390267
0.18509619363343993   137.81761397267795   138.4456546992729
0.19052237114327647   133.30859235025653   133.78818133485748
0.19610761946807834   128.60669132887566   128.95996111664664
0.20185660183976684   123.18784384104573   123.49297301356572
0.20777411819498756   116.87822872536988   117.23605517804219
0.21386510918267082   109.93703604073428   110.44236246189995
0.22013466028907505   102.84333447718615   103.55110482709559
0.22658800608375756   96.12031147704197   97.03560692154787
0.23323053459001789   90.21772785982105   91.28600811695567
0.2400677917834628   85.35242661561189   86.48634473155096
0.24710548622244882   81.40266881817548   82.51243224506152
0.25434949381426813   78.0044535534445   79.03231963022326
0.2618058627210567   74.69077577949697   75.63932381349534
0.2694808184095226   71.07492204535532   72.00677195274015
0.27738076884870827   67.0843362730336   68.07945269198484
0.2855123098601282   62.94137865521923   64.05907583704204
0.29388223062474755   58.962664105802894   60.213027939878714
0.3024975193514008   55.43739810828377   56.77340931510843
0.31136536911138296   52.45789499601061   53.8077856648747
0.3204931838440838   49.85761907328493   51.17110302564442
0.32988858453867975   47.37820659320564   48.65060250449653
0.3395594155970457   44.82298671691179   46.096811281656365
0.34951375138319807   42.173266374682576   43.49388758300253
0.3597599029647371   39.589131391356176   40.9754165394629
0.37030642505191835   37.22942129657893   38.65797596717008
0.3811621231401457   35.13734727322439   36.56789754385578
0.3923360608618501   33.23194578123048   34.64095007958926
0.4038375675538918   31.384639029414597   32.78144778373162
0.41567624604680364   29.543722214045015   30.95295317876046
0.42786198068238046   27.760961569072933   29.194373133774913
0.4404049455663077   26.106024628888463   27.553081831338556
0.4533156130627191   24.594382258978158   26.034928784521732
0.4666047625377753   23.177330166661672   24.605255318283973
0.4802834893595659   21.81096030036353   23.23527061322383
0.49436321416184764   20.49626112829215   21.924228188674846
0.5088556923793517   19.262415445547006   20.6904830187441
0.5237730240626238   18.115461802657435   19.535270009602353
0.5391276639805903   17.03553819970932   18.444603183948562
0.5549324320192869   16.00619294028524   17.408249321068126
0.5712005238854289   15.03164737768216   16.427467633888938
0.5879455221237613   14.118323095415109   15.504481825040784
0.6051814074573895   13.260182024985996   14.634511437991748
0.622922570460556   12.448713963373459   13.811648713540606
0.6411838235736077   11.682779395934574   13.034437012113987
0.6599804134701901   10.963190256633276   12.301902522490307
0.6793280337869897   10.28609074388676   11.611095452442138
0.6992428382266549   9.648000410939677   10.958942488719595
0.7197414540448374   9.04762912994396   10.343900185006483
0.7408409959326054   8.482972541073051   9.763988482334204
0.7625590803058332   7.952015089833711   9.217251282627592
0.7849138400134885   7.452847969887529   8.701834031681583
0.8079239394770964   6.9836639038863115   8.215979200278845
0.8316085902740278   6.54275215342817   7.758021896001488
0.8559875671776167   6.128493749590482   7.326385608869169
0.8810812246675007   5.739357039550896   6.9195782031265685
0.9069105139239728   5.373899258320497   6.536194279200963
0.9334970003205227   5.030763682268664   6.1749130414015765
0.960862881429187   4.708665442994441   5.8344838622453885
0.9890310055537336   4.406387385434008   5.51372223580318
1.0180248908061487   4.122776981190329   5.211506807639038
1.047868744742366   3.8567433457878484   4.926776485627873
1.0785874845736239   3.607254359264963   4.658527635009175
1.1102067579703248   3.3733338056898927   4.405811308955287
1.1427529644757777   3.15405684181592   4.167729463136981
1.1762532775476793   2.9485479672951986   3.9434326861448725
1.210735667245765   2.7559808042725   3.732119125590098
1.246228923584555   2.575575671522634   3.533032123566822
1.2827626805706884   2.406597161285805   3.3454578838554987
1.3203674409449337   2.248351826178644   3.1687232369268865
1.3590746016495152   2.100185972309849   3.002193500953135
1.3989164800420282   1.9614835612164114   2.8452702353532398
1.4399263408778291   1.8316642743223286   2.697387036832672
1.4821384240834183   1.7101815543764953   2.5580090199469505
1.525587973344019   1.5965207253451341   2.4266329281223222
1.5703112655292182   1.490197264624295   2.302785361283613
1.6163456409812174   1.3907551601585981   2.1860210590982474
1.6637295346910133   1.2977653478407267   2.0759212758609036
1.7125025083885144   1.2108242259481707   1.9720922428893626
1.7627052835733923   1.1295522106476152   1.8741631302465311
1.814379775514258   1.0535922022086872   1.7817811151861775
1.8675691282445197   0.9826085070150604   1.6946132838746732
1.922317750584177   0.916285745689027   1.61234749952984
1.9786713532176083   0.8543276929426716   1.534691088909068
2.0366769868582977   0.7964561779779583   1.46136960218785
2.0963830815323896   0.7424100432559805   1.3921256525967316
2.1578394870138577   0.6919441588856999   1.326717830712418
2.2210975144450407   0.6448284570287537   1.2649183115150522
2.286209979177315   0.6008469455160794   1.206507285313587
2.3532312448676476   0.5597970177397202   1.1512776559670381
2.4222172688678643   0.5214887076184439   1.099036116103056
2.4932256489445366   0.48574393563208107   1.0496021617222857
2.5663156713684585   0.45239579724680834   1.0028071813685584
2.641548360413907   0.4212878915424856   0.9584936141931772
2.7189865293089923   0.3922736880033906   0.9165141704105958
2.798694832679631   0.3652160099647614   0.8767296781118578
2.8807398205309562   0.3399865946370298   0.8390059687471528
2.9651899938111903   0.31646531719966564   0.8032173214167437
3.05211586160442   0.29453965444266444   0.769246639194879
3.1415899999999994   0.27410422773191306   0.7369848000508274
