0.01   17863.245290822306   17861.380131391223
0.010293154462191829   17997.035757346945   17995.04363909231
0.010594902878253955   18120.382560305345   18118.254498653972
0.010905497183778876   18232.66511152296   18230.39090599035
0.011225196699963396   18333.240565881268   18330.80891129474
0.011554268350120923   18421.445660384503   18418.844274346557
0.011892986882540897   18496.631201895783   18493.846874994422
0.012241635099881474   18558.152907177264   18555.171429517515
0.012600504095286909   18605.337056390992   18602.142810680863
0.012969893495426888   18637.524960619696   18634.10089504525
0.013350111710660605   18654.087024134038   18650.414710900193
0.013741476192534558   18654.387947688407   18650.447026254056
0.014144313698828986   18637.798965273065   18633.566726657977
0.01455896056637426   18603.737218350376   18599.18876452793
0.014985762991865008   18551.654444484986   18546.76239142761
0.01542507732090645   18481.00913423148   18475.74240961618
0.015877270345534218   18391.31549810728   18385.63940647855
0.016342719610456153   18282.156294004664   18276.03279934935
0.016821813728271667   18153.160259918764   18146.547164387128
0.017314952703931925   18004.01885303701   17996.869495804625
0.017822548268711737   17834.51285805119   17826.776752441427
0.01834502422397195   17644.516557832794   17636.140701898934
0.018882816794999403   17434.0006061336   17424.93158326997
0.019436374995219892   17203.03921846783   17193.224138322104
0.02000616100108813   16951.81953124074   16941.206972631404
0.020592650537967844   16680.688895934207   16669.23120762714
0.021196333277324068   16390.129716234434   16377.784510196077
0.02181771324555934   16080.73133852637   16067.46213991728
0.022457309244835088   15753.263351854459   15739.045158234747
0.02311565528622961   15408.728660423083   15393.557075380544
0.023793301035594242   15048.22395905138   15032.115178759572
0.024490812272480036   14672.95516789373   14655.945650635706
0.025208771362518027   14284.455531260024   14266.607125771967
0.0259477777436476   13884.39574198607   13865.795948435985
0.02670844842659881   13474.45096866472   13455.209887624116
0.027491418510046592   13056.551546581524   13036.804669188798
0.028297341710866907   12632.96058554162   12612.873398912167
0.029126890909937666   12205.851434878492   12185.61451026864
0.029980758713939952   11777.359953240253   11757.183583365491
0.030859658033628758   11350.002414423276   11330.112545417205
0.031764322679055976   10926.236037151226   10906.869357461022
0.03269550797224261   10508.264627251125   10489.663337294904
0.033653991377811755   10098.573325666024   10080.970965820465
0.03464057315210884   9699.94873048197   9683.55662198927
0.03565607701135116   9314.784626902727   9299.792042375486
0.036701350819364466   8945.0508954616   8931.620665474076
0.03777726729548091   8592.271112523553   8580.51674297068
0.038884724743189276   8257.634676643696   8247.620626413162
0.04002464780014597   7942.105098208493   7933.851855240216
0.041197988210172884   7647.365929727692   7640.794211330244
0.04240572561788674   7375.691709018802   7370.577882275194
0.04364886838662332   7129.00097990497   7124.997007966689
0.04492845444033957   6907.780239377681   6904.43586309618
0.04624555213019635   6709.9914064320155   6706.77532564449
0.04760126112654554   6533.5199314935235   6529.826160515152
0.04899671333706607   6376.44273484599   6371.5901391897505
0.05043307385181555   6236.926965181497   6230.153683159396
0.05191154191598653   6113.302135772154   6103.765926236097
0.053433351931179485   6003.296627081899   5990.1107938915
0.05499977448602865   5903.895300939897   5886.1724518457495
0.05661211741704101   5812.049941972174   5788.927617614041
0.05827172690053434   5723.688381889652   5694.4713670012725
0.05997998857658587   5634.495035923901   5598.71767079123
0.06173832870592997   5539.723376757893   5497.284766950185
0.0635482153607709   5434.2208486768195   5385.52484252267
0.06541115965050462   5313.3313109922265   5259.311635067619
0.06732871698337338   5173.112506752402   5115.260625150154
0.06930248836510605   5010.865469342394   4951.228252793167
0.07133412173562886   4826.010226274679   4767.226619155216
0.07342531334496233   4619.3472240770625   4564.463316179286
0.07557780916945323   4393.4245988518605   4345.602948230226
0.07779340636952398   4152.157917162036   4114.530502297907
0.08007395479015682   3900.950510695132   3876.516406000917
0.08242135850536496   3645.926284147917   3637.216311864636
0.08483757740794096   3393.62133862327   3402.425900278359
0.08732462884580919   3151.534332585666   3178.6233386125778
0.08988458930634863   2926.4131666543017   2971.537676135906
0.09251959615009227   2724.6863021214385   2786.0627545826746
0.09523184939525078   2551.217606104353   2625.7541330109043
0.09802361355455057   2408.4729524219447   2492.2134494864636
0.10089721952591899   2296.854661891041   2385.246517827745
0.10385506653859616   2213.9731246791252   2301.983687125475
0.10689962415629803   2155.591403410496   2238.287993768905
0.11003343433910281   2115.6766528012695   2188.8574937866056
0.11325911356578279   2086.588501358079   2147.2895618792627
0.11657935501835284   2059.8404085646066   2106.7942522049507
0.11999693083066039   2026.5666775100285   2060.707110485345
0.12351469440289359   1979.0299660326928   2003.737173631232
0.12713558278394044   1911.7262372230366   1932.6657405071667
0.13086261912358757   1822.3746044909412   1846.7559685485896
0.13469891519660646   1712.5408031559848   1747.726661881321
0.13864767400083483   1587.9571817150754   1640.356230770721
0.14271219243142114   1458.0159716420999   1531.5563597916007
0.14689586403346616   1333.8277720197034   1428.843569652332
0.1512021818353596   1225.2008754202466   1338.4498976473992
0.15563474126517718   1138.088629221666   1263.3516335854733
0.16019724315257297   1074.2438865596864   1203.812014569369
0.1648934968186736   1032.0946812161294   1158.311373575872
0.1697274232565544   1006.8329316511526   1122.6764902559707
0.17470305840495237   990.096630551419   1091.5496004611205
0.17982455651794954   971.5727259127192   1059.1770430176173
0.18509619363343993   942.4798181296629   1021.3826256920573
0.19052237114327647   898.5770327283242   976.3662025417111
0.19610761946807834   840.6704752696309   925.4526856628876
0.20185660183976684   774.3930281521847   872.5586375131073
0.20777411819498756   708.7217561115369   821.4818908137194
0.21386510918267082   652.2331412157744   776.3229938168625
0.22013466028907505   609.8864495647814   738.3496715576437
0.22658800608375756   581.9769613204948   707.7198579058519
0.23323053459001789   563.9614132870478   681.2870208777471
0.2400677917834628   548.1808145796299   655.8762010004382
0.24710548622244882   527.714493057562   629.3183015972387
0.25434949381426813   499.17784242040585   600.5961662754875
0.2618058627210567   463.88117843878393   571.2234369807375
0.2694808184095226   427.45855722340684   542.2228738683411
0.27738076884870827   396.06197612558833   516.1490703283639
0.2855123098601282   372.6629310280175   493.00544284052097
0.29388223062474755   356.1464784583272   472.566883318401
0.3024975193514008   342.11942280703164   453.04807618943863
0.31136536911138296   325.9357422253919   433.7191356858815
0.3204931838440838   306.02246167931276   414.54263128907536
0.32988858453867975   284.3427733160013   395.57129167978997
0.3395594155970457   264.50924990633825   377.78717619825096
0.34951375138319807   248.76432628255944   361.5390236365569
0.3597599029647371   236.30615440718887   346.5143768412301
0.37030642505191835   224.47766780075938   332.0554523912993
0.3811621231401457   211.39048394602915   317.9815565678666
0.3923360608618501   197.41117330320202   304.42874957689935
0.4038375675538918   184.39864875808877   291.5614004679448
0.41567624604680364   173.44748628112845   279.53930691432964
0.42786198068238046   163.9228334415753   268.2465444840377
0.4404049455663077   154.47475570644974   257.36862010548805
0.4533156130627191   144.730728606248   246.93370317682846
0.4666047625377753   135.4279276402726   236.9938163051062
0.4802834893595659   127.19458446737414   227.62894929951463
0.49436321416184764   119.7287853846108   218.7656363463202
0.5088556923793517   112.44194072829181   210.26353337688968
0.5237730240626238   105.31979745446834   202.12374570089253
0.5391276639805903   98.72246947650316   194.41478013399316
0.5549324320192869   92.69704224392888   187.10266443647333
0.5712005238854289   86.97658372913948   180.12542250869882
0.5879455221237613   81.48320290444252   173.45396881861046
0.6051814074573895   76.36117137050782   167.1128792571833
0.622922570460556   71.5764263048828   161.0888383384739
0.6411838235736077   67.07436743134762   155.33791820950847
0.6599804134701901   62.83974961183398   149.84659094098285
0.6793280337869897   58.858825910815355   144.60275718266746
0.6992428382266549   55.118328007398546   139.59490443267984
0.7197414540448374   51.605473754904615   134.81207937370291
0.7408409959326054   48.30796824850724   130.243851033435
0.7625590803058332   45.21372624943124   125.87934292000193
0.7849138400134885   42.31074739187167   121.70662052905203
0.8079239394770964   39.587655916697706   117.71437235838759
0.8316085902740278   37.03372486296046   113.89204348336914
0.8559875671776167   34.63884072976589   110.22977963689003
0.8810812246675007   32.39346996725738   106.71837590161034
0.9069105139239728   30.288627226334764   103.34922949707735
0.9334970003205227   28.315865185416353   100.11418067708415
0.960862881429187   26.467275256593275   97.00527564263946
0.9890310055537336   24.73540191069468   94.01503902981712
1.0180248908061487   23.113208386565425   91.13649983238948
1.047868744742366   21.59405541380951   88.3631552788751
1.0785874845736239   20.17168084562875   85.6889377174667
1.1102067579703248   18.84018017588738   83.10818423562183
1.1427529644757777   17.593985437074764   80.61553822278572
1.1762532775476793   16.427839350550812   78.2056716184243
1.210735667245765   15.336789240443007   75.8735342238248
1.246228923584555   14.316174245855315   73.61443682678625
1.2827626805706884   13.361609227055146   71.42402704659143
1.3203674409449337   12.468969477650404   69.2982671830557
1.3590746016495152   11.63437620898439   67.23341389462662
1.3989164800420282   10.854182611171783   65.22599588257022
1.4399263408778291   10.12495974476708   63.27277171485189
1.4821384240834183   9.443485146068653   61.37073266762711
1.525587973344019   8.80673173400124   59.51710326604525
1.5703112655292182   8.21185659978705   57.709327502035364
1.6163456409812174   7.656190388752948   55.94505594912824
1.6637295346910133   7.1372272507523595   54.222133772432635
1.7125025083885144   6.652615347915688   52.53859959130219
1.7627052835733923   6.200148066509318   50.89281090785203
1.814379775514258   5.7777553905558285   49.283378957569994
1.8675691282445197   5.383495672274157   47.70903865415956
1.922317750584177   5.015548049412361   46.1686383657866
1.9786713532176083   4.67220528620033   44.661133177415735
2.0366769868582977   4.351867011719995   43.185578431190514
2.0963830815323896   4.053033303820385   41.74112773602951
2.1578394870138577   3.774297720704519   40.327157491557855
2.2210975144450407   3.514341761617927   38.94326503191576
2.286209979177315   3.2719308044585134   37.58909337456431
2.3532312448676476   3.0459090333320096   36.26431754416685
2.4222172688678643   2.8351945866027775   34.96864143533404
2.4932256489445366   2.6387749904811146   33.70179476230038
2.5663156713684585   2.4557028708776363   32.46353182289787
2.641548360413907   2.28509279252354   31.253812536511756
2.7189865293089923   2.126117893803846   30.072925387684474
2.798694832679631   1.978004502825319   28.92113114899352
2.8807398205309562   1.8400286791160698   27.798623002403026
2.9651899938111903   1.7115131597026816   26.705529309626588
3.05211586160442   1.5918244811573212   25.641916450499327
3.1415899999999994   1.480370267527007   24.607791660542382
