0.01   7165.489714666558   7165.129613324348
0.010293154462191829   7226.831413829415   7226.462171886749
0.010594902878253955   7284.44533518219   7284.06654095991
0.010905497183778876   7338.097562579195   7337.709152510337
0.011225196699963396   7387.544936510417   7387.146828228594
0.011554268350120923   7432.5428041034465   7432.134748022243
0.011892986882540897   7472.850315461723   7472.4318921976
0.012241635099881474   7508.2206103191465   7507.791244690448
0.012600504095286909   7538.3981990273805   7537.9571807438915
0.012969893495426888   7563.134140957132   7562.6806279794055
0.013350111710660605   7582.1847951736545   7581.71781027701
0.013741476192534558   7595.298841985635   7594.817245080312
0.014144313698828986   7602.2316396084425   7601.734124138185
0.01455896056637426   7602.751981931943   7602.237074539389
0.014985762991865008   7596.631272584467   7596.097136653425
0.01542507732090645   7583.64489846245   7583.089132644121
0.015877270345534218   7563.587430633151   7563.007078955029
0.016342719610456153   7536.271168714315   7535.662720245469
0.016821813728271667   7501.517197440635   7500.876521582082
0.017314952703931925   7459.169420278619   7458.491787441502
0.017822548268711737   7409.099831259553   7408.379956326278
0.01834502422397195   7351.205399119365   7350.437364436488
0.018882816794999403   7285.411089338453   7284.588305863268
0.019436374995219892   7211.676087326033   7210.791378686128
0.02000616100108813   7129.999148347614   7129.0450095821625
0.020592650537967844   7040.426238905856   7039.395383273104
0.021196333277324068   6943.042730139115   6941.928245819769
0.02181771324555934   6837.975094167321   6836.770582653043
0.022457309244835088   6725.420968606589   6724.121343561976
0.02311565528622961   6605.635084648692   6604.237049475137
0.023793301035594242   6478.906729516083   6477.408751686297
0.024490812272480036   6345.59290211748   6343.995831331441
0.025208771362518027   6206.153200777423   6204.46156702462
0.0259477777436476   6061.0762024499045   6059.298104512614
0.02670844842659881   5910.880629368748   5909.0275786645925
0.027491418510046592   5756.217673828711   5754.3057791916035
0.028297341710866907   5597.793222472747   5595.843374548769
0.029126890909937666   5436.298720903588   5434.335892789182
0.029980758713939952   5272.508027748876   5270.560874629561
0.030859658033628758   5107.327565842445   5105.428192653844
0.031764322679055976   4941.617802220546   4939.801006822701
0.03269550797224261   4776.206658395852   4774.509133511743
0.033653991377811755   4612.060481013862   4610.519934542284
0.03464057315210884   4450.123681221121   4448.778184623839
0.03565607701135116   4291.232749965802   4290.120185753791
0.036701350819364466   4136.274818801854   4135.4293854730795
0.03777726729548091   3986.215943791715   3985.664366526641
0.038884724743189276   3841.8882979288705   3841.6505130006994
0.04002464780014597   3703.979553172106   3704.068566790749
0.041197988210172884   3573.0200085141078   3573.437642305768
0.04240572561788674   3449.428048289904   3450.165157482562
0.04364886838662332   3333.5430107504967   3334.580792298063
0.04492845444033957   3225.7842729154327   3227.0834088969204
0.04624555213019635   3126.650668713416   3128.1414970212
0.04760126112654554   3036.5713269092535   3038.1570824779446
0.04899671333706607   2955.4882904238557   2957.0526143504235
0.05043307385181555   2882.357717458451   2883.7767832980317
0.05191154191598653   2816.106008395392   2817.249858560609
0.053433351931179485   2755.7754960648244   2756.5069549241607
0.05499977448602865   2700.521014228946   2700.6936508306076
0.05661211741704101   2649.565263051825   2649.0235577531907
0.05827172690053434   2601.881567667286   2600.471720396492
0.05997998857658587   2556.119219781198   2553.7030058064715
0.06173832870592997   2510.922217921899   2507.3828258306194
0.0635482153607709   2464.5613347393823   2459.8331089015182
0.06541115965050462   2415.2475696924353   2409.3285503317056
0.06732871698337338   2361.2341095874467   2354.207590866007
0.06930248836510605   2300.8422320151435   2292.897905135563
0.07133412173562886   2232.812136329069   2224.2448826868604
0.07342531334496233   2156.524853102642   2147.733409653543
0.07557780916945323   2071.937932970593   2063.4018478290272
0.07779340636952398   1979.9617406562907   1972.2080875750971
0.08007395479015682   1881.9104969807474   1875.4840056265443
0.08242135850536496   1779.5621074258627   1774.9965670667846
0.08483757740794096   1674.985452028566   1672.7652812456365
0.08732462884580919   1570.6054599512217   1571.1251947142116
0.08988458930634863   1468.9341241818317   1472.4536911755026
0.09251959615009227   1372.4663992140102   1379.0764279701973
0.09523184939525078   1283.7673624514389   1293.3164145098872
0.09802361355455057   1204.9653981511497   1217.0817467714908
0.10089721952591899   1137.487640916059   1151.586518625868
0.10385506653859616   1082.1037334431855   1097.4239804817194
0.10689962415629803   1038.276560085804   1053.918897351624
0.11003343433910281   1004.8042661203702   1019.8134354679861
0.11325911356578279   979.4688668115289   993.0275712181584
0.11657935501835284   959.6016789201391   971.0800150866424
0.11999693083066039   942.0770812483377   951.0969356941902
0.12351469440289359   923.6176262961177   930.1988979650429
0.12713558278394044   901.1828388777084   905.7969956985321
0.13086261912358757   872.4033814214371   875.9340846967107
0.13469891519660646   836.0710931992279   839.7163075191764
0.13864767400083483   792.2427859944358   797.4226088622999
0.14271219243142114   742.2879248068945   750.4620569903896
0.14689586403346616   688.8799663694913   701.0976363224802
0.1512021818353596   635.755361474291   652.5080583419774
0.15563474126517718   586.8880419821164   607.9494905927963
0.16019724315257297   545.3995147870162   569.7865537441489
0.1648934968186736   512.7000719983126   538.9771101830203
0.1697274232565544   488.5322204929969   515.1256259050225
0.17470305840495237   471.52741946657216   496.84060083010553
0.17982455651794954   459.31170507888686   482.21328019172785
0.18509619363343993   448.4876659772391   468.5994687477716
0.19052237114327647   435.36104078728175   453.2632645988862
0.19610761946807834   417.5121094441478   434.54017642780957
0.20185660183976684   394.57612803007925   412.3523708443241
0.20777411819498756   367.8928176371982   387.90769313624605
0.21386510918267082   340.0544089897516   363.2146464496071
0.22013466028907505   314.2396920101508   340.31679832578124
0.22658800608375756   292.9142117292275   320.85145364383874
0.23323053459001789   276.9242597391154   305.08191484270776
0.2400677917834628   265.4772761087614   292.4660550663233
0.24710548622244882   256.349407210621   281.35635033635725
0.25434949381426813   246.77386904614045   270.0368841902318
0.2618058627210567   234.97605538212127   257.60285494427615
0.2694808184095226   220.7519173579314   244.02716122986436
0.27738076884870827   205.299014867219   230.157718832723
0.2855123098601282   190.71659030817045   217.09629786709138
0.29388223062474755   178.6282462963609   205.70874288805393
0.3024975193514008   169.25429943222036   195.91130578324504
0.31136536911138296   161.60861040057844   187.1544598668487
0.3204931838440838   154.09929098034138   178.65562745057312
0.32988858453867975   145.63311894099772   169.91308906829457
0.3395594155970457   136.36838167325604   161.08066340306618
0.34951375138319807   127.27293459182286   152.6230362801869
0.3597599029647371   119.31257607289812   144.9161071388072
0.37030642505191835   112.70780519052113   137.90881288190766
0.3811621231401457   106.83608305537733   131.38902332072578
0.3923360608618501   100.92280395598382   125.06235570000182
0.4038375675538918   94.75316841065415   118.8556958453316
0.41567624604680364   88.70518589663081   112.9134767116863
0.42786198068238046   83.260376454648   107.38589609201688
0.4404049455663077   78.4632053438983   102.23768565941305
0.4533156130627191   73.97743037232708   97.35167835359918
0.4666047625377753   69.5267391427091   92.66037745349611
0.4802834893595659   65.18569551702068   88.17936573817302
0.49436321416184764   61.167236573781665   83.95597901838936
0.5088556923793517   57.5090532931672   79.98697665854368
0.5237730240626238   54.05894179146325   76.21693792582948
0.5391276639805903   50.726009730645444   72.62507899850173
0.5549324320192869   47.56912148291142   69.22044406331159
0.5712005238854289   44.64327105293148   66.00360725571504
0.5879455221237613   41.905632832191735   62.95806071864469
0.6051814074573895   39.301898801281254   60.06314454699244
0.622922570460556   36.84461213919805   57.318228983357876
0.6411838235736077   34.54749150130462   54.71961204934053
0.6599804134701901   32.39243981738839   52.257320201928195
0.6793280337869897   30.362881766906202   49.92185609001376
0.6992428382266549   28.45241951138244   47.70649489375289
0.7197414540448374   26.655262350606918   45.60496696273068
0.7408409959326054   24.96576728445084   43.61132565584348
0.7625590803058332   23.378450815660585   41.719932042867065
0.7849138400134885   21.887998504899144   39.925440198355126
0.8079239394770964   20.489269943221508   38.222781321442696
0.8316085902740278   19.177119887042387   36.60701853288993
0.8559875671776167   17.946337573526097   35.073270883712254
0.8810812246675007   16.79199149056373   33.61693290430198
0.9069105139239728   15.709446189724941   32.23367949099945
0.9334970003205227   14.694344393899641   30.919447704726196
0.960862881429187   13.742590210312608   29.670419817960422
0.9890310055537336   12.850333411101891   28.48300745561222
1.0180248908061487   12.01397584052761   27.353793878813864
1.047868744742366   11.230185268884599   26.279456464456125
1.0785874845736239   10.495823147176246   25.256865830611982
1.1102067579703248   9.807924455836067   24.28309250367891
1.1427529644757777   9.163689230630277   23.355392911909323
1.1762532775476793   8.56047441336745   22.471196440781284
1.210735667245765   7.995786022190247   21.628093464066936
1.246228923584555   7.4672689480552386   20.823797294064704
1.2827626805706884   6.97269173877018   20.056046785918358
1.3203674409449337   6.5099509871178425   19.32269946119875
1.3590746016495152   6.077067955872908   18.62175739633385
1.3989164800420282   5.672181603945115   17.951356502903817
1.4399263408778291   5.2935419727684705   17.309756684328654
1.4821384240834183   4.939503916631542   16.69533279340175
1.525587973344019   4.608521333649081   16.10655701393932
1.5703112655292182   4.2991425558323915   15.541932793517677
1.6163456409812174   4.010003989978429   15.000035432197443
1.6637295346910133   3.7398244543507815   14.479539548616646
1.7125025083885144   3.4874004751036427   13.979211918686595
1.7627052835733923   3.251601833396457   13.49790474199709
1.814379775514258   3.0313673481359404   13.034549467279822
1.8675691282445197   2.82570086190068   12.58814962551713
1.922317750584177   2.6336672112863466   12.15775713874919
1.9786713532176083   2.454388814719035   11.742476151736891
2.0366769868582977   2.287042516115991   11.341474316633207
2.0963830815323896   2.1308563732757433   10.953978700973913
2.1578394870138577   1.985106619013319   10.579271685218055
2.2210975144450407   1.8491147914739687   10.21668718235013
2.286209979177315   1.7222450120438417   9.865607118100652
2.3532312448676476   1.6039010860837566   9.525457351847683
2.4222172688678643   1.4935241655386948   9.195704721228322
2.4932256489445366   1.3905909249900827   8.875855331120666
2.5663156713684585   1.2946114084437224   8.565452021235485
2.641548360413907   1.2051269777023648   8.264071953120052
2.7189865293089923   1.121708381230528   7.97132435927886
2.798694832679631   1.0439539412290444   7.686848833532536
2.8807398205309562   0.9714882154118855   7.410348079284529
2.9651899938111903   0.9039605368213095   7.141606628473919
3.05211586160442   0.8410427751020072   6.8804258170930765
3.1415899999999994   0.7824278819241121   6.626616081193447
