0.01   16310.898161808838   16309.37024374797
0.010293154462191829   16422.27898451083   16420.66366467909
0.010594902878253955   16524.28630352676   16522.576715384504
0.010905497183778876   16616.416021997415   16614.605656975513
0.011225196699963396   16698.13812739019   16696.220134699164
0.011554268350120923   16768.91519117469   16766.88200593695
0.011892986882540897   16828.223965595473   16826.067329137484
0.012241635099881474   16875.54049429498   16873.251296550407
0.012600504095286909   16910.330955692356   16907.898958197475
0.012969893495426888   16932.08237257082   16929.496228633394
0.013350111710660605   16940.30017950157   16937.547444861084
0.013741476192534558   16934.470313746726   16931.53722717635
0.014144313698828986   16914.09573917044   16910.96721234702
0.01455896056637426   16878.717475727117   16875.377174410125
0.014985762991865008   16827.891980252247   16824.321562140907
0.01542507732090645   16761.192631204216   16757.370918560333
0.015877270345534218   16678.24404094984   16674.14718411773
0.016342719610456153   16578.718145714887   16574.319759114238
0.016821813728271667   16462.312593493265   16457.58362611183
0.017314952703931925   16328.784203199948   16323.693194169171
0.017822548268711737   16177.960915078358   16172.474323809643
0.01834502422397195   16009.735415105251   16003.817096186613
0.018882816794999403   15824.072069211063   15817.683076461235
0.019436374995219892   15621.018780588114   15614.117963420267
0.02000616100108813   15400.721184269434   15393.26707302869
0.020592650537967844   15163.438917859714   15155.393185868106
0.021196333277324068   14909.522920378193   14900.851233981413
0.02181771324555934   14639.422170070417   14630.095037755596
0.022457309244835088   14353.75824324002   14343.755086310417
0.02311565528622961   14053.273510598949   14042.584475392125
0.023793301035594242   13738.783870305728   13727.409613995178
0.024490812272480036   13411.278961719261   13399.23432461342
0.025208771362518027   13071.96242600787   13059.281682574398
0.0259477777436476   12722.080002711782   12708.815607322655
0.02670844842659881   12362.956186424495   12349.17825988585
0.027491418510046592   11996.227846048052   11982.0294698038
0.028297341710866907   11623.588862232178   11609.085110068467
0.029126890909937666   11246.682244339461   11232.006508401984
0.029980758713939952   10867.393846593543   10852.696746729262
0.030859658033628758   10487.80689442813   10473.254888351628
0.031764322679055976   10109.842471800377   10095.61363211538
0.03269550797224261   9735.396008978969   9721.675093501535
0.033653991377811755   9366.668928235413   9353.640981222403
0.03464057315210884   9005.68714113753   8993.534351870168
0.03565607701135116   8654.225868654146   8643.124216218994
0.036701350819364466   8314.227973486137   8304.32740359102
0.03777726729548091   7987.614662002789   7979.028840868469
0.038884724743189276   7675.969875365396   7668.780824675863
0.04002464780014597   7380.595112882388   7374.844904315482
0.041197988210172884   7102.5732451869135   7098.242545125313
0.04240572561788674   6842.754769677631   6839.769513482102
0.04364886838662332   6601.80429721965   6600.036761638882
0.04492845444033957   6380.322421627029   6379.536120577032
0.04624555213019635   6178.8245227545285   6178.659765408294
0.04760126112654554   5997.6783584288005   5997.668150204467
0.04899671333706607   5835.792976826149   5835.407661090918
0.05043307385181555   5690.754392398666   5689.440116892343
0.05191154191598653   5560.341090549784   5557.519395752669
0.053433351931179485   5442.503216602937   5437.5658130110205
0.05499977448602865   5335.326040293217   5327.630391704997
0.05661211741704101   5236.958875183385   5225.8361767315755
0.05827172690053434   5144.686942907164   5129.522197373965
0.05997998857658587   5055.397079367352   5035.676622016421
0.06173832870592997   4965.779663592674   4941.148360321599
0.0635482153607709   4871.697358000524   4842.105118706426
0.06541115965050462   4769.1491537086085   4734.884655669629
0.06732871698337338   4654.349652601983   4616.145276873924
0.06930248836510605   4523.958585782543   4483.018678922966
0.07133412173562886   4375.9879999036   4333.98315888646
0.07342531334496233   4209.798043459854   4168.8197753263585
0.07557780916945323   4026.3822692390845   3988.7540670111634
0.07779340636952398   3828.3917238626104   3796.465352789681
0.08007395479015682   3619.2464585447015   3595.3823251656354
0.08242135850536496   3402.981741957256   3389.521627032234
0.08483757740794096   3184.5175697197687   3183.3875806597634
0.08732462884580919   2969.1756295140235   2981.6408613392828
0.08988458930634863   2762.6147332377327   2789.239841412678
0.09251959615009227   2570.2122023671604   2610.7704260537703
0.09523184939525078   2397.2802929230916   2450.4142089485176
0.09802361355455057   2247.596068284865   2311.048132570174
0.10089721952591899   2123.2649716076185   2193.9799607725986
0.10385506653859616   2024.560260830958   2098.9448447288546
0.10689962415629803   1949.308667888565   2023.4484857848374
0.11003343433910281   1893.8805026107316   1963.9851570825715
0.11325911356578279   1853.1254260036942   1916.0288175701617
0.11657935501835284   1820.8297658621213   1874.3405334487609
0.11999693083066039   1790.2201340434074   1833.4731684378269
0.12351469440289359   1754.3833898400628   1788.2942835988092
0.12713558278394044   1707.4867949673528   1734.76434411014
0.13086261912358757   1645.4981243945456   1670.3709065432772
0.13469891519660646   1567.0342254491286   1594.6605444702282
0.13864767400083483   1473.460044375035   1509.217748776696
0.14271219243142114   1369.026762658387   1417.6594552020365
0.14689586403346616   1260.698830908543   1325.290812437472
0.1512021818353596   1157.1661395915542   1237.9180429304104
0.15563474126517718   1066.1441768883878   1160.732648426451
0.16019724315257297   992.245555967151   1095.945499792677
0.1648934968186736   936.5432275595331   1043.3758472801453
0.1697274232565544   897.4810500254118   1001.9445317211813
0.17470305840495237   871.4491726444072   968.3511293484029
0.17982455651794954   852.2382485288238   938.7787219502292
0.18509619363343993   832.0123459012492   908.6027032672765
0.19052237114327647   804.1308762041424   874.254733289148
0.19610761946807834   765.6599985589114   834.8557268456424
0.20185660183976684   717.4551361306794   791.6789291645864
0.20777411819498756   663.50472084981   746.8455399184746
0.21386510918267082   610.1239156120645   703.6927080367072
0.22013466028907505   563.5239332846139   665.2529556918007
0.22658800608375756   527.2536567452071   632.2517433179113
0.23323053459001789   501.53049504070566   604.6764261174155
0.2400677917834628   483.254459362599   580.651993140866
0.24710548622244882   466.9396183300238   557.6631594433333
0.25434949381426813   447.6971665604075   533.9961641885466
0.2618058627210567   423.35720933138896   509.55450878085475
0.2694808184095226   394.73407376800003   484.2916877604948
0.27738076884870827   365.4273521671463   459.75180143980475
0.2855123098601282   339.620091452953   437.3125535959625
0.29388223062474755   319.29751645827685   417.33777330825325
0.3024975193514008   303.75504177782744   399.11054206923416
0.31136536911138296   290.22862302313905   381.97000345416114
0.3204931838440838   275.66802238966756   365.2902071416434
0.32988858453867975   259.0385779724767   348.6415369641881
0.3395594155970457   241.52859055252807   332.51648930186167
0.34951375138319807   225.26972477061676   317.32846410924344
0.3597599029647371   211.66935868237664   303.2535486172907
0.37030642505191835   200.3047164876958   290.1269100109409
0.3811621231401457   189.60410113942103   277.5890519457501
0.3923360608618501   178.4485967951102   265.55545504772414
0.4038375675538918   166.98286350989954   253.93234956239863
0.41567624604680364   156.21846134308964   242.92553761289605
0.42786198068238046   146.758511421171   232.58948420179337
0.4404049455663077   138.31018555766858   222.8282173739483
0.4533156130627191   130.12938535983685   213.49528277671376
0.4666047625377753   121.99771654039296   204.56249822127438
0.4802834893595659   114.25097924787946   196.05862396711456
0.49436321416184764   107.20694502002071   188.02623169110538
0.5088556923793517   100.72919942797692   180.4152217004623
0.5237730240626238   94.52499113114239   173.14210630377494
0.5391276639805903   88.56307741883205   166.20745386865485
0.5549324320192869   82.99182333914102   159.62167701032138
0.5712005238854289   77.83533813686657   153.37635117104608
0.5879455221237613   72.97123391537518   147.42200692786835
0.6051814074573895   68.35265932997737   141.74032695257304
0.622922570460556   64.02245011391008   136.33567913765444
0.6411838235736077   59.97687907406523   131.19313904052453
0.6599804134701901   56.17842271012026   126.29324126688189
0.6793280337869897   52.604941050806616   121.6207743813769
0.6992428382266549   49.24530128499041   117.16345577150727
0.7197414540448374   46.08878074611724   112.90976628908655
0.7408409959326054   43.12495903205041   108.84887496768157
0.7625590803058332   40.343736960568584   104.97059403219004
0.7849138400134885   37.735351472856436   101.26533708231058
0.8079239394770964   35.29036750688836   97.72405671637118
0.8316085902740278   32.99925787736789   94.3376677976377
0.8559875671776167   30.852534597056735   91.09708516878578
0.8810812246675007   28.84127026153933   87.99380915471124
0.9069105139239728   26.957086995376077   85.0199100680883
0.9334970003205227   25.19212221284035   82.1679864203965
0.960862881429187   23.538996569813417   79.43112656033801
0.9890310055537336   21.990784508101026   76.80287183345149
1.0180248908061487   20.5410383561437   74.2770256134391
1.047868744742366   19.18378693181879   71.84751664766152
1.0785874845736239   17.913406419028323   69.50866502643088
1.1102067579703248   16.72459135760108   67.25518596758195
1.1427529644757777   15.612338552509522   65.08216153629115
1.1762532775476793   14.571931641343504   62.985014721198006
1.210735667245765   13.59892630499743   60.959485641839336
1.246228923584555   12.689129794076415   59.00155998831301
1.2827626805706884   11.838575101004569   57.107339312834554
1.3203674409449337   11.043529400862804   55.27317453175195
1.3590746016495152   10.30048571399624   53.49568571129173
1.3989164800420282   9.606149928593462   51.77174411746215
1.4399263408778291   8.957428519674282   50.09845569020868
1.4821384240834183   8.351416930584563   48.473145800796644
1.525587973344019   7.7853889684209685   46.89335316292536
1.5703112655292182   7.256788301424821   45.35685908663279
1.6163456409812174   6.763216536070246   43.86163754189159
1.6637295346910133   6.3024229144172965   42.40582153600426
1.7125025083885144   5.872295691726544   40.987693161967314
1.7627052835733923   5.470853985173422   39.60567433207903
1.814379775514258   5.096240067629482   38.258318068237706
1.8675691282445197   4.746712049411312   36.944311323174425
1.922317750584177   4.420636584096856   35.66260336671928
1.9786713532176083   4.1164826391393845   34.41233439253152
2.0366769868582977   3.832815730826059   33.19271182090932
2.0963830815323896   3.56829210739621   32.00300311600135
2.1578394870138577   3.321653254649687   30.84253149373603
2.2210975144450407   3.091720715654069   29.710671798278007
2.286209979177315   2.8773911925348763   28.606849350263893
2.3532312448676476   2.6776314110290547   27.53063726754923
2.4222172688678643   2.491473826404723   26.48176245682423
2.4932256489445366   2.318013326420722   25.459961430050544
2.5663156713684585   2.156403385731284   24.46496960971328
2.641548360413907   2.0058523986985546   23.496520386328907
2.7189865293089923   1.8656202324021662   22.554344242579504
2.798694832679631   1.735014989401979   21.638168319105464
2.8807398205309562   1.6133904635875795   20.74780788158428
2.9651899938111903   1.5001437239293975   19.88326403932899
3.05211586160442   1.3947112060551974   19.04451098850863
3.1415899999999994   1.296566081376631   18.23146637763301
