0.01   9105.616230727002   9104.161462715838
0.010293154462191829   9225.088122230596   9223.5068019733
0.010594902878253955   9341.73190829104   9340.012472801594
0.010905497183778876   9455.257933248507   9453.387775160554
0.011225196699963396   9565.372106731524   9563.337565810776
0.011554268350120923   9671.770936629884   9669.557217309954
0.011892986882540897   9774.137755110323   9771.72878594133
0.012241635099881474   9872.15260411861   9869.531030997709
0.012600504095286909   9965.491469527991   9962.63861080722
0.012969893495426888   10053.812587823017   10050.708080233258
0.013350111710660605   10136.768033288261   10133.389713083414
0.013741476192534558   10214.01132716765   10210.335264166712
0.014144313698828986   10285.189371666615   10281.189873608739
0.01455896056637426   10349.941665407121   10345.59128945839
0.014985762991865008   10407.913063791197   10403.18270061492
0.01542507732090645   10458.752168467492   10453.610851747264
0.015877270345534218   10502.100289290038   10496.514105082028
0.016342719610456153   10537.605968680347   10531.537879647905
0.016821813728271667   10564.930954073285   10558.340951807137
0.017314952703931925   10583.743736896944   10576.588826447964
0.017822548268711737   10593.723181677333   10585.957438461888
0.01834502422397195   10594.568523784083   10586.143372096301
0.018882816794999403   10586.001469576953   10576.865811172109
0.019436374995219892   10567.767596202282   10557.86763949147
0.02000616100108813   10539.640093783531   10528.919685017696
0.020592650537967844   10501.423742654635   10489.824888465919
0.021196333277324068   10452.97005284675   10440.433962601715
0.02181771324555934   10394.173226034953   10380.641164923589
0.022457309244835088   10324.963599681118   10310.377465170955
0.02311565528622961   10245.331062771345   10229.634828081218
0.023793301035594242   10155.344638975876   10138.486501092782
0.024490812272480036   10055.115111641431   10037.048149828177
0.025208771362518027   9944.80340667372   9925.486476798094
0.0259477777436476   9824.6918017239   9804.09281835438
0.02670844842659881   9695.128886664694   9673.226143699356
0.027491418510046592   9556.494246255312   9533.276476706686
0.028297341710866907   9409.280701095784   9384.749307204751
0.029126890909937666   9254.111314970849   9228.28294132714
0.029980758713939952   9091.624795180987   9064.530740691434
0.030859658033628758   8922.510060144268   8894.195703513564
0.031764322679055976   8747.654171489125   8718.179334002813
0.03269550797224261   8567.975566827527   8537.413472173335
0.033653991377811755   8384.368052364325   8352.803758535389
0.03464057315210884   8197.841576186203   8165.369877975974
0.03565607701135116   8009.489323618486   7976.212623402408
0.036701350819364466   7820.339023289864   7786.365683157879
0.03777726729548091   7631.445359562327   7596.884196301633
0.038884724743189276   7444.069921037493   7409.017514688081
0.04002464780014597   7259.4149205850845   7223.953512993431
0.041197988210172884   7078.551037963796   7042.748411714861
0.04240572561788674   6902.2443916239745   6866.149492674013
0.04364886838662332   6731.055158457664   6694.6961922255805
0.04492845444033957   6565.479442167248   6528.865122689574
0.04624555213019635   6406.221509695429   6369.319107780059
0.04760126112654554   6254.436878907835   6217.129083744851
0.04899671333706607   6111.224709815458   6073.310830650887
0.05043307385181555   5977.26636045676   5938.478275479979
0.05191154191598653   5851.704329731712   5811.758771461076
0.053433351931179485   5733.309364775104   5691.92337587138
0.05499977448602865   5620.949887706145   5577.8413562610785
0.05661211741704101   5513.59515101844   5468.483960624791
0.05827172690053434   5410.292562883832   5362.901783809741
0.05997998857658587   5309.980739157208   5260.057365001047
0.06173832870592997   5211.234800992131   5158.599225392389
0.0635482153607709   5112.641731711673   5057.19852829915
0.06541115965050462   5012.54396674017   4954.3509508566685
0.06732871698337338   4909.146724506078   4848.463785513496
0.06930248836510605   4800.679174300114   4737.9969847523835
0.07133412173562886   4685.269683708604   4621.376582540615
0.07342531334496233   4561.319192862256   4497.304287932549
0.07557780916945323   4427.777083335731   4365.085858222544
0.07779340636952398   4284.093365718041   4224.473572283727
0.08007395479015682   4130.871419430821   4076.206033997585
0.08242135850536496   3969.35359904334   3921.5528488103837
0.08483757740794096   3801.7987659304426   3762.6953955388153
0.08732462884580919   3630.8471946714017   3602.093108270013
0.08988458930634863   3459.607536523647   3442.483204565905
0.09251959615009227   3291.1820564857826   3286.528656934554
0.09523184939525078   3128.6720968916684   3136.8230343788855
0.09802361355455057   2975.08671881105   2995.687466478634
0.10089721952591899   2833.1784019949087   2865.118442861237
0.10385506653859616   2705.1104116932   2746.61929409129
0.10689962415629803   2592.4734271809684   2641.2130332092684
0.11003343433910281   2495.3869579618595   2548.596927003619
0.11325911356578279   2412.9006197323597   2467.56893837519
0.11657935501835284   2342.327889557568   2395.76398574775
0.11999693083066039   2280.1591688114704   2330.283442358094
0.12351469440289359   2222.04174221016   2267.70480488837
0.12713558278394044   2163.6093285623115   2204.844886128819
0.13086261912358757   2100.8133934686766   2138.961579803542
0.13469891519660646   2030.5189480253327   2068.0522122045004
0.13864767400083483   1951.0359912728593   1991.3800557452914
0.14271219243142114   1862.40070980098   1909.4667360389485
0.14689586403346616   1766.5325404177727   1823.8121433811887
0.1512021818353596   1666.7825525032447   1737.076959011811
0.15563474126517718   1567.4451513927493   1652.1811738388697
0.16019724315257297   1473.2548372998178   1571.899199328455
0.1648934968186736   1388.7086173120204   1498.9423964027235
0.1697274232565544   1316.8566161965093   1434.5566770050639
0.17470305840495237   1258.167060206736   1378.6526156226362
0.17982455651794954   1210.4659798793862   1329.5883720161921
0.18509619363343993   1169.913301613374   1284.7305478740138
0.19052237114327647   1132.0920613633052   1241.5389614466792
0.19610761946807834   1092.5528314336666   1197.9185897999203
0.20185660183976684   1047.582940053626   1152.3354870898106
0.20777411819498756   995.8081586502051   1104.3002362612103
0.21386510918267082   939.0896383914435   1055.0585190309305
0.22013466028907505   881.3613335498139   1006.7814592831068
0.22658800608375756   826.8100783866367   961.1422633814682
0.23323053459001789   778.8376938011695   919.5298076620343
0.2400677917834628   739.0817402325899   882.1311339297032
0.24710548622244882   706.5402669727663   848.0345331334736
0.25434949381426813   678.0988172384847   816.1257457258515
0.2618058627210567   650.0381028278251   785.082232992301
0.2694808184095226   619.3748347703546   753.844259303757
0.27738076884870827   585.5199633453043   722.7213923851568
0.2855123098601282   550.4370306774484   692.0535527824641
0.29388223062474755   516.9476267232218   662.9691303486621
0.3024975193514008   487.35062713356587   635.8348979198898
0.31136536911138296   462.32471758372594   610.6115469488307
0.3204931838440838   440.3906379997025   586.9126212191902
0.32988858453867975   419.21219076966315   563.997160469165
0.3395594155970457   397.17733423004756   541.8047646141194
0.34951375138319807   374.25534175885605   520.093356417093
0.3597599029647371   351.9176291274912   499.34953070983494
0.37030642505191835   331.64107740394434   479.7496289066437
0.3811621231401457   313.72701683948145   461.22911510643627
0.3923360608618501   297.3418075019453   443.59894462996954
0.4038375675538918   281.2976828607433   426.66981268853425
0.41567624604680364   265.17721706511236   410.3332097297151
0.42786198068238046   249.5417664119146   394.7058290383515
0.4404049455663077   235.0954898989805   379.8624515418817
0.4533156130627191   221.9334854637751   365.717262191714
0.4666047625377753   209.54256210621907   352.2197326252614
0.4802834893595659   197.4969300435086   339.2912425564017
0.49436321416184764   185.85795680129144   326.8845457173322
0.5088556923793517   174.95548915934805   315.0675451098884
0.5237730240626238   164.8360367996579   303.8048737858692
0.5391276639805903   155.2734075481426   293.0291041901437
0.5549324320192869   146.1087190406253   282.71359141596173
0.5712005238854289   137.4163518253796   272.84066134344397
0.5879455221237613   129.27531964974239   263.41342391178466
0.6051814074573895   121.61371534180925   254.4004727581023
0.622922570460556   114.34153853222884   245.76052760935093
0.6411838235736077   107.46284547128965   237.48471827145232
0.6599804134701901   100.99500625116109   229.56595493811238
0.6793280337869897   94.90534725097355   221.98181666295542
0.6992428382266549   89.1591552358983   214.71213761452842
0.7197414540448374   83.73751879415804   207.73792044821386
0.7408409959326054   78.62476705825887   201.04341781003583
0.7625590803058332   73.80572569526518   194.61384706485163
0.7849138400134885   69.2657269714418   188.43532527679162
0.8079239394770964   64.99061650486206   182.49480905263243
0.8316085902740278   60.966757006076485   176.7800388540419
0.8559875671776167   57.181004640162094   171.2794261790247
0.8810812246675007   53.62032608156912   165.98101622658618
0.9069105139239728   50.27197623755027   160.8727478037084
0.9334970003205227   47.1238825846451   155.94336391118833
0.960862881429187   44.16462364758535   151.18238473211372
0.9890310055537336   41.383395914992796   146.58005378857914
1.0180248908061487   38.76998232632604   142.12728856183637
1.047868744742366   36.31472226107991   137.81563516019622
1.0785874845736239   34.00849831611844   133.63714971235473
1.1102067579703248   31.842769628718173   129.58403216581064
1.1427529644757777   29.80947218160469   125.64891619825373
1.1762532775476793   27.900965471435583   121.82498772086598
1.210735667245765   26.11001327900298   118.1059500227401
1.246228923584555   24.429765107328272   114.4859915372003
1.2827626805706884   22.853738255314344   110.95975608953451
1.3203674409449337   21.37580046635018   107.52231561262333
1.3590746016495152   19.990145169215246   104.16918119287476
1.3989164800420282   18.691269868053   100.89631191471399
1.4399263408778291   17.473978478746115   97.70001838495331
1.4821384240834183   16.33336785899035   94.57693267009857
1.525587973344019   15.264812641669485   91.52398954198668
1.5703112655292182   14.263950755516033   88.53840876029042
1.6163456409812174   13.326669608968642   85.61767827047967
1.6637295346910133   12.449092916763286   82.75956327919558
1.7125025083885144   11.62756818937916   79.96248865216265
1.7627052835733923   10.858654740142278   77.22539145922765
1.814379775514258   10.139112236895782   74.54732067358908
1.8675691282445197   9.465889855400912   71.92741680680025
1.922317750584177   8.836115960619901   69.36490428854019
1.9786713532176083   8.247088293090107   66.85908405437064
2.0366769868582977   7.696264639823329   64.40932633493782
2.0963830815323896   7.181253491422272   62.01515901558051
2.1578394870138577   6.699803776606918   59.676655464316156
2.2210975144450407   6.249799177161358   57.39401291723989
2.286209979177315   5.829251407464505   55.16736015311308
2.3532312448676476   5.436292874581111   52.996758152017996
2.4222172688678643   5.069169728786025   50.882201067907864
2.4932256489445366   4.72623528662513   48.82361734926407
2.5663156713684585   4.405943819150811   46.82087278195285
2.641548360413907   4.106846141647113   44.87402610081785
2.7189865293089923   3.8275850098623403   42.98353600912262
2.798694832679631   3.566886624853544   41.149734353654736
2.8807398205309562   3.3235554349776586   39.37276785704481
2.9651899938111903   3.0964696200004433   37.65261046531794
3.05211586160442   2.884576812663677   35.989075633375286
3.1415899999999994   2.686890047039398   34.381828477443136
