0.01   23135.616751613506   23129.531545986254
0.010293154462191829   23320.464259711083   23313.856499716865
0.010594902878253955   23493.165223402044   23485.991389469193
0.010905497183778876   23652.977204959057   23645.18781904165
0.011225196699963396   23799.16059583205   23790.7005504003
0.011554268350120923   23930.940546767768   23921.751590805474
0.011892986882540897   24047.53304108437   24037.555173885034
0.012241635099881474   24148.17130270656   24137.343003996153
0.012600504095286909   24232.084583441967   24220.34077890657
0.012969893495426888   24298.487626009155   24285.75636023087
0.013350111710660605   24346.62209312818   24332.824539526948
0.013741476192534558   24375.75547638026   24360.806255920674
0.014144313698828986   24385.14392533151   24368.951150707704
0.01455896056637426   24374.07204247791   24356.537753699507
0.014985762991865008   24341.874993947476   24322.895751656477
0.01542507732090645   24287.918143048086   24267.383530276118
0.015877270345534218   24211.601004589393   24189.392085302068
0.016342719610456153   24112.391408758303   24088.38167431015
0.016821813728271667   23989.82839766793   23963.88459913912
0.017314952703931925   23843.516589955478   23815.498768674264
0.017822548268711737   23673.1445847344   23642.90730736648
0.01834502422397195   23478.495505967378   23445.889643431346
0.018882816794999403   23259.473602837865   23224.349635448623
0.019436374995219892   23016.10160969172   22978.31258206458
0.02000616100108813   22748.506565542128   22707.90997630894
0.020592650537967844   22456.964791853272   22413.42751170293
0.021196333277324068   22141.95895858583   22095.36600634508
0.02181771324555934   21804.086646731208   21754.34338308226
0.022457309244835088   21444.066968555173   21391.101221562567
0.02311565528622961   21062.912096765445   21006.684713768096
0.023793301035594242   20661.81201275446   20602.321463417768
0.024490812272480036   20242.02384533237   20179.30523448409
0.025208771362518027   19805.053763320506   19739.185641024647
0.0259477777436476   19352.74484051999   19283.859546877346
0.02670844842659881   18886.96072281856   18815.240942029675
0.027491418510046592   18409.63935455385   18335.314446724933
0.028297341710866907   17923.197411152847   17846.545467251588
0.029126890909937666   17430.12160064306   17351.46496524839
0.029980758713939952   16932.77524817792   16852.4730714816
0.030859658033628758   16433.7598504642   16352.201249262558
0.031764322679055976   15935.897239026135   15853.494329250856
0.03269550797224261   15441.77548604589   15358.956119748878
0.033653991377811755   14953.94745836814   14871.137088501662
0.03464057315210884   14475.48384578323   14393.059402476161
0.03565607701135116   14009.261240029527   13927.543078767883
0.036701350819364466   13557.759572115672   13477.013764043857
0.03777726729548091   13122.81378025114   13043.24346333121
0.038884724743189276   12705.753661516226   12627.495318644415
0.04002464780014597   12307.681616195987   12230.811322373183
0.041197988210172884   11930.02750897912   11854.491550524204
0.04240572561788674   11575.24842790647   11500.695813456345
0.04364886838662332   11245.645682346314   11171.434163386688
0.04492845444033957   10942.662922508573   10867.911911340445
0.04624555213019635   10664.283731703728   10588.034326307983
0.04760126112654554   10407.487707321974   10328.758199905162
0.04899671333706607   10169.536463806451   10087.320268166079
0.05043307385181555   9947.94577941831   9861.199421289852
0.05191154191598653   9740.4450543448   9648.086063088887
0.053433351931179485   9544.548830657692   9445.505425860925
0.05499977448602865   9356.74469914202   9250.100018472784
0.05661211741704101   9173.506991417184   9058.534026655765
0.05827172690053434   8990.664431405214   8867.01471236069
0.05997998857658587   8803.523202768894   8671.394951953009
0.06173832870592997   8607.432890743725   8467.66682481666
0.0635482153607709   8397.335007331198   8251.670650382055
0.06541115965050462   8168.785507983543   8019.87440862862
0.06732871698337338   7918.7554884764795   7770.277161152496
0.06930248836510605   7645.409143828589   7501.937323970243
0.07133412173562886   7349.287589109373   7215.867945662453
0.07342531334496233   7032.489543240448   6914.356155539614
0.07557780916945323   6699.5382844386495   6602.048982829209
0.07779340636952398   6356.037426619718   6284.341850093414
0.08007395479015682   6008.732599556278   5966.841535033306
0.08242135850536496   5664.553850466252   5655.15574230227
0.08483757740794096   5330.759944562251   5355.275656208173
0.08732462884580919   5014.681421162583   5072.757627903406
0.08988458930634863   4723.280815557448   4812.501474939366
0.09251959615009227   4462.22042783328   4578.182479265681
0.09523184939525078   4235.930422475851   4372.35491614703
0.09802361355455057   4045.6403737282926   4194.947806581355
0.10089721952591899   3890.212251908667   4043.9872243997456
0.10385506653859616   3764.83445257913   3915.014555410784
0.10689962415629803   3662.81375326768   3802.4304676476017
0.11003343433910281   3575.275114728825   3699.5418006139403
0.11325911356578279   3492.668568720996   3599.663566297447
0.11657935501835284   3405.311185497022   3496.5571197735308
0.11999693083066039   3304.634754638168   3385.341931454858
0.12351469440289359   3184.6086367176795   3262.9985790049136
0.12713558278394044   3042.6905510123765   3128.771507610783
0.13086261912358757   2880.535871379257   2984.6075323643863
0.13469891519660646   2703.5456839925055   2835.002669168371
0.13864767400083483   2520.288756625749   2685.5223232132175
0.14271219243142114   2341.5562968582108   2542.090440622336
0.14689586403346616   2178.6387454031296   2410.8643132523484
0.1512021818353596   2040.199337672445   2295.03411946275
0.15563474126517718   1929.6535688428576   2195.5113057853096
0.16019724315257297   1845.0250414508885   2110.3779483247954
0.1648934968186736   1780.5518325349713   2035.4790602840303
0.1697274232565544   1727.9938108026315   1966.5102783015866
0.17470305840495237   1677.0984961757517   1898.9105503931992
0.17982455651794954   1617.5436543786416   1828.202353719692
0.18509619363343993   1543.1318564817889   1753.5755172987467
0.19052237114327647   1454.3892241194367   1676.0255595506521
0.19610761946807834   1357.2410059481974   1597.630587416208
0.20185660183976684   1260.1813037509248   1522.0364243034144
0.20777411819498756   1172.3218548030306   1452.2386532784058
0.21386510918267082   1100.0883262788896   1389.3201194329536
0.22013466028907505   1044.5261669895947   1333.5057289722877
0.22658800608375756   1001.5939738693381   1282.0576574348172
0.23323053459001789   963.7932158435918   1233.3612069910246
0.2400677917834628   922.9543637576108   1185.4244209172884
0.24710548622244882   874.695366027289   1137.007722023126
0.25434949381426813   820.1640376084785   1089.2034774382964
0.2618058627210567   764.2333340182555   1042.9682323375055
0.2694808184095226   713.1672773021567   999.6875237512344
0.27738076884870827   671.0374185726918   959.2414602898664
0.2855123098601282   637.1656506155805   922.0138954620361
0.29388223062474755   607.4737386186695   886.4862757497663
0.3024975193514008   577.1687104854553   852.2399375397729
0.31136536911138296   543.8086016753348   818.7756819855892
0.3204931838440838   508.9576987012064   786.5614562934212
0.32988858453867975   476.08024270238496   755.9024453287071
0.3395594155970457   447.60039297329894   727.1184135097393
0.34951375138319807   423.2862873070698   699.9263019759069
0.3597599029647371   400.686248209767   673.9627687937239
0.37030642505191835   377.6552798006137   648.9823925815907
0.3811621231401457   354.213075441669   624.9392848756833
0.3923360608618501   331.921059878933   601.9834887254829
0.4038375675538918   312.01053067809136   580.2796213449441
0.41567624604680364   294.09379428246075   559.6907311464497
0.42786198068238046   276.96202344790174   539.9784226511065
0.4404049455663077   260.01975334869235   521.0073767581639
0.4533156130627191   243.8093728903418   502.91821680132483
0.4666047625377753   228.92367261043955   485.7112926177682
0.4802834893595659   215.22003527126293   469.32321491213696
0.49436321416184764   202.1520210998196   453.63577769548067
0.5088556923793517   189.59001856529   438.56263706970157
0.5237730240626238   177.8000867484947   424.181807927067
0.5391276639805903   166.8575516167788   410.4598069555112
0.5549324320192869   156.54944249723746   397.3238712720517
0.5712005238854289   146.75425068153845   384.71297355323065
0.5879455221237613   137.55011928712605   372.6314846001257
0.6051814074573895   128.93885447862053   361.08752046160413
0.622922570460556   120.83906085089791   350.0138732957999
0.6411838235736077   113.21785810546886   339.3794898229433
0.6599804134701901   106.050524922758   329.160709742104
0.6793280337869897   99.31326063783432   319.3353233226791
0.6992428382266549   92.98318643029802   309.88247342963984
0.7197414540448374   87.03834213409209   300.78256495922017
0.7408409959326054   81.45767914129978   292.01718107897443
0.7625590803058332   76.22102662054333   283.56891886966235
0.7849138400134885   71.30860617280916   275.41946974954567
0.8079239394770964   66.70117587559454   267.54982737468197
0.8316085902740278   62.38056234319841   259.94223277713166
0.8559875671776167   58.329626761195385   252.5801712040729
0.8810812246675007   54.53220894323735   245.44828715198813
0.9069105139239728   50.973074239600635   238.53230678014842
0.9334970003205227   47.63786316185111   231.81896699317028
0.960862881429187   44.51305015077469   225.29591904706925
0.9890310055537336   41.58596482467095   218.95133003462408
1.0180248908061487   38.844701457408526   212.7740011914666
1.047868744742366   36.27802326051614   206.75358130824816
1.0785874845736239   33.87532768050617   200.88052117152884
1.1102067579703248   31.626614151091427   195.14602721926067
1.1427529644757777   29.522453211873447   189.5420188347016
1.1762532775476793   27.553956956729856   184.06108887782764
1.210735667245765   25.712748323791953   178.69650154526707
1.246228923584555   23.99092064888554   173.44236184948005
1.2827626805706884   22.381025965314166   168.29341653937635
1.3203674409449337   20.876058166411184   163.24491046561343
1.3590746016495152   19.46942855202255   158.29255991812465
1.3989164800420282   18.154942567722124   153.4325277453711
1.4399263408778291   16.926777720696194   148.66139958474938
1.4821384240834183   15.779462621535727   143.9761610404629
1.525587973344019   14.707857032159126   139.3744031964742
1.5703112655292182   13.707132806525562   134.8550370599741
1.6163456409812174   12.772756317403939   130.41742101305087
1.6637295346910133   11.90047160801772   126.06104085876527
1.7125025083885144   11.086284338387458   121.78549839869062
1.7627052835733923   10.326446587726982   117.59050018972871
1.814379775514258   9.617442472606236   113.47584646463653
1.8675691282445197   8.955974540991408   109.44142060564295
1.922317750584177   8.338949948327718   105.48752608160963
1.9786713532176083   7.763466968380378   101.61543436668245
2.0366769868582977   7.226806293629192   97.82644018171709
2.0963830815323896   6.726420559507564   94.12167352958038
2.1578394870138577   6.259923936108506   90.50210181435956
2.2210975144450407   5.82508231522846   86.96853233601699
2.286209979177315   5.41980406124389   83.5216151438368
2.3532312448676476   5.0421313130135745   80.16185081300847
2.4222172688678643   4.690233397725527   76.89004032801134
2.4932256489445366   4.362399830853847   73.70756496357852
2.5663156713684585   4.057029769998598   70.6155417935557
2.641548360413907   3.772625000999595   67.61474552121287
2.7189865293089923   3.507783680729364   64.70562922832427
2.798694832679631   3.2611944352622224   61.88834523573805
2.8807398205309562   3.031630795311131   59.16276593226656
2.9651899938111903   2.817945779158785   56.52849413973011
3.05211586160442   2.61906163874452   53.98455593914695
3.1415899999999994   2.4339659666942266   51.52942295948072
