0.01   14983.95975651341   14977.640460191216
0.010293154462191829   15175.513759176201   15168.577757332196
0.010594902878253955   15362.68706704501   15355.07698616857
0.010905497183778876   15545.036667327207   15536.69084987901
0.011225196699963396   15722.092887973247   15712.944334865912
0.011554268350120923   15893.367404604382   15883.343111765946
0.011892986882540897   16058.366182776621   16047.38713344285
0.012241635099881474   16216.579609421506   16204.560633503641
0.012600504095286909   16367.471969581859   16354.32145909349
0.012969893495426888   16510.503004863753   16496.12299281958
0.013350111710660605   16645.128959222704   16629.415078280897
0.013741476192534558   16770.780567122765   16753.620642013306
0.014144313698828986   16886.879618506406   16868.153172783397
0.01455896056637426   16992.85350091761   16972.43204982922
0.014985762991865008   17088.121868839607   17065.868342727572
0.01542507732090645   17172.09108409765   17147.858850687928
0.015877270345534218   17244.179423192505   17217.81273313699
0.016342719610456153   17303.817375553986   17275.1514333915
0.016821813728271667   17350.429102907554   17319.287602080447
0.017314952703931925   17383.453740966073   17349.64869092921
0.017822548268711737   17402.357817728203   17365.69057615955
0.01834502422397195   17406.62923284037   17366.89059011786
0.018882816794999403   17395.780017477715   17352.750328711078
0.019436374995219892   17369.3613613205   17322.812102121385
0.02000616100108813   17326.96957591631   17276.66499709781
0.020592650537967844   17268.25371151025   17213.952220305528
0.021196333277324068   17192.915607742132   17134.3718037272
0.02181771324555934   17100.7142737956   17037.68145386993
0.022457309244835088   16991.500599058272   16923.73576229907
0.02311565528622961   16865.21412206159   16792.482577869363
0.023793301035594242   16721.85763264697   16643.93556969154
0.024490812272480036   16561.53340430768   16478.213556911218
0.025208771362518027   16384.506113499523   16295.608789618496
0.0259477777436476   16191.117738169101   16096.49401165991
0.02670844842659881   15981.783065784803   15881.317098498583
0.027491418510046592   15757.129996603731   15650.750293201723
0.028297341710866907   15517.929892014516   15405.615525695612
0.029126890909937666   15264.99248010269   15146.772196891587
0.029980758713939952   14999.280047800947   14875.237195562502
0.030859658033628758   14722.019148506997   14592.301938226343
0.031764322679055976   14434.459485905845   14299.278006135879
0.03269550797224261   14137.880475819984   13997.5024246952
0.033653991377811755   13833.88875805845   13688.64017681367
0.03464057315210884   13524.190130547746   13374.451047530612
0.03565607701135116   13210.407802935286   13056.60433473152
0.036701350819364466   12894.248608515507   12736.842536958839
0.03777726729548091   12577.571126210883   12417.048107903809
0.038884724743189276   12262.112835341868   12098.974725388367
0.04002464780014597   11949.51609083355   11784.269474589475
0.041197988210172884   11641.551258183394   11474.675650045809
0.04240572561788674   11339.908800360801   11171.845123435534
0.04364886838662332   11046.11240609018   10877.259601153546
0.04492845444033957   10761.800409889109   10592.446203472231
0.04624555213019635   10488.746834447986   10318.996366792708
0.04760126112654554   10228.543416538552   10058.329073244544
0.04899671333706607   9982.19738798376   9811.29618322046
0.05043307385181555   9749.560411058734   9577.61713258799
0.05191154191598653   9530.315530575333   9356.855322413323
0.053433351931179485   9323.904877745808   9148.352388640351
0.05499977448602865   9129.13103713894   8950.844877181114
0.05661211741704101   8944.767308179595   8763.051335931415
0.05827172690053434   8769.280154016044   8583.434821017867
0.05997998857658587   8600.687798623938   8410.078524790813
0.06173832870592997   8437.025149309182   8241.106310223295
0.0635482153607709   8275.85851394688   8074.308119693707
0.06541115965050462   8114.651029472047   7907.428449591183
0.06732871698337338   7950.6128468553125   7738.105128146619
0.06930248836510605   7780.635202915255   7563.828872183373
0.07133412173562886   7601.744087309653   7382.285390331559
0.07342531334496233   7411.001953391992   7191.345444813027
0.07557780916945323   7206.023375391854   6989.413107148375
0.07779340636952398   6985.417556011047   6775.908836240984
0.08007395479015682   6748.7649582779595   6551.014723458525
0.08242135850536496   6497.281584645547   6316.170470645627
0.08483757740794096   6233.287381917734   6073.6655645769915
0.08732462884580919   5960.498646178572   5826.927056123698
0.08988458930634863   5683.342061323724   5579.683596759278
0.09251959615009227   5406.762987851887   5335.803608948846
0.09523184939525078   5136.0984988309465   5099.182987399825
0.09802361355455057   4876.375715824614   4873.378087937607
0.10089721952591899   4632.577569654556   4661.634280764269
0.10385506653859616   4409.052661631099   4466.607790670189
0.10689962415629803   4209.0961526087485   4289.7365873431245
0.11003343433910281   4034.6442362215744   4131.540061508319
0.11325911356578279   3885.368797032677   3991.2425790693546
0.11657935501835284   3758.9293812285578   3866.6151988054944
0.11999693083066039   3650.8161248917695   3753.8619593726603
0.12351469440289359   3554.868967079926   3648.7446514090075
0.12713558278394044   3464.1395359373   3546.9514679835224
0.13086261912358757   3371.4311861078554   3444.3020990402656
0.13469891519660646   3270.3188267926957   3337.19398824695
0.13864767400083483   3155.966396230405   3223.7522016973335
0.14271219243142114   3025.9885905496853   3104.271797594611
0.14689586403346616   2881.1347090921754   2979.1616278159054
0.1512021818353596   2725.1132071415554   2851.0633711657597
0.15563474126517718   2564.0270338977057   2723.7917580961284
0.16019724315257297   2405.5313745510925   2600.8792150831705
0.1648934968186736   2257.763337387773   2486.0203358556564
0.1697274232565544   2127.728495930545   2381.576665608993
0.17470305840495237   2019.3234108062493   2288.0886963335843
0.17982455651794954   1932.144896939045   2205.19228169197
0.18509619363343993   1861.8998698268574   2129.570614754594
0.19052237114327647   1801.8993154138047   2058.3778419352575
0.19610761946807834   1744.3718205736143   1989.2022350268103
0.20185660183976684   1681.5964374051393   1919.1521843133185
0.20777411819498756   1608.0420123869842   1846.958411515518
0.21386510918267082   1522.937806674036   1774.3513922243148
0.22013466028907505   1430.615819812128   1701.8101280708122
0.22658800608375756   1338.1791472021587   1631.626461313552
0.23323053459001789   1252.933962345831   1565.606712703275
0.2400677917834628   1180.378461834153   1504.8110018006519
0.24710548622244882   1122.1431194026666   1448.9487693691124
0.25434949381426813   1075.2104892123832   1396.8022984116446
0.2618058627210567   1033.4410619838   1347.030589646672
0.2694808184095226   990.0644668342254   1298.087880348105
0.27738076884870827   940.6890717787236   1249.9833403886255
0.2855123098601282   885.6662927170568   1202.8329325029408
0.29388223062474755   829.3722731683613   1157.2212943747948
0.3024975193514008   777.1885581454707   1113.9619849104747
0.31136536911138296   732.9244603009906   1073.189879132348
0.3204931838440838   696.5648727498512   1034.804872065139
0.32988858453867975   664.448422609414   998.155739236095
0.3395594155970457   632.1354549151824   962.9704509638592
0.34951375138319807   597.1734958577656   928.6480580592794
0.3597599029647371   560.6284051015101   895.495586366225
0.37030642505191835   525.8634339375266   863.8867278499092
0.3811621231401457   495.3905136202089   833.9245193231009
0.3923360608618501   469.11868026011166   805.4534395431392
0.4038375675538918   444.7605461406751   778.2258946231318
0.41567624604680364   420.05125297134566   751.9367495629982
0.42786198068238046   394.83038234537537   726.5696077608327
0.4404049455663077   370.7208994153119   702.30831914191
0.4533156130627191   349.067868083321   679.164600209667
0.4666047625377753   329.5909640014463   657.1327945437936
0.4802834893595659   310.95484225886264   636.0175177927158
0.49436321416184764   292.4658017202343   615.5909779845446
0.5088556923793517   274.6744947002486   595.9560809649312
0.5237730240626238   258.3149816032209   577.2429599193998
0.5391276639805903   243.26361987408714   559.337653269673
0.5549324320192869   228.8825061540166   542.1094950613734
0.5712005238854289   214.98502166249966   525.4720232516355
0.5879455221237613   201.9060982281155   509.4940158083537
0.6051814074573895   189.77501997056717   494.1961279289077
0.622922570460556   178.32951549910948   479.4609120156496
0.6411838235736077   167.4076518833992   465.2124920265174
0.6599804134701901   157.12116402724084   451.5020104992085
0.6793280337869897   147.49770900730627   438.2934427835669
0.6992428382266549   138.43630309008333   425.5474195599111
0.7197414540448374   129.885291758723   413.22722099086144
0.7408409959326054   121.82168601129848   401.30863283953727
0.7625590803058332   114.2249669148172   389.7700855523403
0.7849138400134885   107.07459309060482   378.5913900667241
0.8079239394770964   100.35012816502748   367.75364954522473
0.8316085902740278   94.0304711385037   357.23827751875564
0.8559875671776167   88.0925590866051   347.0252798413619
0.8810812246675007   82.51410745631084   337.0956442284549
0.9069105139239728   77.27410503519373   327.43178833671556
0.9334970003205227   72.35274143899083   318.0174721506413
0.960862881429187   67.73133879740618   308.8377175900493
0.9890310055537336   63.39228738712193   299.8787345784006
1.0180248908061487   59.31899535615561   291.12786212502346
1.047868744742366   55.49603126339009   282.5736916003216
1.0785874845736239   51.90899649303054   274.20597407407774
1.1102067579703248   48.54424694614844   266.0153667284291
1.1427529644757777   45.388851333026075   257.9933758939759
1.1762532775476793   42.430560087265185   250.13231137368305
1.210735667245765   39.65777514057865   242.42524328720023
1.246228923584555   37.059520577170275   234.86596110308602
1.2827626805706884   34.625402925819586   227.44919034781293
1.3203674409449337   32.345545410512486   220.17150102400882
1.3590746016495152   30.21061187025568   213.03024985619916
1.3989164800420282   28.211797658992225   206.0231339036874
1.4399263408778291   26.3408018816138   199.1481671725877
1.4821384240834183   24.589800893777653   192.40365781465468
1.525587973344019   22.951423026465925   185.78818574022614
1.5703112655292182   21.418724541128622   179.30060092881772
1.6163456409812174   19.98516922900906   172.94107502865796
1.6637295346910133   18.64460691626659   166.7114214435698
1.7125025083885144   17.391248368223156   160.61338080033684
1.7627052835733923   16.21964538788791   154.64847450430958
1.814379775514258   15.124672226779186   148.8180063878962
1.8675691282445197   14.101507895238283   143.12306486689906
1.922317750584177   13.145619337236608   137.56452559031493
1.9786713532176083   12.252744766692025   132.14317959650575
2.0366769868582977   11.41887406539047   126.86060392019762
2.0963830815323896   10.640238550551956   121.7184777254889
2.1578394870138577   9.913300117687543   116.71803566052355
2.2210975144450407   9.234737919080262   111.86008675850135
2.286209979177315   8.601435735004477   107.14503781134695
2.3532312448676476   8.01047002619545   102.57291693937371
2.4222172688678643   7.459098643970485   98.14339808598163
2.4932256489445366   6.944752687479993   93.8560678910748
2.5663156713684585   6.465028823124167   89.7107191975286
2.641548360413907   6.017673395100101   85.70679840185532
2.7189865293089923   5.6005728002884325   81.8433485311093
2.798694832679631   5.211745338608612   78.11904467699786
2.8807398205309562   4.849333492657278   74.53222847025371
2.9651899938111903   4.511596617608452   71.08094144865136
3.05211586160442   4.196903160015538   67.76290464984746
3.1415899999999994   3.903712833948172   64.57483926885911
