0.01   8985.087272743418   8982.398860161711
0.010293154462191829   9113.331592189288   9110.392461980351
0.010594902878253955   9239.619736745537   9236.405369922577
0.010905497183778876   9363.708933573938   9360.191765389925
0.011225196699963396   9485.341575243576   9481.491761860263
0.011554268350120923   9604.248529179196   9600.034490422933
0.011892986882540897   9720.15582578816   9715.54427304015
0.012241635099881474   9832.78095923532   9827.736342258533
0.012600504095286909   9941.828684079037   9936.312009919373
0.012969893495426888   10046.999554754555   10040.968227625213
0.013350111710660605   10147.990109421598   10141.397915632562
0.013741476192534558   10244.482554158087   10237.27956204922
0.014144313698828986   10336.152629664846   10328.285184966919
0.01455896056637426   10422.676110935228   10414.086903276071
0.014985762991865008   10503.723325151137   10494.350980213772
0.01542507732090645   10578.957791739444   10568.736298947595
0.015877270345534218   10648.046108707607   10636.904923565511
0.016342719610456153   10710.65764979494   10698.521596868271
0.016821813728271667   10766.457381566297   10753.24557190314
0.017314952703931925   10815.115351178423   10800.741078607838
0.017822548268711737   10856.311336274557   10840.682377984387
0.01834502422397195   10889.732462742075   10872.750992055144
0.018882816794999403   10915.075424502947   10896.638032886818
0.019436374995219892   10932.052266560226   10912.050476558783
0.02000616100108813   10940.394252694286   10918.714927421868
0.020592650537967844   10939.857114145187   10916.38257590038
0.021196333277324068   10930.218780575426   10904.827467120558
0.02181771324555934   10911.282037982726   10883.849397654423
0.022457309244835088   10882.893109952529   10853.29315110512
0.02311565528622961   10844.935797097452   10813.042429120638
0.023793301035594242   10797.321839559596   10763.009882668659
0.024490812272480036   10740.015449736064   10703.162625335517
0.025208771362518027   10673.054176596412   10633.543889222645
0.0259477777436476   10596.509146695238   10554.231619252747
0.02670844842659881   10510.492294328937   10465.346120146027
0.027491418510046592   10415.221378983502   10367.118429539529
0.028297341710866907   10310.969988504614   10259.83756050825
0.029126890909937666   10198.036884924717   10143.818096648067
0.029980758713939952   10076.825844541308   10019.48139249477
0.030859658033628758   9947.859413869013   9887.369325464366
0.031764322679055976   9811.674099153312   9748.037370129347
0.03269550797224261   9668.842587969468   9602.077830213713
0.033653991377811755   9520.066411646738   9450.216067244244
0.03464057315210884   9366.068076066127   9293.198133746122
0.03565607701135116   9207.56517455351   9131.762977672191
0.036701350819364466   9045.463190166904   8966.829153690118
0.03777726729548091   8880.801171111993   8799.441564007095
0.038884724743189276   8714.568251674305   8630.5932774863
0.04002464780014597   8547.61203350308   8461.140036902374
0.041197988210172884   8380.511208391286   8291.682090302978
0.04240572561788674   8213.774290752992   8122.749304378109
0.04364886838662332   8047.941207024463   7954.894227446552
0.04492845444033957   7884.127100849821   7789.184815712579
0.04624555213019635   7723.697731334642   7626.909305072084
0.04760126112654554   7567.905557444729   7469.246089057685
0.04899671333706607   7417.477390126869   7316.868443948043
0.05043307385181555   7272.363296394042   7169.7048508701755
0.05191154191598653   7132.441064295512   7027.61576575878
0.053433351931179485   6997.482437068762   6890.361369397902
0.05499977448602865   6866.834433966468   6757.296882791106
0.05661211741704101   6739.777920238849   6627.7167301838135
0.05827172690053434   6615.571553897263   6500.901844176409
0.05997998857658587   6493.234673859788   6375.927875436553
0.06173832870592997   6371.780572858541   6251.871980662058
0.0635482153607709   6250.211564309355   6127.8244869992795
0.06541115965050462   6127.431515928056   6002.828420685474
0.06732871698337338   6002.394907699196   5875.9824712275695
0.06930248836510605   5873.903040632513   5746.29747520006
0.07133412173562886   5740.716243496307   5612.776225015193
0.07342531334496233   5601.682659832079   5474.5472379321345
0.07557780916945323   5455.707864325844   5330.875153769057
0.07779340636952398   5302.011206357948   5181.287826042497
0.08007395479015682   5140.475562930099   5025.881441982463
0.08242135850536496   4971.429075361685   4865.111938909996
0.08483757740794096   4796.234239349953   4700.330204284469
0.08732462884580919   4616.687483368341   4533.20781778608
0.08988458930634863   4435.31695588441   4365.915331379815
0.09251959615009227   4254.76224937759   4200.644580087078
0.09523184939525078   4077.7668233582017   4039.5722357372956
0.09802361355455057   3906.845380665308   3884.5907593115503
0.10089721952591899   3744.2592081950224   3737.2620969887003
0.10385506653859616   3591.939288068378   3598.847752010465
0.10689962415629803   3451.4655579867112   3470.322735982563
0.11003343433910281   3323.677049402155   3351.958506531217
0.11325911356578279   3208.779958219533   3243.488599974348
0.11657935501835284   3105.5597333584674   3143.7572815560156
0.11999693083066039   3011.915004381362   3051.0616631461307
0.12351469440289359   2924.4782864309186   2962.918112676067
0.12713558278394044   2839.586569675713   2876.7672644777094
0.13086261912358757   2753.539184276742   2790.212657199006
0.13469891519660646   2663.3561834517527   2701.5383605885136
0.13864767400083483   2567.0171398617517   2609.7942007638976
0.14271219243142114   2463.8561006227483   2514.98217207508
0.14689586403346616   2354.7066122274   2417.9268844610083
0.1512021818353596   2241.7339665162112   2320.171512610934
0.15563474126517718   2128.1480556975275   2223.801625965039
0.16019724315257297   2017.535597667626   2130.7854016779447
0.1648934968186736   1913.3443190792868   2042.926103560862
0.1697274232565544   1818.4928425879532   1961.4821363394515
0.17470305840495237   1734.8537640753357   1886.8651246736115
0.17982455651794954   1662.4447255692094   1818.8664840245306
0.18509619363343993   1598.9687421844371   1755.9212558518143
0.19052237114327647   1540.5554044777189   1695.9897295036178
0.19610761946807834   1483.2409998733388   1637.2621341936658
0.20185660183976684   1423.9964457722167   1578.6053269634572
0.20777411819498756   1360.9622263648043   1519.5500216159244
0.21386510918267082   1293.8398843538694   1460.2827984242717
0.22013466028907505   1224.5502323542469   1401.7096805959814
0.22658800608375756   1156.6867388310627   1345.24048284284
0.23323053459001789   1093.6231250015655   1291.9257546350495
0.2400677917834628   1037.2315840062597   1242.1812148847694
0.24710548622244882   987.7813005475178   1195.5330649022344
0.25434949381426813   943.8588385935498   1151.6839289943046
0.2618058627210567   902.68831762329   1109.5870959009349
0.2694808184095226   861.5218383710212   1068.579981289357
0.27738076884870827   818.8580024575958   1028.2590831585442
0.2855123098601282   774.8946572942311   989.0304232319311
0.29388223062474755   731.5356390236399   951.2046292018886
0.3024975193514008   691.0518579119012   915.2030758995666
0.31136536911138296   654.5049768822186   881.0266254593557
0.3204931838440838   621.6483944695708   848.661486284818
0.32988858453867975   591.1006876965636   817.6244662561202
0.3395594155970457   561.1448394868867   787.8118786966018
0.34951375138319807   531.0902702561222   758.8938033310307
0.3597599029647371   501.4298798924614   731.138536533138
0.37030642505191835   473.2545778185243   704.5649755693461
0.3811621231401457   447.36068629327536   679.2300548138736
0.3923360608618501   423.5153873883173   655.0716392970145
0.4038375675538918   400.90970807830297   631.9290680678823
0.41567624604680364   378.9204094040575   609.6881133836115
0.42786198068238046   357.5296389157306   588.3022142680238
0.4404049455663077   337.20820265024827   567.8546885648435
0.4533156130627191   318.268906906334   548.3039431822791
0.4666047625377753   300.5318395668933   529.6004038531863
0.4802834893595659   283.63179847148325   511.6805143152069
0.49436321416184764   267.40316836940707   494.4808223806604
0.5088556923793517   251.9747422625258   477.99312765372804
0.5237730240626238   237.4710222844348   462.2113691373616
0.5391276639805903   223.81310569000047   447.08888328074175
0.5549324320192869   210.84184333202734   432.5870180625619
0.5712005238854289   198.51104418689056   418.6566861582479
0.5879455221237613   186.86111386736596   405.29666716989783
0.6051814074573895   175.88138731729728   392.48167354790087
0.622922570460556   165.49804955657476   380.1702855065762
0.6411838235736077   155.66783488405213   368.3314827095135
0.6599804134701901   146.38622831795763   356.95661663336756
0.6793280337869897   137.63298765418466   346.0207395813007
0.6992428382266549   129.3677893767883   335.49256764775987
0.7197414540448374   121.56550310840068   325.3494172420279
0.7408409959326054   114.20618526203732   315.5718595882934
0.7625590803058332   107.26774237771501   306.1444386780079
0.7849138400134885   100.72776743710908   297.04649144617537
0.8079239394770964   94.56492954717642   288.25870854866787
0.8316085902740278   88.75893852778343   279.7630880561878
0.8559875671776167   83.29050052237635   271.54284680236873
0.8810812246675007   78.14127510914456   263.5823389846689
0.9069105139239728   73.29387349229297   255.86673875029217
0.9334970003205227   68.73190951355693   248.38135179850096
0.960862881429187   64.43981814355472   241.11234041331983
0.9890310055537336   60.402785902512356   234.04688407147438
1.0180248908061487   56.60672199577104   227.17311566513848
1.047868744742366   53.038229985975406   220.48006286357702
1.0785874845736239   49.68458004138607   213.95759409357578
1.1102067579703248   46.5336804059956   207.59636485381338
1.1427529644757777   43.57402621525157   201.38770067995506
1.1762532775476793   40.79468371433049   195.32357054877983
1.210735667245765   38.18529215255899   189.39662010242174
1.246228923584555   35.73603850211715   183.60013627526146
1.2827626805706884   33.437632038333014   177.92801149950614
1.3203674409449337   31.281279840732815   172.3747100405231
1.3590746016495152   29.258663200850023   166.93523620934351
1.3989164800420282   27.361914373564787   161.60533943980315
1.4399263408778291   25.583593597836984   156.38203906040508
1.4821384240834183   23.916670041325116   151.26284991862283
1.525587973344019   22.35450206259017   146.2455607370939
1.5703112655292182   20.890817798442846   141.32821603160528
1.6163456409812174   19.519696561615238   136.5090984965524
1.6637295346910133   18.235551026684337   131.78671181266972
1.7125025083885144   17.03311003671756   127.15981765486919
1.7627052835733923   15.907399920651706   122.62833843750705
1.814379775514258   14.853730007917678   118.19306250471216
1.8675691282445197   13.867680258078146   113.85469731333146
1.922317750584177   12.945086945627036   109.61383589943244
1.9786713532176083   12.082028929134353   105.4709566522346
2.0366769868582977   11.27481457159486   101.42642338436501
2.0963830815323896   10.519969287192708   97.48048572627441
2.1578394870138577   9.814222728871705   93.63351910029245
2.2210975144450407   9.154495663870533   89.88653495663054
2.286209979177315   8.537892502348656   86.24043133865723
2.3532312448676476   7.961691719482284   82.69581760557314
2.4222172688678643   7.423336004553856   79.25302938273154
2.4932256489445366   6.92042292236765   75.91214368927669
2.5663156713684585   6.450696063617914   72.67299415613653
2.641548360413907   6.012036885732808   69.53520787934016
2.7189865293089923   5.602460165229458   66.49855928411307
2.798694832679631   5.22010474063362   63.562854466260795
2.8807398205309562   4.8632229373956255   60.72761040472712
2.9651899938111903   4.530174016076161   57.992069012543
3.05211586160442   4.2194180644782335   55.35522155431953
3.1415899999999994   3.929510203658624   52.81583237690278
