0.01   100.03033646617446   100.03033153824961
0.010293154462191829   101.31883026868573   101.31882691728536
0.010594902878253955   102.5784712043059   102.57846898573321
0.010905497183778876   103.80648692310639   103.8064843438214
0.011225196699963396   104.99994400684736   104.99993955496399
0.011554268350120923   106.15573791018737   106.1557312412737
0.011892986882540897   107.27072452335841   107.27071657480144
0.012241635099881474   108.34167959780245   108.34167219937888
0.012600504095286909   109.3651520928655   109.36514634705807
0.012969893495426888   110.33762941899305   110.33762528338673
0.013350111710660605   111.25559687087637   111.25559318826707
0.013741476192534558   112.11554027634503   112.11553591049092
0.014144313698828986   112.91396212081224   112.91395691012634
0.01455896056637426   113.64740516920703   113.64739998283092
0.014985762991865008   114.31233280811935   114.31232907761922
0.01542507732090645   114.90491696903908   114.90491538479131
0.015877270345534218   115.42135114957193   115.42135142585944
0.016342719610456153   115.85792936370646   115.8579303011463
0.016821813728271667   116.21106736494458   116.21106768122573
0.017314952703931925   116.47732482003818   116.47732365595343
0.017822548268711737   116.65342681787004   116.65342374978212
0.01834502422397195   116.7361607337036   116.73615546014645
0.018882816794999403   116.72228196277021   116.72227369376607
0.019436374995219892   116.60875456287734   116.60874195410399
0.02000616100108813   116.3928203795913   116.39280160926072
0.020592650537967844   116.07212130855996   116.07209457727356
0.021196333277324068   115.64465814077887   115.6446218930747
0.02181771324555934   115.10876501476552   115.10871793964537
0.022457309244835088   114.46320102467655   114.46314172191356
0.02311565528622961   113.70719728785652   113.70712380370385
0.023793301035594242   112.84037697602679   112.8402867952448
0.024490812272480036   111.8628714242709   111.86276176176808
0.025208771362518027   110.77576380551662   110.77563291395322
0.0259477777436476   109.58069802799322   109.58054557186854
0.02670844842659881   108.27973086706346   108.27955785063592
0.027491418510046592   106.87599502220448   106.87580317323246
0.028297341710866907   105.37367898432761   105.37347013663972
0.029126890909937666   103.77728270263833   103.77705875430252
0.029980758713939952   102.09198840708193   102.09175163365875
0.030859658033628758   100.32468220646857   100.32443637083591
0.031764322679055976   98.48264048842277   98.48239096726009
0.03269550797224261   96.57325366448076   96.57300730644704
0.033653991377811755   94.60561464741785   94.60537978236223
0.03464057315210884   92.58991631092265   92.5897026992691
0.03565607701135116   90.53598729208136   90.53580593088957
0.036701350819364466   88.45403224984518   88.45389392691054
0.03777726729548091   86.35574942481931   86.35566152504629
0.038884724743189276   84.25236846112935   84.2523347410968
0.04002464780014597   82.15455492043834   82.15457697785872
0.041197988210172884   80.07472914147381   80.0748178846875
0.04240572561788674   78.02565610315743   78.02583713149149
0.04364886838662332   76.01885923411784   76.01917110587216
0.04492845444033957   74.06346759691691   74.06393333559934
0.04624555213019635   72.16543212298534   72.16601161090682
0.04760126112654554   70.32976276318826   70.33035393424232
0.04899671333706607   68.56159866133375   68.56205871643327
0.05043307385181555   66.87052094886103   66.87077006252461
0.05191154191598653   65.26712869864168   65.26718476591414
0.053433351931179485   63.76031544565095   63.760281842338934
0.05499977448602865   62.34632771944196   62.34632376167805
0.05661211741704101   61.01087561984742   61.01097854729794
0.05827172690053434   59.74042193998661   59.74066751631151
0.05997998857658587   58.52298970582951   58.523356488275155
0.06173832870592997   57.34798821977443   57.34838395801504
0.0635482153607709   56.20513878732445   56.20540997070169
0.06541115965050462   55.08068697792869   55.08066484176707
0.06732871698337338   53.95974625551954   53.95926986048165
0.06930248836510605   52.82676877574671   52.82571216188135
0.07133412173562886   51.663283652928435   51.6616160364521
0.07342531334496233   50.451711192846055   50.4494978719815
0.07557780916945323   49.174079471691066   49.17146478187955
0.07779340636952398   47.814009194740116   47.81120090254119
0.08007395479015682   46.3610793240982   46.358283393020336
0.08242135850536496   44.81047857891505   44.80784845268489
0.08483757740794096   43.167054287566664   43.16468236257099
0.08732462884580919   41.44502304351045   41.44293765974888
0.08988458930634863   39.66616391150287   39.66438580857581
0.09251959615009227   37.85834675525863   37.85694039697682
0.09523184939525078   36.05240961739309   36.05150127267617
0.09802361355455057   34.27965694437839   34.27942773160293
0.10089721952591899   32.571019491959504   32.571622091893204
0.10385506653859616   30.955264798306256   30.95675258513988
0.10689962415629803   29.45985393853047   29.462082875721073
0.11003343433910281   28.106082141806176   28.10875352444027
0.11325911356578279   26.908180953103745   26.91092341405084
0.11657935501835284   25.869434458153727   25.871878373752182
0.11999693083066039   24.97783322314537   24.979708271514337
0.12351469440289359   24.208584911667586   24.20970715722445
0.12713558278394044   23.525004389017276   23.52525382563532
0.13086261912358757   22.884221625546466   22.883503807881144
0.13469891519660646   22.2426814889474   22.24094163880929
0.13864767400083483   21.560649462899434   21.557947674396463
0.14271219243142114   20.808072527319407   20.804602777359065
0.14689586403346616   19.96814076723974   19.96423149870522
0.1512021818353596   19.04233311975321   19.03843258004906
0.15563474126517718   18.049759081396886   18.046362826735887
0.16019724315257297   17.023046024372825   17.020645956099678
0.1648934968186736   16.003557971375383   16.002546801262834
0.1697274232565544   15.036852436916764   15.037224400958406
0.17470305840495237   14.16589721492494   14.167226219600078
0.17982455651794954   13.420084427238946   13.421743608450594
0.18509619363343993   12.804788523389433   12.80623184425478
0.19052237114327647   12.298778558295929   12.299612468332766
0.19610761946807834   11.863808750927872   11.863609489975095
0.20185660183976684   11.457084428440917   11.455486790060814
0.20777411819498756   11.036719271443992   11.033818187464437
0.21386510918267082   10.567612803824272   10.564094549903636
0.22013466028907505   10.035951698233621   10.032546786862387
0.22658800608375756   9.459019212434342   9.456215089917904
0.23323053459001789   8.874661178061915   8.872831025866187
0.2400677917834628   8.322588632190978   8.321867542513203
0.24710548622244882   7.834195479585394   7.834193098688008
0.25434949381426813   7.42501832894207   7.425067086814235
0.2618058627210567   7.085441179561704   7.084857270718507
0.2694808184095226   6.786662110315619   6.785059315506397
0.27738076884870827   6.49383941279415   6.491259707154552
0.2855123098601282   6.1792417745749315   6.176228222161012
0.29388223062474755   5.836650732224627   5.833801848260608
0.3024975193514008   5.484258705414044   5.482011598556423
0.31136536911138296   5.1481625705345575   5.146632971648586
0.3204931838440838   4.848982930381907   4.847809860968701
0.32988858453867975   4.593181791596953   4.5917793126869
0.3395594155970457   4.367498444462261   4.365516081321901
0.34951375138319807   4.150477337154558   4.147920878952563
0.3597599029647371   3.9275285609608126   3.924739266618483
0.37030642505191835   3.6980584508833534   3.695512903369982
0.3811621231401457   3.474963836230092   3.472795757788918
0.3923360608618501   3.2715763416267234   3.269586596512391
0.4038375675538918   3.0905131492399014   3.0883721926465486
0.41567624604680364   2.9244484779840167   2.921965633300588
0.42786198068238046   2.7629107900048266   2.760206193153466
0.4404049455663077   2.602003589591652   2.599336133907015
0.4533156130627191   2.446455113776833   2.443956338130299
0.4666047625377753   2.3023527544989126   2.299920143470247
0.4802834893595659   2.170492316387693   2.1679388200055283
0.49436321416184764   2.046490254804405   2.043788042160378
0.5088556923793517   1.9266196252422374   1.923872144198678
0.5237730240626238   1.8112506704596862   1.8085623499767043
0.5391276639805903   1.7031111891176576   1.7004492307975023
0.5549324320192869   1.6025543292437314   1.599834336209742
0.5712005238854289   1.5076768135446603   1.5048935882307217
0.5879455221237613   1.4170838832496577   1.4143019637234453
0.6051814074573895   1.3313003710237532   1.328540014337588
0.622922570460556   1.2509252302149698   1.2481566446364185
0.6411838235736077   1.1753398499180876   1.1725500146522863
0.6599804134701901   1.1037677621298925   1.1009802990802422
0.6793280337869897   1.0361762040670681   1.0334069191112083
0.6992428382266549   0.9726600855397453   0.9698991294130184
0.7197414540448374   0.9128686687911205   0.910116303938093
0.7408409959326054   0.8565403966968386   0.8538019168852949
0.7625590803058332   0.8034874672486081   0.8007689022704493
0.7849138400134885   0.7535384724895504   0.7508453204143242
0.8079239394770964   0.7065293295705739   0.7038665729596774
0.8316085902740278   0.6623030811742927   0.6596752091137156
0.8559875671776167   0.6207097200350034   0.6181207508177368
0.8810812246675007   0.5816060052706545   0.5790595095082727
0.9069105139239728   0.5448552702252432   0.542354394562198
0.9334970003205227   0.510326401386565   0.5078740605163917
0.960862881429187   0.47789265800755093   0.4754919273890013
0.9890310055537336   0.44743366739425494   0.4450877286733729
1.0180248908061487   0.41883549516922697   0.41654752488631785
1.047868744742366   0.3919903338119176   0.3897634128872788
1.0785874845736239   0.36679620404743957   0.3646332454526792
1.1102067579703248   0.34315666870225475   0.3410603609773275
1.1427529644757777   0.3209805678432247   0.31895333381602314
1.1762532775476793   0.3001819627067815   0.29822596282779745
1.210735667245765   0.28067982526994384   0.2787969614300127
1.246228923584555   0.26239754631087747   0.26058943423862
1.2827626805706884   0.24526271072401523   0.2435306605752465
1.3203674409449337   0.2292068934979847   0.2275518990745755
1.3590746016495152   0.2141654636818239   0.2125881988936263
1.3989164800420282   0.20007739617530965   0.19857821751578414
1.4399263408778291   0.1868850782365098   0.18546402062025727
1.4821384240834183   0.17453406745723052   0.17319078240804978
1.525587973344019   0.16297299900191753   0.16170676132756084
1.5703112655292182   0.15215346605135874   0.15096321789635567
1.6163456409812174   0.14202986306570206   0.1409142552966426
1.6637295346910133   0.13255923620754173   0.13151666702214276
1.7125025083885144   0.12370114082069252   0.1227297916364043
1.7627052835733923   0.11541750569001191   0.1145153744235777
1.814379775514258   0.1076724994562369   0.10683744873046272
1.8675691282445197   0.10043240268742233   0.09966222553915532
1.922317750584177   0.09366550266628204   0.09295793931185854
1.9786713532176083   0.08734198364179543   0.08669473055498486
2.0366769868582977   0.08143382064317961   0.08084453996707308
2.0963830815323896   0.07591467869102361   0.07538100776911659
2.1578394870138577   0.07075981717166109   0.07027937801989939
2.2210975144450407   0.06594599853994254   0.06551640367696848
2.286209979177315   0.061451388992717515   0.061070171438123114
2.3532312448676476   0.057255481203319226   0.05692004766544999
2.4222172688678643   0.05333903340439043   0.053046708783891366
2.4932256489445366   0.04968399587877549   0.04943206476641581
2.5663156713684585   0.046273440722851965   0.04605918226118362
2.641548360413907   0.04309149547943263   0.042912212383952084
2.7189865293089923   0.040123280446664675   0.03997632290083353
2.798694832679631   0.037354853430602304   0.03723764744247727
2.8807398205309562   0.03477317452950451   0.034683293237157437
2.9651899938111903   0.03236603094989484   0.03230121188696497
3.05211586160442   0.030121975601976513   0.030080108646999056
3.1415899999999994   0.028030281786854617   0.02800939818849868
