0.01   52.88786219636652   52.88785999906158
0.010293154462191829   53.6764227939273   53.676420473881414
0.010594902878253955   54.454349090192984   54.45434697612383
0.010905497183778876   55.22014811408548   55.22014638803057
0.011225196699963396   55.972281001469185   55.972279700880684
0.011554268350120923   56.709089474296235   56.70908857506398
0.011892986882540897   57.428839786899694   57.42883924423297
0.012241635099881474   58.12976536744052   58.12976511584079
0.012600504095286909   58.81000296281316   58.810002953382664
0.012969893495426888   59.46755344211702   59.46755370408591
0.013350111710660605   60.10038374685584   60.100384396459106
0.013741476192534558   60.70643309440214   60.706434304371236
0.014144313698828986   61.28357248209808   61.28357428594893
0.01455896056637426   61.82964675738445   61.82964897250385
0.014985762991865008   62.34250112142104   62.34250334811998
0.01542507732090645   62.81993240177727   62.819934230932745
0.015877270345534218   63.25968441646401   63.25968568923888
0.016342719610456153   63.65952417715778   63.65952500849685
0.016821813728271667   64.0172255256311   64.0172262291331
0.017314952703931925   64.33047658304723   64.33047732504744
0.017822548268711737   64.59698914742728   64.59698985019645
0.01834502422397195   64.81454790849806   64.81454825238235
0.018882816794999403   64.98102579693212   64.98102534230985
0.019436374995219892   65.09439839939456   65.09439670192958
0.02000616100108813   65.15275756215249   65.15275417931812
0.020592650537967844   65.15431316557807   65.15430763312749
0.021196333277324068   65.09738038328594   65.09737213674131
0.02181771324555934   64.98042691019639   64.98041527254031
0.022457309244835088   64.80210760778252   64.80209180106955
0.02311565528622961   64.5614257290765   64.56140497049972
0.023793301035594242   64.2576959376159   64.25766950813467
0.024490812272480036   63.89044377624179   63.89041102595015
0.025208771362518027   63.45953891542365   63.459499267270964
0.0259477777436476   62.96536653450493   62.96531948760385
0.02670844842659881   62.4085695946541   62.408514726623736
0.027491418510046592   61.79006881370788   61.79000582303208
0.028297341710866907   61.111558575963755   61.11148764991114
0.029126890909937666   60.37521444324776   60.37513643356086
0.029980758713939952   59.58337964906005   59.58329603794912
0.030859658033628758   58.73902663415018   58.73893939619405
0.031764322679055976   57.84607032581494   57.84598171860734
0.03269550797224261   56.9085421457486   56.90845466055231
0.033653991377811755   55.930654094099175   55.930570439897224
0.03464057315210884   54.91773270944186   54.91765588558051
0.03565607701135116   53.87541832603   53.875351622871015
0.036701350819364466   52.80917156886402   52.809118521667905
0.03777726729548091   51.72514475537604   51.725109025294245
0.038884724743189276   50.63037540464172   50.63036064596619
0.04002464780014597   49.53153603099518   49.53154586539612
0.041197988210172884   48.43486429295656   48.43490221386126
0.04240572561788674   47.346274806789395   47.34634379137919
0.04364886838662332   46.27124482584438   46.27134725964788
0.04492845444033957   45.21485167980012   45.21498936308932
0.04624555213019635   44.183466420181496   44.18363955712095
0.04760126112654554   43.18462938721972   43.184835671947155
0.04899671333706607   42.22523501507903   42.225469834641814
0.05043307385181555   41.309816812136475   41.310073345511384
0.05191154191598653   40.43864318611457   40.43891231300182
0.053433351931179485   39.611383750230964   39.61165420070239
0.05499977448602865   38.82664527578874   38.82690392196614
0.05661211741704101   38.080671825331194   38.080904108942136
0.05827172690053434   37.36957182898204   37.36976189680571
0.05997998857658587   36.688069771903876   36.6882006167831
0.06173832870592997   36.029190892818015   36.02924452021335
0.0635482153607709   35.38596152322247   35.38591942155439
0.06541115965050462   34.749743708463704   34.74958919316147
0.06732871698337338   34.11161235661185   34.11133151589344
0.06930248836510605   33.46160427812279   33.46118764544391
0.07133412173562886   32.788696121729416   32.788140453744624
0.07342531334496233   32.082174910866115   32.0814844444231
0.07557780916945323   31.331248954915846   31.33043783248199
0.07779340636952398   30.526948315410458   30.52604066238768
0.08007395479015682   29.663329575810774   29.66235974057665
0.08242135850536496   28.737948850409207   28.73696134138549
0.08483757740794096   27.754104979919727   27.753155491749393
0.08732462884580919   26.7194760696193   26.718625275375977
0.08988458930634863   25.64714048801194   25.646444904941088
0.09251959615009227   24.55337668998618   24.552888547663386
0.09523184939525078   23.456743315677578   23.456509501034127
0.09802361355455057   22.377521538801297   22.377571047936396
0.10089721952591899   21.334948700892582   21.335289340513658
0.10385506653859616   20.348206828595238   20.348822945165356
0.10689962415629803   19.434181827616342   19.435033976335514
0.11003343433910281   18.606392347780375   18.607408684551157
0.11325911356578279   17.873413656065505   17.874494589732656
0.11657935501835284   17.23600484426517   17.237034422318686
0.11999693083066039   16.68687760964687   16.687731615791744
0.12351469440289359   16.210397937380066   16.210953708535836
0.12713558278394044   15.783621532902643   15.783782310031865
0.13086261912358757   15.380104638110776   15.37981474643397
0.13469891519660646   14.971966084722851   14.971222291691209
0.13864767400083483   14.533960129149145   14.532819315830187
0.14271219243142114   14.046631022106398   14.045208262190185
0.14689586403346616   13.499508153452393   13.497968600396156
0.1512021818353596   12.89404341554007   12.892594727695467
0.15563474126517718   12.24345771091692   12.242293127338714
0.16019724315257297   11.570621685470057   11.569892214157584
0.1648934968186736   10.90467635851109   10.90447621379093
0.1697274232565544   10.276927060482496   10.277242713306304
0.17470305840495237   9.71544695238497   9.716146526675459
0.17982455651794954   9.237929416560661   9.238802334664928
0.18509619363343993   8.845808181540907   8.846578845834328
0.19052237114327647   8.52388805337322   8.52430239249298
0.19610761946807834   8.245773895473135   8.245661584458707
0.20185660183976684   7.980637738622673   7.979944448861621
0.20777411819498756   7.698297241961392   7.69710722615485
0.21386510918267082   7.37588095800344   7.374450335724559
0.22013466028907505   7.007373959078825   7.006025887030749
0.22658800608375756   6.607727130093143   6.60673553667191
0.23323053459001789   6.205260164505781   6.204782287223036
0.2400677917834628   5.829758080104158   5.82975728183516
0.24710548622244882   5.504016214237077   5.504289134153358
0.25434949381426813   5.236632027505219   5.23684970458086
0.2618058627210567   5.017471204024499   5.017331546665999
0.2694808184095226   4.822340171039159   4.821698704253824
0.27738076884870827   4.623729002860619   4.622649495860501
0.2855123098601282   4.402362127574113   4.40112528035492
0.29388223062474755   4.15737188062414   4.156289785765294
0.3024975193514008   3.905851323748509   3.905149662906177
0.31136536911138296   3.669859505178232   3.6695068359705485
0.3204931838440838   3.4657931332485767   3.465557788680933
0.32988858453867975   3.295539038252788   3.295127158583227
0.3395594155970457   3.1451224979754295   3.1443654888058816
0.34951375138319807   2.995731772664436   2.9946860623139684
0.3597599029647371   2.83626465652846   2.835159983724342
0.37030642505191835   2.6696812312569427   2.668771994616925
0.3811621231401457   2.5095812186144495   2.5089050598310405
0.3923360608618501   2.3674149209246074   2.366801447442391
0.4038375675538918   2.2437002507258796   2.242946073496808
0.41567624604680364   2.129419692645858   2.1284524200939683
0.42786198068238046   2.014599433184308   2.0135328621749147
0.4404049455663077   1.8976070031105519   1.89661200594025
0.4533156130627191   1.7849742202118526   1.7841007474749737
0.4666047625377753   1.6828720447170908   1.6820129141638318
0.4802834893595659   1.5907159511272613   1.589749154973343
0.49436321416184764   1.5028944722486473   1.5018290813969688
0.5088556923793517   1.4160235715825369   1.4149581831642493
0.5237730240626238   1.3320464454784866   1.3310356348514718
0.5391276639805903   1.2543674804725449   1.253360755725451
0.5549324320192869   1.1827504898110288   1.1816817215587585
0.5712005238854289   1.1144601017687659   1.1133461622011984
0.5879455221237613   1.0484148835646776   1.047311639589245
0.6051814074573895   0.9860026379464285   0.9849108340891409
0.622922570460556   0.9279564620453321   0.9268410276383436
0.6411838235736077   0.8731914769613095   0.8720475635659558
0.6599804134701901   0.8208907734770434   0.8197452087399729
0.6793280337869897   0.7714887131773828   0.7703459974631067
0.6992428382266549   0.7252014313077254   0.7240448519875389
0.7197414540448374   0.6815685842735709   0.6803973920993341
0.7408409959326054   0.6403181695808272   0.6391392013015461
0.7625590803058332   0.6013559757915575   0.6001743413894698
0.7849138400134885   0.564591057189086   0.5634102289434064
0.8079239394770964   0.5299317389606985   0.5287538526970689
0.8316085902740278   0.4972862537560151   0.4961123711662619
0.8559875671776167   0.46656051732333964   0.465391016591804
0.8810812246675007   0.43764958724083924   0.43648505612602423
0.9069105139239728   0.41045010047940933   0.4092914992356564
0.9334970003205227   0.3848644582088641   0.38371303102211124
0.960862881429187   0.3608005047797417   0.35965770333696706
0.9890310055537336   0.3381712243425149   0.33703864227572383
1.0180248908061487   0.31689445476756994   0.3157737717893556
1.047868744742366   0.2968926683695152   0.2957856043165735
1.0785874845736239   0.2780937750879323   0.27700207832475715
1.1102067579703248   0.26043054542096017   0.2593559784074747
1.1427529644757777   0.24383913453475148   0.24278343342571737
1.1762532775476793   0.2282588933669369   0.2272237339454629
1.210735667245765   0.21363224023872748   0.21261921073018503
1.246228923584555   0.1999045350749315   0.19891511498001282
1.2827626805706884   0.18702395639992106   0.1860595005665579
1.3203674409449337   0.1749412930865381   0.174003026349531
1.3590746016495152   0.16360965194220883   0.1626986797816038
1.3989164800420282   0.15298464307347537   0.15210194525404794
1.4399263408778291   0.1430243277450619   0.14217075068903842
1.4821384240834183   0.13368909569340842   0.13286534817136522
1.525587973344019   0.12494154766956195   0.12414819929064899
1.5703112655292182   0.11674638305401955   0.1159838650944171
1.6163456409812174   0.10907029392495146   0.10833890850711624
1.6637295346910133   0.10188188185531435   0.10118189407051192
1.7125025083885144   0.0951515481373358   0.0944832307051045
1.7627052835733923   0.08885138196693694   0.08821498518891943
1.814379775514258   0.0829550720971566   0.08235079890129401
1.8675691282445197   0.07743782292558692   0.07686581001518202
1.922317750584177   0.07227627440076527   0.07173657861270767
1.9786713532176083   0.06744842558493633   0.06694101448175065
2.0366769868582977   0.06293354927710396   0.0624582258407482
2.0963830815323896   0.05871210874149377   0.05826836218110237
2.1578394870138577   0.05476572451454689   0.05435276640258909
2.2210975144450407   0.05107711520961779   0.05069393834734651
2.286209979177315   0.047630035894136134   0.04727546503527948
2.3532312448676476   0.044409219633221066   0.04408195498521479
2.4222172688678643   0.041400322058053954   0.04109897638970698
2.4932256489445366   0.0385898721401339   0.03831300958559082
2.5663156713684585   0.035965249280854115   0.03571147866983444
2.641548360413907   0.0335146134794806   0.03328262716215306
2.7189865293089923   0.031226841080570503   0.031015406549967112
2.798694832679631   0.0290914843680273   0.02889943664047737
2.8807398205309562   0.027098733408506662   0.026924968538776153
2.9651899938111903   0.025239379813493522   0.025082849385782664
3.05211586160442   0.023504781902804524   0.023364488368674073
3.1415899999999994   0.021886788094792185   0.021761781918826176
