0.01   8619.119876488434   8618.593613810472
0.010293154462191829   8702.602100675493   8702.049260799575
0.010594902878253955   8782.500914887973   8781.92013913276
0.010905497183778876   8858.564485072988   8857.953519391065
0.011225196699963396   8930.540801722009   8929.896456222416
0.011554268350120923   8998.17450765395   8997.49289353832
0.011892986882540897   9061.2013699719   9060.478529855785
0.012241635099881474   9119.35803580633   9118.590054941993
0.012600504095286909   9172.383209750931   9171.56619162283
0.012969893495426888   9220.005469317315   9219.135143615265
0.013350111710660605   9261.950665164653   9261.022167686922
0.013741476192534558   9297.951351717844   9296.959233191314
0.014144313698828986   9327.741670138603   9326.679937540106
0.01455896056637426   9351.053128992957   9349.915313801688
0.014985762991865008   9367.62705676544   9366.406248349489
0.01542507732090645   9377.215546775271   9375.90431513149
0.015877270345534218   9379.571361929186   9378.161037351947
0.016342719610456153   9374.457669833188   9372.938073522611
0.016821813728271667   9361.655499521656   9360.015012605169
0.017314952703931925   9340.961186419085   9339.18715091052
0.017822548268711737   9312.186542367055   9310.26579447622
0.01834502422397195   9275.166453724878   9273.085453342439
0.018882816794999403   9229.761805180893   9227.50658272737
0.019436374995219892   9175.863866948683   9173.419363874633
0.02000616100108813   9113.393422327605   9110.743402210268
0.020592650537967844   9042.301767340246   9039.429034557083
0.021196333277324068   8962.586818232821   8959.474575769307
0.02181771324555934   8874.294092635513   8870.927301342748
0.022457309244835088   8777.501622121295   8773.867156543618
0.02311565528622961   8672.334243343197   8668.421182038355
0.023793301035594242   8558.99986972295   8554.800271540476
0.024490812272480036   8437.746422188151   8433.255478853727
0.025208771362518027   8308.853879997449   8304.070022513755
0.0259477777436476   8172.700727693886   8167.627760928995
0.02670844842659881   8029.741162937572   8024.389702479161
0.027491418510046592   7880.444465674518   7874.831537785026
0.028297341710866907   7725.341929701318   7719.490931705751
0.029126890909937666   7565.099494751728   7559.040773557608
0.029980758713939952   7400.393661000478   7394.163951165012
0.030859658033628758   7231.901447729431   7225.543148000928
0.031764322679055976   7060.439280298294   7054.000308962513
0.03269550797224261   6886.877219263313   6880.410502432406
0.033653991377811755   6712.036731997424   6705.599279977305
0.03464057315210884   6536.771502692934   6530.422424869731
0.03565607701135116   6362.031793028059   6355.829509084259
0.036701350819364466   6188.704123104596   6182.705728733519
0.03777726729548091   6017.616508316015   6011.876355976417
0.038884724743189276   5849.684285928585   5844.245949122237
0.04002464780014597   5685.7964248714525   5680.6902002366105
0.041197988210172884   5526.7377797434   5521.981918333585
0.04240572561788674   5373.113359832794   5368.711376744547
0.04364886838662332   5225.330978648325   5221.2676866788
0.04492845444033957   5083.730968670492   5079.974169594888
0.04624555213019635   4948.631970603029   4945.129932088125
0.04760126112654554   4820.454429845655   4817.115380514969
0.04899671333706607   4699.6098218002235   4696.298901759968
0.05043307385181555   4586.389465717855   4582.934593222783
0.05191154191598653   4480.103913622387   4476.323503057354
0.053433351931179485   4379.4339839275235   4375.1554705493945
0.05499977448602865   4283.162292546671   4278.222160215467
0.05661211741704101   4190.285331049372   4184.531817227892
0.05827172690053434   4099.965524531246   4093.260578098683
0.05997998857658587   4011.373588264234   4003.597360460652
0.06173832870592997   3923.3557594292038   3914.4366279215647
0.0635482153607709   3834.69967149419   3824.6244644786484
0.06541115965050462   3744.1254399649442   3732.9643275985745
0.06732871698337338   3650.161100669999   3638.112255932922
0.06930248836510605   3551.4729688720618   3538.86587554274
0.07133412173562886   3446.8914074825957   3434.2258478390418
0.07342531334496233   3335.5026589279005   3323.440887888664
0.07557780916945323   3217.1746568976237   3206.4995475394694
0.07779340636952398   3092.3393746109628   3083.9134641120836
0.08007395479015682   2962.1367547820696   2956.8731658649313
0.08242135850536496   2828.2360542356273   2827.063273295784
0.08483757740794096   2692.7425292755643   2696.472837831579
0.08732462884580919   2557.9745505842343   2567.2197265581667
0.08988458930634863   2426.239787028817   2441.4058469004794
0.09251959615009227   2299.6987540737105   2320.976976625569
0.09523184939525078   2180.4652403453224   2207.730488123665
0.09802361355455057   2070.404190568604   2103.204630515096
0.10089721952591899   1971.1433963407176   2008.6984839556194
0.10385506653859616   1883.6316196404473   1924.8692566196203
0.10689962415629803   1807.9474722184962   1851.491413808932
0.11003343433910281   1743.2149172632567   1787.6007187016528
0.11325911356578279   1687.396061157128   1731.3386113138308
0.11657935501835284   1637.780873887659   1680.2962349399008
0.11999693083066039   1591.2050701329547   1631.721867557625
0.12351469440289359   1544.5207835790832   1583.05111706426
0.12713558278394044   1494.9317133290594   1532.102024045596
0.13086261912358757   1440.3087249018522   1477.2974924756165
0.13469891519660646   1379.6228815755805   1418.0224468785668
0.13864767400083483   1313.0375434201035   1354.6535797511387
0.14271219243142114   1241.9977541387343   1288.5776627947791
0.14689586403346616   1168.8466813845048   1221.711841448977
0.1512021818353596   1096.4770485767842   1156.2288890281282
0.15563474126517718   1028.0412785670062   1094.399788983018
0.16019724315257297   966.5821094453651   1038.3794878372473
0.1648934968186736   914.1274659093781   989.3242838277934
0.1697274232565544   870.8883755422903   947.1432132659164
0.17470305840495237   835.2404128738189   910.4803707401076
0.17982455651794954   804.4886751020031   877.2613434369566
0.18509619363343993   775.7318150889785   845.5093014769845
0.19052237114327647   746.1278402565002   813.4156034938889
0.19610761946807834   713.2569430160671   779.6771219724952
0.20185660183976684   676.2286528547756   744.0074513849394
0.20777411819498756   636.3331576389332   707.2726769717801
0.21386510918267082   596.1546007167668   671.1903287523083
0.22013466028907505   558.295261327959   637.2104342686233
0.22658800608375756   524.7703291710386   606.3070817267641
0.23323053459001789   496.5746835350807   578.7594383575088
0.2400677917834628   473.0381106616965   554.1750894538175
0.24710548622244882   452.2532133161734   531.3210857869535
0.25434949381426813   431.9611307035591   509.12856101586544
0.2618058627210567   410.35150446817795   486.7458255359957
0.2694808184095226   387.0685668614156   464.2286646388732
0.27738076884870827   363.3133269948558   442.1040589873778
0.2855123098601282   340.6973162503876   421.162249838566
0.29388223062474755   320.49633624368965   401.74594384702255
0.3024975193514008   303.1037485306208   383.8766278152348
0.31136536911138296   287.66282599129886   367.20367720928925
0.3204931838440838   272.8597276203391   351.1918202672409
0.32988858453867975   257.81376215759315   335.62494573316434
0.3395594155970457   242.4808389759682   320.4162123288407
0.34951375138319807   227.64375559807706   305.93024993275657
0.3597599029647371   214.0764958853362   292.31707916067603
0.37030642505191835   201.91210383977884   279.4843295261643
0.3811621231401457   190.72362107357685   267.3493842687763
0.3923360608618501   179.90200074394798   255.7458287064338
0.4038375675538918   169.22264257860445   244.5940178690748
0.41567624604680364   158.95042343739883   233.94573146882846
0.42786198068238046   149.41187975732757   223.86730339974545
0.4404049455663077   140.64460452763777   214.3267748862364
0.4533156130627191   132.40207965339152   205.24221046536644
0.4666047625377753   124.48469937665577   196.57635971559492
0.4802834893595659   116.90290638758518   188.3097547692412
0.49436321416184764   109.79500734446883   180.45750211919608
0.5088556923793517   103.17074341387054   173.0039547291053
0.5237730240626238   96.92917372772456   165.9081937869139
0.5391276639805903   90.99518049553899   159.14408070576437
0.5549324320192869   85.38920555408893   152.709009845531
0.5712005238854289   80.13431662488891   146.58891818182073
0.5879455221237613   75.19533048778985   140.76531134152262
0.6051814074573895   70.53132129851174   135.2167634981488
0.622922570460556   66.13507566015247   129.9320629431246
0.6411838235736077   62.006074752661874   124.9002830906852
0.6599804134701901   58.123695182935045   120.10795655195064
0.6793280337869897   54.46891733656053   115.54079453302563
0.6992428382266549   51.032743352524406   111.18787519121959
0.7197414540448374   47.80373931923141   107.03781388296208
0.7408409959326054   44.770054755807706   103.07952316585572
0.7625590803058332   41.920475757347326   99.30259413124747
0.7849138400134885   39.24439340943527   95.69725087112874
0.8079239394770964   36.73177357198813   92.25430823329833
0.8316085902740278   34.37312802647718   88.9651326275823
0.8559875671776167   32.15948711241772   85.82160423761411
0.8810812246675007   30.08240304341177   82.81584245699969
0.9069105139239728   28.133947102681425   79.93994879161457
0.9334970003205227   26.306618807868233   77.18648229257313
0.960862881429187   24.593317484127564   74.54849306560055
0.9890310055537336   22.987323898328036   72.01948674046592
1.0180248908061487   21.48228250820688   69.59339180058063
1.047868744742366   20.072184324368244   67.264529523021
1.0785874845736239   18.751349923600568   65.02757675786418
1.1102067579703248   17.514402506315346   62.877300848418294
1.1427529644757777   16.35625537733428   60.80855473819864
1.1762532775476793   15.272111105149898   58.81653836593765
1.210735667245765   14.257447119465237   56.89678731632683
1.246228923584555   13.308001259930164   55.04514882412965
1.2827626805706884   12.419757989042372   53.257759775962356
1.3203674409449337   11.588935245691978   51.53102652288693
1.3590746016495152   10.811971966372253   49.86159328229659
1.3989164800420282   10.0855165417349   48.24621727640375
1.4399263408778291   9.40641511750262   46.68182468325231
1.4821384240834183   8.771700503687757   45.16556939444087
1.525587973344019   8.178581917117409   43.69481859505319
1.5703112655292182   7.624435230637408   42.2671387249156
1.6163456409812174   7.106793705481445   40.88028252038616
1.6637295346910133   6.623339187034416   39.53217702831633
1.7125025083885144   6.171893404451237   38.22093320138608
1.7627052835733923   5.75040908038674   36.94489977688783
1.814379775514258   5.356963802496021   35.702577554991855
1.8675691282445197   4.989753259519329   34.492584997289164
1.922317750584177   4.647084392055098   33.31365085243425
1.9786713532176083   4.327368909810991   32.16460720682691
2.0366769868582977   4.029117158017896   31.04438291792258
2.0963830815323896   3.7509323136538075   29.951997780951903
2.1578394870138577   3.4915044968062365   28.886617445055347
2.2210975144450407   3.2496053106943266   27.847601781578383
2.286209979177315   3.024083849204715   26.834372993917942
2.3532312448676476   2.813862136902467   25.84639479435561
2.4222172688678643   2.6179307107041647   24.88316916561407
2.4932256489445366   2.435344453909361   23.944233246321854
2.5663156713684585   2.265218669307878   23.02915633467591
2.641548360413907   2.1067254188128404   22.137544697027725
2.7189865293089923   1.9590909612681078   21.269223101853097
2.798694832679631   1.8215921939029789   20.424207151733178
2.8807398205309562   1.6935524088082876   19.602481368104552
2.9651899938111903   1.5743384154236395   18.803990156847156
3.05211586160442   1.4633578814801866   18.028639806220948
3.1415899999999994   1.3600568250492169   17.276300499984814
