0.01   2052.487158605363   2052.421264501673
0.010293154462191829   2072.662160957082   2072.5956444075346
0.010594902878253955   2091.9127065978646   2091.8456096239943
0.010905497183778876   2110.173026055876   2110.105379451696
0.011225196699963396   2127.3733357317346   2127.3051830342915
0.011554268350120923   2143.443366268377   2143.3747682631
0.011892986882540897   2158.3130368412703   2158.244068129464
0.012241635099881474   2171.9098886531374   2171.840597729196
0.012600504095286909   2184.160601696099   2184.090986023761
0.012969893495426888   2194.9931685409415   2194.9231734831756
0.013350111710660605   2204.3347453185975   2204.264305663787
0.013741476192534558   2212.1097389832603   2212.0388586919316
0.014144313698828986   2218.244493528533   2218.173255684082
0.01455896056637426   2222.6676458410984   2222.5961934214074
0.014985762991865008   2225.306932918118   2225.2353349585046
0.01542507732090645   2226.0922223062344   2226.0204182706652
0.015877270345534218   2224.9577492046096   2224.8855504755566
0.016342719610456153   2221.8401812994684   2221.7673342036574
0.016821813728271667   2216.678424161492   2216.6046921121933
0.017314952703931925   2209.417322110685   2209.3424924720644
0.017822548268711737   2200.008002483215   2199.9318698914176
0.01834502422397195   2188.406885496484   2188.3291743192494
0.018882816794999403   2174.577750823093   2174.4980970757047
0.019436374995219892   2158.492922855948   2158.4108803497397
0.02000616100108813   2140.1352173139426   2140.050284757632
0.020592650537967844   2119.4981941500596   2119.4098404129873
0.021196333277324068   2096.5851641904646   2096.4928351913413
0.02181771324555934   2071.4123180837832   2071.3154627865615
0.022457309244835088   2044.014287808205   2043.912420428253
0.02311565528622961   2014.4369923420186   2014.329705281753
0.023793301035594242   1982.7374759120198   1982.6244550402187
0.024490812272480036   1948.9985174180465   1948.8796956800477
0.025208771362518027   1913.321170352251   1913.1968114948963
0.0259477777436476   1875.8136465522211   1875.6843243671865
0.02670844842659881   1836.605089857979   1836.4716769727816
0.027491418510046592   1795.857665658994   1795.7213318260808
0.028297341710866907   1753.7377970228656   1753.5999776905442
0.029126890909937666   1710.4180677994236   1710.2804567857565
0.029980758713939952   1666.115074251296   1665.9797894857033
0.030859658033628758   1621.0571567496113   1620.926764885177
0.031764322679055976   1575.4622847104313   1575.3397251746705
0.03269550797224261   1529.5679913245867   1529.4563810432123
0.033653991377811755   1483.6378279805126   1483.5402420520315
0.03464057315210884   1437.9159714717912   1437.8354039159144
0.03565607701135116   1392.6407983003262   1392.5801443712407
0.036701350819364466   1348.1044255815268   1348.0664815206821
0.03777726729548091   1304.5871298481024   1304.5745920398049
0.038884724743189276   1262.33235635957   1262.3477806341225
0.04002464780014597   1221.52644515917   1221.571342575999
0.041197988210172884   1182.305763043705   1182.3798711314166
0.04240572561788674   1144.7836540327653   1144.8851375936395
0.04364886838662332   1109.0986839047466   1109.2243826104643
0.04492845444033957   1075.5041920465167   1075.6499094239937
0.04624555213019635   1044.2442661327377   1044.4049478797863
0.04760126112654554   1015.4934473594116   1015.6632438267208
0.04899671333706607   989.1188065891149   989.2907059821528
0.05043307385181555   964.8679676730247   965.0336755517097
0.05191154191598653   942.5107218114626   942.6606408113151
0.053433351931179485   921.8284690282203   921.9509544660186
0.05499977448602865   902.6171590627223   902.6982597917593
0.05661211741704101   884.6604404236994   884.6843935239671
0.05827172690053434   867.6440018576548   867.5947359655216
0.05997998857658587   851.2462163606391   851.1078287105437
0.06173832870592997   835.0925839418019   834.8515811230264
0.0635482153607709   818.7474916825022   818.3953246349993
0.06541115965050462   801.7759867403196   801.3098584403892
0.06732871698337338   783.6845364452063   783.1098218297426
0.06930248836510605   764.0174575497524   763.3478463894194
0.07133412173562886   742.4182855846142   741.6750422180231
0.07342531334496233   718.6282163884846   717.8393862275303
0.07557780916945323   692.5915919987016   691.7922041155936
0.07779340636952398   664.4065170556888   663.6374534016992
0.08007395479015682   634.4047743502625   633.7095787247735
0.08242135850536496   603.0502895636283   602.4725719942242
0.08483757740794096   570.9417314327193   570.5231989100797
0.08732462884580919   538.7182370411381   538.4957671705346
0.08988458930634863   507.0717667905287   507.0723915231064
0.09251959615009227   476.7130442392516   476.94896782748776
0.09523184939525078   448.3464342879463   448.8115699734848
0.09802361355455057   422.5774115093653   423.24375488665476
0.10089721952591899   399.9285224432682   400.74241482465476
0.10385506653859616   380.6587271861219   381.55115058058544
0.10689962415629803   364.80487225954914   365.69863538662594
0.11003343433910281   352.06147180203   352.87388449192815
0.11325911356578279   341.91468037732056   342.56228196216466
0.11657935501835284   333.5993762752368   334.0147839677679
0.11999693083066039   326.24883451713276   326.38840551443195
0.12351469440289359   318.92095397408997   318.77270770010347
0.12713558278394044   310.71577396143357   310.3093418388063
0.13086261912358757   300.89762554045916   300.3065532536103
0.13469891519660646   289.0144067644631   288.3501791776793
0.13864767400083483   275.0060500414665   274.40349777483647
0.14271219243142114   259.19584217491473   258.795817115118
0.14689586403346616   242.25799695800458   242.18314026072048
0.1512021818353596   225.15213914636087   225.47745569732803
0.15563474126517718   208.99895486702647   209.73008151099128
0.16019724315257297   194.80566624015827   195.87398665962417
0.1648934968186736   183.1773482747677   184.45376286021215
0.1697274232565544   174.19152303001167   175.51948116331624
0.17470305840495237   167.47962258328343   168.7045788592118
0.17982455651794954   162.37357242593657   163.36489972240096
0.18509619363343993   157.96128886783757   158.65498529259793
0.19052237114327647   153.18195601484527   153.61009924215264
0.19610761946807834   147.16642559581916   147.4627742341312
0.20185660183976684   139.6186740032282   139.9794443290039
0.20777411819498756   130.8592629706473   131.45504684588408
0.21386510918267082   121.61570322584453   122.5677873694498
0.22013466028907505   112.79501302912497   114.1217318533826
0.22658800608375756   105.22207157119018   106.82272953296105
0.23323053459001789   99.29554376607936   101.00603900838361
0.2400677917834628   94.86762908907988   96.49890933063887
0.24710548622244882   91.35181021770333   92.78853898104876
0.25434949381426813   87.91585993694906   89.15896994915612
0.2618058627210567   83.87955970142046   85.04104655093134
0.2694808184095226   79.07325633054951   80.32248190206342
0.27738076884870827   73.8089757114942   75.27449234357395
0.2855123098601282   68.68727264223975   70.40441542848649
0.29388223062474755   64.29043769591789   66.16215465507008
0.3024975193514008   60.80408941842958   62.68507275680665
0.31136536911138296   57.96829512442921   59.74193593985113
0.3204931838440838   55.296758353774116   56.952095897289794
0.32988858453867975   52.37267013309854   53.994951277258814
0.3395594155970457   49.14902295160434   50.8525907524519
0.34951375138319807   45.91999638238886   47.75500495093764
0.3597599029647371   43.02448025676793   44.94901429272191
0.37030642505191835   40.59704332933011   42.51019123265583
0.3811621231401457   38.47829316443526   40.322401264381185
0.3923360608618501   36.392656680875106   38.1909300849118
0.4038375675538918   34.21495077318556   36.03082925853825
0.41567624604680364   32.0471402827526   33.91823068105374
0.42786198068238046   30.065531748970713   31.96858004732739
0.4404049455663077   28.322960553792928   30.207259605451195
0.4533156130627191   26.71790789934224   28.563610724435453
0.4666047625377753   25.132693750462405   26.965707839186535
0.4802834893595659   23.571869737798977   25.419057305697066
0.49436321416184764   22.11347344456413   23.967378227374596
0.5088556923793517   20.7893772144605   22.626489012576915
0.5237730240626238   19.550860923856757   21.364124871028363
0.5391276639805903   18.35306808308611   20.155269048706323
0.5549324320192869   17.210524583124027   19.00865392602085
0.5712005238854289   16.15058726050232   17.93500853032374
0.5879455221237613   15.1633073927107   16.927175772838577
0.6051814074573895   14.22441848149306   15.971465163038884
0.622922570460556   13.335318707753451   15.067624892181993
0.6411838235736077   12.502192245853143   14.217661106507167
0.6599804134701901   11.719471794136348   13.416537319571415
0.6793280337869897   10.98386047222515   12.66125892387541
0.6992428382266549   10.292586037540746   11.949293510426049
0.7197414540448374   9.643039801266546   11.278236254492846
0.7408409959326054   9.032766684863596   10.645804742978374
0.7625590803058332   8.459455911529512   10.049833890492856
0.7849138400134885   7.9209322898322   9.488270955720152
0.8079239394770964   7.415149566550287   8.959170782315901
0.8316085902740278   6.940217978901822   8.460693727005665
0.8559875671776167   6.494387713422765   7.991100441175307
0.8810812246675007   6.075998611157204   7.5487441088340645
0.9069105139239728   5.683474533813761   7.132066096394541
0.9334970003205227   5.315320008497524   6.739591886567698
0.960862881429187   4.970116930453473   6.369927134091548
0.9890310055537336   4.646521330142523   6.021753846501504
1.0180248908061487   4.3432594204133705   5.693826641373322
1.047868744742366   4.059115561033927   5.3849685972772265
1.0785874845736239   3.7929351061484855   5.094068166765011
1.1102067579703248   3.5436293087828594   4.820076374809579
1.1427529644757777   3.3101719800075973   4.562003621111641
1.1762532775476793   3.0915961393721334   4.3189166026038
1.210735667245765   2.8869908275866067   4.089935365462124
1.246228923584555   2.695498074766194   3.8742304842524717
1.2827626805706884   2.516310223977048   3.6710198472408537
1.3203674409449337   2.3486684452391366   3.479562841206512
1.3590746016495152   2.1918588905903196   3.2991608127818255
1.3989164800420282   2.045209450407529   3.129156680351415
1.4399263408778291   1.9080874944888586   2.9689325503827217
1.4821384240834183   1.7798977257128132   2.817907449463764
1.525587973344019   1.6600801372749436   2.6755351784769053
1.5703112655292182   1.548108069488643   2.541302283322223
1.6163456409812174   1.443486242187508   2.4147249232833956
1.6637295346910133   1.3457486056473662   2.2953428857632456
1.7125025083885144   1.2544572064964918   2.1827229423265377
1.7627052835733923   1.169200772123734   2.076458992583437
1.814379775514258   1.0895931757046193   1.9761703314219319
1.8675691282445197   1.0152719827280738   1.8815000273595548
1.922317750584177   0.945897075234581   1.7921134053345773
1.9786713532176083   0.8811493500394868   1.7076966256881596
2.0366769868582977   0.8207294242122584   1.6279525062852154
2.0963830815323896   0.7643563698797359   1.552594277864457
2.1578394870138577   0.7117668100668507   1.4813527337175962
2.2210975144450407   0.6627139094104305   1.41397668415904
2.286209979177315   0.6169663809887812   1.3502316609437024
2.3532312448676476   0.5743075493671685   1.2898987207716928
2.4222172688678643   0.5345344669270337   1.2327733398800758
2.4932256489445366   0.4974570818920402   1.1786643726652124
2.5663156713684585   0.4628976005788624   1.1273906301142667
2.641548360413907   0.4306898329352725   1.078778175087266
2.7189865293089923   0.40067817960575175   1.032664494354724
2.798694832679631   0.37271695566925417   0.9888982278900684
2.8807398205309562   0.34666979050293567   0.9473383291992005
2.9651899938111903   0.3224090614229169   0.9078532941392494
3.05211586160442   0.2998153594028047   0.8703204522417062
3.1415899999999994   0.2787769712390673   0.8346252503051282
