0.01   10580.708062950125   10577.128619944491
0.010293154462191829   10734.142523095003   10730.223493237956
0.010594902878253955   10885.031593084765   10880.740666191934
0.010905497183778876   11033.06428732011   11028.366782692867
0.011225196699963396   11177.914480563017   11172.772856035544
0.011554268350120923   11319.236218252321   11313.60930087494
0.011892986882540897   11456.67656792783   11450.519453867539
0.012241635099881474   11589.875072929517   11583.139130917749
0.012600504095286909   11718.452755292656   11711.085748080073
0.012969893495426888   11842.022179760097   11833.968343991684
0.013350111710660605   11960.193009393677   11951.393087485172
0.013741476192534558   12072.559811218449   12062.95004981821
0.014144313698828986   12178.701252984418   12168.212260384407
0.01455896056637426   12278.19616548079   12266.752943671589
0.014985762991865008   12370.621271766599   12358.143282712901
0.01542507732090645   12455.539271326074   12441.94033535877
0.015877270345534218   12532.514498615825   12517.7029765958
0.016342719610456153   12601.118463859228   12584.997459095946
0.016821813728271667   12660.917468421201   12643.38336495783
0.017314952703931925   12711.477618313906   12692.419006879763
0.017822548268711737   12752.379564673298   12731.677694623293
0.01834502422397195   12783.216379473912   12760.745562115331
0.018882816794999403   12803.587711719145   12779.215514253638
0.019436374995219892   12813.11405893486   12786.70203195554
0.02000616100108813   12811.441915775356   12782.846310844545
0.020592650537967844   12798.246461070987   12767.317175752292
0.021196333277324068   12773.234569717435   12739.81508270886
0.02181771324555934   12736.14789983453   12700.076564679852
0.022457309244835088   12686.775529705246   12647.888183506393
0.02311565528622961   12624.965053640764   12583.0987345333
0.023793301035594242   12550.60788903505   12505.60262240366
0.024490812272480036   12463.647068392336   12415.347880605586
0.025208771362518027   12364.124632496256   12312.38596902742
0.0259477777436476   12252.149711813154   12196.83806893815
0.02670844842659881   12127.877532681929   12068.872939640341
0.027491418510046592   11991.574406677386   11928.77614210347
0.028297341710866907   11843.636793517018   11776.970154029801
0.029126890909937666   11684.502645302917   11613.91966140223
0.029980758713939952   11514.678826522502   11440.159942521303
0.030859658033628758   11334.868306297178   11256.429481404746
0.031764322679055976   11145.836864268957   11063.5303530957
0.03269550797224261   10948.364916850556   10862.277602945254
0.033653991377811755   10743.413044339613   10653.668311332103
0.03464057315210884   10532.097496441509   10438.855986686543
0.03565607701135116   10315.505652963575   10218.96157285694
0.036701350819364466   10094.75844340826   9995.136028376513
0.03777726729548091   9871.165481584041   9768.71608514965
0.038884724743189276   9646.006079793617   9541.003659149443
0.04002464780014597   9420.495616353543   9313.230584573224
0.041197988210172884   9196.049662268104   9086.805179025429
0.04240572561788674   8974.168353270388   8863.204062143386
0.04364886838662332   8756.220041461662   8643.770529933989
0.04492845444033957   8543.32359851349   8429.597383125853
0.04624555213019635   8336.218795132478   8221.39778187466
0.04760126112654554   8135.528809856756   8019.76873197344
0.04899671333706607   7941.877611942068   7825.296342298007
0.05043307385181555   7756.426875658889   7639.000965681698
0.05191154191598653   7580.525391658279   7462.047253772972
0.053433351931179485   7415.3492534484785   7295.442475305137
0.05499977448602865   7260.729136322442   7138.936262010203
0.05661211741704101   7115.127003185983   6991.001219421811
0.05827172690053434   6977.050270364087   6850.160816473355
0.05997998857658587   6845.149133977645   6715.087237060068
0.06173832870592997   6718.2074799967895   6584.593091169198
0.0635482153607709   6595.053561660932   6457.543167438754
0.06541115965050462   6474.126894901104   6332.488152186342
0.06732871698337338   6353.68151537472   6207.837827934901
0.06930248836510605   6231.914082758826   6081.996269298309
0.07133412173562886   6106.644196004801   5953.140570001366
0.07342531334496233   5975.760108266109   5819.539917097992
0.07557780916945323   5837.061539349631   5679.498829070899
0.07779340636952398   5688.464699571811   5531.474633546353
0.08007395479015682   5528.494539841668   5374.531883509956
0.08242135850536496   5356.312452007008   5208.345127104591
0.08483757740794096   5172.1341978826285   5033.486480124345
0.08732462884580919   4977.367698384734   4851.538126554043
0.08988458930634863   4774.326216040457   4664.653713950005
0.09251959615009227   4566.202949285895   4475.53292047114
0.09523184939525078   4356.613268115036   4287.157762745843
0.09802361355455057   4149.358110278397   4102.60387912601
0.10089721952591899   3948.2388074817104   3924.718437707368
0.10385506653859616   3756.847921962016   3756.0278993668303
0.10689962415629803   3578.6873104796437   3598.7682637423577
0.11003343433910281   3416.5992295414153   3454.6604073797416
0.11325911356578279   3272.6625906879576   3324.703841298789
0.11657935501835284   3147.7778979374343   3209.016922366164
0.11999693083066039   3040.9647144780747   3106.2477313177437
0.12351469440289359   2949.729831115349   3014.2025198867573
0.12713558278394044   2869.913338339864   2929.8154728562113
0.13086261912358757   2796.4626896687955   2849.619909252344
0.13469891519660646   2724.0017105074417   2770.1566775260635
0.13864767400083483   2647.43615679868   2688.5026792940266
0.14271219243142114   2562.659896518523   2602.441183967422
0.14689586403346616   2467.0332344208446   2510.86774514572
0.1512021818353596   2360.106478476519   2414.669955925924
0.15563474126517718   2243.649462910385   2315.245537541183
0.16019724315257297   2121.3015232750085   2214.5921882988237
0.1648934968186736   1998.0135373827673   2115.712353972939
0.1697274232565544   1879.446020010166   2021.4135739211722
0.17470305840495237   1771.207211880683   1934.2578150434158
0.17982455651794954   1677.6050550613284   1855.6762583599443
0.18509619363343993   1600.2391523841081   1785.7089527136498
0.19052237114327647   1537.2931799447724   1723.256733582229
0.19610761946807834   1484.4043434956277   1665.369594011369
0.20185660183976684   1436.2672054191419   1609.970544772995
0.20777411819498756   1387.4963095695696   1554.8295028522282
0.21386510918267082   1333.2434368609956   1499.1787439568125
0.22013466028907505   1270.8579514790063   1441.9154471164297
0.22658800608375756   1201.5381040362552   1383.8304847189688
0.23323053459001789   1129.6551479690313   1326.7626564338861
0.2400677917834628   1060.3961449957706   1272.5179537870306
0.24710548622244882   998.1920368470257   1221.7238931445265
0.25434949381426813   945.6930971197281   1175.1775058747746
0.2618058627210567   902.6277780047185   1131.9652086625717
0.2694808184095226   865.7143030019713   1091.2289540927293
0.27738076884870827   830.5122979831096   1051.8883868371938
0.2855123098601282   793.0064944189061   1013.2559045619827
0.29388223062474755   751.535190790893   974.8415919976067
0.3024975193514008   707.7928304042163   937.9302402808066
0.31136536911138296   665.1464650885054   902.2942204020421
0.3204931838440838   626.613419265593   868.5108746280979
0.32988858453867975   593.6604138972223   836.822845798121
0.3395594155970457   565.1614149030431   806.7133180975098
0.34951375138319807   538.3487279635833   777.9200112752129
0.3597599029647371   510.9371911676085   749.7889760828132
0.37030642505191835   482.3253261049271   722.9213741300242
0.3811621231401457   453.8952575834173   696.9598169328957
0.3923360608618501   427.6207750872849   672.1244125665195
0.4038375675538918   404.2727031211636   648.6251554805847
0.41567624604680364   383.15777823288425   626.1917626680794
0.42786198068238046   362.84711241433854   604.6654190413509
0.4404049455663077   342.5061927302044   583.8908982929073
0.4533156130627191   322.54581346903643   563.9508076635688
0.4666047625377753   303.8747255666416   544.8995267248469
0.4802834893595659   286.82618274284516   526.719902250067
0.49436321416184764   270.93527345028843   509.3483755626279
0.5088556923793517   255.5885290270476   492.6361178858208
0.5237730240626238   240.6985192413352   476.5393869013782
0.5391276639805903   226.63380819540376   461.1426991165901
0.5549324320192869   213.562308769906   446.39873449482445
0.5712005238854289   201.2734878007044   432.2605269259128
0.5879455221237613   189.5206267404104   418.6689584326725
0.6051814074573895   178.32767882231823   405.59461774109144
0.622922570460556   167.81312163969818   393.0510150918758
0.6411838235736077   157.93454470159972   381.00261156632274
0.6599804134701901   148.57082319984224   369.39506831800463
0.6793280337869897   139.6957661941825   358.22284598332834
0.6992428382266549   131.34032107638134   347.46767558911733
0.7197414540448374   123.46930815401956   337.09956218864914
0.7408409959326054   116.04080262688508   327.09552072644203
0.7625590803058332   109.03104958965335   317.4388527621628
0.7849138400134885   102.4192127595297   308.10901589336135
0.8079239394770964   96.18525332243476   299.08682404732997
0.8316085902740278   90.30991216366968   290.3543988961659
0.8559875671776167   84.7746999335617   281.8950826182375
0.8810812246675007   79.56188515467566   273.6933577773183
0.9069105139239728   74.65448052459547   265.7347734577652
0.9334970003205227   70.03609861255576   258.005555707855
0.960862881429187   65.69072880166759   250.49195586062962
0.9890310055537336   61.6031094410998   243.1810756649822
1.0180248908061487   57.758773050270754   236.06099885730134
1.047868744742366   54.1440088484564   229.12073199860873
1.0785874845736239   50.745826806378226   222.3501499337095
1.1102067579703248   47.55192317344191   215.73994538244742
1.1427529644757777   44.55064865436291   209.28158648054642
1.1762532775476793   41.731013249413145   202.9674062194032
1.210735667245765   39.08265137480317   196.79056894079253
1.246228923584555   36.59574272705552   190.74486136360255
1.2827626805706884   34.26098449212958   184.82464818463072
1.3203674409449337   32.06956753590888   179.02484008897875
1.3590746016495152   30.01315343086997   173.3408633458935
1.3989164800420282   28.083852309548654   167.76863078323544
1.4399263408778291   26.274199772866716   162.30464020302068
1.4821384240834183   24.57712478494437   156.94682698256338
1.525587973344019   22.98594079551423   151.69387243759647
1.5703112655292182   21.494334212296252   146.5446298267777
1.6163456409812174   20.096345440502304   141.49810625253906
1.6637295346910133   18.786350704166335   136.55344884889476
1.7125025083885144   17.559044679349235   131.70993124869182
1.7627052835733923   16.40942391146497   126.96694064492029
1.814379775514258   15.332770574286846   122.32441716726606
1.8675691282445197   14.324636731912982   117.78363160058129
1.922317750584177   13.380831203128412   113.34590470370706
1.9786713532176083   12.497406042058541   109.01233808135855
2.0366769868582977   11.670643412078654   104.78381969216123
2.0963830815323896   10.89704309507583   100.66102974911897
2.1578394870138577   10.173310610620172   96.64444697871797
2.2210975144450407   9.496345855642774   92.73436930606617
2.286209979177315   8.8632304802744   88.93134650534914
2.3532312448676476   8.271217979437843   85.23618004775251
2.4222172688678643   7.717726596776261   81.64937085910866
2.4932256489445366   7.200330115090611   78.17110507535233
2.5663156713684585   6.716748980211797   74.80127390335731
2.641548360413907   6.264841895338081   71.5394934276589
2.7189865293089923   5.8425978634831885   68.38512425687912
2.798694832679631   5.4481291371941705   65.33732099518329
2.8807398205309562   5.079667195869844   62.39525380114356
2.9651899938111903   4.735553020331643   59.557958465745806
3.05211586160442   4.414228742901217   56.82422679891773
3.1415899999999994   4.114231849126193   54.192629497814735
