0.01   5044.99307271516   5044.69002988205
0.010293154462191829   5116.863728508737   5116.5393504628955
0.010594902878253955   5187.432132988711   5187.084320227127
0.010905497183778876   5256.541920281094   5256.168575968773
0.011225196699963396   5324.032151745287   5323.631138066861
0.011554268350120923   5389.731440702153   5389.300319517527
0.011892986882540897   5453.463245959433   5452.999187816752
0.012241635099881474   5515.048518989498   5514.548299780379
0.012600504095286909   5574.300757394798   5573.760888454967
0.012969893495426888   5631.025699589595   5630.442581767631
0.013350111710660605   5685.027759283035   5684.39770123212
0.013741476192534558   5736.108714243992   5735.427844508501
0.014144313698828986   5784.061312763769   5783.325189953558
0.01455896056637426   5828.676907084217   5827.880420109168
0.014985762991865008   5869.748305290013   5868.885679227691
0.01542507732090645   5907.063962627028   5906.128839075962
0.015877270345534218   5940.409589828276   5939.395107811245
0.016342719610456153   5969.575352946384   5968.47417430087
0.016821813728271667   5994.354808289409   5993.159049391177
0.017314952703931925   6014.540823043319   6013.241785477989
0.017822548268711737   6029.9330501063805   6028.521199763833
0.01834502422397195   6040.340610396172   6038.805609376422
0.018882816794999403   6045.581137434674   6043.911694252039
0.019436374995219892   6045.482890407595   6043.6666793051
0.02000616100108813   6039.88796919586   6037.911709139859
0.020592650537967844   6028.6557694587755   6026.505474786011
0.021196333277324068   6011.6672420542845   6009.32870849732
0.02181771324555934   5988.821970834062   5986.280945768549
0.022457309244835088   5960.040469317895   5957.282791807451
0.02311565528622961   5925.281760128169   5922.2936847356195
0.023793301035594242   5884.536084935276   5881.304517052113
0.024490812272480036   5837.815071075926   5834.327691012439
0.025208771362518027   5785.171416995078   5781.41736833186
0.0259477777436476   5726.716596264157   5722.687673893939
0.02670844842659881   5662.5859426746465   5658.276737313717
0.027491418510046592   5592.942900477812   5588.3509389743695
0.028297341710866907   5518.038033553332   5513.16486435803
0.029126890909937666   5438.166444772676   5433.017998672741
0.029980758713939952   5353.63385011105   5348.220228272537
0.030859658033628758   5264.805787607435   5259.141509219788
0.031764322679055976   5172.129988046038   5166.2344244543865
0.03269550797224261   5076.055262891402   5069.9522641548665
0.033653991377811755   4977.048937592915   4970.766151149308
0.03464057315210884   4875.7225851945295   4869.2897378246125
0.03565607701135116   4772.715481714567   4766.16353125184
0.036701350819364466   4668.631369385297   4661.99219065674
0.03777726729548091   4564.043090234077   4557.350494728914
0.038884724743189276   4459.492434118792   4452.7834031519305
0.04002464780014597   4355.48126584677   4348.795513747229
0.041197988210172884   4252.52970279823   4245.905792101388
0.04240572561788674   4151.375602087018   4144.8356305124735
0.04364886838662332   4052.7615600831564   4046.3082574677574
0.04492845444033957   3957.3541368874194   3950.9725690272294
0.04624555213019635   3865.669322122609   3859.3283461304686
0.04760126112654554   3778.0869802005577   3771.7405512889227
0.04899671333706607   3694.942673792625   3688.5310868189013
0.05043307385181555   3616.3782383345124   3609.8284751617825
0.05191154191598653   3542.167252525619   3535.392416696715
0.053433351931179485   3472.0507645377543   3464.950853721022
0.05499977448602865   3405.685247565578   3398.1493340856096
0.05661211741704101   3342.516898373323   3334.4269331443656
0.05827172690053434   3281.9939434183566   3273.226095708419
0.05997998857658587   3223.4695601689314   3213.9040057473785
0.06173832870592997   3166.177669958646   3155.710143294915
0.0635482153607709   3109.3564891841734   3097.9027348256686
0.06541115965050462   3052.0645187874575   3039.5838213604666
0.06732871698337338   2993.33645877827   2979.8403519995186
0.06930248836510605   2932.132901604232   2917.7104186771808
0.07133412173562886   2867.347436786669   2852.190099720895
0.07342531334496233   2797.9982798265387   2782.408900322836
0.07557780916945323   2723.258877307024   2707.6707426068756
0.07779340636952398   2642.6053696056942   2627.562469800509
0.08007395479015682   2556.0475905757717   2542.17032178727
0.08242135850536496   2463.993192599926   2451.9555984796107
0.08483757740794096   2367.4678608453846   2357.9801664720394
0.08732462884580919   2267.8198294217646   2261.5715470121268
0.08988458930634863   2166.760366815099   2164.3472402729885
0.09251959615009227   2066.1106255124073   2068.005700584446
0.09523184939525078   1967.725870988905   1974.2533989777426
0.09802361355455057   1873.4925332982825   1884.7405330886197
0.10089721952591899   1785.10360547343   1800.9171551006207
0.10385506653859616   1704.0903425528484   1724.0390806906184
0.10689962415629803   1631.6555300215875   1655.0554433014986
0.11003343433910281   1568.327464872069   1594.2580100007674
0.11325911356578279   1514.031504750282   1541.4203369261493
0.11657935501835284   1467.692422004292   1495.483360899099
0.11999693083066039   1427.583995593842   1454.8404727724208
0.12351469440289359   1391.3566712850209   1417.377596375387
0.12713558278394044   1356.3965962646214   1380.8908512838339
0.13086261912358757   1320.1366319360347   1343.2982545218936
0.13469891519660646   1280.3222121652543   1302.8332391412212
0.13864767400083483   1235.3974946107346   1258.3768922551064
0.14271219243142114   1184.744530342215   1209.6049491720407
0.14689586403346616   1128.858313741165   1157.1076537774914
0.1512021818353596   1069.3096717248166   1102.3762663616346
0.15563474126517718   1008.433445401695   1047.2555609679275
0.16019724315257297   949.0226352781117   993.8162928218326
0.1648934968186736   893.9579524182706   944.2169715708576
0.1697274232565544   845.6703917977671   900.1374371718159
0.17470305840495237   805.3973126117355   862.0659204406644
0.17982455651794954   772.7213011771095   829.7041895313544
0.18509619363343993   745.8052334850205   801.4498601990535
0.19052237114327647   722.0599093073373   775.3894651072319
0.19610761946807834   698.6842075408923   749.691514533693
0.20185660183976684   673.034475635168   722.6249645618957
0.20777411819498756   643.3510816951641   693.2729351091597
0.21386510918267082   609.6707703800334   661.9981687451437
0.22013466028907505   573.853152664953   629.977942147045
0.22658800608375756   538.5681267744554   598.8773252602522
0.23323053459001789   506.3271698408191   570.1831513578509
0.2400677917834628   478.86740167873296   544.6416231041733
0.24710548622244882   456.49247605522834   522.3351120397928
0.25434949381426813   437.8755914996846   502.2906035042175
0.2618058627210567   420.7369931380772   483.2561172077756
0.2694808184095226   402.7625290776798   464.13562764330516
0.27738076884870827   382.62416496534524   444.28424178346484
0.2855123098601282   360.7745846110314   424.1535513404457
0.29388223062474755   338.9105639922201   404.57162027627567
0.3024975193514008   318.83612488881613   386.27792925710463
0.31136536911138296   301.66940685764297   369.60140051519187
0.3204931838440838   287.1713853396184   354.40235263794875
0.32988858453867975   273.9427248764481   340.0046791230212
0.3395594155970457   260.5305799830999   325.8643335417311
0.34951375138319807   246.30057063593205   311.8870612356042
0.3597599029647371   231.78663080520758   298.2162970003557
0.37030642505191835   218.14948052120198   285.2817881096013
0.3811621231401457   206.08826735586155   273.22587567398637
0.3923360608618501   195.40834066291515   261.90554565408075
0.4038375675538918   185.30845115429332   251.0987449391188
0.41567624604680364   175.13143584433928   240.6096492518763
0.42786198068238046   164.94877542876807   230.47541761742633
0.4404049455663077   155.31265851252718   220.84271089208667
0.4533156130627191   146.56811983087778   211.7410516764172
0.4666047625377753   138.54157857287194   203.11005575243948
0.4802834893595659   130.8142372216606   194.85089883291377
0.49436321416184764   123.23677960842912   186.9175634689176
0.5088556923793517   116.0100415535458   179.34668941529844
0.5237730240626238   109.3196827430299   172.1663889647881
0.5391276639805903   103.08219712141994   165.32860716639055
0.5549324320192869   97.11321736382584   158.79516561978306
0.5712005238854289   91.3870746813987   152.54806261848458
0.5879455221237613   85.99936677310616   146.59708162841903
0.6051814074573895   80.96031482395937   140.9348554713772
0.622922570460556   76.18769001088693   135.52853759196773
0.6411838235736077   71.64736970056306   130.36224455790023
0.6599804134701901   67.36865091449823   125.43879735343401
0.6793280337869897   63.345024424410674   120.74307472467389
0.6992428382266549   59.54787215121773   116.26008625295907
0.7197414540448374   55.96204979954216   111.98061591340847
0.7408409959326054   52.57749567440918   107.89431247646321
0.7625590803058332   49.384695475341374   103.99130590232714
0.7849138400134885   46.37440490312801   100.26228152138013
0.8079239394770964   43.53766060721925   96.69844622274319
0.8316085902740278   40.865788506743556   93.29149665477723
0.8559875671776167   38.350263684880886   90.0333966999554
0.8810812246675007   35.98249897707033   86.91602945897188
0.9069105139239728   33.754271399226006   83.93168902002218
0.9334970003205227   31.65778724272112   81.07315250424469
0.960862881429187   29.685661357208126   78.33364665500191
0.9890310055537336   27.830897336207666   75.70681697141575
1.0180248908061487   26.086868571464354   73.18669917682904
1.047868744742366   24.44730174517475   70.7676792289263
1.0785874845736239   22.906293669464365   68.44416745753527
1.1102067579703248   21.458284255267532   66.2106196044384
1.1427529644757777   20.098000095272315   64.06185307019692
1.1762532775476793   18.820440140659354   61.99303561161401
1.210735667245765   17.620863673326756   59.99966046689473
1.246228923584555   16.49477865469434   58.07752351119431
1.2827626805706884   15.437930451570749   56.22270225917396
1.3203674409449337   14.446289104400867   54.43149601110147
1.3590746016495152   13.516030994928242   52.700222383780385
1.3989164800420282   12.643537892295306   51.02537946405621
1.4399263408778291   11.825391042270844   49.40372004386709
1.4821384240834183   11.058361196623789   47.832234534208474
1.525587973344019   10.339399061138597   46.30813514442005
1.5703112655292182   9.665626155764059   44.82884132259695
1.6163456409812174   9.034326072713679   43.391966444411395
1.6637295346910133   8.442935967820327   41.99531788324208
1.7125025083885144   7.889038496866366   40.6368947496885
1.7627052835733923   7.370354516140975   39.31485344144921
1.814379775514258   6.884735832918365   38.02749512970222
1.8675691282445197   6.430158255611067   36.77325682034676
1.922317750584177   6.0047149703222615   35.55070298934721
1.9786713532176083   5.606610231574975   34.35851773296513
2.0366769868582977   5.234153226032273   33.19550313078356
2.0963830815323896   4.885750944505341   32.060638280502374
2.1578394870138577   4.55990370256996   30.95303929663723
2.2210975144450407   4.255201184258663   29.871898652121104
2.286209979177315   3.97031744523545   28.81647908275619
2.3532312448676476   3.704006149761687   27.78610882753754
2.4222172688678643   3.4550960557971138   26.780177058623
2.4932256489445366   3.2224867367987216   25.798129485148927
2.5663156713684585   3.0051451833620955   24.83955513241905
2.641548360413907   2.8021034545899437   23.904410635911045
2.7189865293089923   2.6124526408731543   22.99270931139688
2.798694832679631   2.4353389020730503   22.104433392348902
2.8807398205309562   2.2699603513160707   21.239535012672057
2.9651899938111903   2.1155640976220855   20.39793722797987
3.05211586160442   1.9714434406412393   19.579535071589806
3.1415899999999994   1.8369351008283936   18.784193912247176
