0.01   28963.586092567602   28955.89342838828
0.010293154462191829   29121.644638767553   29113.35624918676
0.010594902878253955   29263.07482889803   29254.141190570244
0.010905497183778876   29387.10034866581   29377.46472213872
0.011225196699963396   29492.93419286971   29482.53494413466
0.011554268350120923   29579.778672490207   29568.55192291166
0.011892986882540897   29646.863143258237   29634.743179217516
0.012241635099881474   29693.4329625386   29680.35174426396
0.012600504095286909   29718.707409947405   29704.591947310917
0.012969893495426888   29721.93358815467   29706.705652191413
0.013350111710660605   29702.403379386284   29685.979795922718
0.013741476192534558   29659.41649029194   29641.707131589723
0.014144313698828986   29592.29609557094   29573.202533626518
0.01455896056637426   29500.42907950032   29479.845284153842
0.014985762991865008   29383.250834568014   29361.06363755681
0.01542507732090645   29240.218781675474   29216.30787758168
0.015877270345534218   29070.8653263172   29045.104250213008
0.016342719610456153   28874.809735462128   28847.06669262316
0.016821813728271667   28651.743596988304   28621.878933913973
0.017314952703931925   28401.44708493238   28369.312798156334
0.017822548268711737   28123.806598447234   28089.2481921718
0.01834502422397195   27818.82750382738   27781.68808235735
0.018882816794999403   27486.643428421183   27446.769286979692
0.019436374995219892   27127.506062028522   27084.748959262182
0.02000616100108813   26741.801161942745   26696.021126062187
0.020592650537967844   26330.12527410045   26281.197691106012
0.021196333277324068   25893.222758358716   25841.04176502439
0.02181771324555934   25431.952423462546   25376.432426320596
0.022457309244835088   24947.418042487814   24888.50475682331
0.02311565528622961   24440.979650387628   24378.66190334046
0.023793301035594242   23914.080505851027   23848.389493529794
0.024490812272480036   23368.318945971692   23299.330712611874
0.025208771362518027   22805.699669064583   22733.54963239685
0.0259477777436476   22228.320488398127   22153.202639775885
0.02670844842659881   21638.287151578643   21560.448748929975
0.027491418510046592   21038.091403522332   20957.837592562555
0.028297341710866907   20430.482597140817   20348.177311448882
0.029126890909937666   19818.08061492427   19734.137317057193
0.029980758713939952   19203.59592583245   19118.469537476187
0.030859658033628758   18590.195738939005   18504.376683611583
0.031764322679055976   17980.87468082301   17894.879554022766
0.03269550797224261   17378.39475506083   17292.754752956513
0.033653991377811755   16785.84805360048   16701.076892333927
0.03464057315210884   16206.315486639412   16122.891503935783
0.03565607701135116   15642.473725180467   15560.838535447796
0.036701350819364466   15096.806435668319   15017.338631964856
0.03777726729548091   14571.767125832852   14494.738538981796
0.038884724743189276   14069.44611487719   13995.028359204993
0.04002464780014597   13591.579873769902   13519.83833166818
0.041197988210172884   13139.656707302376   13070.445187669338
0.04240572561788674   12714.908232091675   12647.848507702336
0.04364886838662332   12318.303917313699   12252.815041020705
0.04492845444033957   11949.872870444182   11885.190724199578
0.04624555213019635   11608.617354072328   11543.808468574438
0.04760126112654554   11293.54251915024   11227.519888322931
0.04899671333706607   11002.971373177532   10934.540697435972
0.05043307385181555   10733.128149853863   10661.096533354017
0.05191154191598653   10480.1715847429   10403.36627735674
0.053433351931179485   10240.599719462041   10157.890408219719
0.05499977448602865   10011.205445028027   9921.57121178258
0.05661211741704101   9789.032021321067   9691.575252669625
0.05827172690053434   9570.370380368264   9464.505631459904
0.05997998857658587   9350.229183631061   9235.977329810452
0.06173832870592997   9123.815629277959   9001.84148659771
0.0635482153607709   8885.810556406632   8757.737791104231
0.06541115965050462   8631.051395982646   8499.556443374306
0.06732871698337338   8355.746631731121   8224.55167300828
0.06930248836510605   8057.735041316362   7931.595523624257
0.07133412173562886   7736.640958570463   7621.036889266571
0.07342531334496233   7395.204971345647   7295.888945030847
0.07557780916945323   7037.453778423525   6960.103774115395
0.07779340636952398   6669.603016569653   6619.370896317998
0.08007395479015682   6298.114082946242   6279.364991880193
0.08242135850536496   5929.701577786796   5945.646956354918
0.08483757740794096   5571.045187783688   5623.522052332521
0.08732462884580919   5229.42655984631   5318.517712803486
0.08988458930634863   4911.761839915414   5035.499569786486
0.09251959615009227   4624.470444173015   4778.584692485415
0.09523184939525078   4372.11460992366   4550.246579370972
0.09802361355455057   4157.54960213683   4351.665067825362
0.10089721952591899   3979.469094039084   4180.801967022296
0.10385506653859616   3834.3329515729806   4033.9515446446717
0.10689962415629803   3715.1112792471718   3905.3498675996593
0.11003343433910281   3613.5226087747114   3788.6586517647042
0.11325911356578279   3520.0152075777382   3677.2435159106462
0.11657935501835284   3425.2280877931667   3565.090166853106
0.11999693083066039   3320.470057646623   3447.174085544007
0.12351469440289359   3199.450679112695   3320.411302867086
0.12713558278394044   3058.926525080231   3183.765376841031
0.13086261912358757   2899.6012355331354   3038.589790613625
0.13469891519660646   2725.4609823338583   2888.108861439141
0.13864767400083483   2543.269760429586   2737.0154868262016
0.14271219243142114   2362.1760404273955   2590.8766061212473
0.14689586403346616   2193.0490531972328   2454.503592067323
0.1512021818353596   2045.2507513633027   2332.0740207096806
0.15563474126517718   1923.6866653599739   2225.172833892284
0.16019724315257297   1827.5870582008656   2131.898051156256
0.1648934968186736   1752.184572884795   2049.4557100742627
0.1697274232565544   1690.963783586563   1974.044602992478
0.17470305840495237   1635.6935127571544   1902.0371368626495
0.17982455651794954   1576.676711858991   1829.2171514348813
0.18509619363343993   1506.6000937511928   1754.4700457772058
0.19052237114327647   1424.1504127420249   1677.7480652264956
0.19610761946807834   1333.2571230302387   1600.4455574887838
0.20185660183976684   1240.3275882992527   1525.2627661132146
0.20777411819498756   1152.7972610436073   1454.805233462509
0.21386510918267082   1077.1172073704738   1389.8166923728236
0.22013466028907505   1015.774662927069   1330.8857584456846
0.22658800608375756   966.8694228427646   1277.1357175571297
0.23323053459001789   925.3931678556706   1226.5255156588219
0.2400677917834628   884.5913970642372   1177.5701597417242
0.24710548622244882   839.5095097425425   1129.2275937238585
0.25434949381426813   789.7335268757087   1081.895120571851
0.2618058627210567   737.947816562026   1036.0489835415638
0.2694808184095226   688.392923847823   992.6371508002779
0.27738076884870827   645.0625295275618   951.8732690599593
0.2855123098601282   608.7482107073922   913.6877752439058
0.29388223062474755   577.2537370619685   877.6611633185886
0.3024975193514008   547.309176387375   843.1802512631223
0.31136536911138296   516.2988443823695   809.9817205693104
0.3204931838440838   484.2248450446698   778.0058047150505
0.32988858453867975   453.10697226451714   747.558175971218
0.3395594155970457   424.7936065065287   718.6089701088791
0.34951375138319807   399.8495972298349   691.2929946945776
0.3597599029647371   377.18899681239293   665.3264026717083
0.37030642505191835   355.244211156397   640.5079823476384
0.3811621231401457   333.46217978933146   616.6746296881923
0.3923360608618501   312.44806521424385   593.9334997562383
0.4038375675538918   293.0229955533092   572.3054687945345
0.41567624604680364   275.3037149749256   551.7625268810543
0.42786198068238046   258.7549889837642   532.1710152378623
0.4404049455663077   242.829715272445   513.4120054195628
0.4533156130627191   227.5899786966866   495.50752536301314
0.4666047625377753   213.32374241749835   478.42022509821254
0.4802834893595659   200.0940925064714   462.13768944820896
0.49436321416184764   187.6677099814984   446.5847544188455
0.5088556923793517   175.86883071742187   431.68701455183117
0.5237730240626238   164.73796100930366   417.43737481441195
0.5391276639805903   154.33053147625577   403.82737101210114
0.5549324320192869   144.57859424824272   390.8100118126261
0.5712005238854289   135.38478419806395   378.32643286502395
0.5879455221237613   126.73652054710847   366.3712866180471
0.6051814074573895   118.63163068599908   354.9171640481428
0.622922570460556   111.02539015607509   343.9250356886232
0.6411838235736077   103.87980356119492   333.37151572436136
0.6599804134701901   97.1715928833868   323.23465921396894
0.6793280337869897   90.88122240539448   313.49021871969677
0.6992428382266549   84.98397493855067   304.1145379516667
0.7197414540448374   79.45593777573988   295.08545722527106
0.7408409959326054   74.27463160194793   286.38231337511394
0.7625590803058332   69.41892446559598   277.98583362081587
0.7849138400134885   64.86895100485066   269.87803834623935
0.8079239394770964   60.606036724763705   262.0421515301713
0.8316085902740278   56.61273435277648   254.46212422392608
0.8559875671776167   52.87290705333167   247.12190808331295
0.8810812246675007   49.37135513579477   240.0064134405781
0.9069105139239728   46.09371329590073   233.10164230338563
0.9334970003205227   43.026411245656384   226.3946173072689
0.960862881429187   40.15663566992113   219.87331670279556
0.9890310055537336   37.47229351081828   213.52661477510776
1.0180248908061487   34.961958173170146   207.34417454645958
1.047868744742366   32.61478503058994   201.3162367447951
1.0785874845736239   30.42055298324858   195.4337609394819
1.1102067579703248   28.369652477551565   189.68844477943844
1.1427529644757777   26.453051019741384   184.07268226075104
1.1762532775476793   24.662260483515716   178.57952499451184
1.210735667245765   22.989306129160568   173.20264612579174
1.246228923584555   21.426698814253545   167.93638104549652
1.2827626805706884   19.967414752993395   162.77608565957607
1.3203674409449337   18.604860715456404   157.71775942377568
1.3590746016495152   17.332845065896485   152.7578124076686
1.3989164800420282   16.145554784832242   147.89304176691903
1.4399263408778291   15.037533702794429   143.120609636365
1.4821384240834183   14.003661879408256   138.43802176253234
1.525587973344019   13.03913586937645   133.84318671835777
1.5703112655292182   12.139448510617042   129.33510589292527
1.6163456409812174   11.300372866600847   124.91340159535748
1.6637295346910133   10.517946966810385   120.5777877887533
1.7125025083885144   9.7884580413298   116.3280532073444
1.7627052835733923   9.108427614402114   112.16405128889559
1.814379775514258   8.474597430741001   108.08569031061084
1.8675691282445197   7.883916111048683   104.09296660833297
1.922317750584177   7.333525691366875   100.18663236210226
1.9786713532176083   6.820750287274209   96.36794672666176
2.0366769868582977   6.343085897680886   92.63800226455061
2.0963830815323896   5.898189846982715   88.99770711520033
2.1578394870138577   5.483870812677131   85.44778911778043
2.2210975144450407   5.098079437052239   81.98880030353901
2.286209979177315   4.738899470543878   78.62113175439117
2.3532312448676476   4.404538825151421   75.34533718329082
2.4222172688678643   4.0933218461140894   72.1621407877938
2.4932256489445366   3.8036828463338157   69.0720151391203
2.5663156713684585   3.534159181250705   66.0751694984248
2.641548360413907   3.2833846910551885   63.17156532208246
2.7189865293089923   3.0500835431944124   60.360931821897054
2.798694832679631   2.8330644639400187   57.64278355061006
2.8807398205309562   2.6312162877819447   55.01660879566563
2.9651899938111903   2.44350322759083   52.481974272995274
3.05211586160442   2.2689582057679   50.038219624138286
3.1415899999999994   2.1066782994791393   47.68444537404692
