0.01   8869.167875776116   8868.767409512115
0.010293154462191829   8932.488111855237   8932.080092123953
0.010594902878253955   8991.052348399451   8990.63670750544
0.010905497183778876   9044.593562031476   9044.170451799557
0.011225196699963396   9092.835256957385   9092.404582509573
0.011554268350120923   9135.50199956591   9135.0632716952
0.011892986882540897   9172.32418361803   9171.876522522842
0.012241635099881474   9203.024344140606   9202.566683540375
0.012600504095286909   9227.318484946716   9226.849781082212
0.012969893495426888   9244.932665070912   9244.451911692408
0.013350111710660605   9255.599341706084   9255.105507788116
0.013741476192534558   9259.045225110262   9258.53703587192
0.014144313698828986   9255.009069992791   9254.484968248602
0.01455896056637426   9243.246433181917   9242.704566639133
0.014985762991865008   9223.514926831302   9222.95285720844
0.01542507732090645   9195.581773428321   9194.99628167995
0.015877270345534218   9159.23871343119   9158.625825162855
0.016342719610456153   9114.298057645852   9113.65301946204
0.016821813728271667   9060.586913170586   9059.904101414348
0.017314952703931925   8997.962253170299   8997.23521693259
0.017822548268711737   8926.31445356408   8925.535993963289
0.01834502422397195   8845.56459893657   8844.726902476894
0.018882816794999403   8755.66924402968   8754.76399932974
0.019436374995219892   8656.62499877506   8655.643500206195
0.02000616100108813   8548.478236556672   8547.411693701437
0.020592650537967844   8431.330577085773   8430.170533606068
0.021196333277324068   8305.327039252155   8304.065489048455
0.02181771324555934   8170.663736283162   8169.293454713955
0.022457309244835088   8027.62559461406   8026.141550370468
0.02311565528622961   7876.551662380843   7874.951432140127
0.023793301035594242   7717.8190232614625   7716.102741312413
0.024490812272480036   7551.903166149069   7550.074830168606
0.025208771362518027   7379.376809438145   7377.445573829334
0.0259477777436476   7200.832899061222   7198.812678918179
0.02670844842659881   7016.918387069467   7014.827816120147
0.027491418510046592   6828.437237132869   6826.30083583904
0.028297341710866907   6636.212321265265   6634.060065550689
0.029126890909937666   6441.053246914845   6438.919735532097
0.029980758713939952   6243.915470714726   6241.840116818769
0.030859658033628758   6045.835728570036   6043.862587673894
0.031764322679055976   5847.7777865751   5845.954479716673
0.03269550797224261   5650.718344736854   5649.094468162496
0.033653991377811755   5455.772206939848   5454.397088138379
0.03464057315210884   5263.965005352414   5262.88696548095
0.03565607701135116   5076.222161228176   5075.487705730308
0.036701350819364466   4893.594270145099   4893.2437315170055
0.03777726729548091   4717.11567948036   4717.181544873343
0.038884724743189276   4547.659673904714   4548.167550254486
0.04002464780014597   4385.919223570753   4386.882502482525
0.041197988210172884   4232.403342907433   4233.813951648365
0.04240572561788674   4087.5125951810373   4089.3431630113787
0.04364886838662332   3951.5981054542794   3953.803459818741
0.04492845444033957   3825.168142102549   3827.678432217177
0.04624555213019635   3708.7320362107075   3711.452520980041
0.04760126112654554   3602.6713320900612   3605.485627178386
0.04899671333706607   3506.3988725832282   3509.173465439803
0.05043307385181555   3418.5880867425076   3421.175448111751
0.05191154191598653   3338.020110617285   3340.2592729675025
0.053433351931179485   3263.626856634269   3265.3433963933794
0.05499977448602865   3194.4672309477464   3195.4734025576236
0.05661211741704101   3129.619420667275   3129.7178496672977
0.05827172690053434   3067.735242799717   3066.744071932265
0.05997998857658587   3007.3233509770007   3005.088378975589
0.06173832870592997   2946.780550375017   2943.1936668587764
0.0635482153607709   2884.139279615795   2879.1784813980676
0.06541115965050462   2817.519078753446   2811.255843358993
0.06732871698337338   2745.0745778786436   2737.7016739695796
0.06930248836510605   2665.1663666379104   2657.0024558857426
0.07133412173562886   2576.8176945870446   2568.3069990499607
0.07342531334496233   2479.6601895573817   2471.359887967702
0.07557780916945323   2374.204247746489   2366.735206451237
0.07779340636952398   2261.7613572111577   2255.7593839343263
0.08007395479015682   2144.1032279056285   2140.2216307805206
0.08242135850536496   2023.3405564334535   2022.2419009225991
0.08483757740794096   1901.9847687391914   1904.2232433677789
0.08732462884580919   1782.6687868520064   1788.625473631251
0.08988458930634863   1668.135655787602   1678.0052830816471
0.09251959615009227   1561.000739815973   1574.7546088406048
0.09523184939525078   1463.864443913395   1481.1593454442834
0.09802361355455057   1378.6181378507881   1398.8480698550725
0.10089721952591899   1306.4246251512614   1328.7335535098814
0.10385506653859616   1247.4541501541994   1270.8207723134356
0.10689962415629803   1200.6370574939817   1223.9512786383777
0.11003343433910281   1164.0344461257528   1186.2278428103434
0.11325911356578279   1134.9101231109435   1155.0845575746991
0.11657935501835284   1110.0019141391783   1127.5475864163066
0.11999693083066039   1085.8457966135109   1100.5511330987354
0.12351469440289359   1058.9857179862063   1071.177652378707
0.12713558278394044   1026.572822275833   1037.111433535781
0.13086261912358757   986.7202437613035   996.9105782153732
0.13469891519660646   938.9495570013006   950.3650091002136
0.13864767400083483   884.1694584660185   898.4356845667571
0.14271219243142114   824.6008699152126   843.1522929775387
0.14689586403346616   763.6201857094885   787.4029070110281
0.1512021818353596   705.4142408913536   734.4969858700315
0.15563474126517718   653.872837006893   687.52252548842
0.16019724315257297   611.4259656632142   648.1231831688232
0.1648934968186736   578.5725365769226   616.3903460122087
0.1697274232565544   554.2262364117233   591.3859785047721
0.17470305840495237   536.2855197964627   571.1574828262018
0.17982455651794954   521.680414291569   553.3740341509792
0.18509619363343993   506.5567330884954   535.2115334741486
0.19052237114327647   487.56103534179385   514.3290730166985
0.19610761946807834   463.24535376877543   489.9692232840468
0.20185660183976684   434.36534390922117   462.9813983948252
0.20777411819498756   403.12317836648526   434.9132622056709
0.21386510918267082   372.61586193201936   407.8892602942788
0.22013466028907505   345.89491862885   383.901037351635
0.22658800608375756   324.663799340899   363.6894993997682
0.23323053459001789   308.81724546512754   347.1096159916739
0.2400677917834628   296.68407834547384   332.92695651242445
0.24710548622244882   285.49461268506843   319.41042675906556
0.25434949381426813   272.7401004398769   305.18043061344304
0.2618058627210567   257.4930487612859   290.0190291938001
0.2694808184095226   240.40817283746273   274.2015677663539
0.27738076884870827   223.28377079634024   258.80009639599837
0.2855123098601282   208.1813071781758   244.85037716593348
0.29388223062474755   196.02254104172982   232.71050678512307
0.3024975193514008   186.27155837450795   221.87382278004668
0.31136536911138296   177.49738774027375   211.7215227180529
0.3204931838440838   168.2120003322981   201.6681337514037
0.32988858453867975   157.9689311873913   191.47956233046585
0.3395594155970457   147.48645344333036   181.54828461709295
0.34951375138319807   137.82497824509227   172.2677606255426
0.3597599029647371   129.60253776766527   163.8044435327048
0.37030642505191835   122.53227580082441   155.99060270142493
0.3811621231401457   115.80087375461078   148.52773467472966
0.3923360608618501   108.88442225273738   141.2972225780671
0.4038375675538918   101.92902395143172   134.30622764689159
0.41567624604680364   95.4378084086261   127.71634297359199
0.42786198068238046   89.67548518963515   121.57940538439172
0.4404049455663077   84.44637764867949   115.80319999628095
0.4533156130627191   79.38359116775091   110.28500470247292
0.4666047625377753   74.4079278506744   105.00994292516592
0.4802834893595659   69.70092725806794   100.00850413446621
0.49436321416184764   65.39906873247467   95.3032286087661
0.5088556923793517   61.41376419783514   90.8573077997216
0.5237730240626238   57.60124710972198   86.62437186234169
0.5391276639805903   53.95846741262226   82.60390109019659
0.5549324320192869   50.558253688271044   78.80155598165807
0.5712005238854289   47.39908897151642   75.20576338855439
0.5879455221237613   44.41645645340636   71.79484615215698
0.6051814074573895   41.591963538247306   68.55611557584902
0.622922570460556   38.946162393773996   65.49009236500028
0.6411838235736077   36.471462799709386   62.584427058862644
0.6599804134701901   34.14642130412214   59.82910713182181
0.6793280337869897   31.960845991379845   57.21626668825452
0.6992428382266549   29.907519101929434   54.738159361303985
0.7197414540448374   27.979484116139588   52.38747073856833
0.7408409959326054   26.170037767331905   50.15729812652143
0.7625590803058332   24.472732880605488   48.041127263909765
0.7849138400134885   22.88137956680881   46.03281033526814
0.8079239394770964   21.390026181192386   44.126530815128625
0.8316085902740278   19.99274851643521   42.316617272156805
0.8559875671776167   18.68378569925391   40.59761289433635
0.8810812246675007   17.457717972951606   38.96439642270226
0.9069105139239728   16.30945036482462   37.41216258044377
0.9334970003205227   15.234193524945933   35.93640109371048
0.960862881429187   14.227445689357927   34.5328771951772
0.9890310055537336   13.284977173424842   33.19760828763503
1.0180248908061487   12.402845333718613   31.926733442357463
1.047868744742366   11.57736930038705   30.716517914922314
1.0785874845736239   10.805078987901984   29.563466361734957
1.1102067579703248   10.082702718078611   28.464311054815365
1.1427529644757777   9.407157019904894   27.415995535040565
1.1762532775476793   8.775536862962609   26.41565954379433
1.210735667245765   8.185106194057113   25.46062352491576
1.246228923584555   7.633283358034724   24.54829715364738
1.2827626805706884   7.117631980799323   23.67614535553922
1.3203674409449337   6.635862060110596   22.841797404410126
1.3590746016495152   6.185822362502299   22.043043976880167
1.3989164800420282   5.765492479298686   21.27782513995642
1.4399263408778291   5.372975303336129   20.544219335824494
1.4821384240834183   5.006489909385562   19.840433061291893
1.525587973344019   4.66436527620706   19.16475548607372
1.5703112655292182   4.345034245450212   18.51551602004586
1.6163456409812174   4.04702643858963   17.891151924425657
1.6637295346910133   3.768962473539682   17.290210341053836
1.7125025083885144   3.5095486336184916   16.711340302136744
1.7627052835733923   3.2675718259611974   16.153285409751806
1.814379775514258   3.0418948153380017   15.614877120103305
1.8675691282445197   2.831451621667254   15.095022596672708
1.922317750584177   2.6352430987133535   14.59268738241166
1.9786713532176083   2.4523332299448497   14.106907478697815
2.0366769868582977   2.2818453861722303   13.63678830436546
2.0963830815323896   2.1229587274013917   13.181499998716156
2.1578394870138577   1.974904809655524   12.740273089606537
2.2210975144450407   1.8369643860697045   12.312394491732249
2.286209979177315   1.708464268768605   11.89720500542136
2.3532312448676476   1.5887740926677762   11.494100124934613
2.4222172688678643   1.4773041877737985   11.102522122549319
2.4932256489445366   1.373503226707561   10.721955288067008
2.5663156713684585   1.2768558181060474   10.351923232398685
2.641548360413907   1.186880244517666   9.991986364897215
2.7189865293089923   1.1031263366323822   9.64173952736504
2.798694832679631   1.025173580304551   9.300821849019128
2.8807398205309562   0.9526298255037663   8.96898728216363
2.9651899938111903   0.8851289076581131   8.646041319901059
3.05211586160442   0.822328649188072   8.331797292414343
3.1415899999999994   0.7639093543892603   8.026075629369846
