0.01   8860.064209541757   8858.981893900005
0.010293154462191829   8966.986130039088   8965.816771796022
0.010594902878253955   9070.849671421569   9069.58550077814
0.010905497183778876   9171.383196990133   9170.015819481538
0.011225196699963396   9268.308928784503   9266.829211105864
0.011554268350120923   9361.336704891099   9359.734426295165
0.011892986882540897   9450.172938397493   9448.4367194884
0.012241635099881474   9534.522317322399   9532.639629142957
0.012600504095286909   9614.076046880928   9612.033334431866
0.012969893495426888   9688.517395686398   9686.30017465027
0.013350111710660605   9757.531653282529   9755.124542834907
0.013741476192534558   9820.801711261054   9818.188335912226
0.014144313698828986   9878.002981664122   9875.165731228277
0.01455896056637426   9928.815533484454   9925.735581225448
0.014985762991865008   9972.925449351867   9969.58268867786
0.01542507732090645   10010.014659386163   10006.386805953065
0.015877270345534218   10039.770007200272   10035.83223764673
0.016342719610456153   10061.891210552281   10057.616267569585
0.016821813728271667   10076.087647424023   10071.446153722278
0.017314952703931925   10082.077981120989   10077.038864268095
0.017822548268711737   10079.599333821106   10074.130035983846
0.01834502422397195   10068.41030411387   10062.476852501464
0.018882816794999403   10048.294277105224   10041.860804519558
0.019436374995219892   10019.060387610361   10012.089182473206
0.02000616100108813   9980.545531507953   9972.997364668818
0.020592650537967844   9932.628547046845   9924.46344915414
0.021196333277324068   9875.23191134049   9866.409973393385
0.02181771324555934   9808.310384651057   9798.792140769932
0.022457309244835088   9731.865306626007   9721.61270115083
0.02311565528622961   9645.977355563891   9634.95608027643
0.023793301035594242   9550.769214017555   9538.949389338211
0.024490812272480036   9446.40084074199   9433.757322460835
0.025208771362518027   9333.134278782825   9319.647953200863
0.0259477777436476   9211.309732492598   9196.968372542742
0.02670844842659881   9081.292242266174   9066.090484671824
0.027491418510046592   8943.522074033626   8927.462824664375
0.028297341710866907   8798.577950049596   8781.675525375025
0.029126890909937666   8647.060914647684   8629.340876254235
0.029980758713939952   8489.592671994205   8471.091000288887
0.030859658033628758   8326.959314236872   8307.720975020107
0.031764322679055976   8160.010847102981   8140.08855940973
0.03269550797224261   7989.568024719747   7969.021298182307
0.033653991377811755   7816.512574848233   7795.406616693961
0.03464057315210884   7641.83173916845   7620.23624288333
0.03565607701135116   7466.463486979533   7444.4516117816365
0.036701350819364466   7291.322453013237   7268.967900212639
0.03777726729548091   7117.489106932577   7094.854341802726
0.038884724743189276   6946.032866272974   6923.165641638142
0.04002464780014597   6777.919618594055   6754.853697738671
0.041197988210172884   6613.8690888905   6590.6238613288915
0.04240572561788674   6454.3565239604895   6430.936669555859
0.04364886838662332   6299.795179244251   6276.191714555825
0.04492845444033957   6150.670914629879   6126.851224643299
0.04624555213019635   6007.867957002875   5983.736249183359
0.04760126112654554   5872.286353600257   5847.679068780589
0.04899671333706607   5744.608850876842   5719.303923752406
0.05043307385181555   5624.218678411804   5597.979545318949
0.05191154191598653   5509.858014229955   5482.457098063315
0.053433351931179485   5400.363459218829   5371.582957269762
0.05499977448602865   5294.725200974522   5264.363134231511
0.05661211741704101   5192.045126349456   5159.9186961876
0.05827172690053434   5091.4107412333415   5057.363873104563
0.05997998857658587   4991.596251403484   4955.535471016469
0.06173832870592997   4891.351509983333   4853.255783323148
0.0635482153607709   4789.309178084593   4749.2698499582575
0.06541115965050462   4683.921696566809   4642.19535922718
0.06732871698337338   4573.73001004628   4530.74782833554
0.06930248836510605   4457.252717501976   4413.6739233017115
0.07133412173562886   4333.215416089334   4289.923532334002
0.07342531334496233   4200.928033719983   4159.041109808886
0.07557780916945323   4060.1585879560107   4021.0014055920933
0.07779340636952398   3911.6523364267987   3876.66283169673
0.08007395479015682   3756.8136917910765   3727.4587848176006
0.08242135850536496   3597.786721180688   3575.431316617456
0.08483757740794096   3437.0770780126295   3422.896934781589
0.08732462884580919   3277.450344550843   3272.3268583033605
0.08988458930634863   3121.6075981346185   3126.0793266994924
0.09251959615009227   2972.1771573084184   2986.357410283414
0.09523184939525078   2831.5739920344276   2855.097114101358
0.09802361355455057   2702.0140730124726   2733.978464314418
0.10089721952591899   2585.1082854366928   2624.122994858062
0.10385506653859616   2481.857202394359   2526.0586930485706
0.10689962415629803   2392.0695472333064   2439.3629402332313
0.11003343433910281   2314.4160244851937   2362.6932799529377
0.11325911356578279   2246.258075828164   2293.6535143623646
0.11657935501835284   2184.2092515976487   2229.3253309665206
0.11999693083066039   2124.3856062717778   2166.6964269058603
0.12351469440289359   2063.0859746980004   2102.981338803591
0.12713558278394044   1997.1046774858464   2035.843234089949
0.13086261912358757   1924.2703193969955   1964.0310796250762
0.13469891519660646   1843.7447840048972   1887.2813776710088
0.13864767400083483   1756.2453957814862   1806.3303774247563
0.14271219243142114   1664.009167010968   1723.0390733122313
0.14689586403346616   1570.2564898588832   1639.8814903978703
0.1512021818353596   1478.7479395021028   1559.4804426109317
0.15563474126517718   1393.3554269233023   1484.2776253773545
0.16019724315257297   1317.4907868886332   1416.3793234419657
0.1648934968186736   1253.0773842862143   1356.6472921617694
0.1697274232565544   1199.731549575334   1304.4247446671804
0.17470305840495237   1154.8841862177242   1257.8366994194068
0.17982455651794954   1114.8217218792513   1214.4018156592942
0.18509619363343993   1075.7520182572734   1171.821361675065
0.19052237114327647   1034.2547112943869   1128.2555272046934
0.19610761946807834   987.8762395951433   1082.6738068465932
0.20185660183976684   936.3614376104176   1035.446639905627
0.20777411819498756   882.0775609157503   987.7144254276136
0.21386510918267082   828.6585029309806   941.5665910590425
0.22013466028907505   779.3874837077705   898.5575839348762
0.22658800608375756   736.4933212076913   859.3809137006303
0.23323053459001789   700.5312695069525   824.240941683151
0.2400677917834628   669.9421429831264   791.9576258053053
0.24710548622244882   641.7655625568879   761.2233483281061
0.25434949381426813   613.1106522735213   730.9477082975498
0.2618058627210567   582.1530478298191   700.6249592493732
0.2694808184095226   549.2208661936992   670.3525467291773
0.27738076884870827   516.4171169603699   641.0408505337746
0.2855123098601282   485.9543571548379   613.4411271408571
0.29388223062474755   459.1898904167265   587.8498004077652
0.3024975193514008   436.0208771213041   563.9297156131241
0.31136536911138296   414.8307434476615   541.261943281398
0.3204931838440838   393.83867456993477   519.3547511243737
0.32988858453867975   372.2312928787701   497.99967473978506
0.3395594155970457   350.4720054170251   477.29504046757563
0.34951375138319807   329.8655532364716   457.60122952196707
0.3597599029647371   311.27282709622324   439.0586007000942
0.37030642505191835   294.51283106377343   421.4912108133134
0.3811621231401457   278.74875608375237   404.72228397132943
0.3923360608618501   263.2151627017283   388.6268727423105
0.4038375675538918   247.89768199180733   373.1248440661272
0.41567624604680364   233.34955842175216   358.35182352485003
0.42786198068238046   219.94886512621966   344.33540747273594
0.4404049455663077   207.55172347703441   330.9942375785647
0.4533156130627191   195.72838174193197   318.23834395542724
0.4666047625377753   184.2950057892516   306.02561050491715
0.4802834893595659   173.39888355068726   294.35598397758804
0.49436321416184764   163.22841592370398   283.2485874948554
0.5088556923793517   153.70961848802978   272.66161053597824
0.5237730240626238   144.66607003133907   262.53541062617916
0.5391276639805903   136.04512644359136   252.8594714210225
0.5549324320192869   127.91658049767025   243.62496961805684
0.5712005238854289   120.28835471568365   234.81286047459668
0.5879455221237613   113.08377427974283   226.39327390776353
0.6051814074573895   106.25931568117045   218.34045328629378
0.622922570460556   99.8248907759621   210.64520314145676
0.6411838235736077   93.76728786462269   203.28744526409426
0.6599804134701901   88.06675728431067   196.25173870349795
0.6793280337869897   82.69360253708832   189.52169280609922
0.6992428382266549   77.62502658916011   183.078398287722
0.7197414540448374   72.84663624303734   176.90659331483786
0.7408409959326054   68.34442323147815   170.99194268187017
0.7625590803058332   64.10478541185901   165.32097565222
0.7849138400134885   60.11454369055337   159.8810283753663
0.8079239394770964   56.36095502622985   154.66019051662266
0.8316085902740278   52.83168001087165   149.6471859518213
0.8559875671776167   49.51430261259572   144.8304773048428
0.8810812246675007   46.396639380218055   140.1986164962856
0.9069105139239728   43.46716974854926   135.74091487338387
0.9334970003205227   40.715010352910326   131.4474039314338
0.960862881429187   38.12988114445552   127.3087843924397
0.9890310055537336   35.702073248032995   123.31637944595968
1.0180248908061487   33.42241847507881   119.46209177658409
1.047868744742366   31.282283312945488   115.7382479811222
1.0785874845736239   29.273610476983873   112.1371797980232
1.1102067579703248   27.38879693243225   108.65162443218381
1.1427529644757777   25.62064113276034   105.2748467558245
1.1762532775476793   23.96232481856681   102.00060401254687
1.210735667245765   22.407395410233153   98.82311339428287
1.246228923584555   20.9497489917511   95.73702221917935
1.2827626805706884   19.58361374806659   92.7373800143145
1.3203674409449337   18.303523718722946   89.81957812532947
1.3590746016495152   17.104299698596233   86.97930646874143
1.3989164800420282   15.98105418703245   84.21259307173935
1.4399263408778291   14.929178182877507   81.51578962415918
1.4821384240834183   13.944326574022929   78.88555189249067
1.525587973344019   13.022404201621715   76.31882142354209
1.5703112655292182   12.159552574453588   73.81280839593904
1.6163456409812174   11.35213724225386   71.36499784178253
1.6637295346910133   10.596736113947127   68.97340221357946
1.7125025083885144   9.890127732971944   66.63641828608904
1.7627052835733923   9.22928002503664   64.35258814115362
1.814379775514258   8.611339932243949   62.12058492820626
1.8675691282445197   8.033623563614938   59.93920395699056
1.922317750584177   7.49360683366669   57.80735410656186
1.9786713532176083   6.98891656883426   55.72404952476705
2.0366769868582977   6.517321523975463   53.68848822342065
2.0963830815323896   6.076722783394476   51.70032163484323
2.1578394870138577   5.665148414976433   49.759316752080366
2.2210975144450407   5.280746892626669   47.86523497461473
2.286209979177315   4.921780124680746   46.01782996516304
2.3532312448676476   4.586616857895795   44.21684563905737
2.4222172688678643   4.2737264388550775   42.46201428246397
2.4932256489445366   3.9816729354630565   40.75305833070405
2.5663156713684585   3.709111061956062   39.08995982899443
2.641548360413907   3.454781416087847   37.47309280013635
2.7189865293089923   3.217502676922989   35.90273744849454
2.798694832679631   2.996166792209432   34.37903732669426
2.8807398205309562   2.789734703982041   32.90200752240768
2.9651899938111903   2.5972323018655485   31.471542857944065
3.05211586160442   2.4177465936566525   30.087426057015996
3.1415899999999994   2.2504215752212864   28.74931861212268
