0.01   16285.4502043474   16279.942948824513
0.010293154462191829   16465.98906448715   16459.974230047497
0.010594902878253955   16640.41393367586   16633.84538435033
0.010905497183778876   16808.23474221343   16801.061234317345
0.011225196699963396   16968.94431933488   16961.110214041364
0.011554268350120923   17122.017403924146   17113.463548806452
0.011892986882540897   17266.927295108373   17257.591171011885
0.012241635099881474   17403.140600030707   17392.955949929034
0.012600504095286909   17530.09658785581   17518.991662543063
0.012969893495426888   17647.231883374203   17635.12913333161
0.013350111710660605   17753.98859819987   17740.804808034547
0.013741476192534558   17849.79666586658   17835.44244466419
0.014144313698828986   17934.080626849573   17918.460103539972
0.01455896056637426   18006.27896600884   17989.290119131172
0.014985762991865008   18065.836505114148   18047.37089085359
0.01542507732090645   18112.190583910244   18092.13209621043
0.015877270345534218   18144.79806769426   18123.023245818145
0.016342719610456153   18163.141338425106   18139.51976107983
0.016821813728271667   18166.71571234663   18141.108170611777
0.017314952703931925   18155.04150517503   18127.29948521023
0.017822548268711737   18127.677731529875   18097.644444166574
0.01834502422397195   18084.224514987334   18051.73631235098
0.018882816794999403   18024.32580716378   17989.213898461385
0.019436374995219892   17947.675566233098   17909.76749947534
0.02000616100108813   17854.02614729292   17813.147244176595
0.020592650537967844   17743.213962635447   17699.18822699008
0.021196333277324068   17615.14471067599   17567.796323495368
0.02181771324555934   17469.787383605606   17418.942716350586
0.022457309244835088   17307.224995680463   17252.718963751693
0.02311565528622961   17127.662449306685   17069.345387402023
0.023793301035594242   16931.369627749933   16869.109031453874
0.024490812272480036   16718.71623665713   16652.40000070088
0.025208771362518027   16490.278631816727   16419.82336532278
0.0259477777436476   16246.717669457517   16172.070757375093
0.02670844842659881   15988.749352763558   15909.88937049306
0.027491418510046592   15717.311747690368   15634.255439684008
0.028297341710866907   15433.51187509258   15346.318590390161
0.029126890909937666   15138.467404759609   15047.23694972006
0.029980758713939952   14833.423086550158   14738.295753197981
0.030859658033628758   14519.929962047634   14421.089833923847
0.031764322679055976   14199.537790641463   14097.209169345164
0.03269550797224261   13873.764528557265   13768.207120092244
0.033653991377811755   13544.35663019923   13435.861041459215
0.03464057315210884   13213.119322683711   13102.001824987048
0.03565607701135116   12881.735454853157   12768.33231057777
0.036701350819364466   12552.011031274014   12436.65798012329
0.03777726729548091   12226.029093296791   12109.031369598752
0.038884724743189276   11905.716474723296   11787.345290828753
0.04002464780014597   11592.742128133714   11473.234606597665
0.041197988210172884   11288.225491152112   11167.785989257492
0.04240572561788674   10993.018075742977   10871.819510714131
0.04364886838662332   10707.88362991446   10586.065702399064
0.04492845444033957   10434.113277695615   10311.688897556804
0.04624555213019635   10173.587617643516   10050.340345203005
0.04760126112654554   9928.02172812861   9803.518171811229
0.04899671333706607   9698.075230676908   9571.730652067654
0.05043307385181555   9481.988837483597   9353.210801017438
0.05191154191598653   9277.755599173286   9145.967640702947
0.053433351931179485   9083.535683798382   8948.180025371992
0.05499977448602865   8897.652115839543   8758.196713366304
0.05661211741704101   8718.548826317907   8574.490769930584
0.05827172690053434   8544.367989715116   8395.298406789865
0.05997998857658587   8372.778494013024   8218.474775892058
0.06173832870592997   8201.495808874397   8041.944831800263
0.0635482153607709   8027.773981665674   7863.330229615208
0.06541115965050462   7848.805202603717   7680.251192760473
0.06732871698337338   7661.748715450774   7490.42258953515
0.06930248836510605   7463.69559566077   7291.642373263671
0.07133412173562886   7252.295803536894   7082.23632061412
0.07342531334496233   7026.050178027672   6861.369863700265
0.07557780916945323   6784.402829933213   6629.006648233896
0.07779340636952398   6528.613538413274   6386.712161466286
0.08007395479015682   6260.9254908449175   6136.762317650458
0.08242135850536496   5985.144881436088   5882.549456819276
0.08483757740794096   5705.601755112412   5627.788065720914
0.08732462884580919   5427.243596121678   5376.615392237461
0.08988458930634863   5154.9842483621815   5132.886657216696
0.09251959615009227   4893.606883659629   4900.10185201491
0.09523184939525078   4647.78356758034   4681.442622321032
0.09802361355455057   4421.5823405870715   4479.5742171208685
0.10089721952591899   4218.166931090947   4296.2383596073705
0.10385506653859616   4039.653972395617   4132.319712360404
0.10689962415629803   3885.743482606655   3986.75688822389
0.11003343433910281   3754.500033420351   3857.4384816935235
0.11325911356578279   3641.329946976711   3740.8308265361516
0.11657935501835284   3540.4353150581715   3632.678374587029
0.11999693083066039   3444.9712333916523   3528.151170031628
0.12351469440289359   3348.1535264329646   3423.0646156048456
0.12713558278394044   3243.948355622668   3314.0391480440935
0.13086261912358757   3127.826774956401   3198.754403989815
0.13469891519660646   2997.7059382636885   3076.562029981738
0.13864767400083483   2854.2323707503824   2948.823038249153
0.14271219243142114   2700.796423993098   2818.5680882693823
0.14689586403346616   2542.9153759724713   2688.5776814839373
0.1512021818353596   2387.372837573729   2562.705195139219
0.15563474126517718   2241.419003807736   2444.6899945380646
0.16019724315257297   2111.5903095158224   2337.0206906445296
0.1648934968186736   2001.9376765392358   2241.1249469116106
0.1697274232565544   1912.3937672986974   2156.168619205863
0.17470305840495237   1838.9686873226744   2079.133986470094
0.17982455651794954   1775.4922628194531   2007.1994260168956
0.18509619363343993   1715.1712087972385   1937.5484253732782
0.19052237114327647   1651.3397077504064   1867.7541154459714
0.19610761946807834   1578.8286040327525   1796.06657626108
0.20185660183976684   1496.4048788255932   1722.4345601131602
0.20777411819498756   1407.6412400479558   1649.0044921499482
0.21386510918267082   1318.7420383701904   1578.3628986079514
0.22013466028907505   1235.8920245819693   1511.6412150060269
0.22658800608375756   1163.8191111678293   1450.1806281041054
0.23323053459001789   1104.3250144667236   1393.5851610442937
0.2400677917834628   1055.1560662401228   1341.360484547777
0.24710548622244882   1011.3426802694679   1291.5877712424556
0.25434949381426813   967.3212424201041   1243.0045533713492
0.2618058627210567   919.1094832050895   1195.1255593815893
0.2694808184095226   866.5630582634129   1147.9864901532317
0.27738076884870827   813.0603949695179   1102.6506953761489
0.2855123098601282   762.7723576550351   1059.389591857106
0.29388223062474755   718.7902577948739   1018.841201177423
0.3024975193514008   681.5427264427772   980.6173132316886
0.31136536911138296   648.3984578069274   944.2690940765737
0.3204931838440838   615.9413314026415   909.3341787352638
0.32988858453867975   582.1275271392959   875.5132655565216
0.3395594155970457   547.3689385454614   842.8042657470827
0.34951375138319807   514.0173489063367   811.6185849472038
0.3597599029647371   484.00838399359867   782.1324486840442
0.37030642505191835   457.4430811040046   753.9304424903648
0.3811621231401457   432.8868968394047   727.0939222712935
0.3923360608618501   408.68813053318013   701.3205195803995
0.4038375675538918   384.51174615208447   676.495617432732
0.41567624604680364   361.32142778663905   652.7627701965293
0.42786198068238046   340.0322681183523   630.1770215083257
0.4404049455663077   320.5916634828523   608.6286525379663
0.4533156130627191   302.1842473364998   587.9916222217719
0.4666047625377753   284.2967016987031   568.1780245813768
0.4802834893595659   267.13219267384954   549.1596246241137
0.49436321416184764   251.13553099918508   531.0048973032357
0.5088556923793517   236.2794053312673   513.6634169012187
0.5237730240626238   222.2102824306677   497.0120425411839
0.5391276639805903   208.75588960581447   481.0291118466285
0.5549324320192869   196.0520377173351   465.7015118914377
0.5712005238854289   184.17486678988573   451.0201756718487
0.5879455221237613   172.9928483970991   436.92631854014473
0.6051814074573895   162.39360593494956   423.37107006562303
0.622922570460556   152.39809116295578   410.33985784665765
0.6411838235736077   143.01433475689305   397.81800691265767
0.6599804134701901   134.18571187848596   385.76652197193636
0.6793280337869897   125.86797864401022   374.15857123943556
0.6992428382266549   118.034398294844   362.9682732389392
0.7197414540448374   110.66022511580906   352.17141629510996
0.7408409959326054   103.72164864721691   341.74540346136916
0.7625590803058332   97.19578972877733   331.6691419961289
0.7849138400134885   91.06069295471767   321.9229418255882
0.8079239394770964   85.29531593892561   312.48842218408913
0.8316085902740278   79.87944616874162   303.34824426839833
0.8559875671776167   74.79321941658068   294.4847403743229
0.8810812246675007   70.01753203156828   285.8807769281548
0.9069105139239728   65.53432277321721   277.5204846436057
0.9334970003205227   61.32652205390347   269.38918403764825
0.960862881429187   57.378001216465954   261.4733115049674
0.9890310055537336   53.673524178170084   253.7603513817778
1.0180248908061487   50.198701363502856   246.23877338188885
1.047868744742366   46.93997587171643   238.89798329527235
1.0785874845736239   43.88462929803008   231.72828500658477
1.1102067579703248   41.020650354871194   224.7208074477137
1.1427529644757777   38.33668242792139   217.86745336813883
1.1762532775476793   35.82199215517696   211.1608562522263
1.210735667245765   33.46643918682253   204.59433984441935
1.246228923584555   31.260447107216883   198.16187995925975
1.2827626805706884   29.19497507478829   191.85808839139702
1.3203674409449337   27.2614783257368   185.67880607891752
1.3590746016495152   25.451884206680887   179.6210973361183
1.3989164800420282   23.758585031179823   173.68240343564784
1.4399263408778291   22.17441438155653   167.86047065778496
1.4821384240834183   20.692623472343712   162.15332937549354
1.525587973344019   19.306858634633006   156.55927362033412
1.5703112655292182   18.011139878820345   151.0768410848055
1.6163456409812174   16.79984041267042   145.7049638388765
1.6637295346910133   15.667666702839977   140.44413218352568
1.7125025083885144   14.609640534971719   135.29546018280345
1.7627052835733923   13.62108182576598   130.25992186461903
1.814379775514258   12.69759193227202   125.33834518950655
1.8675691282445197   11.83503780575699   120.53141188514972
1.922317750584177   11.029536956340541   115.83965766613811
1.9786713532176083   10.277443192170113   111.26347305558639
2.0366769868582977   9.575331981194587   106.80342372224312
2.0963830815323896   8.919985923199462   102.46080386961113
2.1578394870138577   8.308386019528927   98.23673149494599
2.2210975144450407   7.737700693242008   94.13197071220242
2.286209979177315   7.205274723216179   90.14695027243594
2.3532312448676476   6.70861878919249   86.28178231904765
2.4222172688678643   6.245399597130919   82.53628126541176
2.4932256489445366   5.813430647903068   78.90999396146303
2.5663156713684585   5.410666140120915   75.40255880459672
2.641548360413907   5.035192219969158   72.01371312433527
2.7189865293089923   4.685215425874048   68.74286071415175
2.798694832679631   4.359055345934811   65.58907481894872
2.8807398205309562   4.055137892879942   62.551127960397366
2.9651899938111903   3.771988946573006   59.627520907729675
3.05211586160442   3.5082283465678006   56.81651067383341
3.1415899999999994   3.262562894024158   54.116047831658705
