0.01   8589.714081629048   8589.252675053562
0.010293154462191829   8636.775976727435   8636.312472065221
0.010594902878253955   8678.916604288415   8678.450636624
0.010905497183778876   8715.906076240015   8715.436593180124
0.011225196699963396   8747.510008527162   8747.035953030949
0.011554268350120923   8773.489362173945   8773.010443321285
0.011892986882540897   8793.612970942471   8793.129715717003
0.012241635099881474   8807.6549019318   8807.168346380708
0.012600504095286909   8815.3834635098   8814.893989392287
0.012969893495426888   8816.575648189788   8816.082711508989
0.013350111710660605   8811.021612696632   8810.523779043022
0.013741476192534558   8798.512544570423   8798.008012536939
0.014144313698828986   8778.845582677142   8778.33259671166
0.01455896056637426   8751.836719329678   8751.313590263888
0.014985762991865008   8717.316681220696   8716.78164067178
0.01542507732090645   8675.123601011093   8674.574427993566
0.015877270345534218   8625.117981851268   8624.55196765112
0.016342719610456153   8567.18609514165   8566.600039886538
0.016821813728271667   8501.235708309063   8500.625643743204
0.017314952703931925   8427.200894711765   8426.56196698987
0.017822548268711737   8345.047246125172   8344.373787081668
0.01834502422397195   8254.775452049415   8254.061421416856
0.018882816794999403   8156.423925782625   8155.66360169376
0.019436374995219892   8050.066125818245   8049.254208723454
0.02000616100108813   7935.815450536924   7934.947118080577
0.020592650537967844   7813.848501912713   7812.9195418533745
0.021196333277324068   7684.386000764498   7683.39287164197
0.02181771324555934   7547.682646254148   7546.622526272325
0.022457309244835088   7404.065563995584   7402.937408957652
0.02311565528622961   7253.937633232016   7252.743337456933
0.023793301035594242   7097.726500158634   7096.470761337012
0.024490812272480036   6935.905990788147   6934.596359125717
0.025208771362518027   6769.070871151025   6767.7186065431815
0.0259477777436476   6597.843684032924   6596.463614986629
0.02670844842659881   6422.849410466632   6421.459509466545
0.027491418510046592   6244.827833760974   6243.449594141586
0.028297341710866907   6064.5953933596775   6063.253953886997
0.029126890909937666   5882.930145353206   5881.65363315909
0.029980758713939952   5700.636914537911   5699.455881937019
0.030859658033628758   5518.655742746588   5517.60279651632
0.031764322679055976   5337.8754878395575   5336.984711550689
0.03269550797224261   5159.116116016293   5158.422239932589
0.033653991377811755   4983.296166797831   4982.831405734468
0.03464057315210884   4811.331173837968   4811.123684512366
0.03565607701135116   4644.016654258305   4644.090829658836
0.036701350819364466   4482.090613984964   4482.465711598675
0.03777726729548091   4326.2817571153655   4326.969369080901
0.038884724743189276   4177.2109774448945   4178.215829164143
0.04002464780014597   4035.3941847787028   4036.713136961889
0.041197988210172884   3901.273796045577   3902.883144445784
0.04240572561788674   3775.216082160664   3777.0688792840924
0.04364886838662332   3657.509470793815   3659.538864700215
0.04492845444033957   3548.1632187937407   3550.2895394002153
0.04624555213019635   3446.881724904665   3449.019724940725
0.04760126112654554   3353.3701944266563   3355.4298650295364
0.04899671333706607   3267.1311556999353   3269.015701744474
0.05043307385181555   3187.043664535823   3188.643303948486
0.05191154191598653   3111.9672334353463   3113.1590185660084
0.053433351931179485   3040.8621586854397   3041.5146817736504
0.05499977448602865   2972.776481052336   2972.761636953744
0.05661211741704101   2906.832570302984   2906.0281499062166
0.05827172690053434   2841.929249881044   2840.235441902499
0.05997998857658587   2776.58437841228   2773.949452573349
0.06173832870592997   2709.3747167306533   2705.798828578876
0.0635482153607709   2638.7207617858653   2634.2813274442306
0.06541115965050462   2563.089500378276   2557.949761883182
0.06732871698337338   2481.3549475595905   2475.7630903561117
0.06930248836510605   2392.8751325674275   2387.162324535262
0.07133412173562886   2297.5383610109234   2292.0995081995247
0.07342531334496233   2196.1584637134956   2191.4263681537986
0.07557780916945323   2089.931274630547   2086.351381730188
0.07779340636952398   1980.702785318597   1978.7029481314562
0.08007395479015682   1870.3919872224244   1870.3605243320826
0.08242135850536496   1760.992998531484   1763.251757397871
0.08483757740794096   1654.4896251370994   1659.2657625655893
0.08732462884580919   1553.044542557298   1560.4248127897135
0.08988458930634863   1458.7119176445672   1468.6108022192093
0.09251959615009227   1373.3984157061475   1385.531980087982
0.09523184939525078   1298.4591218606529   1312.346942509982
0.09802361355455057   1234.742172008104   1249.739094581876
0.10089721952591899   1181.859811205115   1197.2441795196648
0.10385506653859616   1138.760867548994   1153.7834395221416
0.10689962415629803   1103.3577102291388   1117.3493179123332
0.11003343433910281   1073.1909461295606   1085.623559374048
0.11325911356578279   1045.4238480986667   1056.0222305546356
0.11657935501835284   1017.2763594711317   1026.0732662780688
0.11999693083066039   986.167372077777   993.5500477222292
0.12351469440289359   950.2284445153514   956.9139544017372
0.12713558278394044   908.4960566486322   915.4484112364635
0.13086261912358757   861.1792694106144   869.4679931092453
0.13469891519660646   809.4621009666536   820.1265839377398
0.13864767400083483   755.3534521505092   769.2555383583287
0.14271219243142114   701.5702809936901   719.2104334329929
0.14689586403346616   651.340912564338   672.5750299949
0.1512021818353596   607.4459800564454   631.5466752394756
0.15563474126517718   571.3424335468408   597.1886429152178
0.16019724315257297   542.8016639313964   569.1089784029085
0.1648934968186736   520.4078944796457   546.0276536856549
0.1697274232565544   502.2260657608889   526.2713365859141
0.17470305840495237   485.8113939155107   507.90009974866314
0.17982455651794954   468.28379915422414   488.6965411594518
0.18509619363343993   447.4714940243991   467.2536047638781
0.19052237114327647   422.9840104418856   443.38949349366686
0.19610761946807834   395.988549259277   418.0366785412585
0.20185660183976684   368.3882939654492   392.6721462583644
0.20777411819498756   342.3914884704026   368.8946726841723
0.21386510918267082   319.9142113574967   347.8527284159322
0.22013466028907505   301.6952815964982   329.98028312281696
0.22658800608375756   287.17029634912035   314.78766135998
0.23323053459001789   274.85173143744015   301.15146702701725
0.2400677917834628   262.7335235273481   287.8088061072216
0.24710548622244882   249.34395135899868   273.8860900344215
0.25434949381426813   234.56014544526175   259.4325363617323
0.2618058627210567   219.1793945667002   244.9652195097031
0.2694808184095226   204.46119043561768   231.2451575691425
0.27738076884870827   191.59166793556815   218.84121837463803
0.2855123098601282   180.8060308077625   207.8176473919244
0.29388223062474755   171.45189599757353   197.7560749893344
0.3024975193514008   162.55805009047128   188.14323210711663
0.31136536911138296   153.34773191258182   178.62130859601893
0.3204931838440838   143.82139595573224   169.2301909580615
0.32988858453867975   134.57905518195184   160.26003078374544
0.3395594155970457   126.16965174921243   151.90482459171525
0.34951375138319807   118.76099853692064   144.21549043884187
0.3597599029647371   112.03055595207618   137.01688729737057
0.37030642505191835   105.51267424080702   130.12509231319368
0.3811621231401457   99.04316601253969   123.47777769141571
0.3923360608618501   92.80169313301387   117.14751588287369
0.4038375675538918   87.03219259535915   111.19784208911966
0.41567624604680364   81.76932749397726   105.6212829761816
0.42786198068238046   76.85414891841017   100.34898479383536
0.4404049455663077   72.12413597841685   95.32392406617734
0.4533156130627191   67.59772482632653   90.55743612000529
0.4666047625377753   63.36045371203959   86.0525549013006
0.4802834893595659   59.43105041376954   81.80352917413931
0.49436321416184764   55.740238802518824   77.78337471857482
0.5088556923793517   52.2358038106759   73.9692531574372
0.5237730240626238   48.929777316420186   70.35834525913
0.5391276639805903   45.83861745086908   66.94646194871834
0.5549324320192869   42.94214755980222   63.719434334760855
0.5712005238854289   40.211449983075006   60.66264538458671
0.5879455221237613   37.64279009738345   57.76955337457767
0.6051814074573895   35.23551686314537   55.0331902315168
0.622922570460556   32.976342889666846   52.442864578045935
0.6411838235736077   30.85398945427932   49.99058182358503
0.6599804134701901   28.861545136593264   47.66923772189092
0.6793280337869897   26.993206361382345   45.4717343322512
0.6992428382266549   25.24163140949317   43.391139042710854
0.7197414540448374   23.59971764695492   41.42089602316532
0.7408409959326054   22.060788223491286   39.554829912280425
0.7625590803058332   20.61856651406316   37.78712352509606
0.7849138400134885   19.267152122008863   36.11229685761424
0.8079239394770964   18.00099838310775   34.52518726809499
0.8316085902740278   16.814923197529087   33.02088980423887
0.8559875671776167   15.704133795380729   31.594675959534825
0.8810812246675007   14.664115749294917   30.24208841536313
0.9069105139239728   13.690602434994421   28.958944363964452
0.9334970003205227   12.779563340908457   27.7413175596093
0.960862881429187   11.92719277148084   26.585521604665384
0.9890310055537336   11.129898944544292   25.488094381808853
1.0180248908061487   10.384288005532166   24.445753439932503
1.047868744742366   9.68713890558169   23.455293336017846
1.0785874845736239   9.035415787526473   22.513684498047986
1.1102067579703248   8.426264439793105   21.618095577778405
1.1427529644757777   7.857002052337659   20.765879228950975
1.1762532775476793   7.325107505565704   19.95455898923738
1.210735667245765   6.828212167716709   19.18181717463193
1.246228923584555   6.364091644244118   18.445468667055223
1.2827626805706884   5.930659784502692   17.743373007664594
1.3203674409449337   5.5259583233938345   17.073497009006655
1.3590746016495152   5.148148268568731   16.433946300610003
1.3989164800420282   4.79550307670983   15.82295500496142
1.4399263408778291   4.46640218958705   15.238876163693886
1.4821384240834183   4.159324910172631   14.680172950756543
1.525587973344019   3.872844539865511   14.145405032755034
1.5703112655292182   3.6056223574394792   13.633171879018985
1.6163456409812174   3.3564028655453932   13.142137772477984
1.6637295346910133   3.124009272600964   12.671060540760928
1.7125025083885144   2.9073388093174044   12.21878498200458
1.7627052835733923   2.7053583003019073   11.78423642151036
1.814379775514258   2.5170999831246808   11.366414806715882
1.8675691282445197   2.341657545085909   10.964388420133888
1.922317750584177   2.1781821397374084   10.57727511396067
1.9786713532176083   2.025879011512417   10.204242407655281
2.0366769868582977   1.8840044513169905   9.84451661795949
2.0963830815323896   1.751862661140603   9.497379091543952
2.1578394870138577   1.628802792955104   9.162162337447887
2.2210975144450407   1.514216160980708   8.83824646470107
2.286209979177315   1.4075336114842318   8.525055920563835
2.3532312448676476   1.3082228574104258   8.222057224624411
2.4222172688678643   1.215786184685693   7.928756194224478
2.4932256489445366   1.1297585443977345   7.644694329198709
2.5663156713684585   1.049705496126024   7.369446352013123
2.641548360413907   0.975221259666392   7.10261798006775
2.7189865293089923   0.9059268857151542   6.843843850169967
2.798694832679631   0.8414685422054966   6.592785924529125
2.8807398205309562   0.7815161950432042   6.349160837368758
2.9651899938111903   0.7257622040824663   6.112754775028818
3.05211586160442   0.6739193363583694   5.883369088240185
3.1415899999999994   0.625719412808896   5.6608138937568935
