0.01   19321.651712058458   19317.94381269574
0.010293154462191829   19485.172262273958   19481.16241007312
0.010594902878253955   19638.630045027774   19634.29859775283
0.010905497183778876   19781.386731350874   19776.711424970305
0.011225196699963396   19912.789964749427   19907.742932382625
0.011554268350120923   20032.195298069542   20026.74298498045
0.011892986882540897   20138.950979939007   20133.05569726712
0.012241635099881474   20232.37618104773   20225.99975820414
0.012600504095286909   20311.801094222687   20304.905565969086
0.012969893495426888   20376.572193810447   20369.119593181433
0.013350111710660605   20426.019308181156   20417.96815903489
0.013741476192534558   20459.479036018132   20450.782598280803
0.014144313698828986   20476.320551000197   20466.927051710965
0.01455896056637426   20475.92542499847   20465.77827983841
0.014985762991865008   20457.674119943986   20446.712159137536
0.01542507732090645   20420.990629665477   20409.148535785433
0.015877270345534218   20365.346509133928   20352.555086909968
0.016342719610456153   20290.23609592707   20276.421264684566
0.016821813728271667   20195.20407948962   20180.286949626316
0.017314952703931925   20079.86485141847   20063.762487416658
0.017822548268711737   19943.8987035193   19926.523449431996
0.01834502422397195   19787.05432461406   19768.31280679373
0.018882816794999403   19609.16514520749   19588.959339469053
0.019436374995219892   19410.16029042479   19388.389789151235
0.02000616100108813   19190.088802068276   19166.65653583776
0.020592650537967844   18949.1027075172   18923.917405105854
0.021196333277324068   18687.454636638813   18660.432104342035
0.02181771324555934   18405.56860246331   18376.635514493028
0.022457309244835088   18104.034167982383   18073.13153574175
0.02311565528622961   17783.532769409627   17750.61664173371
0.023793301035594242   17444.89334428412   17409.93898928522
0.024490812272480036   17089.225841407853   17052.240032163838
0.025208771362518027   16717.738632575314   16678.760792270306
0.0259477777436476   16331.70559775295   16290.806456144917
0.02670844842659881   15932.712976699226   15890.000519056191
0.027491418510046592   15522.550025991804   15478.171936302148
0.028297341710866907   15102.980815131059   15057.120055943606
0.029126890909937666   14675.924562791799   14628.797342125998
0.029980758713939952   14243.70226333962   14195.559253328493
0.030859658033628758   13808.565351575733   13759.686265734368
0.031764322679055976   13372.659813704497   13323.346889970602
0.03269550797224261   12938.453414796   12889.023714661082
0.033653991377811755   12508.44756180281   12459.226401156471
0.03464057315210884   12084.879033374755   12036.194814122862
0.03565607701135116   11670.060117803034   11622.222627176507
0.036701350819364466   11266.61352066933   11219.881391847763
0.03777726729548091   10876.857019055527   10831.438297441677
0.038884724743189276   10502.731248217917   10458.783887545187
0.04002464780014597   10145.681814115404   10103.29085145712
0.041197988210172884   9806.824740327356   9765.999707174195
0.04240572561788674   9487.07378413629   9447.756681421368
0.04364886838662332   9187.627155376458   9149.62211454372
0.04492845444033957   8910.112096822933   8872.994611413345
0.04624555213019635   8655.965242390896   8619.100412236454
0.04760126112654554   8425.531845305703   8388.125131285287
0.04899671333706607   8216.260350950335   8177.465370987138
0.05043307385181555   8025.297723662225   7984.236087352658
0.05191154191598653   7850.090723604606   7805.853469444316
0.053433351931179485   7688.400429295809   7640.054173982254
0.05499977448602865   7538.186723445787   7484.776171826578
0.05661211741704101   7396.935698614748   7337.5457877510735
0.05827172690053434   7261.232576599641   7195.094150836389
0.05997998857658587   7127.679361408961   7054.203028741546
0.06173832870592997   6992.019447678133   6911.009134841203
0.0635482153607709   6849.7236341268   6761.486247519475
0.06541115965050462   6696.316073438365   6601.783794859518
0.06732871698337338   6527.299744182078   6428.19823441289
0.06930248836510605   6339.129523751337   6237.938594666538
0.07133412173562886   6129.988178964839   6029.890463630832
0.07342531334496233   5899.330133885917   5804.091954569348
0.07557780916945323   5648.82292575759   5562.710728360349
0.07779340636952398   5381.397252323138   5308.858652846047
0.08007395479015682   5101.932904862992   5046.988946372971
0.08242135850536496   4815.928598286589   4781.989757281
0.08483757740794096   4529.561486057751   4519.385481063255
0.08732462884580919   4249.206318369969   4264.5657088421685
0.08988458930634863   3981.3932677610755   4022.725128028922
0.09251959615009227   3732.7938690748524   3798.871695949916
0.09523184939525078   3509.2313253904663   3597.2688251663258
0.09802361355455057   3314.8949291555923   3420.505219625321
0.10089721952591899   3152.4276536069106   3269.8321244126496
0.10385506653859616   3021.083499982009   3143.7889067807105
0.10689962415629803   2918.2294039777903   3039.504929580056
0.11003343433910281   2838.2699988545214   2952.1441615902613
0.11325911356578279   2774.3642457824026   2876.13919125854
0.11657935501835284   2718.284321409453   2805.2151238626634
0.11999693083066039   2661.4079284241784   2733.3400361242693
0.12351469440289359   2595.521060561894   2655.1076379276724
0.12713558278394044   2514.003368967201   2566.3900528205736
0.13086261912358757   2413.148325251358   2466.0772931627407
0.13469891519660646   2292.5902423734306   2355.2075067656556
0.13864767400083483   2155.4723747316707   2236.036365417141
0.14271219243142114   2008.2122061929301   2113.1737372182142
0.14689586403346616   1859.9908775641857   1992.5748560442473
0.1512021818353596   1721.1944759764842   1880.3225402039745
0.15563474126517718   1600.8662466123867   1781.0535687314498
0.16019724315257297   1503.9030488719252   1696.3955400063833
0.1648934968186736   1430.3273554766408   1625.9803183913702
0.1697274232565544   1376.6838978268272   1566.3450310843637
0.17470305840495237   1337.0270776904683   1513.9365965368643
0.17982455651794954   1302.9263237567566   1464.294881656598
0.18509619363343993   1264.616632769643   1413.317707311885
0.19052237114327647   1214.7027897424348   1358.1703080700556
0.19610761946807834   1151.1226938615494   1298.3433170411188
0.20185660183976684   1076.9675653287068   1235.8656202190825
0.20777411819498756   998.696499354305   1174.1422158690868
0.21386510918267082   924.5227762490341   1116.1896121056864
0.22013466028907505   861.6029686283977   1064.1970855913662
0.22658800608375756   813.0214513811519   1018.644466289637
0.23323053459001789   777.2861617179647   978.0154853752963
0.2400677917834628   749.1058098050688   940.7961864645613
0.24710548622244882   721.0916281101629   904.3479064081428
0.25434949381426813   687.6831348838996   866.985299246834
0.2618058627210567   647.7423997956015   830.1657494891546
0.2694808184095226   603.9756348434166   793.4346212805594
0.27738076884870827   561.6465097011021   758.424255969031
0.2855123098601282   525.6238518610744   726.2166316522339
0.29388223062474755   497.17095390526225   696.8224259386329
0.3024975193514008   474.021553805512   669.0634779662985
0.31136536911138296   452.06464714895225   642.4133080970663
0.3204931838440838   427.9098923598379   616.7984685964863
0.32988858453867975   401.39784915945137   591.5047801432645
0.3395594155970457   374.97539490823567   567.3566599223838
0.34951375138319807   351.3505740082002   544.6904150181371
0.3597599029647371   331.52964960688723   523.3619574150263
0.37030642505191835   314.1281974321612   503.141347926918
0.3811621231401457   296.9582463970963   483.7447450236892
0.3923360608618501   279.1250528463685   465.0828760067313
0.4038375675538918   261.4593409426341   447.1928861400124
0.41567624604680364   245.33313530496824   430.24754850632814
0.42786198068238046   231.07778166353086   414.22583988241985
0.4404049455663077   217.90475289057113   398.95377135719656
0.4533156130627191   204.9266200130233   384.33483806346686
0.4666047625377753   192.21810450306776   370.3106550816175
0.4802834893595659   180.35053768796692   356.95692734305186
0.49436321416184764   169.5345753866448   344.2822413530694
0.5088556923793517   159.39736898784176   332.1888353341501
0.5237730240626238   149.62595731143605   320.5910819339437
0.5391276639805903   140.3307323309406   309.51099236461454
0.5549324320192869   131.6915657952202   298.9505323458001
0.5712005238854289   123.62905185421465   288.8781053393235
0.5879455221237613   115.97431652545336   279.23330657371423
0.6051814074573895   108.73074902857022   269.99288544619895
0.622922570460556   101.95516945159711   261.17063231154805
0.6411838235736077   95.60293624227728   252.73365479134338
0.6599804134701901   89.62026136748145   244.64898373217696
0.6793280337869897   83.98794255610096   236.89713006454843
0.6992428382266549   78.68895268820016   229.4604105653088
0.7197414540448374   73.70670535578468   222.322212213018
0.7408409959326054   69.02508801711753   215.46692047143893
0.7625590803058332   64.62848874945593   208.87985288445873
0.7849138400134885   60.50180929595174   202.5471838545062
0.8079239394770964   56.62995032338948   196.4549249307748
0.8316085902740278   52.99765798919149   190.58838518859594
0.8559875671776167   49.59049271944446   184.93373485164523
0.8810812246675007   46.394872397070884   179.47809582198337
0.9069105139239728   43.39802146652324   174.20947431875408
0.9334970003205227   40.58792310411524   169.11669926160434
0.960862881429187   37.95327447144176   164.18936531211062
0.9890310055537336   35.48350890776097   159.41760336743155
1.0180248908061487   33.16882250596551   154.79180869881694
1.047868744742366   30.99997358750459   150.30300691205218
1.0785874845736239   28.96822986313725   145.94287788232282
1.1102067579703248   27.065343686125857   141.70371410149897
1.1427529644757777   25.283528243850043   137.5783824690632
1.1762532775476793   23.61543467342118   133.56028917997384
1.210735667245765   22.054120825221123   129.64332431117273
1.246228923584555   20.59301017426034   125.82177561479479
1.2827626805706884   19.225904564335355   122.09037440478104
1.3203674409449337   17.946971735043682   118.44428970934847
1.3590746016495152   16.75072500605537   114.87910368702478
1.3989164800420282   15.632003997216355   111.3907886908559
1.4399263408778291   14.585956338164952   107.97568578651358
1.4821384240834183   13.608020961456473   104.63055489920299
1.525587973344019   12.69391416858677   101.3528563274358
1.5703112655292182   11.839610932697337   98.14043246488649
1.6163456409812174   11.041328945431639   94.99134969248725
1.6637295346910133   10.295514830579526   91.90388504502467
1.7125025083885144   9.598831078145691   88.87651344610074
1.7627052835733923   8.94814366473737   85.90789532075237
1.814379775514258   8.34051022220276   82.99693296199658
1.8675691282445197   7.773168213508129   80.14325301852483
1.922317750584177   7.243525104244605   77.34682654595153
1.9786713532176083   6.749148898894962   74.60764119875799
2.0366769868582977   6.2877586880566625   71.92569406435696
2.0963830815323896   5.8572157120094   69.30098719369005
2.1578394870138577   5.455514918816142   66.73352327798617
2.2210975144450407   5.0807768896960335   64.22333074108661
2.286209979177315   4.731239086559743   61.77082636791878
2.3532312448676476   4.405249534785007   59.376635650976375
2.4222172688678643   4.101261232979352   57.04126825221397
2.4932256489445366   3.8178257562716027   54.76511379632765
2.5663156713684585   3.5535872064766143   52.548445540229764
2.641548360413907   3.3072765163505324   50.39142423543623
2.7189865293089923   3.0777061543947246   48.29411545645239
2.798694832679631   2.863766593482241   46.25680989631883
2.8807398205309562   2.6644211149563026   44.27997907165906
2.9651899938111903   2.4786994616234805   42.36390171543654
3.05211586160442   2.305693690828266   40.508658651710796
3.1415899999999994   2.144554355268084   38.714146557374946
