0.01   274.7981942209751   274.7981939204696
0.010293154462191829   276.4175354104751   276.41753609114636
0.010594902878253955   277.8807419766513   277.8807429252428
0.010905497183778876   279.18050518547386   279.18050616642483
0.011225196699963396   280.30968837352737   280.30968962790865
0.011554268350120923   281.2607509299481   281.26075284927015
0.011892986882540897   282.02570408157425   282.0257068360601
0.012241635099881474   282.5968166518687   282.5968201674548
0.012600504095286909   282.9665654794435   282.96656963740014
0.012969893495426888   283.12731944264965   283.12732483142884
0.013350111710660605   283.07176942681093   283.07177751692797
0.013741476192534558   282.79306591233444   282.7930788137951
0.014144313698828986   282.28441838153594   282.2844351390841
0.01455896056637426   281.5392548845283   281.5392685775279
0.014985762991865008   280.55165647246145   280.55165423376917
0.01542507732090645   279.31620345542467   279.31617115697514
0.015877270345534218   277.8276947831253   277.82762864010436
0.016342719610456153   276.081695514468   276.0816037041358
0.016821813728271667   274.0746502653921   274.0745510894836
0.017314952703931925   271.8036331553205   271.8035400639
0.017822548268711737   269.266564669093   269.26647820727436
0.01834502422397195   266.462459407167   266.4623676361741
0.018882816794999403   263.39155864713257   263.3914434525452
0.019436374995219892   260.0554298187195   260.05527736391554
0.02000616100108813   256.45685645721835   256.45665811282885
0.020592650537967844   252.59996452440498   252.59971609845368
0.021196333277324068   248.49085718244248   248.49055508664122
0.02181771324555934   244.13710456961928   244.13674443682888
0.022457309244835088   239.5474582674439   239.5470351084737
0.02311565528622961   234.73308005708796   234.7325899800799
0.023793301035594242   229.7076921354699   229.70713429806784
0.024490812272480036   224.48588508334723   224.4852616105577
0.025208771362518027   219.08376969598729   219.0830860018785
0.0259477777436476   213.5214573486367   213.52072415725797
0.02670844842659881   207.82001928614798   207.8192526431738
0.027491418510046592   202.00058687011412   201.999807358215
0.028297341710866907   196.08807510531375   196.08730547597662
0.029126890909937666   190.11003404664996   190.1092972691635
0.029980758713939952   184.09266868239294   184.09198758821404
0.030859658033628758   178.06294814033416   178.06234830964817
0.031764322679055976   172.05245925022493   172.05197723021794
0.03269550797224261   166.0910079068081   166.09069091584806
0.033653991377811755   160.20590860763022   160.20581063246755
0.03464057315210884   154.4278794380029   154.42803843612307
0.03565607701135116   148.78765635327872   148.78808302669452
0.036701350819364466   143.3116830032196   143.3123644992023
0.03777726729548091   138.02441470293292   138.02534352898465
0.038884724743189276   132.95030903672537   132.95153180416324
0.04002464780014597   128.1099919742983   128.11160746863823
0.041197988210172884   123.52039849946594   123.52252401892851
0.04240572561788674   119.19648534357894   119.19906837935365
0.04364886838662332   115.15073055018637   115.15349227384341
0.04492845444033957   111.39283321898662   111.39530385059574
0.04624555213019635   107.9235118297532   107.92530989005196
0.04760126112654554   104.73326011169716   104.73443195519353
0.04899671333706607   101.81256336113768   101.81355920871
0.05043307385181555   99.14579193983285   99.14724404134579
0.05191154191598653   96.69674895021706   96.69888540907785
0.053433351931179485   94.4283485534368   94.43092044177494
0.05499977448602865   92.30658525597455   92.30900154293182
0.05661211741704101   90.29937874133536   90.301038044321
0.05827172690053434   88.37696074350403   88.37731527769067
0.05997998857658587   86.50219242585489   86.5008315525776
0.06173832870592997   84.62418837467801   84.62098036046847
0.0635482153607709   82.69363547413182   82.68871993478884
0.06541115965050462   80.65525009985683   80.64898019418186
0.06732871698337338   78.45438378285314   78.44728448508899
0.06930248836510605   76.04903101162323   76.04164995817324
0.07133412173562886   73.41284227774537   73.4055482490025
0.07342531334496233   70.53665053621785   70.52964168112103
0.07557780916945323   67.4419166858908   67.43526847479752
0.07779340636952398   64.16380513265904   64.15755235194177
0.08007395479015682   60.760322809838016   60.754691920967375
0.08242135850536496   57.29343017073479   57.28886629548642
0.08483757740794096   53.82873746643954   53.82590898684154
0.08732462884580919   50.432936010859834   50.43252905147799
0.08988458930634863   47.1811936368983   47.18353436287012
0.09251959615009227   44.14577609789518   44.15072097915058
0.09523184939525078   41.39496220569706   41.40186088840063
0.09802361355455057   38.97998283376212   38.987962885812635
0.10089721952591899   36.935097656292946   36.943240214100655
0.10385506653859616   35.25486373372054   35.26243131273906
0.10689962415629803   33.91185584368092   33.9183390370663
0.11003343433910281   32.84379235194476   32.84868519084552
0.11325911356578279   31.97486915153257   31.977616953435152
0.11657935501835284   31.213405954026772   31.213516601359274
0.11999693083066039   30.46601923488743   30.463211818422565
0.12351469440289359   29.641211486518603   29.63559023904602
0.12713558278394044   28.66669293184758   28.658716523049616
0.13086261912358757   27.49755432251923   27.48802684384455
0.13469891519660646   26.126668401948756   26.116768304824117
0.13864767400083483   24.581317519802326   24.572634731694507
0.14271219243142114   22.920450000580523   22.91458375452324
0.14689586403346616   21.232011938825366   21.22985369096919
0.1512021818353596   19.627297948799814   19.628509632868855
0.15563474126517718   18.208369343873358   18.212002599978156
0.16019724315257297   17.036419914266723   17.041490696940695
0.1648934968186736   16.1182413410681   16.12375936991644
0.1697274232565544   15.419712454202656   15.424339071874723
0.17470305840495237   14.886232849267277   14.888177440895031
0.17982455651794954   14.43812425225329   14.436533357503068
0.18509619363343993   13.976260033748803   13.971718609049315
0.19052237114327647   13.416125278909162   13.409804176868642
0.19610761946807834   12.72684291255245   12.719921812050657
0.20185660183976684   11.93184758577129   11.925812472914311
0.20777411819498756   11.086616377884488   11.082934856124279
0.21386510918267082   10.266419734664634   10.265513690194759
0.22013466028907505   9.5449672885484   9.546065898791678
0.22658800608375756   8.961199811139432   8.963084747599556
0.23323053459001789   8.51013269824386   8.51114553491414
0.2400677917834628   8.150663643441414   8.149569952184747
0.24710548622244882   7.8154241288336115   7.812214925337847
0.25434949381426813   7.445334481125617   7.440767113986808
0.2618058627210567   7.022284893834205   7.0174802128329725
0.2694808184095226   6.562720423743062   6.559075132517223
0.27738076884870827   6.106980940251396   6.104975145040075
0.2855123098601282   5.701759281077802   5.700817498588062
0.29388223062474755   5.366179385138712   5.365335547985493
0.3024975193514008   5.086708262393373   5.084898345363035
0.31136536911138296   4.831865777855964   4.828779799256177
0.3204931838440838   4.569229688195394   4.565512800492439
0.32988858453867975   4.290032761476665   4.286486180621743
0.3395594155970457   4.010375379017164   4.007528601969188
0.34951375138319807   3.751597144930793   3.7493647655134805
0.3597599029647371   3.5256937653681315   3.5234587998551876
0.37030642505191835   3.326289292415102   3.3235063561221967
0.3811621231401457   3.1367619636306565   3.1334722939935773
0.3923360608618501   2.9470436701340157   2.94367261321014
0.4038375675538918   2.7602008791436297   2.757108115071184
0.41567624604680364   2.5855442347544364   2.5826731483031105
0.42786198068238046   2.427495341437948   2.4245669418703293
0.4404049455663077   2.2822394917707483   2.2790402203912286
0.4533156130627191   2.142962058803516   2.139629506606181
0.4666047625377753   2.008353580977825   2.0050810078819397
0.4802834893595659   1.8813735822924074   1.878190048424917
0.49436321416184764   1.7640560241139878   1.760832961555048
0.5088556923793517   1.6547153283408915   1.6513880837048178
0.5237730240626238   1.5508961992365609   1.5475288841138328
0.5391276639805903   1.4524509945013373   1.4491096678722373
0.5549324320192869   1.3603308260477287   1.3569942577909158
0.5712005238854289   1.2743241818475184   1.2709479139697382
0.5879455221237613   1.1933181936284543   1.189925250672131
0.6051814074573895   1.116981967116932   1.11359676213151
0.622922570460556   1.0454037986868787   1.0420235907903184
0.6411838235736077   0.9783577463195146   0.9749730661386762
0.6599804134701901   0.9153376359275894   0.9119631312440967
0.6793280337869897   0.8561751576009408   0.8528182964707619
0.6992428382266549   0.8007078048655142   0.7973698470977594
0.7197414540448374   0.7487123109053544   0.7453956372169208
0.7408409959326054   0.6999769558111525   0.6966849543875823
0.7625590803058332   0.6543027571950631   0.6510395503613404
0.7849138400134885   0.6115027020929189   0.6082729140099506
0.8079239394770964   0.5714010260439465   0.5682095866547191
0.8316085902740278   0.5338325711131202   0.5306845512652405
0.8559875671776167   0.49864368073243504   0.4955441206158613
0.8810812246675007   0.4656917122433234   0.46264546944444285
0.9069105139239728   0.4348420405909081   0.4318537137237454
0.9334970003205227   0.40596749013675065   0.4030413633446657
0.960862881429187   0.3789479766598295   0.3760879784082798
0.9890310055537336   0.35367016212120506   0.3508798362846808
1.0180248908061487   0.33002712154720704   0.32730960915548946
1.047868744742366   0.3079177797927651   0.30527587582882304
1.0785874845736239   0.28724632531949434   0.28468261915245135
1.1102067579703248   0.26792256310637963   0.26543940921515735
1.1427529644757777   0.24986170709979158   0.2474611800743848
1.1762532775476793   0.23298407406071517   0.23066793690588777
1.210735667245765   0.21721479343528752   0.21498447714130126
1.246228923584555   0.20248353250168769   0.20034012508240828
1.2827626805706884   0.18872425383509117   0.18666848138463296
1.3203674409449337   0.17587502751153758   0.17390718937641378
1.3590746016495152   0.16387771847369947   0.16199769860980315
1.3989164800420282   0.15267774074041354   0.15088504572369602
1.4399263408778291   0.14222385356804135   0.14051764954407206
1.4821384240834183   0.13246796834829683   0.13084711668574886
1.525587973344019   0.12336496574358766   0.1218280572128486
1.5703112655292182   0.11487252043761001   0.11341790347788987
1.6163456409812174   0.1069509205374715   0.10557669418405677
1.6637295346910133   0.0995629272003622   0.09826696142482148
1.7125025083885144   0.09267364016422702   0.09145361845927004
1.7627052835733923   0.08625035807759568   0.08510381576606527
1.814379775514258   0.08026244650481133   0.07918680486085379
1.8675691282445197   0.07468121335393467   0.07367380988844442
1.922317750584177   0.06947979110748534   0.06853790473728283
1.9786713532176083   0.06463302113640533   0.06375386172681659
2.0366769868582977   0.06011735096309913   0.059298057893401354
2.0963830815323896   0.05591074142433917   0.05514841756657149
2.1578394870138577   0.05199257363650891   0.05128431555109666
2.2210975144450407   0.048343561146991676   0.0476864844085541
2.286209979177315   0.044945667235973985   0.04433692747396726
2.3532312448676476   0.041782027017878955   0.04121883739643545
2.4222172688678643   0.03883686850764   0.038316530169961345
2.4932256489445366   0.036095441622439925   0.03561537731311835
2.5663156713684585   0.03354396447137841   0.033101718180209225
2.641548360413907   0.031169562918742687   0.030762796075782847
2.7189865293089923   0.028960212693097193   0.02858670038903622
2.798694832679631   0.02690468504424676   0.026562312276319205
2.8807398205309562   0.024992495742789056   0.024679253686723378
2.9651899938111903   0.023213862551529005   0.0229278407094618
3.05211586160442   0.021559669679978487   0.02129904077365658
3.1415899999999994   0.020021408192733434   0.019784426727662802
