0.01   2475.901666126461   2475.8004864446757
0.010293154462191829   2499.3830583495856   2499.281018636759
0.010594902878253955   2521.78815227388   2521.685563994948
0.010905497183778876   2543.042143359458   2542.93915182186
0.011225196699963396   2563.0702680854865   2562.966849501911
0.011554268350120923   2581.796013637903   2581.692090342201
0.011892986882540897   2599.140893931049   2599.0364797863253
0.012241635099881474   2615.027147049157   2614.922358886755
0.012600504095286909   2629.3769111912206   2629.2719370786967
0.012969893495426888   2642.1084808502333   2642.0034422319754
0.013350111710660605   2653.1406231635847   2653.0355376906873
0.013741476192534558   2662.394179587528   2662.288965689417
0.014144313698828986   2669.7894911491976   2669.684079259939
0.01455896056637426   2675.247304502838   2675.1417332999736
0.014985762991865008   2678.6918845144937   2678.5863048694596
0.01542507732090645   2680.0497741885165   2679.9443636290607
0.015877270345534218   2679.2471307165015   2679.141859004039
0.016342719610456153   2676.214459356304   2676.1090492866874
0.016821813728271667   2670.8877994910245   2670.781749642963
0.017314952703931925   2663.2070467240624   2663.099848402143
0.017822548268711737   2653.117564690071   2653.008831214396
0.01834502422397195   2640.5722366633163   2640.46170507975
0.018882816794999403   2625.5320919967903   2625.4195199429523
0.019436374995219892   2607.966876465567   2607.8518523429584
0.02000616100108813   2587.855461126825   2587.737390810569
0.020592650537967844   2565.1870547152857   2565.0651932175087
0.021196333277324068   2539.965916966923   2539.8395228263958
0.02181771324555934   2512.2084415565537   2512.076841503583
0.022457309244835088   2481.9414445626894   2481.804039710436
0.02311565528622961   2449.2108004109664   2449.067153081588
0.023793301035594242   2414.0835137828735   2413.9334527137034
0.024490812272480036   2376.636459143064   2376.4800761520087
0.025208771362518027   2336.961289957901   2336.798953567119
0.0259477777436476   2295.183671382492   2295.0161264081257
0.02670844842659881   2251.441984897615   2251.270355024735
0.027491418510046592   2205.880565003096   2205.7063240337025
0.028297341710866907   2158.6773478862633   2158.502400039454
0.029126890909937666   2110.0372707881215   2109.8640057925945
0.029980758713939952   2060.162731498769   2059.9939653337
0.030859658033628758   2009.2702219849525   2009.1091676775854
0.031764322679055976   1957.623005993421   1957.4733084325098
0.03269550797224261   1905.4798513177275   1905.3455283136375
0.033653991377811755   1853.0876711238857   1852.9730159256642
0.03464057315210884   1800.725079729583   1800.6343561255683
0.03565607701135116   1748.678006274209   1748.6152674620419
0.036701350819364466   1697.2061656594421   1697.1752424845427
0.03777726729548091   1646.5735557721691   1646.5779447382442
0.038884724743189276   1597.0753235847287   1597.1179920211327
0.04002464780014597   1548.9782809035967   1549.0617004877506
0.041197988210172884   1502.5098269064931   1502.6357601116447
0.04240572561788674   1457.8285881400661   1457.9961956956276
0.04364886838662332   1415.0532803686588   1415.258583166744
0.04492845444033957   1374.2845093567496   1374.5207906029746
0.04624555213019635   1335.652882276241   1335.911779664117
0.04760126112654554   1299.3336451440482   1299.606393031236
0.04899671333706607   1265.4836007163606   1265.7611659242925
0.05043307385181555   1234.1303281785188   1234.4029307507226
0.05191154191598653   1204.9487495830833   1205.204321816171
0.053433351931179485   1177.5738853124803   1177.7979367949895
0.05499977448602865   1151.680486724204   1151.856373597531
0.05661211741704101   1126.9978970317452   1127.1072488290654
0.05827172690053434   1103.2816735735662   1103.304629991235
0.05997998857658587   1080.2397967927375   1080.1567741475299
0.06173832870592997   1057.4895209089286   1057.2840405879126
0.0635482153607709   1034.656273470813   1034.3156563604693
0.06541115965050462   1011.2882623853794   1010.8078471018591
0.06732871698337338   986.9180347364779   986.3031551855302
0.06930248836510605   961.1055276370035   960.372281595952
0.07133412173562886   933.4345915058203   932.6109548538491
0.07342531334496233   903.6117451237012   902.7366569236135
0.07557780916945323   871.5668910610705   870.6893215123181
0.07779340636952398   837.3725209512776   836.5483969599726
0.08007395479015682   801.3620598908499   800.6486130563559
0.08242135850536496   763.9885790333241   763.4419585298326
0.08483757740794096   725.9005709759629   725.5755134459316
0.08732462884580919   687.7767059444045   687.7224893104229
0.08988458930634863   650.3296300128978   650.5828451565104
0.09251959615009227   614.2534134117049   614.8340693132544
0.09523184939525078   580.2252958674444   581.1328217256557
0.09802361355455057   548.8894209319595   550.0922274007187
0.10089721952591899   520.7899353249246   522.2250027504818
0.10385506653859616   496.2395993096832   497.82182423810093
0.10689962415629803   475.3655893980786   476.9942070041245
0.11003343433910281   457.8825754908976   459.4490674975269
0.11325911356578279   443.28637619221723   444.68253061550075
0.11657935501835284   430.75661113098676   431.89645450298303
0.11999693083066039   419.37986530308893   420.2086629803285
0.12351469440289359   408.17326416441813   408.6773368894918
0.12713558278394044   396.2269560635805   396.44657998926846
0.13086261912358757   382.79302395884605   382.8239013272758
0.13469891519660646   367.419818093055   367.39939747010965
0.13864767400083483   350.04926764717374   350.14563786445143
0.14271219243142114   331.0001588081978   331.38953412865203
0.14689586403346616   310.9209710066971   311.7559930204887
0.1512021818353596   290.7010354243417   292.08984697774446
0.15563474126517718   271.3793888009556   273.3476540780117
0.16019724315257297   253.97227134293442   256.4431035705759
0.1648934968186736   239.21306976994438   242.0274229627645
0.1697274232565544   227.27837451595911   230.24136252413098
0.17470305840495237   217.78073939311864   220.68764212834682
0.17982455651794954   210.00284486769272   212.69687476640516
0.18509619363343993   203.07694252060153   205.47445786080758
0.19052237114327647   196.04189845562453   198.16523764653473
0.19610761946807834   188.01712411500387   190.01354342536098
0.20185660183976684   178.59215426037053   180.67892780815117
0.20777411819498756   168.0339551651827   170.4212099552301
0.21386510918267082   157.0628165735282   159.89921547047666
0.22013466028907505   146.50012414862476   149.81453620473414
0.22658800608375756   137.10904835780627   140.79800515670365
0.23323053459001789   129.33524264433325   133.21177381501317
0.2400677917834628   123.09331739449392   126.93506853980236
0.24710548622244882   117.86313665353411   121.51984824561195
0.25434949381426813   112.9124462705422   116.35785896766727
0.2618058627210567   107.56445162417322   110.91826166519986
0.2694808184095226   101.58347804180832   105.01888361980332
0.27738076884870827   95.2459126554905   98.90885689710778
0.2855123098601282   89.0531927701059   92.98366198065774
0.29388223062474755   83.5063161939356   87.63334635052671
0.3024975193514008   78.84076230503133   82.99161496608517
0.31136536911138296   74.85929583455574   78.90960818344622
0.3204931838440838   71.14715991214437   75.06759199342036
0.32988858453867975   67.34168295037276   71.20488853845913
0.3395594155970457   63.342917518405635   67.26199209359224
0.34951375138319807   59.371863697786324   63.40736787917924
0.3597599029647371   55.71623962462709   59.83282201773127
0.37030642505191835   52.496450026287874   56.601777288550096
0.3811621231401457   49.61488077969008   53.64522955336059
0.3923360608618501   46.85298973048921   50.81784623750773
0.4038375675538918   44.08619961506727   48.04109294025442
0.41567624604680364   41.37385139457701   45.35470754882486
0.42786198068238046   38.843645416461015   42.83603172731205
0.4404049455663077   36.54879204930942   40.5091552920542
0.4533156130627191   34.4208472003278   38.32634479596076
0.4666047625377753   32.37342056813459   36.239729594807024
0.4802834893595659   30.390200239411623   34.23987279172924
0.49436321416184764   28.522684714110316   32.35245195116634
0.5088556923793517   26.79437215372978   30.585610228700954
0.5237730240626238   25.176841986344375   28.920943693864444
0.5391276639805903   23.634937362228033   27.338913360439516
0.5549324320192869   22.17088546841078   25.840593280942677
0.5712005238854289   20.800230805691754   24.429185100043796
0.5879455221237613   19.517238036478417   23.099430467663858
0.6051814074573895   18.305516940816215   21.841936878659578
0.622922570460556   17.160783257086003   20.65292746547816
0.6411838235736077   16.08630568503684   19.531731529084343
0.6599804134701901   15.077622968070559   18.474277805611397
0.6793280337869897   14.128512545971464   17.475483817147218
0.6992428382266549   13.236016980469442   16.532865774903016
0.7197414540448374   12.39719032449121   15.643536985401413
0.7408409959326054   11.609042425694954   14.804516591183003
0.7625590803058332   10.86873005772113   14.012981721666
0.7849138400134885   10.173551287719304   13.266260141808097
0.8079239394770964   9.520939930071616   12.561823142282886
0.8316085902740278   8.908460097174341   11.897278673328463
0.8559875671776167   8.333800109929497   11.270365213494653
0.8810812246675007   7.794756048030128   10.678952888589983
0.9069105139239728   7.289232278113351   10.12103407837949
0.9334970003205227   6.815247832840977   9.594710109757308
0.960862881429187   6.370931075181494   9.098185778903694
0.9890310055537336   5.954514228829607   8.629764301258417
1.0180248908061487   5.564328141906055   8.18784244706986
1.047868744742366   5.198797276865508   7.770905862008996
1.0785874845736239   4.856435124738657   7.377522979252544
1.1102067579703248   4.53584094981436   7.006330128702969
1.1427529644757777   4.235694151200646   6.656036495410334
1.1762532775476793   3.954749244476415   6.325426741474518
1.210735667245765   3.6918319675943563   6.013356757457705
1.246228923584555   3.4458355654155572   5.718749594039294
1.2827626805706884   3.2157172411214274   5.440591611511125
1.3203674409449337   3.0004947690329917   5.177928837043373
1.3590746016495152   2.7992430693356   4.929859999343145
1.3989164800420282   2.6110905785285325   4.695522732956846
1.4399263408778291   2.435217111172084   4.47410406399909
1.4821384240834183   2.2708512802658927   4.264841613219266
1.525587973344019   2.1172677901436145   4.067020343706162
1.5703112655292182   1.9737848648096539   3.8799695223202595
1.6163456409812174   1.8397618060373788   3.703059880739983
1.6637295346910133   1.7145966753543784   3.535700942488194
1.7125025083885144   1.5977239950120035   3.3773324788401498
1.7627052835733923   1.4886125644029404   3.2274153046943885
1.814379775514258   1.386763736259216   3.085443511323343
1.8675691282445197   1.2917095692880496   2.9509443249506986
1.922317750584177   1.2030110404334302   2.823475769071059
1.9786713532176083   1.1202563534204848   2.7026245025233626
2.0366769868582977   1.0430593389766691   2.588003819347571
2.0963830815323896   0.9710579387612995   2.479251564176493
2.1578394870138577   0.9039126308914222   2.376018544086442
2.2210975144450407   0.841305076894851   2.2779652521150857
2.286209979177315   0.7829370723848917   2.1847749425080085
2.3532312448676476   0.7285293442886894   2.096152916055106
2.4222172688678643   0.6778204001944031   2.0118248299574497
2.4932256489445366   0.6305654437831391   1.9315351491371873
2.5663156713684585   0.5865353528343881   1.855045726246346
2.641548360413907   0.5455157350190414   1.7821343039773039
2.7189865293089923   0.507306279816633   1.7125904801554994
2.798694832679631   0.47171975833153496   1.646215741153311
2.8807398205309562   0.43858096542611924   1.5828251014614296
2.9651899938111903   0.4077259788884128   1.5222461613232419
3.05211586160442   0.37900146800897166   1.4643181697345475
3.1415899999999994   0.35226404166457415   1.408891164354323
