0.01   15378.029357319961   15357.243606620257
0.010293154462191829   15618.468737464365   15595.597918335317
0.010594902878253955   15856.298967344956   15831.14342594136
0.010905497183778876   16091.081395395076   16063.42447301115
0.011225196699963396   16322.364045624225   16291.971647593893
0.011554268350120923   16549.667266449087   16516.285658018518
0.011892986882540897   16772.489469885564   16735.843761390173
0.012241635099881474   16990.31823835315   16950.112204738023
0.012600504095286909   17202.622109690416   17158.53661936279
0.012969893495426888   17408.840297943916   17360.530035072214
0.013350111710660605   17608.401363546407   17555.494460843383
0.013741476192534558   17800.724779960536   17742.82270703516
0.014144313698828986   17985.202891293487   17921.878060004055
0.01455896056637426   18161.21337606076   18092.008302582733
0.014985762991865008   18328.13193058908   18252.559936451107
0.01542507732090645   18485.323031500175   18402.86590294195
0.015877270345534218   18632.134703275187   18542.238461869612
0.016342719610456153   18767.918260174356   18669.994103345925
0.016821813728271667   18892.029863469037   18785.455274948596
0.017314952703931925   19003.817921725036   18887.934720867943
0.017822548268711737   19102.637854934692   18976.753244822143
0.01834502422397195   19187.86231045021   19051.251842390055
0.018882816794999403   19258.881489765758   19110.79041052943
0.019436374995219892   19315.106041268165   19154.750624427023
0.02000616100108813   19355.974798569885   19182.54668929473
0.020592650537967844   19380.963095224935   19193.634251566535
0.021196333277324068   19389.600653102443   19187.528449470017
0.02181771324555934   19381.462095450115   19163.795197655872
0.022457309244835088   19356.16761014424   19122.052807419626
0.02311565528622961   19313.426400971828   19062.0231138444
0.023793301035594242   19253.03678776512   18983.531152726933
0.024490812272480036   19174.850390443033   18886.46246423392
0.025208771362518027   19078.807668734335   18770.804283364054
0.0259477777436476   18965.015195793225   18636.735087823636
0.02670844842659881   18833.65471980705   18484.517625598004
0.027491418510046592   18684.972304975945   18314.48539099142
0.028297341710866907   18519.42479808286   18127.207864131215
0.029126890909937666   18337.626785722194   17923.42884831149
0.029980758713939952   18140.232689519748   17703.93199152819
0.030859658033628758   17928.032534642898   17469.647974013344
0.031764322679055976   17702.081150332873   17221.798212290556
0.03269550797224261   17463.474816133537   16961.641810980385
0.033653991377811755   17213.34537800201   16690.464701280507
0.03464057315210884   16953.153448682682   16409.87724493537
0.03565607701135116   16684.505028592885   16121.624104239438
0.036701350819364466   16408.953653155404   15827.38144412594
0.03777726729548091   16128.062129373824   15528.82118687837
0.038884724743189276   15843.446300006282   15227.656059856408
0.04002464780014597   15556.64996654593   14925.509678589844
0.041197988210172884   15269.181717296917   14623.941009250586
0.04240572561788674   14982.807223680995   14324.667692015006
0.04364886838662332   14699.31286864345   14029.384802834182
0.04492845444033957   14420.356385165203   13739.650352292681
0.04624555213019635   14147.49999479729   13456.838769834427
0.04760126112654554   13882.224225765092   13182.134458906083
0.04899671333706607   13625.894770761335   12916.610929729204
0.05043307385181555   13379.380351253414   12660.885085531843
0.05191154191598653   13142.287478059534   12414.412674146719
0.053433351931179485   12914.014024589846   12176.469506413468
0.05499977448602865   12693.76915596757   11946.188195763581
0.05661211741704101   12480.10200641369   11722.162634832734
0.05827172690053434   12271.507711992057   11502.962099538658
0.05997998857658587   12066.279815883665   11287.055172281514
0.06173832870592997   11862.330660448517   11072.689428138696
0.0635482153607709   11657.613591862719   10858.186799052011
0.06541115965050462   11449.764833762427   10641.771523930078
0.06732871698337338   11236.354818758595   10421.698797522751
0.06930248836510605   11014.852400281583   10196.2552591452
0.07133412173562886   10782.526130976781   9963.717539336561
0.07342531334496233   10536.927273864781   9722.72035421507
0.07557780916945323   10275.970179316484   9472.545773046497
0.07779340636952398   9998.219965333212   9212.881320699978
0.08007395479015682   9703.617600250938   8944.127189325793
0.08242135850536496   9393.0977758575   8667.381514100016
0.08483757740794096   9069.448424940163   8385.383197494271
0.08732462884580919   8736.38958621135   8101.252979095778
0.08988458930634863   8398.91356953711   7818.388933980524
0.09251959615009227   8062.337572980276   7540.272120790939
0.09523184939525078   7732.161036736825   7270.412748263796
0.09802361355455057   7413.697307409284   7011.661050266543
0.10089721952591899   7111.732964028599   6766.314018332254
0.10385506653859616   6830.388625298705   6536.182373458115
0.10689962415629803   6572.975570308159   6322.534913626505
0.11003343433910281   6341.061097346486   6125.189515666668
0.11325911356578279   6134.680770105564   5943.100620622751
0.11657935501835284   5950.98606880214   5774.100067060732
0.11999693083066039   5785.2251747708   5615.131488678132
0.12351469440289359   5630.509376286294   5462.145426601077
0.12713558278394044   5479.20491513108   5311.621064873836
0.13086261912358757   5323.841275634252   5160.585625455419
0.13469891519660646   5158.165661232021   5006.610599688327
0.13864767400083483   4978.100808159802   4848.842060134022
0.14271219243142114   4782.287822472814   4687.608414937417
0.14689586403346616   4572.60191529421   4524.096477960559
0.1512021818353596   4354.007850167674   4361.737650204013
0.15563474126517718   4133.556345600718   4203.130167349439
0.16019724315257297   3919.2703081793047   4050.2010504469918
0.1648934968186736   3718.9931790341734   3905.6137990301836
0.1697274232565544   3539.2188706295633   3770.5185886394206
0.17470305840495237   3383.4981208157233   3644.552138869564
0.17982455651794954   3250.869301347535   3527.433046934918
0.18509619363343993   3135.694344608088   3416.266612431004
0.19052237114327647   3029.524700512624   3308.653020815918
0.19610761946807834   2923.80418763103   3203.3264666395144
0.20185660183976684   2811.6293286168225   3098.996956265999
0.20777411819498756   2688.832048947823   2995.276953427522
0.21386510918267082   2555.652724397692   2893.015996810442
0.22013466028907505   2417.6022074407474   2793.277614739359
0.22658800608375756   2283.136650717236   2697.2356665704597
0.23323053459001789   2159.7191398480863   2606.101587219314
0.2400677917834628   2051.606260283178   2519.4546769674
0.24710548622244882   1959.050006785546   2437.095105440362
0.25434949381426813   1877.8389467325767   2358.3996176315823
0.2618058627210567   1800.8803273558283   2282.462537130271
0.2694808184095226   1721.6605294234105   2208.7012182205312
0.27738076884870827   1636.9547758976971   2137.090469809491
0.2855123098601282   1548.3163971710255   2067.266719356174
0.29388223062474755   1461.2065721380163   2000.2325064929903
0.3024975193514008   1381.1166544536252   1936.1282936301704
0.31136536911138296   1310.4278506059302   1874.5768549863585
0.3204931838440838   1248.0508817625052   1816.0790851803843
0.32988858453867975   1189.6894935646787   1759.6072913813216
0.3395594155970457   1131.0202487748159   1705.2183512632166
0.34951375138319807   1070.7406891342828   1652.4822789966313
0.3597599029647371   1010.7542828397683   1601.6314155610366
0.37030642505191835   954.4425899071888   1552.8543532025012
0.3811621231401457   903.6644328753779   1506.2817092960076
0.3923360608618501   857.3568545483779   1461.5162320749982
0.4038375675538918   813.0595132978588   1418.527938247386
0.41567624604680364   769.0808433599271   1376.87179876785
0.42786198068238046   725.8615842482957   1336.5977223273073
0.4404049455663077   685.0740462420262   1297.954916002895
0.4533156130627191   647.5343427259858   1260.8702191374139
0.4666047625377753   612.4923783887209   1225.2364720359599
0.4802834893595659   578.7387426339911   1190.8222020742635
0.49436321416184764   545.988919843623   1157.5022661585217
0.5088556923793517   514.8707458589458   1125.3620292911676
0.5237730240626238   485.83837391642703   1094.4592089612145
0.5391276639805903   458.51328235364474   1064.6119958664635
0.5549324320192869   432.38041438500966   1035.743290030362
0.5712005238854289   407.42342731615753   1007.7399748154652
0.5879455221237613   383.9006435061071   980.680206349004
0.6051814074573895   361.7685189960049   954.5023338434878
0.622922570460556   340.76654689337823   929.0898372210248
0.6411838235736077   320.81963826773654   904.3914275601104
0.6599804134701901   301.99433832163413   880.4284880251358
0.6793280337869897   284.2401436770926   857.1466965410332
0.6992428382266549   267.4343267645753   834.4664315726068
0.7197414540448374   251.54496530755574   812.3661112843424
0.7408409959326054   236.54773803873977   790.8198601380595
0.7625590803058332   222.39554099560704   769.7918146803678
0.7849138400134885   209.04258199786662   749.2482262442451
0.8079239394770964   196.44553396053428   729.1579783914406
0.8316085902740278   184.563399979275   709.4924472487469
0.8559875671776167   173.35791962347196   690.2256365573871
0.8810812246675007   162.79392443169158   671.3343494658781
0.9069105139239728   152.83796315302135   652.7975057726476
0.9334970003205227   143.4580664905997   634.5959551198572
0.960862881429187   134.62370208933302   616.7123841622692
0.9890310055537336   126.30572919660933   599.1312290284238
1.0180248908061487   118.47635317695892   581.8385923060027
1.047868744742366   111.10905661429517   564.8225051141591
1.0785874845736239   104.17841120490641   548.0750631568178
1.1102067579703248   97.6601710253381   531.59063453861
1.1427529644757777   91.53131545797757   515.3644780888023
1.1762532775476793   85.76999642969774   499.39268442459604
1.210735667245765   80.35548680908371   483.67212521528614
1.246228923584555   75.26813049484663   468.2004029004317
1.2827626805706884   70.48929440810443   452.97585754506736
1.3203674409449337   66.00133151955077   438.0000242060262
1.3590746016495152   61.787536538454006   423.2781623463317
1.3989164800420282   57.83208756806425   408.81550139700886
1.4399263408778291   54.12000410194685   394.61693916889277
1.4821384240834183   50.637107671838834   380.6870317803909
1.525587973344019   47.369983936113194   367.02998460178156
1.5703112655292182   44.30594618641725   353.64964424597474
1.6163456409812174   41.43299728723104   340.5503513060474
1.6637295346910133   38.73978709618981   327.7397044011838
1.7125025083885144   36.21559246538556   315.2252555740799
1.7627052835733923   33.8502897413644   303.0133627298544
1.814379775514258   31.634324270716693   291.10923925021166
1.8675691282445197   29.55868123431028   279.51700562039457
1.922317750584177   27.614857768841553   268.2397425680962
1.9786713532176083   25.79483595892972   257.27958240654124
2.0366769868582977   24.091051311338827   246.6383876401049
2.0963830815323896   22.49637133426434   236.31759590677692
2.1578394870138577   21.00407882266788   226.31763968428638
2.2210975144450407   19.607849532273764   216.63799600359775
2.286209979177315   18.30173072581566   207.2772578233141
2.3532312448676476   17.080120778719493   198.23320427199062
2.4222172688678643   15.9377498086828   189.50286947930738
2.4932256489445366   14.86966625721104   181.08264658668196
2.5663156713684585   13.871225656663011   172.96840457539042
2.641548360413907   12.938060250958848   165.15545394820413
2.7189865293089923   12.066061517530546   157.63859120420628
2.798694832679631   11.251365982917454   150.41215892642708
2.8807398205309562   10.490341718697794   143.47010305593398
2.9651899938111903   9.779575492703893   136.8060272576019
3.05211586160442   9.115856895380558   130.4130391015652
3.1415899999999994   8.496138661663549   124.28216427593195
