0.01   11629.855688432943   11628.186736544849
0.010293154462191829   11759.266393747583   11757.46593848487
0.010594902878253955   11883.954324465276   11882.011406676937
0.010905497183778876   12003.540361146768   12001.441664266198
0.011225196699963396   12117.64181529228   12115.371794267216
0.011554268350120923   12225.86045459097   12223.402788649259
0.011892986882540897   12327.790906591197   12325.129281491014
0.012241635099881474   12423.029306330995   12420.147477132354
0.012600504095286909   12511.161121138583   12508.042115062104
0.012969893495426888   12591.753672786   12588.378426579558
0.013350111710660605   12664.378482381615   12660.725746596341
0.013741476192534558   12728.611779438781   12724.658154172012
0.014144313698828986   12784.018354009542   12779.738271321032
0.01455896056637426   12830.167591742495   12825.533378424898
0.014985762991865008   12866.643516520111   12861.62550881429
0.01542507732090645   12893.03098899272   12887.597497577566
0.015877270345534218   12908.914797298565   12903.032062660308
0.016342719610456153   12913.901866202974   12907.534249891089
0.016821813728271667   12907.62144669312   12900.731159591078
0.017314952703931925   12889.715012145321   12882.260254186644
0.017822548268711737   12859.852306689223   12851.787036885067
0.01834502422397195   12817.738958273103   12809.013332563278
0.018882816794999403   12763.116046870948   12753.67774063045
0.019436374995219892   12695.763609634312   12685.559094795874
0.02000616100108813   12615.506952992979   12604.482049799939
0.020592650537967844   12522.22655985155   12510.326866336984
0.021196333277324068   12415.874423640478   12403.045516545237
0.02181771324555934   12296.458364958073   12282.646358669886
0.022457309244835088   12164.043957758422   12149.19642541135
0.02311565528622961   12018.804157243145   12002.87397425949
0.023793301035594242   11860.999886766287   11843.94783211437
0.024490812272480036   11690.943729207213   11672.738849862566
0.025208771362518027   11509.051642123914   11489.673372148029
0.0259477777436476   11315.900579534713   11295.342801708839
0.02670844842659881   11112.117652734363   11090.388813125312
0.027491418510046592   10898.382516642036   10875.505610894272
0.028297341710866907   10675.581538284185   10651.598022635346
0.029126890909937666   10444.695633188938   10419.666312954047
0.029980758713939952   10206.700857111604   10180.704151135707
0.030859658033628758   9962.714947934015   9935.846446963445
0.031764322679055976   9714.067787427908   9686.440314820828
0.03269550797224261   9462.046119491493   9433.787336367655
0.033653991377811755   9207.914723500826   9179.164158294523
0.03464057315210884   8953.148257021341   8924.052596341517
0.03565607701135116   8699.207326549016   8669.917365905467
0.036701350819364466   8447.429424868842   8418.097761228179
0.03777726729548091   8199.275553976127   8170.044580578225
0.038884724743189276   7956.348336870882   7927.337794471418
0.04002464780014597   7720.080935710156   7691.38851102971
0.041197988210172884   7491.679496427873   7463.377994582996
0.04240572561788674   7271.98975350169   7244.1113265270715
0.04364886838662332   7061.684886224653   7034.220633368828
0.04492845444033957   6861.358248981344   6834.260395666886
0.04624555213019635   6671.931570605899   6645.076136539055
0.04760126112654554   6494.574593186143   6467.732516350672
0.04899671333706607   6330.322569356879   6303.168500948758
0.05043307385181555   6179.224383526395   6151.367688965878
0.05191154191598653   6039.609374947965   6010.644346529617
0.053433351931179485   5909.755921888473   5879.26769151346
0.05499977448602865   5788.1261589967535   5755.6895039599085
0.05661211741704101   5673.383137769271   5638.560039336674
0.05827172690053434   5564.284188690993   5526.627012289548
0.05997998857658587   5459.214185116004   5418.318933381029
0.06173832870592997   5356.164833416078   5311.727988998415
0.0635482153607709   5253.125760938665   5204.966390797081
0.06541115965050462   5147.5791735100265   5095.748579355875
0.06732871698337338   5036.984866152359   4981.800342594842
0.06930248836510605   4918.782418329798   4860.921321258503
0.07133412173562886   4790.462420576971   4731.037008431717
0.07342531334496233   4650.202797242532   4590.7299958467165
0.07557780916945323   4497.143198970812   4439.505234791857
0.07779340636952398   4331.291162835118   4277.6296382807695
0.08007395479015682   4153.99286939694   4106.564623820223
0.08242135850536496   3967.4018246061623   3928.458833090537
0.08483757740794096   3774.7910770750536   3746.4540404771315
0.08732462884580919   3579.7574479731566   3563.8435329310914
0.08988458930634863   3386.1749950670314   3384.012718527394
0.09251959615009227   3197.9910469339416   3210.304969641741
0.09523184939525078   3019.072120473175   3045.901403284715
0.09802361355455057   2853.323121022843   2893.783307957739
0.10089721952591899   2704.009282446451   2756.3618456910035
0.10385506653859616   2573.4371198431604   2635.078043405435
0.10689962415629803   2462.8521571648675   2530.498924100599
0.11003343433910281   2371.338719185311   2441.4175808733266
0.11325911356578279   2296.7058860699917   2365.672258620656
0.11657935501835284   2234.9326644969105   2299.7877343510395
0.11999693083066039   2181.2116826385222   2239.8244686323605
0.12351469440289359   2130.1566321140326   2181.595587529441
0.12713558278394044   2076.400736041789   2121.268815824541
0.13086261912358757   2015.2579859351256   2055.7415703690563
0.13469891519660646   1943.334099691742   1983.0010934839806
0.13864767400083483   1859.3636846649706   1902.5827444423187
0.14271219243142114   1764.271105439182   1815.6845069849728
0.14689586403346616   1661.0339128300677   1724.9046509840184
0.1512021818353596   1554.3110388186801   1633.545805118023
0.15563474126517718   1450.0091666192195   1545.5825832970124
0.16019724315257297   1354.3262134431552   1464.5257614997354
0.1648934968186736   1272.2345306066438   1393.0785256651027
0.1697274232565544   1205.9164928534371   1332.4378977271185
0.17470305840495237   1154.2634782846776   1280.5881790559015
0.17982455651794954   1113.888636999361   1235.6441700236958
0.18509619363343993   1080.1754714300155   1194.6090596978108
0.19052237114327647   1047.5585352989995   1154.4510946790756
0.19610761946807834   1010.3384280235178   1112.308098463726
0.20185660183976684   964.9142216397044   1066.6310592024354
0.20777411819498756   911.5210622205078   1018.1345925056888
0.21386510918267082   853.5697630253068   969.3395420292288
0.22013466028907505   795.7560471137738   921.8512399573124
0.22658800608375756   743.0570589931247   877.9596691647961
0.23323053459001789   699.07378798846   838.7306703669037
0.2400677917834628   664.4654337968343   804.1762014590461
0.24710548622244882   636.9861714023597   773.0135854602894
0.25434949381426813   612.5392557124634   743.5039984154535
0.2618058627210567   586.6092300468227   714.061610908496
0.2694808184095226   556.6649046380268   684.1871019179583
0.27738076884870827   523.3801574079988   654.1159884922274
0.2855123098601282   489.45234457712917   625.1651731968225
0.29388223062474755   458.21973275804686   597.8406554228112
0.3024975193514008   431.9718246906308   572.7622417272637
0.31136536911138296   410.383795622936   549.653014016064
0.3204931838440838   391.2028526482552   527.6503773061693
0.32988858453867975   371.85947094379975   506.46084898347476
0.3395594155970457   350.98999279376557   485.60414075973756
0.34951375138319807   329.40446412189596   465.40029127685216
0.3597599029647371   308.99185565026113   446.2735648743672
0.37030642505191835   291.02991708852716   428.26834391689783
0.3811621231401457   275.41176871787536   411.283771625389
0.3923360608618501   260.84745730134375   395.1269585371955
0.4038375675538918   246.18233663233056   379.52550032359244
0.41567624604680364   231.41062352478218   364.5360771539775
0.42786198068238046   217.3475993273493   350.26593775618926
0.4404049455663077   204.62976613987541   336.7425340038614
0.4533156130627191   193.06163558958153   323.86202353489944
0.4666047625377753   182.0221122166171   311.57108329351763
0.4802834893595659   171.18806792076083   299.79312051096304
0.49436321416184764   160.83308334235508   288.5286659483514
0.5088556923793517   151.24961537208435   277.8292225768444
0.5237730240626238   142.36737084028505   267.6413791667309
0.5391276639805903   133.90991762260538   257.8868745546958
0.5549324320192869   125.80460725149985   248.56535438576145
0.5712005238854289   118.17647055502461   239.66301942884112
0.5879455221237613   111.05891843154997   231.17428012067984
0.6051814074573895   104.34617403428494   223.06195940608248
0.622922570460556   97.97340809153276   215.28999199409003
0.6411838235736077   91.97206287943493   207.8627437964988
0.6599804134701901   86.34199788501651   200.76155194264177
0.6793280337869897   81.04350224900215   193.96904766640066
0.6992428382266549   76.04852697761025   187.46237966362986
0.7197414540448374   71.34225405755609   181.22619752752527
0.7408409959326054   66.91038066375864   175.24612465224487
0.7625590803058332   62.73906862266184   169.5086602834946
0.7849138400134885   58.81495450834366   164.00112065289235
0.8079239394770964   55.125156375631406   158.71158447678368
0.8316085902740278   51.65727744654897   153.62884246961428
0.8559875671776167   48.39928417586578   148.74207433968908
0.8810812246675007   45.3391153855643   144.0398540438758
0.9069105139239728   42.46520483018223   139.51116700950718
0.9334970003205227   39.76663832408185   135.14576077715594
0.960862881429187   37.2331182015445   130.93409075068186
0.9890310055537336   34.854929638381876   126.86727044715077
1.0180248908061487   32.62290876271239   122.93702587899314
1.047868744742366   30.52841248402054   119.13565359385768
1.0785874845736239   28.563318841327618   115.45586041188389
1.1102067579703248   26.720044373608474   111.8905123793468
1.1427529644757777   24.991431915443005   108.43293375199138
1.1762532775476793   23.370712937104653   105.07694404502581
1.210735667245765   21.851488934910552   101.81682594650874
1.246228923584555   20.42771352060343   98.64729578076226
1.2827626805706884   19.093675198622762   95.56347626508366
1.3203674409449337   17.843980745603723   92.5608715522103
1.3590746016495152   16.67353128599443   89.63536958101952
1.3989164800420282   15.57750264600784   86.78323967094707
1.4399263408778291   14.551347384002224   84.00106314934546
1.4821384240834183   13.590781861736849   81.28570897659759
1.525587973344019   12.69177198615333   78.63431659272122
1.5703112655292182   11.850519645816847   76.04427976428622
1.6163456409812174   11.063449813617483   73.51323131994172
1.6637295346910133   10.32719829776991   71.03903641536169
1.7125025083885144   9.638600422478444   68.62005147265246
1.7627052835733923   8.994679942579861   66.25513877905738
1.814379775514258   8.392638067906764   63.94328138663924
1.8675691282445197   7.82984349795912   61.683550690330364
1.922317750584177   7.303822997368647   59.47509948399436
1.9786713532176083   6.812252457008494   57.31715523080395
2.0366769868582977   6.352948419000507   55.209013538598356
2.0963830815323896   5.923859953427942   53.15005111879994
2.1578394870138577   5.523059660666432   51.1400257584431
2.2210975144450407   5.148737170661906   49.178962504661605
2.286209979177315   4.799193741571295   47.266846837652515
2.3532312448676476   4.4728357335637865   45.40361522504278
2.4222172688678643   4.168168398512695   43.58915563332287
2.4932256489445366   3.883790015111884   41.82330815705275
2.5663156713684585   3.6183863517583252   40.105865762889415
2.641548360413907   3.3707256635864864   38.436616135205846
2.7189865293089923   3.139655532011374   36.81568280519906
2.798694832679631   2.924096694868379   35.24328419709546
2.8807398205309562   2.723037382804295   33.71949416155146
2.9651899938111903   2.535529308557751   32.24424881864916
3.05211586160442   2.3606838906483594   30.817356166845748
3.1415899999999994   2.1976686851601333   29.43850559550664
