0.01   1486.8167780439794   1486.769345430692
0.010293154462191829   1503.0425031950508   1502.9945694751602
0.010594902878253955   1518.6565259421511   1518.6080412380525
0.010905497183778876   1533.6095846476253   1533.5605297883287
0.011225196699963396   1547.8516238287223   1547.8020254947794
0.011554268350120923   1561.3323927096167   1561.282321961762
0.011892986882540897   1574.0001963806556   1573.9497305702341
0.012241635099881474   1585.8025534248122   1585.7517493657763
0.012600504095286909   1596.6874193121805   1596.6363119558378
0.012969893495426888   1606.6020398469225   1606.550643766687
0.013350111710660605   1615.4915600392246   1615.439873621613
0.013741476192534558   1623.301860512721   1623.24986625318
0.014144313698828986   1629.979977324853   1629.927643645484
0.01455896056637426   1635.4726581516102   1635.4199550165954
0.014985762991865008   1639.7277155077354   1639.674622036702
0.01542507732090645   1642.695267802568   1642.6417721034322
0.015877270345534218   1644.3268931893092   1644.272964683669
0.016342719610456153   1644.575388765324   1644.520936972642
0.016821813728271667   1643.3967971583254   1643.3416688328296
0.017314952703931925   1640.750905066875   1640.6948956442664
0.017822548268711737   1636.6015280064012   1636.544436426237
0.01834502422397195   1630.916940426872   1630.858587501172
0.018882816794999403   1623.670332272434   1623.610560615536
0.019436374995219892   1614.8419456944755   1614.780591615686
0.02000616100108813   1604.4194084732762   1604.3562733560866
0.020592650537967844   1592.396080031773   1592.3309315195422
0.021196333277324068   1578.7733029339618   1578.705894203493
0.02181771324555934   1563.5656394315447   1563.4957673729684
0.022457309244835088   1546.794982585435   1546.7225001854504
0.02311565528622961   1528.4897865111861   1528.4146066977928
0.023793301035594242   1508.6955968397506   1508.6177494487636
0.024490812272480036   1487.4712179653345   1487.390886944212
0.025208771362518027   1464.8799119506011   1464.7974277644253
0.0259477777436476   1440.9978883508702   1440.9137419473225
0.02670844842659881   1415.925105317734   1415.8399903648417
0.027491418510046592   1389.7654089245289   1389.6802111851166
0.028297341710866907   1362.6262028790377   1362.541974727274
0.029126890909937666   1334.6432355646334   1334.5611304415017
0.029980758713939952   1305.963160821312   1305.8843932889442
0.030859658033628758   1276.7272916465015   1276.6531227575827
0.031764322679055976   1247.0878068034765   1247.019566356821
0.03269550797224261   1217.2156895744686   1217.154817594054
0.033653991377811755   1187.272758842588   1187.2207902298544
0.03464057315210884   1157.4166593835093   1157.3751464012912
0.03565607701135116   1127.8361707747656   1127.806348554609
0.036701350819364466   1098.7178769989207   1098.7005786936263
0.03777726729548091   1070.2290648517449   1070.2247613379814
0.038884724743189276   1042.4959555964847   1042.5047878249575
0.04002464780014597   1015.6045302157685   1015.6263385698593
0.041197988210172884   989.6289869946461   989.6633460333268
0.04240572561788674   964.656715080671   964.7027065211549
0.04364886838662332   940.848462531966   940.9037657609994
0.04492845444033957   918.3669257963132   918.4277387054652
0.04624555213019635   897.3361208782508   897.3973659343723
0.04760126112654554   877.6616829441468   877.7177164361744
0.04899671333706607   859.1429317060458   859.1879112954522
0.05043307385181555   841.5944476520601   841.6223394980892
0.05191154191598653   824.8504585706276   824.8550135017342
0.053433351931179485   808.7605227314646   808.7352770602196
0.05499977448602865   793.170491726264   793.1088974929603
0.05661211741704101   777.8679681611015   777.7639092625582
0.05827172690053434   762.6347310643187   762.4827071639055
0.05997998857658587   747.2288203934984   747.0247268743562
0.06173832870592997   731.372785713435   731.1149418334912
0.0635482153607709   714.8005259261369   714.4900093373831
0.06541115965050462   697.2312175325717   696.8731161437152
0.06732871698337338   678.41538286293   678.0189329302851
0.06930248836510605   658.1900908117875   657.7689534625803
0.07133412173562886   636.4665183590834   636.0384585009529
0.07342531334496233   613.31879892509   612.9046027503126
0.07557780916945323   588.9357672164498   588.5580990037121
0.07779340636952398   563.6431329406224   563.3248678624608
0.08007395479015682   537.8398549547305   537.6025694177542
0.08242135850536496   511.9880463853941   511.84914039353237
0.08483757740794096   486.5518656700983   486.5233034321961
0.08732462884580919   461.99840451303106   462.0856319397503
0.08988458930634863   438.77096709805807   438.9713397136666
0.09251959615009227   417.28993978910677   417.59094906184424
0.09523184939525078   397.88232832533026   398.2613070065172
0.09802361355455057   380.78768700004   381.21071303424156
0.10089721952591899   366.05005351998943   366.47590622245843
0.10385506653859616   353.5266198908547   353.9103927148466
0.10689962415629803   342.8419415468992   343.14073429043515
0.11003343433910281   333.47584101108737   333.6535466434948
0.11325911356578279   324.7850988898397   324.820310918149
0.11657935501835284   316.1191162408415   316.00877905093625
0.11999693083066039   306.8667673301952   306.6289549951792
0.12351469440289359   296.551927479525   296.22782098191374
0.12713558278394044   284.89878343626606   284.5483338625478
0.13086261912358757   271.89134369637407   271.58423148960725
0.13469891519660646   257.79410403231583   257.60092525525926
0.13864767400083483   243.08375575817502   243.064291384379
0.14271219243142114   228.38262456547562   228.57531495422788
0.14689586403346616   214.38745145000064   214.80038130681103
0.1512021818353596   201.77239156577184   202.3717749094974
0.15563474126517718   191.009286382292   191.72993154234814
0.16019724315257297   182.20311652229688   182.95883674805555
0.1648934968186736   175.06392153838198   175.76880338696623
0.1697274232565544   169.0405589500578   169.6335921536341
0.17470305840495237   163.49011578917236   163.94589143822085
0.17982455651794954   157.7590084772641   158.09731687417914
0.18509619363343993   151.2825495884021   151.57117987579753
0.19052237114327647   143.81651166328896   144.15659075171476
0.19610761946807834   135.5928598014109   136.0829953130352
0.20185660183976684   127.16908246655194   127.8698566446429
0.20777411819498756   119.15755956222337   120.07480353409252
0.21386510918267082   112.06744286417761   113.15007781282156
0.22013466028907505   106.17256427861466   107.32989165871435
0.22658800608375756   101.35378659835699   102.49703340792468
0.23323053459001789   97.19029066095077   98.2581986045174
0.2400677917834628   93.14074749768756   94.13280184660972
0.24710548622244882   88.751395663414   89.73231423686337
0.25434949381426813   83.89664827604896   84.95017652709551
0.2618058627210567   78.83266081137616   80.0309189331219
0.2694808184095226   73.96196797390407   75.31104674735342
0.27738076884870827   69.62829464194472   71.08041637276979
0.2855123098601282   65.9597302412968   67.43866552701294
0.29388223062474755   62.76938531533145   64.21628455677252
0.3024975193514008   59.72394320688112   61.13388241082937
0.31136536911138296   56.575671942328675   57.98943323878488
0.3204931838440838   53.293690031304365   54.77244201376767
0.32988858453867975   50.07328057752554   51.635547211384946
0.3395594155970457   47.133953690713575   48.75240894773355
0.34951375138319807   44.53696548121025   46.164715732646286
0.3597599029647371   42.177379721522854   43.784717286983145
0.37030642505191835   39.88430321566353   41.48118501584487
0.3811621231401457   37.58296838864648   39.20044729693319
0.3923360608618501   35.34181526664356   36.99514575290096
0.4038375675538918   33.26366373288891   34.9382482670169
0.41567624604680364   31.37228985878919   33.044029890261335
0.42786198068238046   29.6009082438897   31.26071934613558
0.4404049455663077   27.884470401326702   29.542521546755843
0.4533156130627191   26.22385945155335   27.89242030595259
0.4666047625377753   24.665056502699642   26.338670957576383
0.4802834893595659   23.21949814191533   24.886242879949734
0.49436321416184764   21.857826151288393   23.5145718645234
0.5088556923793517   20.55477014569587   22.206334517724923
0.5237730240626238   19.317886029806907   20.965930985277204
0.5391276639805903   18.159439160137307   19.799155844238697
0.5549324320192869   17.07115462185744   18.69903806776443
0.5712005238854289   16.039654333378824   17.656787791432784
0.5879455221237613   15.064021406110058   16.670820978113294
0.6051814074573895   14.147135855835437   15.741227058105821
0.622922570460556   13.284475765578945   14.86421226656873
0.6411838235736077   12.471163520146503   14.03598401808361
0.6599804134701901   11.70453500551811   13.253930626379365
0.6793280337869897   10.982245089955851   12.5156615937995
0.6992428382266549   10.302034765596392   11.818888914200386
0.7197414540448374   9.661730974759944   11.161424830881987
0.7408409959326054   9.05924609246181   10.541179412792706
0.7625590803058332   8.492577101836792   9.956157979937611
0.7849138400134885   7.959801888108174   9.40445723860237
0.8079239394770964   7.459036903210748   8.884243941610611
0.8316085902740278   6.988454894890885   8.393759960992808
0.8559875671776167   6.546325455303387   7.931338211256122
0.8810812246675007   6.131011585169888   7.49539922120755
0.9069105139239728   5.740965017981712   7.084447170624025
0.9334970003205227   5.374721755830565   6.697066043981688
0.960862881429187   5.03089780862138   6.331915904087836
0.9890310055537336   4.70818642954075   5.987730285541142
1.0180248908061487   4.405360521789721   5.663317640690277
1.047868744742366   4.121261993613377   5.357552869614712
1.0785874845736239   3.8547948721629393   5.069371485544913
1.1102067579703248   3.6049223739107887   4.797766761748424
1.1427529644757777   3.3706640906886163   4.54178697671253
1.1762532775476793   3.1510932803613962   4.300532751910305
1.210735667245765   2.945334259433089   4.073154480848485
1.246228923584555   2.7525591934899154   3.8588483741598703
1.2827626805706884   2.5719847695912095   3.656852009511149
1.3203674409449337   2.4028718592405083   3.4664460425217376
1.3590746016495152   2.2445235673674984   3.2869526094434507
1.3989164800420282   2.09628300983808   3.1177330679862805
1.4399263408778291   1.957531193927702   2.958185846289057
1.4821384240834183   1.8276849980052137   2.8077443963910116
1.525587973344019   1.7061952453750115   2.6658751641359366
1.5703112655292182   1.5925448274277672   2.532072958885668
1.6163456409812174   1.4862469634250772   2.405859218254132
1.6637295346910133   1.386843603356255   2.2867841679602514
1.7125025083885144   1.2939038496001474   2.1744253203827237
1.7627052835733923   1.2070224531034845   2.0683858224975267
1.814379775514258   1.1258183849499637   1.9682929014709367
1.8675691282445197   1.0499334801217661   1.8737964024643352
1.922317750584177   0.979031120756609   1.7845667906397809
1.9786713532176083   0.9127947678298964   1.7002884719109168
2.0366769868582977   0.8509270073166518   1.6206623899390529
2.0963830815323896   0.7931486360063603   1.5454087538933885
2.1578394870138577   0.7391976047374443   1.4742657754011486
2.2210975144450407   0.6888280166053882   1.40698844748054
2.286209979177315   0.6418091798234039   1.3433474100510088
2.3532312448676476   0.5979247125332879   1.2831278956475136
2.4222172688678643   0.5569718017720678   1.22612694891893
2.4932256489445366   0.518760677430221   1.1721474652134307
2.5663156713684585   0.483113442977671   1.1210039358572705
2.641548360413907   0.4498632606036177   1.0725235522301564
2.7189865293089923   0.41885370362652513   1.0265452557770076
2.798694832679631   0.38993814363106705   0.9829188646798696
2.8807398205309562   0.3629791707212772   0.9415042705877137
2.9651899938111903   0.3378480391884577   0.9021706910745061
3.05211586160442   0.3144236011245572   0.8647952227259624
3.1415899999999994   0.29259158385724005   0.8292617611108456
