0.01   509.257100777335   509.24084326803836
0.010293154462191829   515.4694342741299   515.4529844162848
0.010594902878253955   521.5068157107977   521.4901529773825
0.010905497183778876   527.3538633509211   527.3369702584633
0.011225196699963396   532.9949754141605   532.9778488581103
0.011554268350120923   538.4144436762526   538.3970958641065
0.011892986882540897   543.5959797652341   543.5784321804435
0.012241635099881474   548.5219623361936   548.5042294725291
0.012600504095286909   553.1745634934339   553.1566500104401
0.012969893495426888   557.5359716536916   557.5178735844528
0.013350111710660605   561.5881292566058   561.5698483646893
0.013741476192534558   565.3129690694091   565.2945210161308
0.014144313698828986   568.6926862890523   568.674100945234
0.01455896056637426   571.7092598047899   571.6905725602182
0.014985762991865008   574.344121034178   574.3253574616182
0.01542507732090645   576.5791214468954   576.5602955172063
0.015877270345534218   578.3966366573793   578.3777510176043
0.016342719610456153   579.7791894282448   579.7602383487454
0.016821813728271667   580.7099186467211   580.6908891422282
0.017314952703931925   581.1728983669441   581.1537702727951
0.017822548268711737   581.1528882806359   581.1336354415163
0.01834502422397195   580.6353779775542   580.6159697123829
0.018882816794999403   579.607135041042   579.5875364429484
0.019436374995219892   578.0564559967528   578.0366317466743
0.02000616100108813   575.9735938411428   575.9535226604343
0.020592650537967844   573.3505508831461   573.3302291127552
0.021196333277324068   570.1811374914207   570.160577884448
0.02181771324555934   566.4620768129508   566.4412903957339
0.022457309244835088   562.1928828296963   562.171864050303
0.02311565528622961   557.375025053938   557.3537519501859
0.023793301035594242   552.0131213414038   551.9915652444787
0.024490812272480036   546.1168988666535   546.0950488272689
0.025208771362518027   539.698426677939   539.6762929321687
0.0259477777436476   532.7720248274491   532.7496381057092
0.02670844842659881   525.358690856214   525.3361029314717
0.027491418510046592   517.4836603650853   517.4609436396496
0.028297341710866907   509.17327816424347   509.1505241241819
0.029126890909937666   500.4588812534816   500.43620131669235
0.029980758713939952   491.37975218424765   491.3572803587743
0.030859658033628758   481.9756729058386   481.9535637447822
0.031764322679055976   472.28748420828526   472.26590973588634
0.03269550797224261   462.36579420517364   462.3449386618857
0.033653991377811755   452.2634464163731   452.2435028136711
0.03464057315210884   442.03084906922425   442.0120169203307
0.03565607701135116   431.7222760678272   431.70475740470437
0.036701350819364466   421.3969068353937   421.38090215372864
0.03777726729548091   411.110000192775   411.0957072215814
0.038884724743189276   400.9148495545813   400.902450586297
0.04002464780014597   390.87110954590946   390.86072091076306
0.041197988210172884   381.03569628112564   381.0273608823292
0.04240572561788674   371.4593334773488   371.45302771519846
0.04364886838662332   362.1794687050683   362.1750950312401
0.04492845444033957   353.222275913202   353.21965772162474
0.04624555213019635   344.6104911119847   344.6093808622976
0.04760126112654554   336.36782422120496   336.3678723353364
0.04899671333706607   328.52619539605075   328.5268479448374
0.05043307385181555   321.1160025025188   321.11649984136557
0.05191154191598653   314.1544461222503   314.1538573871803
0.053433351931179485   307.58477103139063   307.58213057303703
0.05499977448602865   301.323049822998   301.3174134697176
0.05661211741704101   295.29292022883334   295.28336339451727
0.05827172690053434   289.4334280760551   289.4190349083083
0.05997998857658587   283.6924972727634   283.67235864981296
0.06173832870592997   278.0151036350924   277.988355766013
0.0635482153607709   272.32520645558077   272.29115949836324
0.06541115965050462   266.54669796064803   266.50486838805597
0.06732871698337338   260.5945221572998   260.54476220325523
0.06930248836510605   254.37494817532522   254.31757870738738
0.07133412173562886   247.8045550185653   247.74041454191834
0.07342531334496233   240.81214984771466   240.7427697344976
0.07557780916945323   233.34594788853903   233.27351518773548
0.07779340636952398   225.4046231954803   225.33187786912103
0.08007395479015682   217.01733302588806   216.9474254381192
0.08242135850536496   208.273837347911   208.2100284424381
0.08483757740794096   199.29347423257428   199.23891334957483
0.08732462884580919   190.22405182248056   190.1814394739894
0.08988458930634863   181.21828617868684   181.18969388587286
0.09251959615009227   172.43087900238038   172.4174986645294
0.09523184939525078   164.0058883071194   164.0079169397191
0.09802361355455057   156.08162204137267   156.0980145946069
0.10089721952591899   148.77914801614818   148.80738945264403
0.10385506653859616   142.20175820109685   142.23768204534707
0.10689962415629803   136.39995187484604   136.4381249661073
0.11003343433910281   131.37284432878593   131.4068900399054
0.11325911356578279   127.04003135557517   127.06331069469552
0.11657935501835284   123.2571183858461   123.26337715259008
0.11999693083066039   119.82640601140089   119.8110992905016
0.12351469440289359   116.53201530138067   116.49303884802616
0.12713558278394044   113.1622462691258   113.1003755145102
0.13086261912358757   109.53898244979224   109.45813880383194
0.13469891519660646   105.53465253666556   105.44184095279445
0.13864767400083483   101.10316387992796   101.00732981912343
0.14271219243142114   96.28309502092317   96.19396911794503
0.14689586403346616   91.19342777005338   91.12030550394013
0.1512021818353596   86.01042220728326   85.96071592027236
0.15563474126517718   80.93953204474381   80.91681906190229
0.16019724315257297   76.19521961938338   76.198039317325
0.1648934968186736   71.9717539229477   71.99343874332745
0.1697274232565544   68.38543957910312   68.41472060136522
0.17470305840495237   65.41815379349305   65.44200143335469
0.17982455651794954   62.92867770393777   62.93592212940557
0.18509619363343993   60.715756730773045   60.699472938996905
0.19052237114327647   58.57548217634884   58.53413838789364
0.19610761946807834   56.31972596445527   56.258899199052095
0.20185660183976684   53.80574346476269   53.73777498179566
0.20777411819498756   51.01023121361683   50.94948536782739
0.21386510918267082   48.0577551949291   48.016036746003465
0.22013466028907505   45.14214895217555   45.125112346576046
0.22658800608375756   42.440258695050964   42.44554202696324
0.23323053459001789   40.074000893921145   40.09213070928698
0.2400677917834628   38.08045465358919   38.0991638651105
0.24710548622244882   36.383039683559204   36.39040853145464
0.25434949381426813   34.83166082660211   34.82300433434235
0.2618058627210567   33.271455451478936   33.25043534418564
0.2694808184095226   31.598641204244586   31.57674315956272
0.27738076884870827   29.82236468175184   29.811112598391055
0.2855123098601282   28.048867794057553   28.05542601058263
0.29388223062474755   26.39083950125257   26.413943767364973
0.3024975193514008   24.92210443349394   24.953434464059775
0.31136536911138296   23.645094480590462   23.674891939900455
0.3204931838440838   22.480669217367154   22.50433470288827
0.32988858453867975   21.3381557707307   21.35811747054459
0.3395594155970457   20.17207250891066   20.19612500657471
0.34951375138319807   18.99939196239441   19.034152064890048
0.3597599029647371   17.883650063311478   17.92977466804436
0.37030642505191835   16.869624131524102   16.92229566211045
0.3811621231401457   15.951729069111304   16.005510842136427
0.3923360608618501   15.091564466631437   15.144897355761666
0.4038375675538918   14.250432914026565   14.306269833889793
0.41567624604680364   13.424134744289013   13.486304850279193
0.42786198068238046   12.637406354584765   12.70654446236795
0.4404049455663077   11.908798302045629   11.982373423856625
0.4533156130627191   11.233485114350179   11.308868724084611
0.4666047625377753   10.59172794120876   10.669008787321873
0.4802834893595659   9.973833603377509   10.05472903604971
0.49436321416184764   9.38483160460315   9.469958295554505
0.5088556923793517   8.833350453101495   8.92156194551743
0.5237730240626238   8.316624599135421   8.406775248361818
0.5391276639805903   7.826841884793916   7.918968913074103
0.5549324320192869   7.36080665070055   7.455531020061416
0.5712005238854289   6.920964449276739   7.018048665966487
0.5879455221237613   6.507681607792122   6.606496793967558
0.6051814074573895   6.117645625405865   6.218005638690755
0.622922570460556   5.74860516213961   5.850610178150772
0.6411838235736077   5.400534189113798   5.504046400121539
0.6599804134701901   5.072883334307352   5.177605728012546
0.6793280337869897   4.763937327345792   4.869796386796693
0.6992428382266549   4.472656209239628   4.5795018964762155
0.7197414540448374   4.1983174622585056   4.306008903668181
0.7408409959326054   3.9399737535882036   4.048381739657366
0.7625590803058332   3.6967518428904715   3.805751399504593
0.7849138400134885   3.46782204925607   3.577291824717597
0.8079239394770964   3.2523963564522225   3.3622181734574337
0.8316085902740278   3.0497265820885158   3.1597851275466513
0.8559875671776167   2.859102609797481   2.9692852385370934
0.8810812246675007   2.679850717931402   2.790047349690714
0.9069105139239728   2.511333561584792   2.6214366792244403
0.9334970003205227   2.3529487879382436   2.4628535209923412
0.960862881429187   2.204124875294422   2.313729099886367
0.9890310055537336   2.0643195954052427   2.1735240584197197
1.0180248908061487   1.933018735601379   2.0417271958872996
1.047868744742366   1.8097348598085852   1.917854238268472
1.0785874845736239   1.6940061086030094   1.8014466403885825
1.1102067579703248   1.5853949634729751   1.6920704281507148
1.1427529644757777   1.4834863690593556   1.589315135489298
1.1762532775476793   1.387887186605311   1.4927926635300495
1.210735667245765   1.2982257695977453   1.4021361669880121
1.246228923584555   1.2141509145582923   1.3169990344425409
1.2827626805706884   1.1353308440982928   1.2370539051958234
1.3203674409449337   1.0614522327257356   1.1619917216983864
1.3590746016495152   0.9922192741783331   1.0915208174017408
1.3989164800420282   0.9273527791897577   1.0253662408725381
1.4399263408778291   0.8665892924273129   0.96326952879809
1.4821384240834183   0.809680318554553   0.9049870635555517
1.525587973344019   0.7563915554096411   0.8502890490358468
1.5703112655292182   0.7065021480762507   0.798958812076103
1.6163456409812174   0.6598039773695011   0.7507921309379165
1.6637295346910133   0.6161009815011045   0.7055965905721769
1.7125025083885144   0.575208509205977   0.6631909673524076
1.7627052835733923   0.5369526511661078   0.6234049589575698
1.814379775514258   0.501169626038671   0.5860788006165939
1.8675691282445197   0.4677053318154522   0.5510620710312328
1.922317750584177   0.4364148221297478   0.518213130363787
1.9786713532176083   0.4071617963036641   0.48739865748075734
2.0366769868582977   0.37981811527380105   0.45849320645722363
2.0963830815323896   0.3542633422666022   0.431378782061685
2.1578394870138577   0.3303843031757994   0.40594443431791416
2.2210975144450407   0.3080746122167437   0.3820858777043648
2.286209979177315   0.28723431097895097   0.3597051182976125
2.3532312448676476   0.26776956078852937   0.3387100944214214
2.4222172688678643   0.24959228842723166   0.3190143413280641
2.4932256489445366   0.23261984906641295   0.30053667241966475
2.5663156713684585   0.21677470763945503   0.28320087624932816
2.641548360413907   0.20198413773578777   0.2669354287666562
2.7189865293089923   0.18817995883661762   0.25167311582806756
2.798694832679631   0.17529836547968836   0.23735029114900108
2.8807398205309562   0.16327955949873377   0.22390715622852692
2.9651899938111903   0.1520674602476811   0.21128777401862583
3.05211586160442   0.1416094864020399   0.19943982074416947
3.1415899999999994   0.1318563496279582   0.18831435287616927
