0.01   1185.9520458835457   1185.9188052404563
0.010293154462191829   1201.6365264280269   1201.602882443801
0.010594902878253955   1216.9421574549797   1216.9081259622992
0.010905497183778876   1231.8307794712923   1231.796323248068
0.011225196699963396   1246.2629891585873   1246.2280368444578
0.011554268350120923   1260.1963747544287   1260.1608967796262
0.011892986882540897   1273.587509169537   1273.5515372203338
0.012241635099881474   1286.3925515433978   1286.3561778039361
0.012600504095286909   1298.565953077114   1298.5292767105507
0.012969893495426888   1310.0608378351033   1310.0239189000179
0.013350111710660605   1320.8303775368786   1320.793233963384
0.013741476192534558   1330.8270633646493   1330.789681091064
0.014144313698828986   1340.0010876774975   1339.9634530538353
0.01455896056637426   1348.3027835396822   1348.2648893641117
0.014985762991865008   1355.683190643669   1355.645035782478
0.01542507732090645   1362.0923758094762   1362.0539576560473
0.015877270345534218   1367.4803754654715   1367.4416847846048
0.016342719610456153   1371.798874063686   1371.7598948462714
0.016821813728271667   1375.0005080851608   1374.9612056997682
0.017314952703931925   1377.037835059809   1376.9981290363962
0.017822548268711737   1377.8657353790773   1377.825495788705
0.01834502422397195   1377.4419988224367   1377.401050993575
0.018882816794999403   1375.726762405621   1375.6849261834352
0.019436374995219892   1372.6833578257822   1372.6404695606693
0.02000616100108813   1368.2792492316792   1368.2351627654898
0.020592650537967844   1362.486815224046   1362.4413702616396
0.021196333277324068   1355.2840398138542   1355.2370034091382
0.02181771324555934   1346.6541295372263   1346.605192941932
0.022457309244835088   1336.5863190455425   1336.535115091784
0.02311565528622961   1325.0798172556433   1325.0260189178816
0.023793301035594242   1312.1414471993287   1312.084810378034
0.024490812272480036   1297.7839472968349   1297.7243108289235
0.025208771362518027   1282.0317746240826   1281.969066865616
0.0259477777436476   1264.9236847606753   1264.8579326158754
0.02670844842659881   1246.5042042611376   1246.4355300878108
0.027491418510046592   1226.8257775192255   1226.754406287565
0.028297341710866907   1205.96256591761   1205.888886889683
0.029126890909937666   1183.9976234088363   1183.922201077425
0.029980758713939952   1161.016477899787   1160.9400370066505
0.030859658033628758   1137.124041795228   1137.0474882423885
0.031764322679055976   1112.4462445756149   1112.3706898381945
0.03269550797224261   1087.107050964031   1087.0337880085015
0.033653991377811755   1061.2331828946276   1061.1636555642826
0.03464057315210884   1034.9762194398018   1034.9119818544496
0.03565607701135116   1008.4871363343152   1008.4298248357792
0.036701350819364466   981.9081917104361   981.8594972280015
0.03777726729548091   955.4062395980313   955.3677636195611
0.038884724743189276   929.1680856939685   929.1412165331126
0.04002464780014597   903.3635966805151   903.3495205121761
0.041197988210172884   878.1382021456815   878.1379045466905
0.04240572561788674   853.5983862311765   853.6126123406033
0.04364886838662332   829.8327916369811   829.8620606065765
0.04492845444033957   806.9233278372269   806.9679146838691
0.04624555213019635   785.0169784801187   785.076186416745
0.04760126112654554   764.3040206889774   764.3756875408066
0.04899671333706607   744.9536353207199   745.0342868724489
0.05043307385181555   727.0241575449568   727.1093340112931
0.05191154191598653   710.4033988592274   710.4880723873933
0.053433351931179485   694.9718480814265   695.0504888605462
0.05499977448602865   680.6117256819224   680.6782650532981
0.05661211741704101   667.1994038630561   667.2471491823148
0.05827172690053434   654.617114393989   654.63878238471
0.05997998857658587   642.7066717407749   642.6947615874382
0.06173832870592997   631.2718027552454   631.2189630431967
0.0635482153607709   620.1141830708774   620.0134193696604
0.06541115965050462   608.9840892923725   608.8296315775921
0.06732871698337338   597.6270471024399   597.4146867119381
0.06930248836510605   585.7576589557697   585.4859414158425
0.07133412173562886   573.0713508333113   572.7425727090973
0.07342531334496233   559.2972561411849   558.9180544071128
0.07557780916945323   544.2063553379694   543.7885439022726
0.07779340636952398   527.6488868271655   527.2089091078694
0.08007395479015682   509.5953683165317   509.1533750899939
0.08242135850536496   490.1249957037997   489.70422798086753
0.08483757740794096   469.46698493098705   469.09330221230067
0.08732462884580919   447.93654317169774   447.6355552065713
0.08988458930634863   425.9310864399849   425.72497805374684
0.09251959615009227   403.8881486334457   403.7953309824258
0.09523184939525078   382.2603254940991   382.294598042233
0.09802361355455057   361.53099705485107   361.6969980022422
0.10089721952591899   342.1347465011071   342.4273928258521
0.10385506653859616   324.4864642382317   324.8885626947527
0.10689962415629803   308.90652848956137   309.38975540666235
0.11003343433910281   295.56121165789165   296.0863709048612
0.11325911356578279   284.45446711953815   284.9749050990368
0.11657935501835284   275.37115120938796   275.8375605711079
0.11999693083066039   267.92445487311306   268.29087658087167
0.12351469440289359   261.5911053544788   261.8206817045069
0.12713558278394044   255.75257132442448   255.82415580716898
0.13086261912358757   249.77617308275012   249.68956221625055
0.13469891519660646   243.06540829182055   242.84541126663837
0.13864767400083483   235.1592646632319   234.85450992306235
0.14271219243142114   225.81234858624424   225.49121007334819
0.14689586403346616   215.04149451488556   214.78449938961353
0.1512021818353596   203.1347460555492   203.0228946635765
0.15563474126517718   190.60646764881523   190.70547942928704
0.16019724315257297   178.13805332249527   178.4840169477367
0.1648934968186736   166.47918767293854   167.06977838625912
0.1697274232565544   156.2885731894528   157.07792224645357
0.17470305840495237   147.94278532565022   148.84489124559792
0.17982455651794954   141.43323436426084   142.35221233990072
0.18509619363343993   136.42857019019615   137.27338226242443
0.19052237114327647   132.3961726817847   133.1005357488608
0.19610761946807834   128.66792622905155   129.20845554570602
0.20185660183976684   124.52321401687455   124.93366344687179
0.20777411819498756   119.41738043132561   119.78687919920506
0.21386510918267082   113.2345819404563   113.6889462255001
0.22013466028907505   106.30132566541724   106.93968469768095
0.22658800608375756   99.1958331193425   100.07655967085606
0.23323053459001789   92.56754320521644   93.68250621565109
0.2400677917834628   86.94904607208339   88.22728720919177
0.24710548622244882   82.54491063600699   83.8722915823312
0.25434949381426813   79.14630010972866   80.4163732229979
0.2618058627210567   76.26785353339116   77.42397382258794
0.2694808184095226   73.30744761210508   74.36659764478571
0.27738076884870827   69.83503864031103   70.88363815899336
0.2855123098601282   65.8271072242492   66.97181914185246
0.29388223062474755   61.5990271438331   62.90837317718888
0.3024975193514008   57.60911321167455   59.07805506954093
0.31136536911138296   54.23298842025777   55.793491861880554
0.3204931838440838   51.523665682289156   53.06965808677641
0.32988858453867975   49.21599038789333   50.694025476405166
0.3395594155970457   46.93667169939479   48.35721531295233
0.34951375138319807   44.43135813947785   45.858109766145105
0.3597599029647371   41.74234886867703   43.24487801306131
0.37030642505191835   39.13146559687933   40.724794868600604
0.3811621231401457   36.83020259249586   38.469945186775725
0.3923360608618501   34.87791314237525   36.49933480184415
0.4038375675538918   33.10979579904328   34.68909220838741
0.41567624604680364   31.32619113163625   32.88816073914068
0.42786198068238046   29.480006448356356   31.06707748651647
0.4404049455663077   27.684547049190943   29.311576175525484
0.4533156130627191   26.0634154432793   27.70357537933543
0.4666047625377753   24.62027112938044   26.241409605572546
0.4802834893595659   23.257513683063628   24.856651181386155
0.49436321416184764   21.902568662963628   23.500483525927976
0.5088556923793517   20.584544656996144   22.193801512947058
0.5237730240626238   19.36472753771273   20.974819857467274
0.5391276639805903   18.248414915075127   19.843136111883876
0.5549324320192869   17.188866360032073   18.768413826546578
0.5712005238854289   16.16228977982688   17.736569474473434
0.5879455221237613   15.18977586834656   16.759277045180024
0.6051814074573895   14.287111234265799   15.844106843160272
0.622922570460556   13.43878639349717   14.98045730600389
0.6411838235736077   12.628900508449014   14.158616520422184
0.6599804134701901   11.863121315284527   13.381433231292423
0.6793280337869897   11.14653240857366   12.64961905575177
0.6992428382266549   10.471788193663498   11.95845541630374
0.7197414540448374   9.834683458195324   11.30504104413959
0.7408409959326054   9.233551426898732   10.687517775598943
0.7625590803058332   8.666772535206317   10.104103702956015
0.7849138400134885   8.1327543490083   9.553083293334637
0.8079239394770964   7.629936635338477   9.032807286574341
0.8316085902740278   7.156795680765724   8.5416922930763
0.8559875671776167   6.71181262409233   8.078205110350423
0.8810812246675007   6.293401295909009   7.6408289156861935
0.9069105139239728   5.9000331306890725   7.228113044257579
0.9334970003205227   5.5302647908376805   6.838682992154491
0.960862881429187   5.182733515027883   6.471236910284846
0.9890310055537336   4.856152718452659   6.124542212367286
1.0180248908061487   4.549307831246641   5.797432297947583
1.047868744742366   4.261052458164141   5.488803445394429
1.0785874845736239   3.9903123038075345   5.197616165495754
1.1102067579703248   3.736084685014293   4.922894292660369
1.1427529644757777   3.4974206724027312   4.6637140182314365
1.1762532775476793   3.273421185421474   4.41920066095839
1.210735667245765   3.063234739289613   4.188526393949337
1.246228923584555   2.866055265525102   3.9709080423346643
1.2827626805706884   2.6811200059331646   3.765604953059346
1.3203674409449337   2.5077073688162606   3.5719167043372786
1.3590746016495152   2.345133105722125   3.389177126557661
1.3989164800420282   2.192749248357855   3.216753862286656
1.4399263408778291   2.0499442820434086   3.054050687916987
1.4821384240834183   1.9161413246216599   2.900505681895511
1.525587973344019   1.7907963174399932   2.7555893360163988
1.5703112655292182   1.6733962998179557   2.6188027607840465
1.6163456409812174   1.563457763935149   2.489675981188869
1.6637295346910133   1.4605250991812875   2.367765832082435
1.7125025083885144   1.3641691694771776   2.2526514732763947
1.7627052835733923   1.2739858205046437   2.143935588697775
1.814379775514258   1.1895944843852664   2.041244738341318
1.8675691282445197   1.1106368976552847   1.9442279273757386
1.922317750584177   1.0367758821267328   1.8525552511735603
1.9786713532176083   0.9676941858449588   1.7659166209647563
2.0366769868582977   0.9030933816522849   1.6840205653350113
2.0963830815323896   0.842692727781419   1.6065904676478888
2.1578394870138577   0.7862279862431891   1.5333577569122094
2.2210975144450407   0.7334508016518352   1.464069452320095
2.286209979177315   0.6841278696014764   1.3984891529193164
2.3532312448676476   0.6380400707967685   1.3363958731619137
2.4222172688678643   0.5949816516222773   1.2775829652375568
2.4932256489445366   0.5547594489012195   1.2218571213780314
2.5663156713684585   0.5171921592576704   1.1690374185922137
2.641548360413907   0.4821098371474151   1.118952068801272
2.7189865293089923   0.44935330454644334   1.0714364604016353
2.798694832679631   0.4187731721664763   1.0263366724133074
2.8807398205309562   0.39022923981561614   0.9835091029525619
2.9651899938111903   0.36358996436340696   0.9428197116243345
3.05211586160442   0.33873195587172666   0.9041433220525221
3.1415899999999994   0.31553950060646924   0.8673629794420357
