0.01   14646.935081752143   14641.723235689868
0.010293154462191829   14838.054529767902   14832.33805392739
0.010594902878253955   15024.44636054054   15018.180448258443
0.010905497183778876   15205.620532365207   15198.756031801338
0.011225196699963396   15381.071690555496   15373.554382883722
0.011554268350120923   15550.287723834335   15542.058297033485
0.011892986882540897   15712.733210521228   15703.727405902557
0.012241635099881474   15867.845695116433   15857.994536079808
0.012600504095286909   16015.058700205776   16004.288603369196
0.012969893495426888   16153.798759877129   16142.031392734541
0.013350111710660605   16283.464463945902   16270.615643105026
0.013741476192534558   16403.449394121344   16389.428922542123
0.014144313698828986   16513.151971571177   16497.863819205853
0.01455896056637426   16611.955315666262   16595.296392834647
0.014985762991865008   16699.23025058026   16681.089252979993
0.01542507732090645   16774.361105556694   16754.618875844873
0.015877270345534218   16836.741416457142   16815.271011460583
0.016342719610456153   16885.755888947642   16862.4216459268
0.016821813728271667   16920.80829813952   16895.466242154213
0.017314952703931925   16941.33121554202   16913.829762681045
0.017822548268711737   16946.77505551668   16916.953516171336
0.01834502422397195   16936.616288013658   16904.30409385359
0.018882816794999403   16910.37443526683   16875.39242253726
0.019436374995219892   16867.617244801637   16829.77903775569
0.02000616100108813   16807.96556870715   16767.07893373441
0.020592650537967844   16731.09725124368   16686.96589932317
0.021196333277324068   16636.754370397128   16589.180192610238
0.02181771324555934   16524.7775306699   16473.565080086642
0.022457309244835088   16395.095044572536   16340.055104780535
0.02311565528622961   16247.705467089158   16188.657268408293
0.023793301035594242   16082.726166902816   16019.502481299252
0.024490812272480036   15900.440107123904   15832.895023704854
0.025208771362518027   15701.209161285846   15629.220331104962
0.0259477777436476   15485.483514343767   15408.955014905127
0.02670844842659881   15253.947224322526   15172.822207510006
0.027491418510046592   15007.414624066143   14921.68051488136
0.028297341710866907   14746.744757132592   14656.432353715718
0.029126890909937666   14473.001151493598   14378.188208197322
0.029980758713939952   14187.52634850716   14088.342749076437
0.030859658033628758   13891.675311648962   13788.299811843224
0.031764322679055976   13586.841595559092   13479.499179724064
0.03269550797224261   13274.725758947357   13163.692391495033
0.033653991377811755   12957.07739301245   12842.676831409917
0.03464057315210884   12635.565233284193   12518.161537431217
0.03565607701135116   12312.139950813535   12192.118412762593
0.036701350819364466   11989.071070585564   11866.817229466515
0.03777726729548091   11668.460836121534   11544.354682199411
0.038884724743189276   11352.177641386688   11226.590154888316
0.04002464780014597   11041.741059518687   10915.033887093334
0.041197988210172884   10738.463519538982   10610.986879592783
0.04240572561788674   10443.546259809375   10315.631836027625
0.04364886838662332   10158.89088402317   10030.748495223888
0.04492845444033957   9886.982746056432   9758.611620860256
0.04624555213019635   9630.048866539331   9501.251427806712
0.04760126112654554   9389.346619656126   9259.763296506137
0.04899671333706607   9164.463626057868   9033.626357359579
0.05043307385181555   8954.814142270536   8822.16000527952
0.05191154191598653   8759.643949169926   8624.518435571323
0.053433351931179485   8577.790672173538   8439.4469208791
0.05499977448602865   8408.106771441711   8265.71241617557
0.05661211741704101   8249.002263236669   8101.694383538878
0.05827172690053434   8098.371912643204   7945.319827701441
0.05997998857658587   7954.101220958221   7794.534989989994
0.06173832870592997   7813.495891273486   7646.845529676623
0.0635482153607709   7673.753855017971   7499.704016259263
0.06541115965050462   7531.676568058748   7350.314497336873
0.06732871698337338   7383.685595069819   7195.64947747667
0.06930248836510605   7226.288580157809   7032.877516785955
0.07133412173562886   7055.979477520554   6859.356695262154
0.07342531334496233   6869.869117917812   6673.041637875989
0.07557780916945323   6666.095857532849   6472.889800867535
0.07779340636952398   6443.911515936445   6258.7848733681585
0.08007395479015682   6204.290900330533   6032.052860210003
0.08242135850536496   5949.496477620868   5795.045756137624
0.08483757740794096   5683.2787708517035   5551.320264436368
0.08732462884580919   5410.281225864313   5304.902826880893
0.08988458930634863   5135.760778902994   5060.084206544009
0.09251959615009227   4865.611583107109   4821.464916836558
0.09523184939525078   4605.439261214285   4593.307479944562
0.09802361355455057   4361.061927304067   4379.620907864064
0.10089721952591899   4137.565802397483   4183.713417739497
0.10385506653859616   3939.046975484747   4007.751870566676
0.10689962415629803   3767.986785549216   3852.7584039103854
0.11003343433910281   3624.5664310159577   3718.1568937113425
0.11325911356578279   3506.6164806897928   3601.5732889761257
0.11657935501835284   3409.777488154421   3499.065881107196
0.11999693083066039   3327.679748582966   3406.107363136191
0.12351469440289359   3252.9470369047895   3317.7569951117316
0.12713558278394044   3177.605110155992   3228.8245914465947
0.13086261912358757   3094.1001209221668   3135.241699165752
0.13469891519660646   2996.3418972876643   3033.9246536763585
0.13864767400083483   2880.698608256263   2923.3073355171177
0.14271219243142114   2746.9129848049956   2804.6849863525877
0.14689586403346616   2598.158366487145   2680.5771560767776
0.1512021818353596   2440.6113593004943   2554.7208893331735
0.15563474126517718   2282.6982388108204   2431.781913041187
0.16019724315257297   2133.877155547026   2316.38124339373
0.1648934968186736   2002.6802708551918   2212.2765041582297
0.1697274232565544   1894.334858333929   2121.1454962678736
0.17470305840495237   1809.4176490681407   2041.3826531030995
0.17982455651794954   1744.3027927495148   1971.3576567770988
0.18509619363343993   1692.468724048129   1907.3678572778992
0.19052237114327647   1645.4444333239094   1845.7890584954594
0.19610761946807834   1593.9461177126996   1783.1234423528635
0.20185660183976684   1530.616229421538   1717.3034806075486
0.20777411819498756   1453.2304248115574   1648.477677282698
0.21386510918267082   1365.3485376969832   1578.6453261594932
0.22013466028907505   1274.2347486279768   1510.16840840954
0.22658800608375756   1188.432172443333   1445.6890176185934
0.23323053459001789   1115.2322728544284   1386.90715637971
0.2400677917834628   1057.8138046795746   1333.7931651960373
0.24710548622244882   1014.0540110276264   1284.8991100546516
0.25434949381426813   977.8230976680429   1239.0898008571435
0.2618058627210567   941.052197556659   1194.3738281639644
0.2694808184095226   897.6755352231438   1149.7490356694072
0.27738076884870827   846.723213624756   1104.7246612326728
0.2855123098601282   792.1101793933063   1061.4291002205387
0.29388223062474755   740.0545133824521   1019.9188535493605
0.3024975193514008   695.9420558369238   981.3458826397829
0.31136536911138296   660.9766639319101   945.2062839538503
0.3204931838440838   631.8506679418716   911.1813869808516
0.32988858453867975   603.3594410134459   878.2779404402444
0.3395594155970457   571.6793351618343   846.1103658676919
0.34951375138319807   537.0148304663526   815.0264377243236
0.3597599029647371   502.9228212239299   785.1886019646727
0.37030642505191835   472.91588147775974   756.9049190445483
0.3811621231401457   447.85580662300947   730.1814443107289
0.3923360608618501   425.53800242424825   704.7885792211051
0.4038375675538918   402.96531899710294   680.3333722816096
0.41567624604680364   379.20350879851657   656.5394116068526
0.42786198068238046   355.82171131610795   633.7014732718891
0.4404049455663077   334.78400354561154   612.0831539927243
0.4533156130627191   316.3339618509315   591.4867741953744
0.4666047625377753   299.02818746578885   571.7841052291373
0.4802834893595659   281.6548492427489   552.7906733185596
0.49436321416184764   264.5661571709572   534.462734761279
0.5088556923793517   248.77943301900524   516.988988856976
0.5237730240626238   234.48030162425184   500.3719145529755
0.5391276639805903   220.93963055950755   484.3879155633159
0.5549324320192869   207.71462027975858   468.986764299436
0.5712005238854289   195.13814829117834   454.1707593226361
0.5879455221237613   183.52779648814297   440.01326505657755
0.6051814074573895   172.6550567430922   426.4295756724435
0.622922570460556   162.23281212918187   413.30381663783317
0.6411838235736077   152.36189053536904   400.6481878589789
0.6599804134701901   143.13811168194175   388.53970351563737
0.6793280337869897   134.44599783521542   376.87002263604313
0.6992428382266549   126.2447647593553   365.6010766949224
0.7197414540448374   118.51144038152542   354.71456795212106
0.7408409959326054   111.22363206828328   344.19319094222357
0.7625590803058332   104.35956592629026   334.0205741542293
0.7849138400134885   97.8981186663059   324.1812252228985
0.8079239394770964   91.81848720774573   314.65914949168746
0.8316085902740278   86.0995495205841   305.4350192865137
0.8559875671776167   80.72102921357826   296.4900314024605
0.8810812246675007   75.66371725609679   287.80677183901236
0.9069105139239728   70.90942031798959   279.36912563647303
0.9334970003205227   66.44091133627326   271.1621943570546
0.960862881429187   62.24188222872106   263.1722204307279
0.9890310055537336   58.296900453628275   255.38652070295208
1.0180248908061487   54.591428924102644   247.79353511952144
1.047868744742366   51.1117826027124   240.38278466861652
1.0785874845736239   47.84499639402202   233.1446624676714
1.1102067579703248   44.778786578156875   226.07037396949593
1.1427529644757777   41.90151983377301   219.15189126819857
1.1762532775476793   39.20218330257139   212.38191030045795
1.210735667245765   36.67035568919457   205.75381059735344
1.246228923584555   34.296176746845376   199.26169628650806
1.2827626805706884   32.07030096370982   192.90097660773182
1.3203674409449337   29.983888808616324   186.66790382154596
1.3590746016495152   28.028595227766356   180.55913178118968
1.3989164800420282   26.19654449880669   174.5716873959353
1.4399263408778291   24.4803060664003   168.70294679229337
1.4821384240834183   22.87287145949727   162.95061212479905
1.525587973344019   21.367632253703096   157.31268908514417
1.5703112655292182   19.958359295710466   151.78793886056133
1.6163456409812174   18.639183101692613   146.37681171694945
1.6637295346910133   17.40457391690471   141.08001019792857
1.7125025083885144   16.249323355037397   135.8981450858996
1.7627052835733923   15.168527094259192   130.8317322007052
1.814379775514258   14.157568402745289   125.88118953565908
1.8675691282445197   13.212102461455904   121.04683473898343
1.922317750584177   12.32804136702981   116.32890049247614
1.9786713532176083   11.501536986777774   111.72816169384394
2.0366769868582977   10.728967672880588   107.24598709037976
2.0963830815323896   10.00692981100632   102.88345888200594
2.1578394870138577   9.332225678306914   98.64132808955102
2.2210975144450407   8.70185165474654   94.52003075925538
2.286209979177315   8.112987060642197   90.5197044320842
2.3532312448676476   7.5629835906552465   86.64020478293519
2.4222172688678643   7.049355907676853   82.88118961931282
2.4932256489445366   6.569776466843267   79.2426434812216
2.5663156713684585   6.122062701978726   75.72450416382938
2.641548360413907   5.704165648147312   72.3263375852588
2.7189865293089923   5.314162256629476   69.04736510074058
2.798694832679631   4.950248136628435   65.88649343706275
2.8807398205309562   4.610730676979378   62.84234384964092
2.9651899938111903   4.294022529587692   59.913280300497846
3.05211586160442   3.998630842881162   57.097186145207985
3.1415899999999994   3.7231434037840248   54.391014204102554
