0.01   2979.3673813161845   2979.1992434909603
0.010293154462191829   2998.4118518627665   2998.242871336645
0.010594902878253955   3015.8448919856323   3015.6752477077775
0.010905497183778876   3031.5829307237877   3031.412555205615
0.011225196699963396   3045.5430946569572   3045.3717612967343
0.011554268350120923   3057.6414199294823   3057.4690390757555
0.011892986882540897   3067.7957250092454   3067.6224068651422
0.012241635099881474   3075.9262424944445   3075.7522884162504
0.012600504095286909   3081.950372309888   3081.7761137571856
0.012969893495426888   3085.784676671115   3085.610353549317
0.013350111710660605   3087.3498201038074   3087.1755765284647
0.013741476192534558   3086.569255641774   3086.395135880791
0.014144313698828986   3083.366739112991   3083.1926790911293
0.01455896056637426   3077.671146006851   3077.49697287967
0.014985762991865008   3069.4173465634603   3069.242791303801
0.01542507732090645   3058.541970076038   3058.3667831577536
0.015877270345534218   3044.9862232299183   3044.8102437496777
0.016342719610456153   3028.6996984873317   3028.5228545419845
0.016821813728271667   3009.6398482611144   3009.4620687016195
0.017314952703931925   2987.771390060378   2987.5924289880772
0.017822548268711737   2963.069034263786   2962.8884568788485
0.01834502422397195   2935.5184308292614   2935.3356357787325
0.018882816794999403   2905.1175024031636   2904.931834106193
0.019436374995219892   2871.8762961796447   2871.6871012637275
0.02000616100108813   2835.8169029141695   2835.623537404243
0.020592650537967844   2796.9786368697373   2796.7805025196385
0.021196333277324068   2755.4209601282373   2755.217557104711
0.02181771324555934   2711.2156969728035   2711.006629617404
0.022457309244835088   2664.4494131002375   2664.2344176318875
0.02311565528622961   2615.239730059225   2615.0188393373846
0.023793301035594242   2563.720931743392   2563.494521111489
0.024490812272480036   2510.035784104502   2509.8045487153936
0.025208771362518027   2454.356659274245   2454.1216759640547
0.0259477777436476   2396.889153895688   2396.6519578034963
0.02670844842659881   2337.8412787538773   2337.6038177700275
0.027491418510046592   2277.431504453297   2277.1960993040175
0.028297341710866907   2215.928750074812   2215.698112700788
0.029126890909937666   2153.6075264595206   2153.3847142053664
0.029980758713939952   2090.7309941959898   2090.5193424121708
0.030859658033628758   2027.5958228295385   2027.39895794438
0.031764322679055976   1964.5271793100776   1964.34902918986
0.03269550797224261   1901.8245386244187   1901.6692574389508
0.033653991377811755   1839.7784636466297   1839.650254588899
0.03464057315210884   1778.7210391674032   1778.6237181957272
0.03565607701135116   1718.9614883836146   1718.898411280963
0.036701350819364466   1660.7709082729523   1660.744978281463
0.03777726729548091   1604.4167830808083   1604.4299930828658
0.038884724743189276   1550.1554282539978   1550.2085605980558
0.04002464780014597   1498.2036126940618   1498.2964017928064
0.041197988210172884   1448.7418095304615   1448.8726906029765
0.04240572561788674   1401.9188361316849   1402.0839322305644
0.04364886838662332   1357.8558397390204   1358.049070664748
0.04492845444033957   1316.6439321467362   1316.8572695595915
0.04624555213019635   1278.2705128674745   1278.4935941775123
0.04760126112654554   1242.6601770082214   1242.880130358152
0.04899671333706607   1209.7377985140993   1209.9394900595864
0.05043307385181555   1179.2852204839073   1179.4522208037479
0.05191154191598653   1150.8816789897264   1150.9975217136644
0.053433351931179485   1124.1262259116013   1124.1744921511815
0.05499977448602865   1098.6590038919342   1098.6233742598918
0.05661211741704101   1074.1600341390024   1074.0243943277724
0.05827172690053434   1050.32832907772   1050.076988853595
0.05997998857658587   1026.7446327064797   1026.3648266611879
0.06173832870592997   1002.9050735132045   1002.3890134357961
0.0635482153607709   978.3202256540038   977.6660941325408
0.06541115965050462   952.4349069456146   951.6507372005478
0.06732871698337338   924.7406439227683   923.8448775484862
0.06930248836510605   894.8776168058631   893.9004581886917
0.07133412173562886   862.6229282133548   861.6063653726376
0.07342531334496233   828.0100134502329   827.0042549723977
0.07557780916945323   791.3641871800774   790.4234020660397
0.07779340636952398   753.1421716163841   752.3212976787219
0.08007395479015682   713.9585873886192   713.3100563489131
0.08242135850536496   674.4893849342654   674.0594100067094
0.08483757740794096   635.4870835684774   635.3117198390122
0.08732462884580919   597.68773304011   597.7894112718064
0.08988458930634863   561.8026640207795   562.1870798296684
0.09251959615009227   528.544669018231   529.1931946847354
0.09523184939525078   498.5453326348533   499.4132609461263
0.09802361355455057   472.25886971762986   473.27721903250153
0.10089721952591899   449.92852787823   451.00926787111723
0.10385506653859616   431.3591260358753   432.4009325886049
0.10689962415629803   416.1425382852993   417.0387954377814
0.11003343433910281   403.48817981032823   404.1469117360058
0.11325911356578279   392.5009581653704   392.85407553785905
0.11657935501835284   382.17013223311284   382.18576880061926
0.11999693083066039   371.51979562464373   371.20917164921207
0.12351469440289359   359.67966389212273   359.1014627120766
0.12713558278394044   346.0438662295465   345.30393263671715
0.13086261912358757   330.365016503805   329.6049646960299
0.13469891519660646   312.78577690304803   312.16346487698166
0.13864767400083483   293.80049695841427   293.46283453661954
0.14271219243142114   274.17725111764065   274.2398744358031
0.14689586403346616   254.90179758070278   255.42494042062907
0.1512021818353596   237.08846647379477   238.05002437585392
0.15563474126517718   221.6707562249446   222.97051788878903
0.16019724315257297   209.05613663011252   210.52972351582096
0.1648934968186736   199.07188445871637   200.53685075460666
0.1697274232565544   191.14862193432987   192.45135906829105
0.17470305840495237   184.54895322056962   185.57652432929484
0.17982455651794954   178.3847149385633   179.10476866031686
0.18509619363343993   171.65613548342364   172.1432462299714
0.19052237114327647   163.68850937761871   164.1073536328233
0.19610761946807834   154.4617647989417   155.00600269960793
0.20185660183976684   144.4805231741119   145.31418064397667
0.20777411819498756   134.46013904825253   135.66787541031843
0.21386510918267082   125.17635042335687   126.73459951000558
0.22013466028907505   117.24604168061228   119.03501170408362
0.22658800608375756   110.83562957529185   112.68239344854793
0.23323053459001789   105.6594402188295   107.4003046082031
0.2400677917834628   101.13697473466488   102.69656826884258
0.24710548622244882   96.56159637923129   97.97612744645477
0.25434949381426813   91.48588374832457   92.88180913588243
0.2618058627210567   85.95552992929375   87.47411577756975
0.2694808184095226   80.30829567012879   82.03828980427978
0.27738076884870827   75.00344816527162   76.93503001948959
0.2855123098601282   70.41529364511968   72.45128931435057
0.29388223062474755   66.55310269715612   68.57050627377627
0.3024975193514008   63.138302314690414   65.07052946815789
0.31136536911138296   59.82303713940833   61.678758877645286
0.3204931838440838   56.37401233827399   58.24188348681791
0.32988858453867975   52.84921329500306   54.79745223787592
0.3395594155970457   49.4804183464219   51.52046611090753
0.34951375138319807   46.442453817878054   48.52906595886335
0.3597599029647371   43.756351588621285   45.8250865355285
0.37030642505191835   41.28154848071876   43.30593215324544
0.3811621231401457   38.86219582635016   40.867790029992335
0.3923360608618501   36.46930565283222   38.49689884531707
0.4038375675538918   34.18209375145952   36.239709684575665
0.41567624604680364   32.07945723152963   34.14494059326587
0.42786198068238046   30.15377494667337   32.20147373988842
0.4404049455663077   28.34168972185716   30.367228777704593
0.4533156130627191   26.59453994172668   28.61413134157569
0.4666047625377753   24.930052738324598   26.95109154571831
0.4802834893595659   23.377022407673948   25.391050479655426
0.49436321416184764   21.93400245212094   23.930425106057633
0.5088556923793517   20.573588514096873   22.551888595006737
0.5237730240626238   19.281869615933978   21.246596511392163
0.5391276639805903   18.06593047265608   20.016864200929906
0.5549324320192869   16.929036036381277   18.861341758784707
0.5712005238854289   15.861871512781224   17.77354454566083
0.5879455221237613   14.855330411958773   16.74751074379867
0.6051814074573895   13.909126041977002   15.781194810584614
0.622922570460556   13.02205461817196   14.87211179562873
0.6411838235736077   12.189426075905446   14.016384913136823
0.6599804134701901   11.406661333964593   13.210530771120558
0.6793280337869897   10.671918671876165   12.452025426332566
0.6992428382266549   9.982867244239374   11.738296966618
0.7197414540448374   9.336740691084835   11.066736606549249
0.7408409959326054   8.730932519638177   10.434878507547715
0.7625590803058332   8.162992896130636   9.840394671964793
0.7849138400134885   7.6306191488963995   9.281087966893658
0.8079239394770964   7.13164686251835   8.754885429531456
0.8316085902740278   6.664043388477291   8.259832562088077
0.8559875671776167   6.225927154248033   7.794097702868536
0.8810812246675007   5.8155461000743225   7.355961188091015
0.9069105139239728   5.431243671910364   6.943799413364531
0.9334970003205227   5.071453624669208   6.5560798009603465
0.960862881429187   4.734695822322131   6.191356260993852
0.9890310055537336   4.419572173293697   5.848264820483988
1.0180248908061487   4.124762506138333   5.525519350323266
1.047868744742366   3.8490150554817495   5.221905458535776
1.0785874845736239   3.5911436916719097   4.936276801815167
1.1102067579703248   3.350032234614278   4.667554143364263
1.1427529644757777   3.1246310077523263   4.414721829078373
1.1762532775476793   2.9139531087002393   4.17682426784971
1.210735667245765   2.717070872372846   3.952962581374703
1.246228923584555   2.53311252603741   3.742291393144811
1.2827626805706884   2.361259632262912   3.544013891245132
1.3203674409449337   2.2007442947395415   3.3573781178445845
1.3590746016495152   2.0508451334161117   3.1816777283340496
1.3989164800420282   1.9108845354679191   3.0162496163542603
1.4399263408778291   1.780226166329995   2.8604713206728514
1.4821384240834183   1.6582726095775127   2.713758579400962
1.525587973344019   1.5444631296538252   2.5755630181652993
1.5703112655292182   1.4382714418437679   2.445367603648365
1.6163456409812174   1.3392035835041738   2.3226816964893904
1.6637295346910133   1.2467963062144247   2.2070451005358005
1.7125025083885144   1.1606153101121803   2.09802705057922
1.7627052835733923   1.0802535268403495   1.9952242824037314
1.814379775514258   1.005329497311213   1.8982592311662667
1.8675691282445197   0.9354858395785194   1.8067783495534713
1.922317750584177   0.8703877651307635   1.7204486605536533
1.9786713532176083   0.8097216287737947   1.6389516785903522
2.0366769868582977   0.7531937786226643   1.5619885622097465
2.0963830815323896   0.7005293709903501   1.4892804664539823
2.1578394870138577   0.6514712165904143   1.4205671151672294
2.2210975144450407   0.6057786936208645   1.3556054810691058
2.286209979177315   0.5632267241452624   1.2941685650542438
2.3532312448676476   0.5236047883177704   1.2360432385049511
2.4222172688678643   0.48671592624559007   1.1810246883583884
2.4932256489445366   0.45237599628868197   1.1289201819379433
2.5663156713684585   0.4204129166280526   1.0795503333299226
2.641548360413907   0.3906659023790102   1.0327480954788955
2.7189865293089923   0.3629847488626379   0.9883578318773093
2.798694832679631   0.3372291584541335   0.9462344636873325
2.8807398205309562   0.313268132417862   0.9062422827549594
2.9651899938111903   0.2909795485907211   0.8682511940664757
3.05211586160442   0.27024944625488106   0.8321383421645299
3.1415899999999994   0.2509713870451153   0.7977894931218108
