0.01   4311.443440085853   4311.2872053159435
0.010293154462191829   4340.099222993981   4339.941635385163
0.010594902878253955   4366.178138266506   4366.019417905161
0.010905497183778876   4389.537390480903   4389.377590846579
0.011225196699963396   4410.0306525219685   4409.86976715058
0.011554268350120923   4427.503886980395   4427.342041193184
0.011892986882540897   4441.806192315759   4441.643664526812
0.012241635099881474   4452.790170552892   4452.627347220704
0.012600504095286909   4460.304138447071   4460.141226464258
0.012969893495426888   4464.199490670612   4464.036405125032
0.013350111710660605   4464.335480562761   4464.1718502006715
0.013741476192534558   4460.571182192679   4460.406573427475
0.014144313698828986   4452.764518738254   4452.59871166312
0.01455896056637426   4440.784481506657   4440.617487341103
0.014985762991865008   4424.510433800249   4424.342383165582
0.01542507732090645   4403.824847809035   4403.655530112969
0.015877270345534218   4378.62321481641   4378.451966786408
0.016342719610456153   4348.818034226471   4348.6437627352
0.016821813728271667   4314.333667837332   4314.155017721242
0.017314952703931925   4275.108713466328   4274.924215674637
0.017822548268711737   4231.1032147076985   4230.911307772889
0.01834502422397195   4182.299782636916   4182.098829101903
0.018882816794999403   4128.704183787694   4128.492484148691
0.019436374995219892   4070.3468278448668   4070.1226418868578
0.02000616100108813   4007.2846499379693   4007.04622372974
0.020592650537967844   3939.611977052539   3939.3576010138954
0.021196333277324068   3867.4555153970937   3867.183567555188
0.02181771324555934   3790.966929290063   3790.6758991178754
0.022457309244835088   3710.339189627552   3710.027988666249
0.02311565528622961   3625.8201983925806   3625.4887124031115
0.023793301035594242   3537.679551754628   3537.3286376912506
0.024490812272480036   3446.211754264944   3445.843194640678
0.025208771362518027   3351.7867406207934   3351.403407677527
0.0259477777436476   3254.8050286689318   3254.4108596617593
0.02670844842659881   3155.6672733721916   3155.2671233514825
0.027491418510046592   3054.835326139318   3054.435162396721
0.028297341710866907   2952.843743460425   2952.4509132420467
0.029126890909937666   2850.203331467092   2849.8263200765514
0.029980758713939952   2747.418744577656   2747.0669049649605
0.030859658033628758   2645.081055827268   2644.7643641632244
0.031764322679055976   2543.758561458238   2543.4873824115143
0.03269550797224261   2443.9617314666298   2443.7465804857766
0.033653991377811755   2346.2807309294913   2346.1315502138805
0.03464057315210884   2251.35752924309   2251.2831308424716
0.03565607701135116   2159.7370660482193   2159.745203658088
0.036701350819364466   2071.8617558700207   2071.9589575334153
0.03777726729548091   1988.0670251648837   1988.2578722236512
0.038884724743189276   1908.6115477925393   1908.8988303439332
0.04002464780014597   1833.712479663615   1834.097204781869
0.041197988210172884   1763.7970226507862   1764.2745582497455
0.04240572561788674   1699.3878760883847   1699.946103539662
0.04364886838662332   1640.9120077974899   1641.5325459299056
0.04492845444033957   1588.3920950493366   1589.0515696922455
0.04624555213019635   1541.3413658101551   1542.012421183136
0.04760126112654554   1499.2891652081537   1499.9407516745434
0.04899671333706607   1461.795956948734   1462.3933621879205
0.05043307385181555   1428.4346517772842   1428.93939373299
0.05191154191598653   1398.81119305319   1399.1810555165644
0.053433351931179485   1372.3675020480332   1372.5579210237645
0.05499977448602865   1348.4189305362318   1348.3841895198143
0.05661211741704101   1326.2577526227785   1325.952419008958
0.05827172690053434   1304.937785847697   1304.322531713963
0.05997998857658587   1283.486523475016   1282.530366612173
0.06173832870592997   1260.8016311874737   1259.489103351797
0.0635482153607709   1235.7175690239683   1234.0542232111316
0.06541115965050462   1207.1832387365348   1205.197862639259
0.06732871698337338   1174.2962443262052   1172.0429517804803
0.06930248836510605   1136.4709421218206   1134.031490774699
0.07133412173562886   1093.5683696293415   1091.05536500021
0.07342531334496233   1045.78135189116   1043.326474562059
0.07557780916945323   993.6844632375237   991.4220796456533
0.07779340636952398   938.195853376625   936.2619529294409
0.08007395479015682   880.5351570131525   879.0663041308246
0.08242135850536496   822.0989169372351   821.2116774976768
0.08483757740794096   764.3701576269802   764.1473769081098
0.08732462884580919   709.0515725356083   709.5324713572506
0.08988458930634863   657.6432407640585   658.8214658664941
0.09251959615009227   611.6082564127345   613.4053836965974
0.09523184939525078   572.0070063348052   574.2840220110646
0.09802361355455057   539.399223677865   541.9664394932096
0.10089721952591899   513.8398029814806   516.4717089889269
0.10385506653859616   494.7992233329163   497.24502060358276
0.10689962415629803   481.29664334119724   483.3071130285589
0.11003343433910281   471.981719955784   473.33478479772737
0.11325911356578279   465.1274406636369   465.66451177685735
0.11657935501835284   458.8272116571897   458.47583099342637
0.11999693083066039   451.0937154942863   449.89198211182367
0.12351469440289359   440.18990146221563   438.316865963168
0.12713558278394044   424.8872000339048   422.6502117962724
0.13086261912358757   404.6787228155402   402.4697308400935
0.13469891519660646   379.9201005342996   378.16111595407887
0.13864767400083483   351.90087103086114   350.9800424066308
0.14271219243142114   322.7250162165657   322.9006156007252
0.14689586403346616   294.86715498555793   296.19782021215275
0.1512021818353596   270.50449229191975   272.8412787158194
0.15563474126517718   250.95876126585176   253.97384769752148
0.16019724315257297   236.61631991986732   239.87281886122736
0.1648934968186736   227.12058431887237   230.1595105978234
0.1697274232565544   221.393808960887   223.79009176072827
0.17470305840495237   217.57613560711079   219.0651863692013
0.17982455651794954   213.3689666941314   213.964796394888
0.18509619363343993   206.8474674627126   206.86502318023932
0.19052237114327647   197.0497242740117   196.97374011331527
0.19610761946807834   184.15780151409592   184.52973661188474
0.20185660183976684   169.42580763562566   170.70262192214727
0.20777411819498756   154.84341429560138   157.14379814362368
0.21386510918267082   142.3075881539187   145.43927395111817
0.22013466028907505   132.9124664817622   136.40810311570016
0.22658800608375756   126.71837909599228   130.07447577335856
0.23323053459001789   122.71831263910019   125.50665018320367
0.2400677917834628   119.22138706369043   121.33049619449613
0.24710548622244882   114.69716314414684   116.37826987653432
0.25434949381426813   108.39533820088147   110.08743054937133
0.2618058627210567   100.60722922059509   102.80383600043697
0.2694808184095226   92.57765272601496   95.42780685528784
0.27738076884870827   85.66295593220327   89.01243965719527
0.2855123098601282   80.5181729443825   83.96327605250715
0.29388223062474755   76.8956061440387   80.06220524520386
0.3024975193514008   73.82525784078754   76.56490349302221
0.31136536911138296   70.28279618045694   72.79464588988898
0.3204931838440838   65.91972172793129   68.55283876494985
0.32988858453867975   61.169158192691015   64.13091279816284
0.3395594155970457   56.82860921590221   60.07006522587709
0.34951375138319807   53.39202616462567   56.667526908477434
0.3597599029647371   50.68188627558912   53.77105389841024
0.37030642505191835   48.11167289306994   51.002176071115095
0.3811621231401457   45.26388994225641   48.1328043975858
0.3923360608618501   42.21959792850544   45.231414648834956
0.4038375675538918   39.38931750528559   42.52190096469754
0.41567624604680364   37.014862845365144   40.127234697886735
0.42786198068238046   34.95525105954857   37.955476142005864
0.4404049455663077   32.91199002408856   35.84471059323227
0.4533156130627191   30.802429253410136   33.767241837512856
0.4666047625377753   28.789945051821007   31.799366154665535
0.4802834893595659   27.013571191014908   29.998095771480344
0.49436321416184764   25.40622615155346   28.328118566556924
0.5088556923793517   23.837212190952012   26.72489298687656
0.5237730240626238   22.303407101152864   25.190877689203102
0.5391276639805903   20.88492579955589   23.757635899256996
0.5549324320192869   19.592124251778888   22.420927946357324
0.5712005238854289   18.364874889859852   21.157833192642737
0.5879455221237613   17.187890474611144   19.957055270959778
0.6051814074573895   16.08601060072091   18.829943586104765
0.622922570460556   15.056216516977903   17.769513975961146
0.6411838235736077   14.092826925046595   16.771465562639374
0.6599804134701901   13.190796871923023   15.831992856027833
0.6793280337869897   12.345550938923294   14.947529895081955
0.6992428382266549   11.55293498612047   14.114734750907827
0.7197414540448374   10.809173179799552   13.330475057321664
0.7408409959326054   10.110842663713926   12.591817490908513
0.7625590803058332   9.45514661103975   11.896086768830935
0.7849138400134885   8.839803558939543   11.240839069506965
0.8079239394770964   8.262635401241612   10.623763266397185
0.8316085902740278   7.721548263569749   10.042670863774552
0.8559875671776167   7.214532827636487   9.495490598844967
0.8810812246675007   6.739664175251814   8.980263166299185
0.9069105139239728   6.295100603782685   8.495135916982886
0.9334970003205227   5.879039892737667   8.038346446979402
0.960862881429187   5.4897041659767964   7.608213214234414
0.9890310055537336   5.125417393644864   7.203151337075325
1.0180248908061487   4.784606857808872   6.821669216579546
1.047868744742366   4.465796838686489   6.462363305427926
1.0785874845736239   4.1676026872411045   6.1239131401382165
1.1102067579703248   3.8887252681200186   5.805076624560067
1.1427529644757777   3.6279504814300605   5.50468436203992
1.1762532775476793   3.384150388996645   5.221633769824813
1.210735667245765   3.156265394104254   4.954888258864349
1.246228923584555   2.943298222871624   4.703473904821203
1.2827626805706884   2.7443105692953553   4.466475729061551
1.3203674409449337   2.5584198962010327   4.243034189412219
1.3590746016495152   2.384796386812535   4.032341870113219
1.3989164800420282   2.2226594094302348   3.8336377056550375
1.4399263408778291   2.071272907766088   3.646195849956554
1.4821384240834183   1.9299454244565117   3.4693333591524755
1.525587973344019   1.7980283417131537   3.302410830277142
1.5703112655292182   1.6749133495404886   3.144829530646255
1.6163456409812174   1.5600300545787447   2.9960287209407923
1.6637295346910133   1.4528437224456843   2.8554831588933984
1.7125025083885144   1.3528532030874292   2.722699361776174
1.7627052835733923   1.2595892470251346   2.5972048803172667
1.814379775514258   1.1726122723255568   2.47855384693898
1.8675691282445197   1.0915103792651968   2.3663300732819676
1.922317750584177   1.0158976884561444   2.2601449535061198
1.9786713532176083   0.94541277338778   2.1596355017275664
2.0366769868582977   0.8797171815069279   2.0644625378634984
2.0963830815323896   0.8184940161665017   1.974308357268047
2.1578394870138577   0.7614463550009386   1.8888673512872667
2.2210975144450407   0.7082961872698817   1.8078486412357917
2.286209979177315   0.6587834823871405   1.730981416843914
2.3532312448676476   0.612665071992295   1.6580135479444444
2.4222172688678643   0.5697135936080154   1.588710169537942
2.4932256489445366   0.5297164976947161   1.5228523831217904
2.5663156713684585   0.49247512381094477   1.4602359415750414
2.641548360413907   0.45780406438368043   1.4006668687821933
2.7189865293089923   0.42553028399108656   1.3439607028274883
2.798694832679631   0.39549203067885175   1.289945635613387
2.8807398205309562   0.367538116553562   1.2384617529275626
2.9651899938111903   0.34152725732556627   1.1893601295759104
3.05211586160442   0.3173274507279854   1.1425020000427855
3.1415899999999994   0.2948153861507486   1.0977579548131715
