0.01   19354.65635771514   19352.732402973557
0.010293154462191829   19466.50443774513   19464.464244785562
0.010594902878253955   19566.775050762444   19564.615281740374
0.010905497183778876   19654.860454314272   19652.573999942855
0.011225196699963396   19730.16498823697   19727.740617195104
0.011554268350120923   19792.10285906398   19789.525809334533
0.011892986882540897   19840.069215152154   19837.32425488566
0.012241635099881474   19873.470928243165   19870.543382792235
0.012600504095286909   19891.741425356002   19888.617216800598
0.012969893495426888   19894.30699764734   19890.971455912742
0.013350111710660605   19880.588230796468   19877.02482448882
0.013741476192534558   19850.044308515917   19846.2346946375
0.014144313698828986   19802.167046137823   19798.090825789124
0.01455896056637426   19736.451402386057   19732.08486686748
0.014985762991865008   19652.436940030435   19647.752965452302
0.01542507732090645   19549.721888844913   19544.690181579965
0.015877270345534218   19427.93778842608   19422.524753151574
0.016342719610456153   19286.760927774558   19280.92967794863
0.016821813728271667   19125.943514974006   19119.654302764717
0.017314952703931925   18945.313001216924   18938.52339776235
0.017822548268711737   18744.765875346213   18737.43046869901
0.01834502422397195   18524.286272791618   18516.357166803766
0.018882816794999403   18283.954772915964   18275.38246957443
0.019436374995219892   18023.974678827708   18014.710808619966
0.02000616100108813   17744.66293186627   17734.662146988132
0.020592650537967844   17446.4346432953   17435.655227582894
0.021196333277324068   17129.848176663207   17118.255242267787
0.02181771324555934   16795.6489123779   16783.220132675833
0.022457309244835088   16444.677811584625   16431.403871165672
0.02311565528622961   16077.880306706396   16063.765374808017
0.023793301035594242   15696.47173446219   15681.539690576425
0.024490812272480036   15301.808164537442   15286.10434887588
0.025208771362518027   14895.27955647326   14878.86888944986
0.0259477777436476   14478.487795587185   14461.458505458239
0.02670844842659881   14053.321008450155   14035.790721119356
0.027491418510046592   13621.638178297027   13603.750385132675
0.028297341710866907   13185.315784803679   13167.23595958804
0.029126890909937666   12746.63032920949   12728.544764095754
0.029980758713939952   12307.867958407425   12289.979984692156
0.030859658033628758   11871.133434034795   11853.658493685056
0.031764322679055976   11438.704506935188   11421.86423715991
0.03269550797224261   11013.045404770832   10997.062142043902
0.033653991377811755   10596.334290864737   10581.427990137332
0.03464057315210884   10190.593381460943   10176.973123930671
0.03565607701135116   9798.154201298434   9785.991662580303
0.036701350819364466   9421.127934192817   9410.554747329295
0.03777726729548091   9061.251014406096   9052.36290812824
0.038884724743189276   8719.899456456244   8712.735697106062
0.04002464780014597   8398.137465072034   8392.666141890773
0.041197988210172884   8096.787600388853   8092.916357448852
0.04240572561788674   7816.584669924433   7814.145155286446
0.04364886838662332   7558.440038456827   7557.119050351682
0.04492845444033957   7323.160386504944   7322.503657967752
0.04624555213019635   7111.128388822699   7110.563723838172
0.04760126112654554   6920.349993364151   6919.250807704022
0.04899671333706607   6747.952148929573   6745.664050792847
0.05043307385181555   6591.360611413797   6587.200147248372
0.05191154191598653   6448.301421551234   6441.55537286452
0.053433351931179485   6316.732019125253   6306.657364756606
0.05499977448602865   6194.470597899187   6180.318267182663
0.05661211741704101   6078.2380347424005   6059.3479934354355
0.05827172690053434   5964.650754873947   5940.480101208269
0.05997998857658587   5849.789563018716   5820.029529011004
0.06173832870592997   5729.106621189011   5693.818659275642
0.0635482153607709   5598.315381889335   5557.980723010038
0.06541115965050462   5453.298111090933   5408.973920972835
0.06732871698337338   5290.615413329911   5243.9204668859265
0.06930248836510605   5108.5359916424595   5061.5791199459545
0.07133412173562886   4906.595167686709   4861.8688973040225
0.07342531334496233   4686.555209907747   4646.825822680882
0.07557780916945323   4451.516981905062   4419.67926249321
0.07779340636952398   4205.603757327994   4184.471597585113
0.08007395479015682   3953.485473961982   3945.607437035702
0.08242135850536496   3700.9229414279025   3708.3085605525303
0.08483757740794096   3453.8012623058553   3477.771546834913
0.08732462884580919   3218.2906843598726   3259.2722291061636
0.08988458930634863   3000.3306690980444   3057.691639782132
0.09251959615009227   2805.4712762448216   2877.43983338781
0.09523184939525078   2637.38571000787   2721.1245765946524
0.09802361355455057   2498.1792550413106   2589.7465523215333
0.10089721952591899   2387.28891099702   2482.2367769423454
0.10385506653859616   2302.068145376672   2395.8530202295196
0.10689962415629803   2237.731491410818   2326.157320861976
0.11003343433910281   2188.2909964877026   2267.8540970284275
0.11325911356578279   2146.463276885257   2215.0421223496305
0.11657935501835284   2104.655741094102   2161.825877302676
0.11999693083066039   2055.377205146946   2102.6668426657943
0.12351469440289359   1992.6628284084009   2033.6951061344146
0.12713558278394044   1912.8562608289758   1952.9071068338799
0.13086261912358757   1815.2749748187678   1860.4353618325258
0.13469891519660646   1702.3417436986833   1758.7982098940065
0.13864767400083483   1579.5843366265017   1652.3074522144166
0.14271219243142114   1455.16094476287   1546.781431672852
0.14689586403346616   1338.5319805401273   1448.6975207755488
0.1512021818353596   1237.6934246745461   1362.512380491656
0.15563474126517718   1156.791083991045   1290.5109277359672
0.16019724315257297   1096.0974725754033   1231.974049676536
0.1648934968186736   1053.0903962590523   1184.3903345823317
0.1697274232565544   1022.9978686445614   1144.598065947368
0.17470305840495237   998.4957999795467   1108.0973614198563
0.17982455651794954   970.8728100368585   1069.926077700274
0.18509619363343993   933.6204679778127   1026.9621436267557
0.19052237114327647   884.6722454995866   978.8410172474635
0.19610761946807834   826.0957931172666   927.4128238521042
0.20185660183976684   763.0954730890593   875.639335014369
0.20777411819498756   702.8226209717072   826.766784099738
0.21386510918267082   651.5663876077923   783.347794358708
0.22013466028907505   612.2689702324471   746.1067208569934
0.22658800608375756   584.1389973026661   714.5827127662823
0.23323053459001789   562.9066367475596   686.1762556125899
0.2400677917834628   542.3348390535435   658.4296478496325
0.24710548622244882   517.6277268117415   629.9863340447624
0.25434949381426813   487.3626695716352   600.3414697828786
0.2618058627210567   453.34819767891594   571.0179467210676
0.2694808184095226   419.9777017293378   542.8722990908202
0.27738076884870827   391.4579210857463   517.0949724755773
0.2855123098601282   369.1417193656682   494.0298862822109
0.29388223062474755   351.51211671836325   472.85049251311455
0.3024975193514008   335.2121866489444   452.6326839595856
0.31136536911138296   317.26844870911   432.5708890940294
0.3204931838440838   297.27493020493034   413.2081674136871
0.32988858453867975   277.0049376388726   394.4176978097361
0.3395594155970457   258.74915012665446   376.7723420818512
0.34951375138319807   243.55385618751993   360.45753267006523
0.3597599029647371   230.473152399103   345.12439349385835
0.37030642505191835   217.73308415448594   330.42479908314965
0.3811621231401457   204.45388718423305   316.2616889741522
0.3923360608618501   191.14546813620046   302.68037137252145
0.4038375675538918   178.93190765401232   289.8379470565293
0.41567624604680364   168.20301641837   277.7855874547789
0.42786198068238046   158.41107783433523   266.376659259648
0.4404049455663077   148.81067476438594   255.42372319724217
0.4533156130627191   139.3639699209008   244.9836635561307
0.4666047625377753   130.5064273015633   235.06616079677576
0.4802834893595659   122.46401427753551   225.68387627698175
0.49436321416184764   114.98158339364412   216.776650005884
0.5088556923793517   107.78531932795624   208.26405013626632
0.5237730240626238   100.92577479688053   200.1507762050915
0.5391276639805903   94.55265216725876   192.45636503372072
0.5549324320192869   88.63042329778706   185.1412416290357
0.5712005238854289   83.02447018052808   178.170722425718
0.5879455221237613   77.71831534113502   171.5165062838633
0.6051814074573895   72.76450490873454   165.1952576224109
0.622922570460556   68.126235779746   159.17397747635235
0.6411838235736077   63.76692127712961   153.4339525617523
0.6599804134701901   59.67067196562212   147.95981744129193
0.6793280337869897   55.82380360709617   142.73711690533747
0.6992428382266549   52.21310610634718   137.7522761348595
0.7197414540448374   48.82585291210849   132.99254181939764
0.7408409959326054   45.64980680069613   128.4459275340184
0.7625590803058332   42.673222358413156   124.10116296979236
0.7849138400134885   39.884666180458595   119.94736472508502
0.8079239394770964   37.272693006565255   115.9734216682565
0.8316085902740278   34.826419908511234   112.16878221112974
0.8559875671776167   32.535621110695345   108.5235987890163
0.8810812246675007   30.390688757287595   105.02867613714086
0.9069105139239728   28.382596020261385   101.6754238193452
0.9334970003205227   26.502862407191103   98.45581263124943
0.960862881429187   24.74353555184369   95.36226348741542
0.9890310055537336   23.097226674929402   92.38725879381538
1.0180248908061487   21.55700590578479   89.52363110410512
1.047868744742366   20.116340763554955   86.764707645535
1.0785874845736239   18.769075525432644   84.10427511543621
1.1102067579703248   17.50941156263327   81.53654710967673
1.1427529644757777   16.331888538836893   79.05613428702323
1.1762532775476793   15.231365188988274   76.65800067528781
1.210735667245765   14.202988484556881   74.3372503765849
1.246228923584555   13.242186649015654   72.08919556121015
1.2827626805706884   12.344665317897274   69.90948765164995
1.3203674409449337   11.506391831725791   67.79409786467136
1.3590746016495152   10.723580126852264   65.7392964581533
1.3989164800420282   9.992676437058142   63.741633665427635
1.4399263408778291   9.310345800244445   61.79792265284222
1.4821384240834183   8.673460304111249   59.90523977428025
1.525587973344019   8.079086858575792   58.06091085490421
1.5703112655292182   7.524474304105444   56.262475823169126
1.6163456409812174   7.007042621992821   54.50767473341226
1.6637295346910133   6.52437282474736   52.79443601620139
1.7125025083885144   6.074197402915594   51.12086548494385
1.7627052835733923   5.6543912998511106   49.485236484471564
1.814379775514258   5.262963222150402   47.88607196696741
1.8675691282445197   4.898047463158767   46.32222831357666
1.922317750584177   4.557896703274993   44.79268931861845
1.9786713532176083   4.24087487946755   43.296530919566024
2.0366769868582977   3.9454504080168356   41.83291532214624
2.0963830815323896   3.670189796531281   40.401085336503144
2.1578394870138577   3.413751624652366   39.00035890487543
2.2210975144450407   3.1748805998711855   37.63017717989805
2.286209979177315   2.9524015093448908   36.290252396959936
2.3532312448676476   2.745215279819699   34.980372000078894
2.4222172688678643   2.552294511026105   33.70033449692299
2.4932256489445366   2.372678956794151   32.44994728869156
2.5663156713684585   2.205471279405188   31.22902458030821
2.641548360413907   2.049833061520639   30.03738537287887
2.7189865293089923   1.9049812298016924   28.874891042946217
2.798694832679631   1.7701855964031061   27.741706001543246
2.8807398205309562   1.6447645056325508   26.638082891233434
2.9651899938111903   1.5280810703384353   25.564198451562426
3.05211586160442   1.4195403491305345   24.52015608935231
3.1415899999999994   1.3185866957947476   23.50598958704796
