0.01   1405.931660245875   1405.8951462060677
0.010293154462191829   1425.5710610079102   1425.534335791299
0.010594902878253955   1444.8697931945483   1444.8326997335591
0.010905497183778876   1463.7870849019985   1463.7495684384187
0.011225196699963396   1482.28116296049   1482.2433006169379
0.011554268350120923   1500.309321291744   1500.271315504479
0.011892986882540897   1517.826022320918   1517.7880678205674
0.012241635099881474   1534.7837971867853   1534.7459968624767
0.012600504095286909   1551.134619400104   1551.0969788762723
0.012969893495426888   1566.8292625693869   1566.7917314796468
0.013350111710660605   1581.8165802387   1581.779143223839
0.013741476192534558   1596.0450757952033   1596.0077653272392
0.014144313698828986   1609.4629696588952   1609.4258614608823
0.01455896056637426   1622.0161068356038   1621.9792699202787
0.014985762991865008   1633.6494289337409   1633.6129001150207
0.01542507732090645   1644.3084301157148   1644.2722128353412
0.015877270345534218   1653.9384167675476   1653.902487201999
0.016342719610456153   1662.4840754111458   1662.4483936109045
0.016821813728271667   1669.8912654682347   1669.855776304997
0.017314952703931925   1676.1071665923723   1676.071797955438
0.017822548268711737   1681.0788781051667   1681.0435295076943
0.01834502422397195   1684.7549459097156   1684.719484080532
0.018882816794999403   1687.0864933822818   1687.050752512279
0.019436374995219892   1688.0274233919395   1687.9912016611686
0.02000616100108813   1687.5347126036393   1687.4977675298273
0.020592650537967844   1685.568953886941   1685.5310032739144
0.021196333277324068   1682.095113656771   1682.0558420540483
0.02181771324555934   1677.084493669011   1677.043578415162
0.022457309244835088   1670.5136356268738   1670.4707565809829
0.02311565528622961   1662.3640948711145   1662.3189370102336
0.023793301035594242   1652.6266646574709   1652.5789332556774
0.024490812272480036   1641.301980497357   1641.2514174632558
0.025208771362518027   1628.3961990117878   1628.3425848833415
0.0259477777436476   1613.9237078439965   1613.8669007600222
0.02670844842659881   1597.9158343050908   1597.8559235359335
0.027491418510046592   1580.4116753098751   1580.3490119277885
0.028297341710866907   1561.4556427235198   1561.3908273977077
0.029126890909937666   1541.1116143341615   1541.0454872985106
0.029980758713939952   1519.460593795859   1519.394221976102
0.030859658033628758   1496.586185340339   1496.5208432352135
0.031764322679055976   1472.5808581273125   1472.518038765888
0.03269550797224261   1447.5612901347874   1447.5027838344417
0.033653991377811755   1421.647351486713   1421.5952344949496
0.03464057315210884   1394.9587785401156   1394.9153663557788
0.03565607701135116   1367.6469919008823   1367.6146282566633
0.036701350819364466   1339.8830215290106   1339.8639277638742
0.03777726729548091   1311.8291580804416   1311.8254265188968
0.038884724743189276   1283.6346828432397   1283.6484748557384
0.04002464780014597   1255.4308773868634   1255.4649241687578
0.041197988210172884   1227.3384502771862   1227.3960753533463
0.04240572561788674   1199.4753036598154   1199.560176392839
0.04364886838662332   1172.0195460898426   1172.13363870781
0.04492845444033957   1145.1765073852584   1145.3190176174448
0.04624555213019635   1119.132981357049   1119.3005844923434
0.04760126112654554   1094.031860124933   1094.2196965202943
0.04899671333706607   1069.9469819337678   1070.1503714971075
0.05043307385181555   1046.93725877062   1047.1518963377193
0.05191154191598653   1025.0369643145652   1025.25867993451
0.053433351931179485   1004.1834303038346   1004.4070836725446
0.05499977448602865   984.2884618927222   984.5076676367875
0.05661211741704101   965.2584466601562   965.4656614798063
0.05827172690053434   946.9461484560919   947.1327328484247
0.05997998857658587   929.1948144276631   929.3511136929914
0.06173832870592997   911.8416830464992   911.9574773923185
0.0635482153607709   894.6906019204158   894.7561353275756
0.06541115965050462   877.5496356006659   877.5559182495252
0.06732871698337338   860.1961505275074   860.1369064637881
0.06930248836510605   842.388707399399   842.2618633600198
0.07133412173562886   823.8881492056244   823.6967317694329
0.07342531334496233   804.4367961058449   804.1910584557701
0.07557780916945323   783.8088560797675   783.5262116250216
0.07779340636952398   761.8386029773038   761.543839519748
0.08007395479015682   738.4233677092114   738.1476712901326
0.08242135850536496   713.6142327933811   713.393005166335
0.08483757740794096   687.5546341751228   687.4257515779462
0.08732462884580919   660.5464400400017   660.5485430971838
0.08988458930634863   632.9590068890657   633.1294493402895
0.09251959615009227   605.2478898281418   605.6189249452001
0.09523184939525078   577.87406762435   578.4709072601667
0.09802361355455057   551.3004114073847   552.1390068405282
0.10089721952591899   525.9680375395046   527.0501507948651
0.10385506653859616   502.2786686696052   503.58925919452975
0.10689962415629803   480.56022245762495   482.06784408341184
0.11003343433910281   461.0671528483195   462.7246711454315
0.11325911356578279   443.8664964398422   445.6124268625896
0.11657935501835284   428.8761069800598   430.63837111553823
0.11999693083066039   415.7536317939741   417.4674107186345
0.12351469440289359   404.0176362969697   405.63252063220057
0.12713558278394044   393.0331182154049   394.51789880310685
0.13086261912358757   382.1508437574039   383.50310962392894
0.13469891519660646   370.75920448354685   372.0124883444354
0.13864767400083483   358.3764245984852   359.5979879464594
0.14271219243142114   344.7197584102133   346.0051085818436
0.14689586403346616   329.75113398392307   331.21571056223974
0.1512021818353596   313.7155802466232   315.48196190496276
0.15563474126517718   297.0851752515666   299.25412894835154
0.16019724315257297   280.47582093902116   283.11072918042964
0.1648934968186736   264.5635188114199   267.6812707101505
0.1697274232565544   249.99943064636142   253.55201594909886
0.17470305840495237   237.2787841997337   241.15582866882895
0.17982455651794954   226.57220743639223   230.63703011868486
0.18509619363343993   217.64206385890265   221.7509891495177
0.19052237114327647   209.92776073314118   213.97029443382186
0.19610761946807834   202.74456439290864   206.6760447791644
0.20185660183976684   195.43750704977106   199.28254553763918
0.20777411819498756   187.46468911729463   191.32248254787643
0.21386510918267082   178.54994406318775   182.5667643036057
0.22013466028907505   168.86303551021723   173.18560394674765
0.22658800608375756   158.96389266927645   163.68699160341475
0.23323053459001789   149.50961968117744   154.63220542641469
0.2400677917834628   141.0215436898231   146.46124710028238
0.24710548622244882   133.7772275238397   139.37503761106746
0.25434949381426813   127.69799772763781   133.29963470236876
0.2618058627210567   122.35634060890402   127.85593456030661
0.2694808184095226   117.18813574089249   122.57397947384679
0.27738076884870827   111.73169155631997   117.08487576945058
0.2855123098601282   105.81481736123831   111.2737840271527
0.29388223062474755   99.6801702129827   105.34504431243447
0.3024975193514008   93.77006590296769   99.65321748333578
0.31136536911138296   88.44301651753133   94.464439658547
0.3204931838440838   83.83589829557114   89.87206063113861
0.32988858453867975   79.78080918053085   85.73187664863974
0.3395594155970457   75.91721030089336   81.77156392811426
0.34951375138319807   71.97399005130367   77.79369280921861
0.3597599029647371   67.91257641304905   73.78536643038187
0.37030642505191835   63.924277189583776   69.88824472227043
0.3811621231401457   60.253749199201636   66.2663910605028
0.3923360608618501   56.975595405521254   62.956469707187594
0.4038375675538918   53.976612499987574   59.88267072315482
0.41567624604680364   51.075499139892685   56.918656756968744
0.42786198068238046   48.18289075682777   54.01024643294131
0.4404049455663077   45.366984376493086   51.20485842340033
0.4533156130627191   42.74361309862892   48.57017983610621
0.4666047625377753   40.34038780410803   46.11622466904553
0.4802834893595659   38.08749730696729   43.79824452069902
0.49436321416184764   35.908474490235655   41.570441707498645
0.5088556923793517   33.80345161145404   39.43334710544179
0.5237730240626238   31.821148781086467   37.41210388739003
0.5391276639805903   29.977355061191457   35.511161215986185
0.5549324320192869   28.23887857654115   33.709621844414364
0.5712005238854289   26.57623664241305   31.991455400699955
0.5879455221237613   24.99643563670352   30.35899678446665
0.6051814074573895   23.513832280962237   28.81649503298324
0.622922570460556   22.119450543211038   27.356932747930017
0.6411838235736077   20.79723187779143   25.9707458965078
0.6599804134701901   19.54556450829957   24.65614666602818
0.6793280337869897   18.367939190654937   23.412451635101807
0.6992428382266549   17.258140669716816   22.23439079342229
0.7197414540448374   16.210894043846185   21.118293579747093
0.7408409959326054   15.22331728176985   20.061249099591503
0.7625590803058332   14.292368289932222   19.06025231307404
0.7849138400134885   13.415119297805663   18.11242535959172
0.8079239394770964   12.588766926101307   17.21502358676941
0.8316085902740278   11.810629143355369   16.365430971446592
0.8559875671776167   11.078142096276826   15.561155541123384
0.8810812246675007   10.388855039023555   14.799823638626311
0.9069105139239728   9.740404469547887   14.079160372753199
0.9334970003205227   9.130523964766232   13.396992847949635
0.960862881429187   8.557061397962942   12.751259200696547
0.9890310055537336   8.01797443333746   12.140003896271226
1.0180248908061487   7.511325652626915   11.56137284405444
1.047868744742366   7.035277847293628   11.013608677843715
1.0785874845736239   6.588089474583511   10.495046199931268
1.1102067579703248   6.16811140941869   10.004101717062184
1.1427529644757777   5.773784770537944   9.539256681672088
1.1762532775476793   5.403633193640246   9.099072852553308
1.210735667245765   5.056258257867519   8.682192286093283
1.246228923584555   4.7303359027938265   8.287332950120392
1.2827626805706884   4.424612970350228   7.913284563872711
1.3203674409449337   4.137903870391756   7.558904653900412
1.3590746016495152   3.8690873112552135   7.223113634052477
1.3989164800420282   3.6171022091034715   6.904869990009485
1.4399263408778291   3.3809451365663383   6.603173479763449
1.4821384240834183   3.1596685539687854   6.317084213994644
1.525587973344019   2.9523780275188045   6.045719567875465
1.5703112655292182   2.7582295259248455   5.788250496994159
1.6163456409812174   2.576426834437691   5.54389810141369
1.6637295346910133   2.406219082707773   5.3119304204935185
1.7125025083885144   2.2468983047725124   5.091654118020982
1.7627052835733923   2.0977969843846624   4.882397009585106
1.814379775514258   1.9582862056159256   4.683524511068653
1.8675691282445197   1.8277736743403343   4.494442636289293
1.922317750584177   1.7057017444141893   4.314595165042467
1.9786713532176083   1.591545538413926   4.143461023797786
2.0366769868582977   1.4848111592739661   3.980551862027209
2.0963830815323896   1.3850339774744351   3.8254090114178974
2.1578394870138577   1.291776714066523   3.6775803550362385
2.2210975144450407   1.2046279730577916   3.5366199757033105
2.286209979177315   1.1232011699360844   3.4021121189166563
2.3532312448676476   1.0471331392700898   3.273670169627586
2.4222172688678643   0.9760827949498191   3.1509344162218107
2.4932256489445366   0.9097298612470438   3.0335700044778973
2.5663156713684585   0.8477736713739599   2.9212650639783497
2.641548360413907   0.7899321605135652   2.813729366685406
2.7189865293089923   0.7359412455109   2.710694175425081
2.798694832679631   0.6855532065176333   2.611909251198946
2.8807398205309562   0.6385355228893068   2.5171409054370315
2.9651899938111903   0.594670001357442   2.426170817056826
3.05211586160442   0.553751949413452   2.3387949435494204
3.1415899999999994   0.515589391856321   2.2548225176403274
