0.01   7279.6225227577   7279.231457787721
0.010293154462191829   7336.217969764153   7335.821590740292
0.010594902878253955   7389.140904525519   7388.73991004569
0.010905497183778876   7438.176351563269   7437.770557489958
0.011225196699963396   7483.111748689681   7482.700057373777
0.011554268350120923   7523.732717944985   7523.313558885651
0.011892986882540897   7559.817475494021   7559.389819408617
0.012241635099881474   7591.1478412057495   7590.711352525929
0.012600504095286909   7617.510341738216   7617.065299655705
0.012969893495426888   7638.6846745199155   7638.231137426932
0.013350111710660605   7654.451486854306   7653.988842411218
0.013741476192534558   7664.601066944976   7664.128028003776
0.014144313698828986   7668.927139323372   7668.44199406842
0.01455896056637426   7667.2220049007365   7666.723072647946
0.014985762991865008   7659.290587676887   7658.776276127311
0.01542507732090645   7644.95149186214   7644.420227124911
0.015877270345534218   7624.026453388882   7623.476122330421
0.016342719610456153   7596.350111173827   7595.77783564655
0.016821813728271667   7561.777731051863   7561.179898109655
0.017314952703931925   7520.182112812053   7519.554482853799
0.017822548268711737   7471.452943950479   7470.790799054467
0.01834502422397195   7415.5051194993575   7414.803320374822
0.018882816794999403   7352.281026903058   7351.53406184129
0.019436374995219892   7281.752853423593   7280.9548677363
0.02000616100108813   7203.922984851972   7203.067837480416
0.020592650537967844   7118.825002848989   7117.906352533508
0.021196333277324068   7026.537598287451   7025.5494182443945
0.02181771324555934   6927.1873548119775   6926.124520283225
0.022457309244835088   6820.932617973548   6819.790960229183
0.02311565528622961   6707.973284127744   6706.749798803516
0.023793301035594242   6588.587903463746   6587.281619066686
0.024490812272480036   6463.093838101971   6461.70597182502
0.025208771362518027   6331.8337499479185   6330.367632310259
0.0259477777436476   6195.234799588325   6193.696961724074
0.02670844842659881   6053.80092471161   6052.202049048592
0.027491418510046592   5908.043380151098   5906.397924208612
0.028297341710866907   5758.512436228826   5756.838387165381
0.029126890909937666   5605.887930412688   5604.207073251918
0.029980758713939952   5450.85669142691   5449.194180586854
0.030859658033628758   5294.083943593936   5292.467709758872
0.031764322679055976   5136.339757500404   5134.800342792497
0.03269550797224261   4978.455056608985   4977.025344609534
0.033653991377811755   4821.1955619781165   4819.910152175651
0.03464057315210884   4665.321831646678   4664.215784880884
0.03565607701135116   4511.7024456438   4510.808935041723
0.036701350819364466   4361.138317751488   4360.488226561591
0.03777726729548091   4214.338119785337   4213.959748598634
0.038884724743189276   4072.0288548509657   4071.943610988533
0.04002464780014597   3934.909586599598   3935.1298155997897
0.041197988210172884   3803.57314864631   3804.103344171283
0.04240572561788674   3678.5118964626804   3679.346658839528
0.04364886838662332   3560.12514967751   3561.2430962786893
0.04492845444033957   3448.7384940574307   3450.103466890365
0.04624555213019635   3344.6004599836256   3346.162855457213
0.04760126112654554   3247.753507742998   3249.4446338294706
0.04899671333706607   3158.132059934805   3159.862132627703
0.05043307385181555   3075.6539584510356   3077.314331072023
0.05191154191598653   2999.7618843239834   3001.233726736826
0.053433351931179485   2929.356981317465   2930.520691168045
0.05499977448602865   2863.4032715325193   2864.1388625594464
0.05661211741704101   2800.9794306557824   2801.1678306907206
0.05827172690053434   2741.2725238587514   2740.797376234624
0.05997998857658587   2683.506062534833   2682.255510832487
0.06173832870592997   2626.5674059722837   2624.453111913674
0.0635482153607709   2569.156683530221   2566.1266523550394
0.06541115965050462   2509.977022193113   2506.0255457485223
0.06732871698337338   2447.5183316710054   2442.718208027387
0.06930248836510605   2380.392931942937   2374.8989852635036
0.07133412173562886   2307.553486692606   2301.6164123449585
0.07342531334496233   2228.268454989943   2222.2341107129632
0.07557780916945323   2142.4665290711155   2136.7523731106794
0.07779340636952398   2050.742651223982   2045.810661124758
0.08007395479015682   1954.2018221172962   1950.5305247237948
0.08242135850536496   1854.5092785052984   1852.5658829580211
0.08483757740794096   1753.434324499193   1753.6419992291758
0.08732462884580919   1652.8158370076267   1655.523043508591
0.08988458930634863   1554.613888731782   1560.0591648991515
0.09251959615009227   1460.825451931153   1469.1128547962664
0.09523184939525078   1373.4391365437248   1384.4885799393435
0.09802361355455057   1294.2032616180795   1307.7444077992645
0.10089721952591899   1224.523951269313   1240.0925840842467
0.10385506653859616   1165.2117034792352   1182.1856711313644
0.10689962415629803   1116.013466200617   1133.6195490505672
0.11003343433910281   1076.05346885295   1093.4571509174586
0.11325911356578279   1043.4193526799363   1059.9101793170462
0.11657935501835284   1015.8391116644761   1030.8769878060134
0.11999693083066039   990.6615594279126   1003.9296697643897
0.12351469440289359   965.2199963667628   976.7126541371175
0.12713558278394044   937.0512220732421   947.1258834617611
0.13086261912358757   904.2643703403741   913.6429779139442
0.13469891519660646   865.8976626513524   875.5728759359218
0.13864767400083483   822.0162954500994   833.114643161225
0.14271219243142114   773.7077732926392   787.3322827707818
0.14689586403346616   722.8760386279203   739.9218377235973
0.1512021818353596   672.1126403381996   693.0520045413357
0.15563474126517718   624.4544146465229   649.1645346379262
0.16019724315257297   582.6784610459595   610.4797540852412
0.1648934968186736   548.2773323690554   577.9638794288821
0.1697274232565544   521.1628362410213   551.3733589140846
0.17470305840495237   500.058703636521   529.5848085018665
0.17982455651794954   483.09170692138565   510.9556299169653
0.18509619363343993   467.90884201075374   493.69578520158694
0.19052237114327647   451.76327331220614   475.7488825416384
0.19610761946807834   432.4196570957408   455.60493412859495
0.20185660183976684   409.3691240023169   433.08123630002444
0.20777411819498756   383.6863800120077   409.0589185946141
0.21386510918267082   357.2291055862129   384.96205617974704
0.22013466028907505   332.17741351198157   362.23113829372653
0.22658800608375756   310.4710727536838   342.1194000001624
0.23323053459001789   292.93417635992176   324.96728804490044
0.2400677917834628   279.0736143895473   310.397817222668
0.24710548622244882   267.44899025407784   297.3687215560635
0.25434949381426813   256.07595533744495   284.65470819798355
0.2618058627210567   243.420021536165   271.35949079596884
0.2694808184095226   229.27143027091378   257.5374166679721
0.27738076884870827   214.40767374414864   243.617610995836
0.2855123098601282   200.09909894353456   230.38433832764616
0.29388223062474755   187.5775651726223   218.42676539462704
0.3024975193514008   177.15202863642756   207.7436227434888
0.31136536911138296   168.19156753782823   198.02155647637173
0.3204931838440838   159.70228984539162   188.73857231822834
0.32988858453867975   150.86217240448815   179.54569371289074
0.3395594155970457   141.62601319542236   170.4233474529732
0.34951375138319807   132.60262877560518   161.70655729209372
0.3597599029647371   124.38739394376572   153.5863805947381
0.37030642505191835   117.18435439219387   146.07346603379213
0.3811621231401457   110.67710423717314   139.04921465874534
0.3923360608618501   104.37097076111475   132.3278881187616
0.4038375675538918   98.06994033380049   125.83124519205819
0.41567624604680364   91.95749112046667   119.62261703293996
0.42786198068238046   86.3020832360915   113.78385462114969
0.4404049455663077   81.16137505188323   108.30485940051031
0.4533156130627191   76.36773305598095   103.11746921590934
0.4666047625377753   71.74230609437434   98.16897961837704
0.4802834893595659   67.2965406098588   93.46017478094036
0.49436321416184764   63.129434723936455   89.0039059292954
0.5088556923793517   59.26999266139596   84.79927538222523
0.5237730240626238   55.645618779635164   80.81311429977329
0.5391276639805903   52.19599278972591   77.0252163995841
0.5549324320192869   48.93447347682962   73.43507361996633
0.5712005238854289   45.88418730931195   70.03654577821092
0.5879455221237613   43.025683378616584   66.81776015474203
0.6051814074573895   40.327128944795206   63.763881332274515
0.622922570460556   37.78346657384666   60.86791088164825
0.6411838235736077   35.40091151056184   58.1252248564234
0.6599804134701901   33.16107541678002   55.523028268311194
0.6793280337869897   31.054223744627897   53.05696156442055
0.6992428382266549   29.075390072046986   50.719075651372876
0.7197414540448374   27.218011476850187   48.50173248527036
0.7408409959326054   25.47487786697781   46.39837075195087
0.7625590803058332   23.839187639877466   44.40280586099738
0.7849138400134885   22.30453462176104   42.50920183033852
0.8079239394770964   20.864885330835016   40.71205144583842
0.8316085902740278   19.51455755338638   39.006157542851255
0.8559875671776167   18.248204442153238   37.38660549929304
0.8810812246675007   17.060854529095238   35.84860620032456
0.9069105139239728   15.947861317417598   34.387539189299666
0.9334970003205227   14.904829144858788   32.99906788001342
0.960862881429187   13.927600076847423   31.67912405264033
0.9890310055537336   13.012242861108968   30.423889928777466
1.0180248908061487   12.155042248770114   29.229781524182936
1.047868744742366   11.352488206778558   28.09342991980326
1.0785874845736239   10.601253032680019   27.01157497501442
1.1102067579703248   9.898184227507544   25.98105549515087
1.1427529644757777   9.240312463538904   24.998912098038883
1.1762532775476793   8.62484253616059   24.062378793909208
1.210735667245765   8.049143807548521   23.16886904715994
1.246228923584555   7.510741127926118   22.31596293381297
1.2827626805706884   7.007306230201457   21.501394449193224
1.3203674409449337   6.536650661795124   20.722980329912275
1.3590746016495152   6.096718350405524   19.978581189574527
1.3989164800420282   5.685576190851619   19.266195059407533
1.4399263408778291   5.301406981245626   18.58395679519434
1.4821384240834183   4.942502914752991   17.9301278994259
1.525587973344019   4.6072594036247825   17.303087188720358
1.5703112655292182   4.294169220416095   16.70132215307807
1.6163456409812174   4.001816758986659   16.123395742733926
1.6637295346910133   3.728872581991858   15.567907768816756
1.7125025083885144   3.4740889052368096   15.0335477341961
1.7627052835733923   3.236294923650358   14.519097620930351
1.814379775514258   3.0143923141656734   14.023425189168881
1.8675691282445197   2.807350982200054   13.545477832971637
1.922317750584177   2.6142050399608925   13.084276940696622
1.9786713532176083   2.434048894668532   12.638909149320288
2.0366769868582977   2.2660334187387594   12.208512941163969
2.0963830815323896   2.1093629554397686   11.792285805484196
2.1578394870138577   1.9632921975662898   11.389483219606722
2.2210975144450407   1.8271231410727382   10.999414719635684
2.286209979177315   1.7002022123844982   10.62144027037494
2.3532312448676476   1.581917560279601   10.254966905972323
2.4222172688678643   1.4716964300109034   9.89944788435274
2.4932256489445366   1.369002469299074   9.55438947027442
2.5663156713684585   1.27333382655913   9.219338399867425
2.641548360413907   1.1842211554528939   8.89387481999947
2.7189865293089923   1.1012255828030986   8.577610108650571
2.798694832679631   1.0239367979100271   8.270184834386598
2.8807398205309562   0.951971256560263   7.971266837959662
2.9651899938111903   0.8849705659573245   7.680557680197107
3.05211586160442   0.8226003941517434   7.397850670672271
3.1415899999999994   0.7645485110144453   7.122984148451842
