0.01   17471.492825522266   17462.10644637106
0.010293154462191829   17688.626424547194   17678.347683434287
0.010594902878253955   17899.92107572223   17888.673890155256
0.010905497183778876   18104.833587722776   18092.534298783838
0.011225196699963396   18302.802102174475   18289.356661950747
0.011554268350120923   18493.259319544697   18478.563168487573
0.011892986882540897   18675.620677952724   18659.55997065238
0.012241635099881474   18849.27558600717   18831.729470706792
0.012600504095286909   19013.610363889857   18994.451426206433
0.012969893495426888   19168.007451680016   19147.101428372745
0.013350111710660605   19311.81922532995   19289.021725412873
0.013741476192534558   19444.39058279529   19419.546026627664
0.014144313698828986   19565.074017073945   19538.016004741417
0.01455896056637426   19673.212729001072   19643.76345928187
0.014985762991865008   19768.138379890843   19736.10790822882
0.01542507732090645   19849.19832808397   19814.38522792801
0.015877270345534218   19915.75296605709   19877.944424696947
0.016342719610456153   19967.15306341791   19926.12250742832
0.016821813728271667   20002.768826452717   19958.276215129084
0.017314952703931925   20022.002531142378   19973.79562303758
0.017822548268711737   20024.276101117313   19972.089374626634
0.01834502422397195   20009.03733863686   19952.591407043285
0.018882816794999403   19975.78012209256   19914.783752222746
0.019436374995219892   19924.048785195366   19858.201000651985
0.02000616100108813   19853.440980501226   19782.43291386347
0.020592650537967844   19763.61425224299   19687.131863142393
0.021196333277324068   19654.293239845792   19572.02052212892
0.02181771324555934   19525.300397354695   19436.92407561391
0.022457309244835088   19376.548587398298   19281.762411770687
0.02311565528622961   19208.024964217515   19106.533209729463
0.023793301035594242   19019.83501218694   18911.36039836332
0.024490812272480036   18812.248401766337   18696.54448659698
0.025208771362518027   18585.61890484769   18462.473879037603
0.0259477777436476   18340.39460742258   18209.63547226068
0.02670844842659881   18077.264401339016   17938.772631398057
0.027491418510046592   17797.054446746253   17650.772777099723
0.028297341710866907   17500.64333820321   17346.575438254702
0.029126890909937666   17189.11533911342   17027.335330500806
0.029980758713939952   16863.82163498423   16694.486876315288
0.030859658033628758   16526.134668220606   16349.481799728414
0.031764322679055976   16177.496056152317   15993.837290730396
0.03269550797224261   15819.728629138772   15629.456290108114
0.033653991377811755   15454.720118410112   15258.30095239142
0.03464057315210884   15084.281749217229   14882.246857834545
0.03565607701135116   14710.415989662328   14503.352505108483
0.036701350819364466   14335.302308819502   14123.844250419543
0.03777726729548091   13960.969377860765   13745.7863625541
0.038884724743189276   13589.429269863338   13371.202811641702
0.04002464780014597   13223.061413924004   13002.42865989086
0.041197988210172884   12864.129611060722   12641.668947501237
0.04240572561788674   12514.633813170352   12290.86217024522
0.04364886838662332   12176.039896989572   11951.394783050227
0.04492845444033957   11849.396776684163   11624.225700102352
0.04624555213019635   11535.609725010607   11310.174866027583
0.04760126112654554   11235.806263989472   11010.21125553311
0.04899671333706607   10951.846155895746   10725.849284918464
0.05043307385181555   10685.514670647397   10458.526491201012
0.05191154191598653   10437.962181146717   10209.10532143714
0.053433351931179485   10207.462018659302   9975.798874287182
0.05499977448602865   9991.372370313105   9755.990489798134
0.05661211741704101   9787.283457715437   9547.29575605871
0.05827172690053434   9593.102750119182   9347.64335236656
0.05997998857658587   9406.944717342203   9155.169872182161
0.06173832870592997   9226.774110214346   8967.92654796341
0.0635482153607709   9049.780948704305   8783.386022579407
0.06541115965050462   8873.147483455203   8599.056025804537
0.06732871698337338   8693.610339545776   8412.224265842058
0.06930248836510605   8507.534783498377   8220.010356692503
0.07133412173562886   8311.419984878139   8019.759190645636
0.07342531334496233   8101.640048934273   7808.981325800237
0.07557780916945323   7875.147638742006   7585.702445982835
0.07779340636952398   7630.340648105192   7349.254511425473
0.08007395479015682   7366.649591989274   7099.789509660361
0.08242135850536496   7085.56796749296   6839.179081871392
0.08483757740794096   6789.806106044831   6570.168867280901
0.08732462884580919   6483.912072674338   6296.664322984542
0.08988458930634863   6173.111270787753   6022.902931838577
0.09251959615009227   5863.248728104781   5753.406563604029
0.09523184939525078   5560.077517294408   5492.399356120813
0.09802361355455057   5269.390310827842   5243.75595815626
0.10089721952591899   4996.750808922161   5010.8678048776355
0.10385506653859616   4747.310134513275   4796.63240619669
0.10689962415629803   4524.836045045487   4602.85585153149
0.11003343433910281   4331.845346486191   4430.316652969493
0.11325911356578279   4167.996506692339   4277.726057702321
0.11657935501835284   4030.736765352681   4142.283935472047
0.11999693083066039   3914.5910688314757   4020.113131044618
0.12351469440289359   3812.657850164201   3906.7657031697067
0.12713558278394044   3716.7860440495483   3797.0934066286395
0.13086261912358757   3618.950045675527   3686.6462561973153
0.13469891519660646   3511.8153425046557   3572.019658570512
0.13864767400083483   3389.9671068117386   3450.9567404710483
0.14271219243142114   3250.7703557116674   3322.8249594877066
0.14689586403346616   3094.8978771503726   3189.0072549633815
0.1512021818353596   2926.3694716606933   3053.0472865135157
0.15563474126517718   2751.6480694885277   2917.9942881750926
0.16019724315257297   2578.8902635069567   2787.1635524893227
0.1648934968186736   2417.0336661099723   2664.688245976637
0.1697274232565544   2274.2158938358148   2552.7891853369233
0.17470305840495237   2155.13795553902   2452.6607939908554
0.17982455651794954   2059.502623711349   2363.251148903203
0.18509619363343993   1982.651516259097   2281.5801325693724
0.19052237114327647   1917.5462510397786   2204.6343153448265
0.19610761946807834   1856.2002339189473   2130.1454403919574
0.20185660183976684   1790.356958150273   2055.9231177034285
0.20777411819498756   1713.5833251926344   1980.2948093480495
0.21386510918267082   1624.523322729332   1903.2828693273912
0.22013466028907505   1527.4968349865437   1826.8795849844228
0.22658800608375756   1429.6557679222315   1753.5093326455406
0.23323053459001789   1338.4165234648317   1684.059971683763
0.2400677917834628   1259.5944351747469   1619.6876385259682
0.24710548622244882   1195.4050496547684   1559.924393704533
0.25434949381426813   1143.2922197247058   1504.0425722610512
0.2618058627210567   1097.4955492387487   1450.8634042834938
0.2694808184095226   1051.295068716864   1399.3249675556217
0.27738076884870827   999.8254655265988   1348.2650402097722
0.2855123098601282   942.9836555591343   1298.7299077636444
0.29388223062474755   884.5944223155066   1250.86613517261
0.3024975193514008   829.5313763620528   1205.3907758965531
0.31136536911138296   781.6831975643064   1162.0925986446503
0.3204931838440838   741.5980277860906   1121.522682434559
0.32988858453867975   706.23367290209   1082.6158898830593
0.3395594155970457   671.630899513205   1045.4234200103106
0.34951375138319807   635.2493400167364   1009.1300088669688
0.3597599029647371   597.5219610441675   974.4183044447667
0.37030642505191835   561.2083874359913   941.1145634580164
0.3811621231401457   528.5738888468453   909.3321578339919
0.3923360608618501   499.85927525688066   879.1354279532485
0.4038375675538918   473.4254780784122   850.3308740209897
0.41567624604680364   447.31999781096215   822.5792079840571
0.42786198068238046   421.1109254160004   795.8420428205382
0.4404049455663077   395.8924624865484   770.1732810498303
0.4533156130627191   372.7458442436201   745.6779459783926
0.4666047625377753   351.6631832166969   722.3311838141396
0.4802834893595659   331.72300520432253   699.9343056810886
0.49436321416184764   312.3032213112162   678.3291781213784
0.5088556923793517   293.63102985843375   657.546420367172
0.5237730240626238   276.2132348856609   637.6608900018279
0.5391276639805903   260.0506000643449   618.6137414103011
0.5549324320192869   244.7447754838287   600.291392838261
0.5712005238854289   230.08982564457762   582.6161380352643
0.5879455221237613   216.23539389996344   565.6109821946447
0.6051814074573895   203.2777469157181   549.2795706127773
0.622922570460556   191.0770261599404   533.543776159879
0.6411838235736077   179.50285104339724   518.3379549623959
0.6599804134701901   168.5788286573196   503.67191876779776
0.6793280337869897   158.31759664982   489.5222542668441
0.6992428382266549   148.65441912853532   475.84260963266695
0.7197414540448374   139.54520874098873   462.6061036150411
0.7408409959326054   130.96123018349613   449.7869441418344
0.7625590803058332   122.87561301653331   437.35941879503434
0.7849138400134885   115.26254607468094   425.2995956788456
0.8079239394770964   108.09726445762828   413.58520905035243
0.8316085902740278   101.35603365918354   402.19555451242155
0.8559875671776167   95.01613118598321   391.11139285558403
0.8810812246675007   89.05581341900253   380.31483546851075
0.9069105139239728   83.45394829393535   369.7885112809761
0.9334970003205227   78.19005006551188   359.51547775670934
0.960862881429187   73.24471070159362   349.48007842081176
0.9890310055537336   68.59957161032817   339.66792214397964
1.0180248908061487   64.23727108392086   330.0658144108596
1.047868744742366   60.14139411248497   320.6616937165196
1.0785874845736239   56.296424477066864   311.44457248500794
1.1102067579703248   52.6877062247629   302.40456009327744
1.1427529644757777   49.30146180887331   293.53352182644284
1.1762532775476793   46.1247013891883   284.8246014184406
1.210735667245765   43.1451368784008   276.2716664663905
1.246228923584555   40.351147835999846   267.86926432910246
1.2827626805706884   37.731749280142424   259.61258623004784
1.3203674409449337   35.27656074222053   251.4974325113545
1.3590746016495152   32.975776539897566   243.52017884573067
1.3989164800420282   30.820132990157283   235.67817310384547
1.4399263408778291   28.80086773759764   227.97117035361484
1.4821384240834183   26.909711801521397   220.39964439452365
1.525587973344019   25.138869981658154   212.9641411287647
1.5703112655292182   23.480995777453415   205.66526431722681
1.6163456409812174   21.929167483206665   198.50366166126858
1.6637295346910133   20.476865415621397   191.4800111567066
1.7125025083885144   19.117950228091377   184.59501202295104
1.7627052835733923   17.84664181647768   177.8502587568515
1.814379775514258   16.657499307060966   171.24912930890815
1.8675691282445197   15.545403466767079   164.79481637008698
1.922317750584177   14.505539056229566   158.49004865687417
1.9786713532176083   13.533377916429057   152.33710600127657
2.0366769868582977   12.624662911619923   146.33783528023565
2.0963830815323896   11.775392691398407   140.49366706777107
2.1578394870138577   10.981807152124397   134.80565236267503
2.2210975144450407   10.240371537421495   129.27500704704562
2.286209979177315   9.5477639224209   123.90308923964604
2.3532312448676476   8.90086577784422   118.69075530472414
2.4222172688678643   8.29675026649664   113.63835656012039
2.4932256489445366   7.732671023406641   108.74577294821357
2.5663156713684585   7.206051551202179   104.01244650254758
2.641548360413907   6.714475199979655   99.43741442406719
2.7189865293089923   6.2556761128585645   95.01935357152915
2.798694832679631   5.827533685864536   90.75671536838897
2.8807398205309562   5.428061295353827   86.64768418804172
2.9651899938111903   5.055395824944471   82.69013266151399
3.05211586160442   4.707790389093202   78.88165291264026
3.1415899999999994   4.383607480762472   75.21958750157982
