0.01   3808.714955499081   3808.591616174823
0.010293154462191829   3843.17728445906   3843.053346874507
0.010594902878253955   3875.881977434086   3875.7576080517024
0.010905497183778876   3906.7121508531263   3906.587478299723
0.011225196699963396   3935.545801169375   3935.4209261703995
0.011554268350120923   3962.2598856526756   3962.1348837020937
0.011892986882540897   3986.7324161111756   3986.6073377801904
0.012241635099881474   4008.8370388750677   4008.711940993434
0.012600504095286909   4028.443054791433   4028.3180346244435
0.012969893495426888   4045.4222519739315   4045.2974494469454
0.013350111710660605   4059.6477758792385   4059.52334042864
0.013741476192534558   4070.9894269060705   4070.8653994505944
0.014144313698828986   4079.32023303593   4079.196518732851
0.01455896056637426   4084.518364760839   4084.394738767721
0.014985762991865008   4086.46066399481   4086.3368645923138
0.01542507732090645   4085.025507363782   4084.9013064834407
0.015877270345534218   4080.0994680523195   4079.974673971498
0.016342719610456153   4071.5757652329808   4071.4501175557475
0.016821813728271667   4059.351640185178   4059.22456197541
0.017314952703931925   4043.3348002699313   4043.205369036444
0.017822548268711737   4023.4449697846635   4023.3119476141824
0.01834502422397195   3999.6120343725424   3999.474050578269
0.018882816794999403   3971.7786118194754   3971.6342624308095
0.019436374995219892   3939.902670940185   3939.75052968292
0.02000616100108813   3903.960475677731   3903.7990124017083
0.020592650537967844   3863.9485510810314   3863.7759974851556
0.021196333277324068   3819.881085531735   3819.6954468968925
0.02181771324555934   3771.7929065358558   3771.5920931752166
0.022457309244835088   3719.7525837667613   3719.5350113519908
0.02311565528622961   3663.851508237032   3663.6162904001935
0.023793301035594242   3604.1988539945837   3603.9457770004256
0.024490812272480036   3540.943888177848   3540.6733572287385
0.025208771362518027   3474.276491121408   3473.989468817364
0.0259477777436476   3404.3996074774886   3404.097571862652
0.02670844842659881   3331.541993345776   3331.227100775472
0.027491418510046592   3255.996860794351   3255.672644876705
0.028297341710866907   3178.0716640859923   3177.743064523814
0.029126890909937666   3098.0766209663334   3097.7498179903196
0.029980758713939952   3016.387888501195   3016.0702487128456
0.030859658033628758   2933.4224399368563   2933.1224173107985
0.031764322679055976   2849.577528699516   2849.304461220242
0.03269550797224261   2765.263811518857   2765.0277111086316
0.033653991377811755   2680.9527631689893   2680.764105197077
0.03464057315210884   2597.0887286186753   2596.9582841076285
0.03565607701135116   2514.087215611313   2514.0257870506894
0.036701350819364466   2432.445971130749   2432.46318118217
0.03777726729548091   2352.6711493038865   2352.774930536148
0.038884724743189276   2275.2038843544065   2275.4006553016147
0.04002464780014597   2200.392543648634   2200.687076962325
0.041197988210172884   2128.4802341776644   2128.875338321501
0.04240572561788674   2059.664444951557   2060.16119939885
0.04364886838662332   1994.1468674057132   1994.7439251871795
0.04492845444033957   1932.3292071119854   1933.0174008040224
0.04624555213019635   1874.6406171771669   1875.4019236856877
0.04760126112654554   1821.4261100567624   1822.234936744403
0.04899671333706607   1772.55886874306   1773.3851820756165
0.05043307385181555   1727.5664929953423   1728.378058307275
0.05191154191598653   1686.0105215245492   1686.7729952142881
0.053433351931179485   1647.4838411594903   1648.1601789020854
0.05499977448602865   1611.6073745858953   1612.157387390747
0.05661211741704101   1578.0093745906402   1578.390269584945
0.05827172690053434   1546.1589631368781   1546.3286003280134
0.05997998857658587   1515.4775899041754   1515.3960210167616
0.06173832870592997   1485.3408494919265   1484.973278338966
0.0635482153607709   1454.9850581445512   1454.307930196273
0.06541115965050462   1423.6613838438514   1422.6643447880624
0.06732871698337338   1390.5300368546152   1389.224390481416
0.06930248836510605   1354.782884744252   1353.2044825132705
0.07133412173562886   1315.7870415936263   1314.0003343970975
0.07342531334496233   1273.0872246550118   1271.1862384817698
0.07557780916945323   1226.5463999221372   1224.648124752965
0.07779340636952398   1176.3364596635984   1174.5734530496863
0.08007395479015682   1122.984945659731   1121.503626056684
0.08242135850536496   1067.3075110113018   1066.2636100195293
0.08483757740794096   1010.3257058722327   1009.859558829943
0.08732462884580919   953.1500736764258   953.3728447597188
0.08988458930634863   896.9784618662   897.9728177618483
0.09251959615009227   843.0073736572841   844.8177745140636
0.09523184939525078   792.4734285805176   795.0854583104159
0.09802361355455057   746.4134213790044   749.7543287449528
0.10089721952591899   705.7340645313308   709.6629739438634
0.10385506653859616   670.9437267503293   675.2642468537791
0.10689962415629803   642.1015575154748   646.5695727155673
0.11003343433910281   618.7563680542157   623.1093577435058
0.11325911356578279   600.0154068147361   603.998615461208
0.11657935501835284   584.5877701562339   587.9923631737302
0.11999693083066039   570.9890289436468   573.6785425984066
0.12351469440289359   557.5943665174789   559.5356415411937
0.12713558278394044   542.8602727991221   544.1483978217773
0.13086261912358757   525.4893443312282   526.3529347783851
0.13469891519660646   504.67987225110727   505.4533666068238
0.13864767400083483   480.28153580391535   481.36566855448376
0.14271219243142114   452.79824623590315   454.60935835038265
0.14689586403346616   423.3312353055673   426.2362250380792
0.1512021818353596   393.47910094299596   397.70983031528857
0.15563474126517718   365.1251927385598   370.722686122091
0.16019724315257297   340.009719566571   346.77191100723445
0.1648934968186736   319.24757312917563   326.78440873843545
0.1697274232565544   303.04756865768184   310.89357056329146
0.17470305840495237   290.815565328791   298.47837006393553
0.17982455651794954   281.4408183298798   288.5318626871335
0.18509619363343993   273.4176087722754   279.73764520799716
0.19052237114327647   264.96892887005265   270.5726009360017
0.19610761946807834   254.56608883273498   259.7962882503496
0.20185660183976684   241.60581480025988   247.0055342592634
0.20777411819498756   226.55982291227335   232.62884524007336
0.21386510918267082   210.6121080658574   217.68033890921527
0.22013466028907505   195.27159698809163   203.40111167702236
0.22658800608375756   181.9431417396283   190.85510576168016
0.23323053459001789   171.3771948134559   180.60490338192665
0.2400677917834628   163.39884661566956   172.42178988447992
0.24710548622244882   157.0791310427985   165.51902907061023
0.25434949381426813   151.04839151418852   158.87342278351687
0.2618058627210567   144.11226075764918   151.63766582653713
0.2694808184095226   135.9065474537871   143.566284968354
0.27738076884870827   126.89753372824354   135.04590019225236
0.2855123098601282   118.04640334950837   126.79342193670587
0.29388223062474755   110.34485005346514   119.47317350193131
0.3024975193514008   104.17453507628588   113.2791715847106
0.31136536911138296   99.15682560006539   107.92809564950693
0.3204931838440838   94.50536924150269   102.88280184329311
0.32988858453867975   89.50300889407447   97.7001868820063
0.3395594155970457   84.00412337963766   92.32115651605862
0.34951375138319807   78.45945379023044   87.0296548392977
0.3597599029647371   73.43457510256403   82.1671349105692
0.37030642505191835   69.1879892790158   77.8475793614819
0.3811621231401457   65.49863503646202   73.92315481813114
0.3923360608618501   61.91544198615892   70.14674241592965
0.4038375675538918   58.199550143520206   66.39296923491122
0.41567624604680364   54.48907484071916   62.74225022383161
0.42786198068238046   51.06951806048517   59.33834332642478
0.4404049455663077   48.052882975502904   56.21962842592227
0.4533156130627191   45.28974966957082   53.296282155788376
0.4666047625377753   42.58282164809511   50.48308531808364
0.4802834893595659   39.91784511639114   47.778687099031146
0.49436321416184764   37.41659505161053   45.2267778539392
0.5088556923793517   35.14130881738975   42.84880213513612
0.5237730240626238   33.022233030801395   40.60683234681398
0.5391276639805903   30.980773242530244   38.46854077864334
0.5549324320192869   29.03162099210655   36.44079862244736
0.5712005238854289   27.220117983238126   34.53254770607276
0.5879455221237613   25.53546501328441   32.735262873872145
0.6051814074573895   23.93789803403191   31.031970760454012
0.622922570460556   22.424718341151813   29.41839779307871
0.6411838235736077   21.008498192112114   27.898159635564824
0.6599804134701901   19.679134449232162   26.462413641501243
0.6793280337869897   18.430200908513577   25.10542329020793
0.6992428382266549   17.257075784698866   23.82301562791175
0.7197414540448374   16.155387261022252   22.61121574982892
0.7408409959326054   15.12100089493269   21.466240015730428
0.7625590803058332   14.150007642007342   20.384489259606053
0.7849138400134885   13.2387124297677   19.36254198959191
0.8079239394770964   12.383623355183419   18.397147354665353
0.8316085902740278   11.581455067872207   17.485181022998766
0.8559875671776167   10.82912829095067   16.623609365414737
0.8810812246675007   10.123730124910056   15.80956193988452
0.9069105139239728   9.462502705525324   15.040332614537643
0.9334970003205227   8.842836170787502   14.313370436847833
0.960862881429187   8.262261850016484   13.626270975067017
0.9890310055537336   7.7184456762381455   12.976768111194673
1.0180248908061487   7.209181673858408   12.362725911764723
1.047868744742366   6.732379929260253   11.782116889179644
1.0785874845736239   6.286060582290774   11.233013256484972
1.1102067579703248   5.868357171831682   10.713601507918188
1.1427529644757777   5.477511252758488   10.222176934642718
1.1762532775476793   5.111866610471691   9.757136964968215
1.210735667245765   4.7698637514637525   9.316974915254995
1.246228923584555   4.45003465917992   8.900274126402527
1.2827626805706884   4.150997849082165   8.505700781432445
1.3203674409449337   3.8714543855777306   8.131968977700007
1.3590746016495152   3.6101830338701917   7.777845294275522
1.3989164800420282   3.3660351482969992   7.442175129632772
1.4399263408778291   3.137930635809385   7.123878295854725
1.4821384240834183   2.9248541490937288   6.8219438514605075
1.525587973344019   2.72585146946212   6.53542531665479
1.5703112655292182   2.540026071676504   6.26343624107149
1.6163456409812174   2.3665358060673984   6.00514343844003
1.6637295346910133   2.204589303201443   5.75973871712632
1.7125025083885144   2.0534434416161877   5.526451159526308
1.7627052835733923   1.9124009495253178   5.304561775921676
1.814379775514258   1.7808077345949813   5.093399879662575
1.8675691282445197   1.6580503524786292   4.892339515040024
1.922317750584177   1.5435536129532368   4.70079617269528
1.9786713532176083   1.4367783169823183   4.518223767695321
2.0366769868582977   1.337219065926215   4.344107304448488
2.0963830815323896   1.2444019916159483   4.177937099539057
2.1578394870138577   1.1578831333587458   4.0192281848178375
2.2210975144450407   1.0772467703831747   3.867530147983425
2.286209979177315   1.0021037023857804   3.722424486645702
2.3532312448676476   0.9320896286653686   3.5835221609649905
2.4222172688678643   0.8668636209596108   3.4504613554921137
2.4932256489445366   0.806106684963907   3.3229054306416796
2.5663156713684585   0.74952053301119   3.2005418950932687
2.641548360413907   0.6968266276224782   3.0830830421702835
2.7189865293089923   0.6477644839512727   2.9702613822713753
2.798694832679631   0.6020904230920768   2.861827315395372
2.8807398205309562   0.5595765402179993   2.757547861846756
2.9651899938111903   0.5200097318070103   2.657205492748486
3.05211586160442   0.4831907789132486   2.560597051572051
3.1415899999999994   0.44893348239233005   2.4675327338770563
