0.01   305.42059032104856   305.41765597305647
0.010293154462191829   309.61186057919474   309.60887978542274
0.010594902878253955   313.7265351638924   313.72349653953813
0.010905497183778876   317.755757276408   317.7526566347419
0.011225196699963396   321.690207246795   321.6870469326663
0.011554268350120923   325.52020499283105   325.516993487681
0.011892986882540897   329.23592046700884   329.2326726122955
0.012241635099881474   332.8272933607011   332.8240251670458
0.012600504095286909   336.28393564054744   336.28065289973074
0.012969893495426888   339.59535847890095   339.59205487447593
0.013350111710660605   342.75092160555374   342.74758007877296
0.013741476192534558   345.739133229274   345.73573930680675
0.014144313698828986   348.5481271086701   348.5446752292416
0.01455896056637426   351.16607470839784   351.16256850542163
0.014985762991865008   353.5810863318674   353.57753544086995
0.01542507732090645   355.7811990223568   355.7776143617344
0.015877270345534218   357.7546294774688   357.7510228799813
0.016342719610456153   359.4896795983158   359.48606276520326
0.016821813728271667   360.974165291765   360.9705449471426
0.017314952703931925   362.1960377233435   362.19241409362417
0.017822548268711737   363.1436773361151   363.1400440986223
0.01834502422397195   363.80574725461383   363.8020923817912
0.018882816794999403   364.1712822372742   364.1675888502681
0.019436374995219892   364.2299805223105   364.2262269914616
0.02000616100108813   363.97221559794656   363.96837893541476
0.020592650537967844   363.3889603946685   363.3850262519722
0.021196333277324068   362.47206183528385   362.46802640313814
0.02181771324555934   361.21439983796375   361.2102683714462
0.022457309244835088   359.6103174344998   359.6060877284209
0.02311565528622961   357.65554656788726   357.65119866277723
0.023793301035594242   355.3470307935052   355.3425273947439
0.024490812272480036   352.68359542334883   352.6788936372129
0.025208771362518027   349.6665753346493   349.66164882926086
0.0259477777436476   346.29873072654794   346.29357196326487
0.02670844842659881   342.58448244094393   342.5791003845524
0.027491418510046592   338.5320577229148   338.52646519099756
0.028297341710866907   334.15190220240873   334.14611061052875
0.029126890909937666   329.4555989829238   329.4496186276351
0.029980758713939952   324.4585794496239   324.4524296361064
0.030859658033628758   319.18075833173816   319.174479957402
0.031764322679055976   313.6427243518702   313.63637920652275
0.03269550797224261   307.86662958405697   307.8602962880942
0.033653991377811755   301.88026981887424   301.87403226995605
0.03464057315210884   295.7124511582754   295.706394810729
0.03565607701135116   289.3916043137902   289.38581580060696
0.036701350819364466   282.9528655258504   282.94744012809326
0.03777726729548091   276.436359850257   276.43140733291244
0.038884724743189276   269.8799145359551   269.8755573273516
0.04002464780014597   263.3184271738788   263.31479231503124
0.041197988210172884   256.7833418775551   256.7805428235509
0.04240572561788674   250.30338531457582   250.3015196289939
0.04364886838662332   243.9062692434356   243.90541781886296
0.04492845444033957   237.63311443862085   237.6333235035303
0.04624555213019635   231.53041869302274   231.53169201501106
0.04760126112654554   225.6398311109011   225.6421345955341
0.04899671333706607   219.9933372584715   219.99658360490056
0.05043307385181555   214.6099009304656   214.61391878919827
0.05191154191598653   209.50516814591936   209.50970674950918
0.053433351931179485   204.68813652540194   204.69287510556174
0.05499977448602865   200.14571875849208   200.15028024556597
0.05661211741704101   195.85995175361913   195.8639091609668
0.05827172690053434   191.81105147351136   191.81393359996179
0.05997998857658587   187.96645051195412   187.96775522661395
0.06173832870592997   184.29191874282438   184.29111829955758
0.0635482153607709   180.75085573654857   180.7474114593319
0.06541115965050462   177.29805814150714   177.2914512967947
0.06732871698337338   173.889135081566   173.87887708939977
0.06930248836510605   170.47103222549111   170.45672613800306
0.07133412173562886   166.98619576429564   166.96757976205777
0.07342531334496233   163.37609469030286   163.35308882154175
0.07557780916945323   159.57632187496296   159.5491186544572
0.07779340636952398   155.5292010849874   155.4982864350655
0.08007395479015682   151.18774567051682   151.15397236443695
0.08242135850536496   146.51923636049003   146.4837999319457
0.08483757740794096   141.52402934270833   141.48838484601876
0.08732462884580919   136.22361599281115   136.1894088568418
0.08988458930634863   130.67615490114272   130.6451667487696
0.09251959615009227   124.95681672350405   124.93082622665601
0.09523184939525078   119.1633696995957   119.14385894008765
0.09802361355455057   113.3978437269666   113.38593937762583
0.10089721952591899   107.76574911859325   107.76220841779396
0.10385506653859616   102.37222843569823   102.37718324807469
0.10689962415629803   97.31475902163648   97.32759327234628
0.11003343433910281   92.67830821902373   92.69757933274312
0.11325911356578279   88.53281242504075   88.55624723228027
0.11657935501835284   84.90877961666907   84.93337627781237
0.11999693083066039   81.80499649975876   81.82718099018177
0.12351469440289359   79.16178007320245   79.17788873517239
0.12713558278394044   76.88627247231524   76.89293033648316
0.13086261912358757   74.84626262916761   74.84094673969341
0.13469891519660646   72.89734631267557   72.87877237379084
0.13864767400083483   70.89451777996024   70.86298131731364
0.14271219243142114   68.71015616451572   68.66780184340901
0.14689586403346616   66.25351936223983   66.20414373432095
0.1512021818353596   63.48413749325755   63.4327570825746
0.15563474126517718   60.424973841571834   60.377217336525426
0.16019724315257297   57.157699744374234   57.11897670357573
0.1648934968186736   53.80755811237521   53.78205620421248
0.1697274232565544   50.52678453736283   50.51644300898938
0.17470305840495237   47.47540830541579   47.47923290622202
0.17982455651794954   44.79131492834685   44.80550814458844
0.18509619363343993   42.54840444386318   42.566184001291276
0.19052237114327647   40.731010558682115   40.744943656318036
0.19610761946807834   39.24428504306775   39.24794697935822
0.20185660183976684   37.94990247234848   37.9390981288097
0.20777411819498756   36.69573082454487   36.66972098584972
0.21386510918267082   35.33461445946402   35.29667107769736
0.22013466028907505   33.762752826505306   33.71983541859301
0.22658800608375756   31.971609354568006   31.932960321394766
0.23323053459001789   30.054053108667212   30.026813349896088
0.2400677917834628   28.151604587290823   28.1388250985548
0.24710548622244882   26.401633439282854   26.40178484573888
0.25434949381426813   24.904026391148005   24.91091854533153
0.2618058627210567   23.684165065749735   23.6897062740281
0.2694808184095226   22.678484541354276   22.67521861272404
0.27738076884870827   21.769140400156147   21.754203654821634
0.2855123098601282   20.828052920550547   20.804406564687433
0.29388223062474755   19.777534224426677   19.752005593017707
0.3024975193514008   18.631074277868194   18.612413452613577
0.31136536911138296   17.473962569487213   17.46611688372244
0.3204931838440838   16.40283700368448   16.404520398252323
0.32988858453867975   15.483015154463017   15.488335764349667
0.3395594155970457   14.710328184416044   14.712472314481863
0.34951375138319807   14.01517608851675   14.011103146216007
0.3597599029647371   13.319162836471179   13.31069003081608
0.37030642505191835   12.58231283311891   12.57572524058701
0.3811621231401457   11.825924484741048   11.825961897870846
0.3923360608618501   11.109634086416351   11.116389202664601
0.4038375675538918   10.474128251862695   10.483774151120638
0.41567624604680364   9.914514598156273   9.922908882615161
0.42786198068238046   9.391231090672536   9.39731608076721
0.4404049455663077   8.867239442501235   8.87375275710263
0.4533156130627191   8.34163613823957   8.35207491907661
0.4666047625377753   7.841525145025308   7.856250961979347
0.4802834893595659   7.387056847112865   7.403630520958842
0.49436321416184764   6.972280951712485   6.988669567725666
0.5088556923793517   6.575760173838762   6.592327706648077
0.5237730240626238   6.187498213479899   6.206052288190841
0.5391276639805903   5.8161217244310315   5.837339802153729
0.5549324320192869   5.472098859393009   5.494829631506653
0.5712005238854289   5.152650992204365   5.175863377829193
0.5879455221237613   4.848259760141038   4.872340761682209
0.6051814074573895   4.556362272090225   4.582029492815718
0.622922570460556   4.281512939549185   4.308608232815877
0.6411838235736077   4.024947838627609   4.052861216747943
0.6599804134701901   3.7827217207067307   3.8113842851797255
0.6793280337869897   3.552572091695001   3.582333922009329
0.6992428382266549   3.3357611344301366   3.3665154113428453
0.7197414540448374   3.132311502413505   3.1637954041851164
0.7408409959326054   2.940612708237808   2.9727775230848112
0.7625590803058332   2.759832354039496   2.7926739627502473
0.7849138400134885   2.5894441476787744   2.6229450368458087
0.8079239394770964   2.42893790211036   2.463069308249978
0.8316085902740278   2.277819653775235   2.3125435737247724
0.8559875671776167   2.13561205180745   2.170883048546287
0.8810812246675007   2.0018546270309607   2.0376214435228177
0.9069105139239728   1.8761029670956855   1.9123101415167787
0.9334970003205227   1.7579146230497888   1.7945065124320465
0.960862881429187   1.6468564120608697   1.6837796362319135
0.9890310055537336   1.5425182762069423   1.5797214448562278
1.0180248908061487   1.444512512094709   1.481945952708991
1.047868744742366   1.352472623903798   1.3900881779717371
1.0785874845736239   1.2660522312985625   1.303803107530774
1.1102067579703248   1.1849240297909849   1.2227647044672996
1.1427529644757777   1.1087794104613224   1.146665558919251
1.1762532775476793   1.0373293635180103   1.0752178113754656
1.210735667245765   0.970301019449797   1.0081497670463342
1.246228923584555   0.9074360427096715   0.9452043145163999
1.2827626805706884   0.8484899606852323   0.8861382609914479
1.3203674409449337   0.7932315157814677   0.8307216873756296
1.3590746016495152   0.7414420403869627   0.7787373235210487
1.3989164800420282   0.6929148488902819   0.7299799404532621
1.4399263408778291   0.6474543569977442   0.6842555795770993
1.4821384240834183   0.6048754703073258   0.6413809531309554
1.525587973344019   0.5650035584740153   0.6011832173491636
1.5703112655292182   0.5276739546271191   0.5634994607264332
1.6163456409812174   0.49273143346667864   0.528176186434446
1.6637295346910133   0.46002971327171366   0.4950688169063515
1.7125025083885144   0.4294309809748723   0.46404122007281157
1.7627052835733923   0.40080543879738256   0.43496534393763914
1.814379775514258   0.3740308677380901   0.4077214683086785
1.8675691282445197   0.3489922213845872   0.3821972221197084
1.922317750584177   0.32558123876161044   0.35828670718456707
1.9786713532176083   0.30369607214268823   0.335890165229316
2.0366769868582977   0.2832409331421237   0.31491366272575855
2.0963830815323896   0.26412575638375585   0.2952687878822269
2.1578394870138577   0.24626587999533975   0.2768723596426951
2.2210975144450407   0.22958171368564328   0.25964604511910255
2.286209979177315   0.2139984079190326   0.24351593264148771
2.3532312448676476   0.19944566672153835   0.22841258302727793
2.4222172688678643   0.185857501411678   0.21427083311237663
2.4932256489445366   0.17317198041525442   0.20102954769927758
2.5663156713684585   0.16133099259502634   0.1886313843280805
2.641548360413907   0.15028002343901245   0.17702257035943195
2.7189865293089923   0.13996794664015286   0.16615269309274755
2.798694832679631   0.13034689417178794   0.15597452744890752
2.8807398205309562   0.12137204546651933   0.1464438395272461
2.9651899938111903   0.11300136336776058   0.13751917482333512
3.05211586160442   0.10519542805752384   0.12916168999287866
3.1415899999999994   0.0979172838099923   0.12133499538183459
