0.01   3847.605880462459   3847.4793844360283
0.010293154462191829   3885.417588253279   3885.290575025557
0.010594902878253955   3921.633137796564   3921.5063142409394
0.010905497183778876   3956.136529646182   3956.0102092760244
0.011225196699963396   3988.8115434838514   3988.6856227055173
0.011554268350120923   4019.540205234675   4019.4143361439446
0.011892986882540897   4048.200367256597   4048.0743929211794
0.012241635099881474   4074.67020668764   4074.5442313310314
0.012600504095286909   4098.8285335965   4098.702898803818
0.012969893495426888   4120.548158205083   4120.423171753606
0.013350111710660605   4139.700104713759   4139.57589274395
0.013741476192534558   4156.158358485602   4156.034861003405
0.014144313698828986   4169.797182145695   4169.674216953136
0.01455896056637426   4180.489401866288   4180.366776570851
0.014985762991865008   4188.112377307075   4187.989901048796
0.01542507732090645   4192.547982250717   4192.425452550608
0.015877270345534218   4193.6764332169   4193.553550883973
0.016342719610456153   4191.382348060663   4191.258686266032
0.016821813728271667   4185.55868315763   4185.433689381381
0.017314952703931925   4176.1043787545095   4175.977362407709
0.017822548268711737   4162.924555415367   4162.7946733820245
0.01834502422397195   4145.935352170618   4145.801614532844
0.018882816794999403   4125.064848962341   4124.926082829887
0.019436374995219892   4100.25315954443   4100.107832914215
0.02000616100108813   4071.4540670153674   4071.3002584411206
0.020592650537967844   4038.636345765724   4038.4717860032047
0.021196333277324068   4001.788964716341   4001.6113927545553
0.02181771324555934   3960.920989280275   3960.7284612170833
0.022457309244835088   3916.057848742509   3915.8487536653015
0.02311565528622961   3867.248254358055   3867.0213343060495
0.023793301035594242   3814.576881551202   3814.3312804162724
0.024490812272480036   3758.1473074802475   3757.8825724336557
0.025208771362518027   3698.0808460905296   3697.796959415265
0.0259477777436476   3634.545658491417   3634.24352356334
0.02670844842659881   3567.742148024972   3567.423851496647
0.027491418510046592   3497.8802139415716   3497.5489388884234
0.028297341710866907   3425.204635438091   3424.8647592345164
0.029126890909937666   3350.0198043063165   3349.6771806223405
0.029980758713939952   3272.634703088645   3272.296537596723
0.030859658033628758   3193.364477885733   3193.0391633166946
0.031764322679055976   3112.598201196186   3112.2952856253605
0.03269550797224261   3030.7448047230328   3030.4748587620893
0.033653991377811755   2948.191590393077   2947.965997661839
0.03464057315210884   2865.352821412988   2865.183451256336
0.03565607701135116   2782.68666095726   2782.585514448582
0.036701350819364466   2700.617018498012   2700.5960939021707
0.03777726729548091   2619.549360712935   2619.6203426129664
0.038884724743189276   2539.962190085627   2540.1352973769503
0.04002464780014597   2462.315883681618   2462.5996467354157
0.041197988210172884   2387.011918714854   2387.4132918222167
0.04240572561788674   2314.352224077025   2314.874528603425
0.04364886838662332   2244.5461538496324   2245.1871340828593
0.04492845444033957   2177.7675457377145   2178.51997006488
0.04624555213019635   2114.21006451646   2115.061942660283
0.04760126112654554   2054.2132202181024   2055.1468460031842
0.04899671333706607   1998.1105004605483   1999.1028444199794
0.05043307385181555   1946.137927011377   1947.1612714904097
0.05191154191598653   1897.9957529459728   1899.018085278487
0.053433351931179485   1853.1382184815516   1854.123499047953
0.05499977448602865   1811.0675117721087   1811.9759268666267
0.05661211741704101   1771.3484031814633   1772.136545640765
0.05827172690053434   1733.5922715446088   1734.2133757170627
0.05997998857658587   1697.3994535631984   1697.804960134037
0.06173832870592997   1662.20841688625   1662.3540939156337
0.0635482153607709   1627.4431630900676   1627.2909559428986
0.06541115965050462   1592.4574448062856   1591.9821854331567
0.06732871698337338   1556.5047584709716   1555.7028035708001
0.06930248836510605   1518.8728053972125   1517.7640307913398
0.07133412173562886   1478.8200385884575   1477.4560031161218
0.07342531334496233   1435.7015627814574   1434.1651271440799
0.07557780916945323   1389.1503231673255   1387.5533852814453
0.07779340636952398   1339.0116518780967   1337.4909262680005
0.08007395479015682   1285.507964589667   1284.2233443545545
0.08242135850536496   1229.1254553038223   1228.2535807288898
0.08483757740794096   1170.6871154411406   1170.398521805145
0.08732462884580919   1111.18279997925   1111.6287515178365
0.08988458930634863   1051.7249498017693   1053.03662985909
0.09251959615009227   993.4201583399704   995.701173300623
0.09523184939525078   937.4040003941426   940.7063669080418
0.09802361355455057   884.7655211872661   889.0766901325862
0.10089721952591899   836.5444203876868   841.7779078208328
0.10385506653859616   793.5164793189709   799.5149096264972
0.10689962415629803   756.217406754862   762.7492108300655
0.11003343433910281   724.682498853054   731.4730532740942
0.11325911356578279   698.4884011120677   705.2459216324946
0.11657935501835284   676.6964742387808   683.149755488795
0.11999693083066039   658.0568929603123   663.9831882274076
0.12351469440289359   641.060428555003   646.3272375495546
0.12713558278394044   624.175061565234   628.766466366311
0.13086261912358757   605.9414728950677   609.9803414263993
0.13469891519660646   585.2099303973819   588.9474487454479
0.13864767400083483   561.3037302063052   565.1149546338346
0.14271219243142114   534.1655047233464   538.5266558565925
0.14689586403346616   504.3780667391398   509.74451929124245
0.1512021818353596   473.03036985734394   479.77015283827967
0.15563474126517718   441.59544727493375   449.9324815971107
0.16019724315257297   411.77795570013444   421.7182020953439
0.1648934968186736   385.20578294842187   396.5064411491147
0.1697274232565544   362.9276756669917   375.1333487777428
0.17470305840495237   345.0997477001718   357.67461508393166
0.17982455651794954   331.05138207636315   343.47473140298393
0.18509619363343993   319.6146435976388   331.4593349731709
0.19052237114327647   309.36354998586955   320.4203501861306
0.19610761946807834   298.70973712743864   309.0622215224062
0.20185660183976684   286.276013579556   296.34281708889375
0.20777411819498756   271.5395843282163   281.86204589714947
0.21386510918267082   255.04225507279497   266.1304120833612
0.22013466028907505   237.97485488482695   250.14655148668066
0.22658800608375756   221.69870217454982   234.97908405459123
0.23323053459001789   207.43353394134496   221.5048980313338
0.2400677917834628   195.8160383554722   210.1833209333536
0.24710548622244882   186.6071560680771   200.6980220598612
0.25434949381426813   178.8975080278912   192.37753816508578
0.2618058627210567   171.4542252502875   184.30962088665873
0.2694808184095226   163.22077576655988   175.76244737974744
0.27738076884870827   153.9268278695161   166.61951386487124
0.2855123098601282   144.08736373295443   157.28389115751048
0.29388223062474755   134.55825242570324   148.31550797905163
0.3024975193514008   126.165716828319   140.24095657553545
0.31136536911138296   119.21105821633108   133.22342613314785
0.3204931838440838   113.29602813693398   126.91564441287734
0.32988858453867975   107.71575341276214   120.93784927704094
0.3395594155970457   101.88574805475875   114.91032814868274
0.34951375138319807   95.71461907579365   108.8248529967507
0.3597599029647371   89.6220768513792   102.93643899359331
0.37030642505191835   84.07889638715842   97.48319649682475
0.3811621231401457   79.25500194538247   92.52831739312951
0.3923360608618501   74.93960630530194   87.94537771721332
0.4038375675538918   70.75482032627656   83.53831175542261
0.41567624604680364   66.52403879269112   79.2256216588223
0.42786198068238046   62.382147535291054   75.08045041049586
0.4404049455663077   58.55156411210202   71.19727446119339
0.4533156130627191   55.10171239438963   67.58533609102759
0.4666047625377753   51.89617342853717   64.17781734169928
0.4802834893595659   48.78816560289818   60.91908075289648
0.49436321416184764   45.77316260235745   57.800743145634286
0.5088556923793517   42.94664272333653   54.856657045536224
0.5237730240626238   40.342609383790624   52.09196336158242
0.5391276639805903   37.90164812872526   49.47522838380562
0.5549324320192869   35.56669039830847   46.98804094814515
0.5712005238854289   33.350877330567165   44.62850654970785
0.5879455221237613   31.28267100801935   42.40132234578054
0.6051814074573895   29.347843418024926   40.29693881136969
0.622922570460556   27.517278410047933   38.301466121739765
0.6411838235736077   25.788388489320013   36.41133411780524
0.6599804134701901   24.167968238558284   34.624855721651876
0.6793280337869897   22.64788746512766   32.93486775372608
0.6992428382266549   21.21817628706971   31.335443839718117
0.7197414540448374   19.873340075451672   29.82163418949326
0.7408409959326054   18.608974354895683   28.388864904751408
0.7625590803058332   17.420839461361524   27.032795499726788
0.7849138400134885   16.304860747868783   25.74930854230578
0.8079239394770964   15.257128000348008   24.534499600441457
0.8316085902740278   14.273894149515352   23.38466750105203
0.8559875671776167   13.351572518798106   22.29630433244314
0.8810812246675007   12.486669851322178   21.26604139022299
0.9069105139239728   11.67575943894521   20.290618755666017
0.9334970003205227   10.915599360169235   19.366957888918932
0.960862881429187   10.203134591063142   18.49215917895559
0.9890310055537336   9.535486675442796   17.66349143149429
1.0180248908061487   8.909943941956495   16.87838197121212
1.047868744742366   8.323952240326628   16.1344073233715
1.0785874845736239   7.775106786906736   15.429282477715141
1.1102067579703248   7.261156709477682   14.760810463831039
1.1427529644757777   6.779992900827575   14.126883406382856
1.1762532775476793   6.329625357776141   13.525522937569397
1.210735667245765   5.908176536092349   12.95487362619513
1.246228923584555   5.513875657282792   12.413194817004564
1.2827626805706884   5.145053251916014   11.898853043191425
1.3203674409449337   4.8001359337286935   11.410314969795358
1.3590746016495152   4.477641052211082   10.946135108307812
1.3989164800420282   4.176168979172234   10.50489906264558
1.4399263408778291   3.894400934093619   10.085251453383878
1.4821384240834183   3.6310968099818037   9.685926886672485
1.525587973344019   3.3850908133754882   9.30574380145508
1.5703112655292182   3.1552872959642713   8.94359835660555
1.6163456409812174   2.940656798776199   8.598458802863513
1.6637295346910133   2.7402322996534765   8.269360298280395
1.7125025083885144   2.5531056648279145   7.9553924675076635
1.7627052835733923   2.378424313206461   7.655663922933727
1.814379775514258   2.2153879739200373   7.369330998921722
1.8675691282445197   2.0632456428649206   7.0956080567747515
1.922317750584177   1.9212927205555275   6.833763129955695
1.9786713532176083   1.7888683032603345   6.5831139221762145
2.0366769868582977   1.6653526201715392   6.343024136341988
2.0963830815323896   1.5501646094934525   6.112900095009277
2.1578394870138577   1.442759457472936   5.892176353612656
2.2210975144450407   1.342626184411989   5.6802936840936145
2.286209979177315   1.2492861064039504   5.47672732213686
2.3532312448676476   1.162290975908269   5.280990448559876
2.4222172688678643   1.0812211290637046   5.092631367604672
2.4932256489445366   1.0056837395641307   4.911230924135977
2.5663156713684585   0.9353111734256924   4.736400136835134
2.641548360413907   0.8697594439133844   4.567778182894413
2.7189865293089923   0.8087070665810053   4.405041335609212
2.798694832679631   0.751853771959105   4.247906308504819
2.8807398205309562   0.6989186350388977   4.096109906738124
2.9651899938111903   0.6496388400451588   3.9494059335606013
3.05211586160442   0.6037685705616013   3.807564072365197
3.1415899999999994   0.5610779629837677   3.670368846540436
