0.01   590.9446702926758   590.9235205993825
0.010293154462191829   597.9845401430746   597.9630703330885
0.010594902878253955   604.8117053571231   604.7899371020528
0.010905497183778876   611.4082851651941   611.3862510816723
0.011225196699963396   617.7556399012826   617.7333632651073
0.011554268350120923   623.8349616801295   623.8124538583821
0.011892986882540897   629.6271981097078   629.6044601577202
0.012241635099881474   635.112003979922   635.0890401573488
0.012600504095286909   640.2685493884844   640.2453728845135
0.012969893495426888   645.0761014200104   645.0527343636122
0.013350111710660605   649.5137216060026   649.4901838081659
0.013741476192534558   653.5602094140221   653.5365028051224
0.014144313698828986   657.1946911694422   657.1707982611529
0.01455896056637426   660.3964650090705   660.372355167172
0.014985762991865008   663.1439609494323   663.1196223959495
0.01542507732090645   665.4158405974233   665.3912905470056
0.015877270345534218   667.1915311134362   667.1668153537681
0.016342719610456153   668.4508097592666   668.4259824367634
0.016821813728271667   669.1739142850986   669.1490166255211
0.017314952703931925   669.342245785307   669.3173048912638
0.017822548268711737   668.9383396641222   668.9133650989389
0.01834502422397195   667.9454900750819   667.9204620342069
0.018882816794999403   666.3484591515949   666.3233260993641
0.019436374995219892   664.1337979574971   664.1084794349423
0.02000616100108813   661.290150259782   661.26457272185
0.020592650537967844   657.8083514267208   657.7824765845978
0.021196333277324068   653.6814207442187   653.6552460150285
0.02181771324555934   648.9052635935236   648.8788051984674
0.022457309244835088   643.479747299066   643.4529963123571
0.02311565528622961   637.4074121687943   637.3803283298848
0.023793301035594242   630.6935642644324   630.6660814844619
0.024490812272480036   623.3493284269092   623.3213993131924
0.025208771362518027   615.3902067062185   615.3618285143009
0.0259477777436476   606.8339526095366   606.8051657233608
0.02670844842659881   597.7035611946319   597.6744416445747
0.027491418510046592   588.0301459384706   588.0007925833966
0.028297341710866907   577.8468852372819   577.8174165268581
0.029126890909937666   567.1892889904559   567.159842066651
0.029980758713939952   556.1033646766369   556.0741020963052
0.030859658033628758   544.6394281688222   544.6105389295417
0.031764322679055976   532.8471014159425   532.8187974903805
0.03269550797224261   520.7825931538689   520.7551143761345
0.033653991377811755   508.51185414714223   508.4854769102329
0.03464057315210884   496.09837475662283   496.07340748661113
0.03565607701135116   483.6042692936708   483.5810412285816
0.036701350819364466   471.10109510352385   471.07991978905
0.03777726729548091   458.6594603111908   458.6406237212205
0.038884724743189276   446.3440202619388   446.3277807510426
0.04002464780014597   434.2224518919358   434.20900892677815
0.041197988210172884   422.3662884716542   422.35574965807666
0.04240572561788674   410.8398263483958   410.83221539388194
0.04364886838662332   399.6975673809113   399.69282600468523
0.04492845444033957   388.9775656179966   388.9755293857916
0.04624555213019635   378.7103118812281   378.7107139220035
0.04760126112654554   368.9224816439849   368.92495845576406
0.04899671333706607   359.6445506581366   359.64852364146685
0.05043307385181555   350.90997153303925   350.91455012645594
0.05191154191598653   342.7482840449947   342.75229102133534
0.053433351931179485   335.1458793270762   335.1479636275951
0.05499977448602865   328.00862834224154   328.007459019923
0.05661211741704101   321.2401239476299   321.23440920713153
0.05827172690053434   314.7561436754361   314.74460500013436
0.05997998857658587   308.4886393218707   308.46996339605533
0.06173832870592997   302.3750756292606   302.3479207016761
0.0635482153607709   296.3350960755724   296.2982394518427
0.06541115965050462   290.2690632022462   290.2215629028369
0.06732871698337338   284.0790277695692   284.02027842327533
0.06930248836510605   277.6467886167929   277.5767925395966
0.07133412173562886   270.8562847209761   270.7757324098111
0.07342531334496233   263.6043075283666   263.5147444253612
0.07557780916945323   255.80269090811248   255.7066445955805
0.07779340636952398   247.40720080704546   247.3080240282107
0.08007395479015682   238.43709472231959   238.33873918226473
0.08242135850536496   228.951350222941   228.85818151298466
0.08483757740794096   219.07159583428805   218.98819978995348
0.08732462884580919   208.94497442459928   208.87575729935938
0.08988458930634863   198.7563043266104   198.7048830220699
0.09251959615009227   188.68936358770398   188.65836009775882
0.09523184939525078   178.9257291248988   178.91658984071512
0.09802361355455057   169.64149903802843   169.65405939652126
0.10089721952591899   161.00185503822658   161.0340499726148
0.10385506653859616   153.15505574816373   153.20269138389799
0.10689962415629803   146.214252521666   146.271193836364
0.11003343433910281   140.21341568076357   140.2716219978775
0.11325911356578279   135.13159288832767   135.18162016309617
0.11657935501835284   130.8318955171809   130.86466509196333
0.11999693083066039   127.12842503033323   127.13604732746141
0.12351469440289359   123.77152695789744   123.748469387457
0.12713558278394044   120.50551588521078   120.44960873172434
0.13086261912358757   117.08233281717592   116.99564882158303
0.13469891519660646   113.2979023422848   113.18659387743593
0.13864767400083483   109.01826948426996   108.89250850623006
0.14271219243142114   104.2060746827621   104.0795329688351
0.14689586403346616   98.93431549435255   98.82105469206847
0.1512021818353596   93.36067929566607   93.27295535242938
0.15563474126517718   87.70478780366489   87.65146097136022
0.16019724315257297   82.22699523276349   82.21159637449578
0.1648934968186736   77.19885040391168   77.21755359568674
0.1697274232565544   72.83850977197497   72.88006372321001
0.17470305840495237   69.23917583846175   69.28712838135172
0.17982455651794954   66.32992598394829   66.36672168269189
0.18509619363343993   63.92058821855489   63.932178852392425
0.19052237114327647   61.78033448756188   61.7585995537209
0.19610761946807834   59.666496682447864   59.61145875364919
0.20185660183976684   57.343131721951536   57.264397531446036
0.20777411819498756   54.663044918880985   54.57829419186869
0.21386510918267082   51.65607054328555   51.5861467150391
0.22013466028907505   48.50463526003916   48.4640673853682
0.22658800608375756   45.428805364660946   45.42253343879485
0.23323053459001789   42.63139488915033   42.65443173747432
0.2400677917834628   40.25064415960919   40.2885380711753
0.24710548622244882   38.296216774392256   38.329410444666266
0.25434949381426813   36.6472879672229   36.66271847467061
0.2618058627210567   35.11895490748103   35.11214804985709
0.2694808184095226   33.526201021401974   33.50508072766256
0.27738076884870827   31.772910852060413   31.75416108279456
0.2855123098601282   29.910571853473538   29.90992063607813
0.29388223062474755   28.069709483425573   28.093696544302485
0.3024975193514008   26.37966095127993   26.424221485834526
0.31136536911138296   24.920824738531646   24.972950410654033
0.3204931838440838   23.665546978529026   23.712865217295086
0.32988858453867975   22.5081745863156   22.54610061466495
0.3395594155970457   21.3497056236622   21.384080956527505
0.34951375138319807   20.14802096275393   20.189627681362474
0.3597599029647371   18.94438237676131   19.00100281807666
0.37030642505191835   17.817303550165843   17.887661714482597
0.3811621231401457   16.806523514089275   16.88302046011264
0.3923360608618501   15.896579908667698   15.972361755068558
0.4038375675538918   15.035259547623864   15.10979059674808
0.41567624604680364   14.182730848886786   14.260976162081882
0.42786198068238046   13.345226446370608   13.431740308858515
0.4404049455663077   12.554923159212242   12.649404832468095
0.4533156130627191   11.829230705612012   11.92755382272828
0.4666047625377753   11.156325559835647   11.255675076741692
0.4802834893595659   10.513246772649389   10.614613402879908
0.49436321416184764   9.891755115439869   9.997414511753343
0.5088556923793517   9.302462116727574   9.412708529982776
0.5237730240626238   8.752992674247492   8.866056483322948
0.5391276639805903   8.238257740053221   8.35284401255538
0.5549324320192869   7.7489502129084515   7.865610657748954
0.5712005238854289   7.283547255879455   7.402935234108893
0.5879455221237613   6.845561339865261   6.967187698681423
0.6051814074573895   6.43447624332756   6.5575892323640135
0.622922570460556   6.0462478607021595   6.170768459338558
0.6411838235736077   5.678927827715027   5.805032922370888
0.6599804134701901   5.332970608081102   5.460444312209087
0.6793280337869897   5.007739852769189   5.136189347058015
0.6992428382266549   4.70091880016042   4.830279397129143
0.7197414540448374   4.411647563020999   4.541835877554388
0.7408409959326054   4.139418158553782   4.270262941440073
0.7625590803058332   3.8832700347060336   4.014610338802877
0.7849138400134885   3.6422892382502465   3.7739739234180933
0.8079239394770964   3.415612268450529   3.547498508001122
0.8316085902740278   3.2024233314318695   3.334375397632467
0.8559875671776167   3.00195174464081   3.1338400336989087
0.8810812246675007   2.8134694830052447   2.9451697444093434
0.9069105139239728   2.636291044947331   2.7676835620427416
0.9334970003205227   2.4697799004791143   2.6007479925671704
0.960862881429187   2.3133359172107335   2.4437657294261688
0.9890310055537336   2.166389295838644   2.2961700951469397
1.0180248908061487   2.0283993048028677   2.15742376650722
1.047868744742366   1.8988530501377885   2.0270175288019336
1.0785874845736239   1.7772642773577005   1.9044690577106682
1.1102067579703248   1.663172205699407   1.789321730553272
1.1427529644757777   1.5561395819626527   1.6811432334744967
1.1762532775476793   1.4557503033731423   1.5795240599836176
1.210735667245765   1.3616108174241035   1.484077123323954
1.246228923584555   1.2733494823894458   1.3944368139712577
1.2827626805706884   1.1906154496128165   1.3102579445529405
1.3203674409449337   1.1130775955305354   1.2312147339134674
1.3590746016495152   1.040423501730646   1.1569998300722089
1.3989164800420282   0.9723584828962941   1.087323378701584
1.4399263408778291   0.9086047688848423   1.0219126360813626
1.4821384240834183   0.848900656583059   0.9605112968637495
1.525587973344019   0.7929994592272821   0.9028777245295063
1.5703112655292182   0.7406686929481782   0.8487841132076248
1.6163456409812174   0.6916893217352394   0.7980157770819122
1.6637295346910133   0.6458550378763999   0.7503704683252435
1.7125025083885144   0.6029715765494493   0.7056577232017278
1.7627052835733923   0.5628560580216941   0.663698255123892
1.814379775514258   0.5253362608335208   0.6243237476822355
1.8675691282445197   0.4902500685269631   0.5873761597885369
1.922317750584177   0.4574450317751217   0.5527067277151224
1.9786713532176083   0.4267778311359719   0.5201754523345166
2.0366769868582977   0.39811376213395605   0.48965062777339785
2.0963830815323896   0.3713262470223073   0.4610083907036093
2.1578394870138577   0.34629637201548463   0.43413228984730595
2.2210975144450407   0.32291244225115007   0.40891288198567427
2.286209979177315   0.30106951228389317   0.38524739713862366
2.3532312448676476   0.2806690379996709   0.36303932181941556
2.4222172688678643   0.261618544381501   0.3421980032269274
2.4932256489445366   0.24383126970469216   0.32263831505843465
2.5663156713684585   0.22722582882994607   0.3042803403749992
2.641548360413907   0.21172589513677553   0.2870490704214388
2.7189865293089923   0.19725990015251166   0.27087411883339313
2.798694832679631   0.18376077343067554   0.2556892808723857
2.8807398205309562   0.17116576099415245   0.2414316333327899
2.9651899938111903   0.15941606174775436   0.22804205978115502
3.05211586160442   0.1484565500446149   0.2154653109601569
3.1415899999999994   0.13823555812308289   0.20364974917809905
