0.01   213.46326966904903   213.46325051303612
0.010293154462191829   215.97006617558105   215.9700456692166
0.010594902878253955   218.3950386707611   218.39501914630128
0.010905497183778876   220.73110519683303   220.73108874762644
0.011225196699963396   222.97107488954293   222.97106208939363
0.011554268350120923   225.10771742525912   225.1077071351275
0.011892986882540897   227.13371311876557   227.13370279748708
0.012241635099881474   229.0412723447774   229.04126025952252
0.012600504095286909   230.8224548853887   230.82244098530933
0.012969893495426888   232.4693690983857   232.46935501654065
0.013350111710660605   233.97392361300996   233.97391103870575
0.013741476192534558   235.32781013485805   235.3277988629057
0.014144313698828986   236.5228606189517   236.5228483947076
0.01455896056637426   237.55103163094566   237.5510149093212
0.014985762991865008   238.40422895225544   238.4042058895881
0.01542507732090645   239.07458158303407   239.07455278118795
0.015877270345534218   239.5545433049749   239.5545115974959
0.016342719610456153   239.83665983104078   239.83662659646177
0.016821813728271667   239.913689392924   239.9136516640523
0.017314952703931925   239.77889046727185   239.77884086425408
0.017822548268711737   239.42605902026406   239.42598762766337
0.01834502422397195   238.84954800857534   238.84944686124118
0.018882816794999403   238.04437913351444   238.04424290129998
0.019436374995219892   237.0063439412222   237.0061696191219
0.02000616100108813   235.732338869739   235.7321230174159
0.020592650537967844   234.22025054120837   234.21998790559326
0.021196333277324068   232.46883764367263   232.46852125511168
0.02181771324555934   230.47827557175518   230.47789833401816
0.022457309244835088   228.25046525974494   228.25002235443688
0.02311565528622961   225.78827410327852   225.78776316225188
0.023793301035594242   223.09583707539582   223.09525790951332
0.024490812272480036   220.18014336516714   220.17949678325328
0.025208771362518027   217.04959417656065   217.04888158119223
0.0259477777436476   213.713358739891   213.71258225550133
0.02670844842659881   210.18342632904825   210.1825926512379
0.027491418510046592   206.47450434448376   206.47362848629376
0.028297341710866907   202.60159481125422   202.60069963084388
0.029126890909937666   198.58118537503321   198.58029900269264
0.029980758713939952   194.43433660916216   194.43348566341777
0.030859658033628758   190.1824790380055   190.18168722974164
0.031764322679055976   185.84654303602613   185.8458317896729
0.03269550797224261   181.45052657009535   181.44992270285522
0.033653991377811755   177.01982325651178   177.01936363092707
0.03464057315210884   172.57816514684987   172.5778955404813
0.03565607701135116   168.1506716979463   168.15063918018106
0.036701350819364466   163.7671577824923   163.76739644307926
0.03777726729548091   159.4555039277535   159.45603424553536
0.038884724743189276   155.24016140590632   155.24099229970065
0.04002464780014597   151.13833428561014   151.1394694975162
0.041197988210172884   147.16311180711133   147.16455289892198
0.04240572561788674   143.32612422055595   143.3278706033158
0.04364886838662332   139.64587579106274   139.6479086065732
0.04492845444033957   136.15059971791356   136.15286046240553
0.04624555213019635   132.86635654599203   132.86874944314894
0.04760126112654554   129.80650730707316   129.80890933567872
0.04899671333706607   126.95012874535664   126.95241301465668
0.05043307385181555   124.2712292434641   124.27326931382679
0.05191154191598653   121.745724067416   121.7473901691932
0.053433351931179485   119.35077995707157   119.35192727430757
0.05499977448602865   117.06505974146597   117.06552709798767
0.05661211741704101   114.86335022625744   114.86297029689189
0.05827172690053434   112.71261753672344   112.71123366450054
0.05997998857658587   110.58024369007201   110.57771409589726
0.06173832870592997   108.4267591473817   108.42297844042425
0.0635482153607709   106.2105680427026   106.20547907037577
0.06541115965050462   103.88912274292184   103.88273241962725
0.06732871698337338   101.41714940554189   101.4095521582359
0.06930248836510605   98.75584358989634   98.74722491222603
0.07133412173562886   95.87685850761339   95.86750664173076
0.07342531334496233   92.76403399705613   92.75433551456925
0.07557780916945323   89.42664753243014   89.41709142454641
0.07779340636952398   85.88869998360556   85.87983880029095
0.08007395479015682   82.19837091982684   82.1907257918377
0.08242135850536496   78.41345147643874   78.40749016823696
0.08483757740794096   74.60378190783419   74.59992546749291
0.08732462884580919   70.84064505339754   70.83921119658055
0.08988458930634863   67.1958349811411   67.19697016739646
0.09251959615009227   63.7414021797992   63.745043566045304
0.09523184939525078   60.54243967608586   60.54831463207613
0.09802361355455057   57.65345934832102   57.66103160013016
0.10089721952591899   55.11562241614766   55.124094490236715
0.10385506653859616   52.93775616870956   52.94614424297891
0.10689962415629803   51.10526006586494   51.112464515359996
0.11003343433910281   49.563455911217304   49.56840574892248
0.11325911356578279   48.23727573337545   48.23904111463756
0.11657935501835284   47.03084904062189   47.028791545643564
0.11999693083066039   45.84339029483473   45.8373053316334
0.12351469440289359   44.578683798790365   44.56886320293245
0.12713558278394044   43.15630937170727   43.14352364950632
0.13086261912358757   41.52667885982667   41.51224776514598
0.13469891519660646   39.67860480519006   39.66421178937332
0.13864767400083483   37.64382270008116   37.631131300380126
0.14271219243142114   35.49124693225482   35.481747082971076
0.14689586403346616   33.31581424865397   33.310513523899075
0.1512021818353596   31.227441896759018   31.22658773857122
0.15563474126517718   29.33475853957172   29.337687268465977
0.16019724315257297   27.71903464410624   27.7241807222156
0.1648934968186736   26.405747036624852   26.41103349051309
0.1697274232565544   25.358827413804498   25.362085030342765
0.17470305840495237   24.50011249006621   24.49956684927775
0.17982455651794954   23.731976896710854   23.72666885372787
0.18509619363343993   22.94896278989944   22.939153285506293
0.19052237114327647   22.055120266926195   22.042331801840177
0.19610761946807834   21.001759013779242   20.988348664838142
0.20185660183976684   19.814266505592244   19.80268083757261
0.20777411819498756   18.573422992803224   18.565436757722637
0.21386510918267082   17.376276577469298   17.37232832803415
0.22013466028907505   16.310146445686033   16.309254142487617
0.22658800608375756   15.427699380129289   15.427615373912989
0.23323053459001789   14.720924188449748   14.719089724426864
0.2400677917834628   14.128994304454721   14.123723490149393
0.24710548622244882   13.566084652515103   13.557057849183595
0.25434949381426813   12.953417086803078   12.94196295575916
0.2618058627210567   12.260600848368368   12.249364735099585
0.2694808184095226   11.520218334385277   11.511068858384032
0.27738076884870827   10.79541408270701   10.789042320292964
0.2855123098601282   10.147048786593723   10.14250000949855
0.29388223062474755   9.604301650534737   9.599535606542263
0.3024975193514008   9.143933925450323   9.137183946628921
0.31136536911138296   8.713125843567136   8.703958907019697
0.3204931838440838   8.266266026501043   8.255972746907215
0.32988858453867975   7.791252242105856   7.78154301705917
0.3395594155970457   7.316316669110791   7.308175237255904
0.34951375138319807   6.879942452475186   6.872931509222887
0.3597599029647371   6.498204924925408   6.491011898230281
0.37030642505191835   6.157760476647329   6.149320184987465
0.3811621231401457   5.829446142527976   5.8199700013144415
0.3923360608618501   5.496627499453778   5.487205119506689
0.4038375675538918   5.1678064673830555   5.159141590773729
0.41567624604680364   4.861462852892962   4.853342755114658
0.42786198068238046   4.585007165396202   4.57668596027801
0.4404049455663077   4.3287864630037705   4.319892638501141
0.4533156130627191   4.080274366521133   4.071198084457185
0.4666047625377753   3.8376363479996054   3.828906196222488
0.4802834893595659   3.608870097626976   3.6004683166267473
0.49436321416184764   3.3977297642816984   3.389300666627081
0.5088556923793517   3.199889951810701   3.1913011287250423
0.5237730240626238   3.0101343804952974   3.001617795784688
0.5391276639805903   2.8291539948790505   2.8208939329833087
0.5549324320192869   2.659710084935392   2.651597935200279
0.5712005238854289   2.5010358718572254   2.4929579062136096
0.5879455221237613   2.3505838403284622   2.34262984874704
0.6051814074573895   2.2079194316374435   2.200179573086229
0.622922570460556   2.073859623970402   2.066301976205891
0.6411838235736077   1.947833717711159   1.9404224473965412
0.6599804134701901   1.829024220829283   1.8217759369932058
0.6793280337869897   1.7169774112906873   1.7099185011236535
0.6992428382266549   1.6113651208309898   1.6045164180314622
0.7197414540448374   1.5118699125340858   1.505247318325472
0.7408409959326054   1.4181847601812956   1.4117998803258136
0.7625590803058332   1.3300132400332747   1.3238739602225047
0.7849138400134885   1.2470696527023915   1.2411806566557162
0.8079239394770964   1.1690774204256638   1.163440953078484
0.8316085902740278   1.095759920189598   1.0903781487797326
0.8559875671776167   1.0268498165762345   1.0217254648042222
0.8810812246675007   0.9620942608653302   0.957230249784287
0.9069105139239728   0.9012541729392977   0.8966533264688418
0.9334970003205227   0.8441035344925231   0.8397683450578893
0.960862881429187   0.7904287161388737   0.7863611624951516
0.9890310055537336   0.7400278372874962   0.7362292473559188
1.0180248908061487   0.6927107052344649   0.6891815819505682
1.047868744742366   0.6482991003319585   0.6450388613641584
1.0785874845736239   0.6066245652170787   0.6036315399654548
1.1102067579703248   0.5675276161288407   0.5647991029199263
1.1427529644757777   0.5308573262401679   0.5283896578516096
1.1762532775476793   0.49647092365241074   0.49425953892775537
1.210735667245765   0.46423340390499834   0.4622729235204243
1.246228923584555   0.4340171517922703   0.4323014533023411
1.2827626805706884   0.4057013828842348   0.4042235494862472
1.3203674409449337   0.37917179468734935   0.37792406089280045
1.3590746016495152   0.3543205407711123   0.3532944316180934
1.3989164800420282   0.3310459164167613   0.33023238719677755
1.4399263408778291   0.30925203645619787   0.3086415990156591
1.4821384240834183   0.28884852799380517   0.2884313644643017
1.525587973344019   0.269750237469504   0.26951630225543416
1.5703112655292182   0.2518769513730344   0.2518160779740405
1.6163456409812174   0.23515312889567389   0.23525527777279315
1.6637295346910133   0.21950764998493555   0.21976303449251877
1.7125025083885144   0.20487357574818743   0.20527265858000796
1.7627052835733923   0.1911879193394202   0.19172141019336778
1.814379775514258   0.17839142814125586   0.17905028389943003
1.8675691282445197   0.16642837679527792   0.16720380353547348
1.922317750584177   0.15524637062539795   0.1561298268870482
1.9786713532176083   0.14479614747158218   0.14577929984884114
2.0366769868582977   0.13503136575054536   0.13610589806815498
2.0963830815323896   0.1259084855498127   0.12706611326398096
2.1578394870138577   0.11738662352176436   0.11861916763455717
2.2210975144450407   0.10942739899433646   0.11072684768000585
2.286209979177315   0.10199478839267727   0.10335334773279256
2.3532312448676476   0.09505498756758864   0.0964651226655261
2.4222172688678643   0.08857628188369604   0.09003075000503886
2.4932256489445366   0.08252895302191011   0.08402089076908831
2.5663156713684585   0.076885180398567   0.07840822162879618
2.641548360413907   0.07161886764344629   0.07316712498305773
2.7189865293089923   0.06670553483336984   0.06827356747294157
2.798694832679631   0.06212222421263458   0.06370500847121198
2.8807398205309562   0.05784741094473658   0.059440313278065184
2.9651899938111903   0.05386091866362995   0.05545967083194976
3.05211586160442   0.05014383303077203   0.05174451975261985
3.1415899999999994   0.046678310179839845   0.04827754546902416
