0.01   191.86242989230752   191.8624298107243
0.010293154462191829   193.97077776509906   193.97077546868954
0.010594902878253955   196.00360934243213   196.00360330551428
0.010905497183778876   197.95491462430562   197.95490369871067
0.011225196699963396   199.81826829741178   199.81825287965643
0.011554268350120923   201.58715429583197   201.5871365889084
0.011892986882540897   203.25505137146936   203.25503521849961
0.012241635099881474   204.81541901723298   204.81540754494864
0.012600504095286909   206.26174025309427   206.2617343828023
0.012969893495426888   207.58757210610534   207.58757047340674
0.013350111710660605   208.78624627026466   208.78624611972046
0.013741476192534558   209.85060680751766   209.8506057402479
0.014144313698828986   210.77358463185786   210.7735808161851
0.01455896056637426   211.5482960583076   211.5482882353943
0.014985762991865008   212.16804528002416   212.1680326930429
0.01542507732090645   212.62639290718803   212.62637527747438
0.015877270345534218   212.91720750421058   212.91718501031838
0.016342719610456153   213.03439834400638   213.0343706595669
0.016821813728271667   212.97188204735792   212.97184714349126
0.017314952703931925   212.72400235146594   212.72395643236098
0.017822548268711737   212.28564487001577   212.28558292248238
0.01834502422397195   211.6524111976137   211.65232916551628
0.018882816794999403   210.82053859473714   210.82043393965526
0.019436374995219892   209.7869078899372   209.78677946569886
0.02000616100108813   208.54921017761487   208.549056134085
0.020592650537967844   207.1059588584032   207.1057749358808
0.021196333277324068   205.45641194809025   205.45619152000185
0.02181771324555934   203.60095113907067   203.60068654320617
0.022457309244835088   201.54166153844335   201.54134732799017
0.02311565528622961   199.2815306909426   199.28116410674428
0.023793301035594242   196.82445907185715   196.8240398962445
0.024490812272480036   194.17666147538392   194.17619129826187
0.025208771362518027   191.34586358399204   191.34534536116493
0.0259477777436476   188.3403669669818   188.33980494365048
0.02670844842659881   185.17039965440475   185.16980027127178
0.027491418510046592   181.84896984872125   181.84834326988462
0.028297341710866907   178.38944111242918   178.38880106484194
0.029126890909937666   174.80587236798752   174.80523591679517
0.029980758713939952   171.1161562441093   171.11554422005236
0.030859658033628758   167.33908935146124   167.3385261726146
0.031764322679055976   163.49281890526706   163.49233192082818
0.03269550797224261   159.59739094804024   159.59700543495993
0.033653991377811755   155.67479440498408   155.6745284126043
0.03464057315210884   151.74566544850563   151.74553005531175
0.03565607701135116   147.83066754560735   147.83067319499781
0.036701350819364466   143.95465485600414   143.95483268459725
0.03777726729548091   140.14150198378184   140.14190656115807
0.038884724743189276   136.4124204211323   136.41312242453347
0.04002464780014597   132.78282584396672   132.78383858462314
0.041197988210172884   129.26366376832914   129.264894130207
0.04240572561788674   125.86445414986333   125.86571258862877
0.04364886838662332   122.59807226735283   122.59914359388875
0.04492845444033957   119.48682303295409   119.48761409068365
0.04624555213019635   116.55212152896759   116.55267032395984
0.04760126112654554   113.80828110554889   113.80872757932504
0.04899671333706607   111.24014193721511   111.24062256262907
0.05043307385181555   108.82363103215292   108.82424461670543
0.05191154191598653   106.53662253678709   106.53742139668053
0.053433351931179485   104.35881712720204   104.35973701640104
0.05499977448602865   102.27147682597071   102.27231848532183
0.05661211741704101   100.25434186764822   100.25480344655185
0.05827172690053434   98.27984090688965   98.27959289533193
0.05997998857658587   96.3204905453829   96.31919671373366
0.06173832870592997   94.34454966831599   94.34197069093393
0.0635482153607709   92.31701851258835   92.31310104641585
0.06541115965050462   90.2036252708488   90.19848849923568
0.06732871698337338   87.96768444387023   87.96159422479373
0.06930248836510605   85.577230459636   85.57056676179843
0.07133412173562886   83.01032267625158   83.00347892359581
0.07342531334496233   80.25424115815684   80.24757883257827
0.07557780916945323   77.31773424903766   77.31151128429407
0.07779340636952398   74.22235850194468   74.21672271110481
0.08007395479015682   71.00894964603563   71.0040520675034
0.08242135850536496   67.72651973374207   67.7225683506713
0.08483757740794096   64.43361421538427   64.43093768894605
0.08732462884580919   61.189069262919745   61.188060099399756
0.08988458930634863   58.052282343947205   58.05325961798276
0.09251959615009227   55.080931933367005   55.08397696699315
0.09523184939525078   52.32866976675001   52.333517968979656
0.09802361355455057   49.83829286854824   49.84436295141893
0.10089721952591899   47.64239832989922   47.648835589382976
0.10385506653859616   45.74725604912146   45.7532154493636
0.10689962415629803   44.138461775080884   44.143273124545246
0.11003343433910281   42.76946800072498   42.772595431712546
0.11325911356578279   41.57703820671192   41.57805320991457
0.11657935501835284   40.48049667614395   40.479072167884816
0.11999693083066039   39.397447753785485   39.39341324424967
0.12351469440289359   38.24931785542131   38.24275069418383
0.12713558278394044   36.97289025711   36.96426725073946
0.13086261912358757   35.529974751272185   35.52013336039899
0.13469891519660646   33.91411651643652   33.90413364204214
0.13864767400083483   32.154848093434694   32.145940555971784
0.14271219243142114   30.309935664992278   30.30333704504064
0.14689586403346616   28.457014233124866   28.453642254835348
0.1512021818353596   26.68442355028838   26.68442008073089
0.15563474126517718   25.079257258437774   25.081781665653107
0.16019724315257297   23.704873373037415   23.708579559240725
0.1648934968186736   22.579127046826432   22.582683624988306
0.1697274232565544   21.670024706048366   21.672254622252645
0.17470305840495237   20.911207745614124   20.910958861031133
0.17982455651794954   20.222296312630178   20.218656012619437
0.18509619363343993   19.519386817763312   19.512458396862975
0.19052237114327647   18.727738787064034   18.718864637110627
0.19610761946807834   17.81106261444165   17.80202840596313
0.20185660183976684   16.792837072287917   16.785125855305434
0.20777411819498756   15.740304731468722   15.734958005885888
0.21386510918267082   14.731241999972328   14.728738948114277
0.22013466028907505   13.833195660783884   13.832725071443162
0.22658800608375756   13.084882336717778   13.084843690315552
0.23323053459001789   12.477760904385946   12.476465468724674
0.2400677917834628   11.960157358736705   11.956415409485937
0.24710548622244882   11.464118460146004   11.457786195701948
0.25434949381426813   10.928892783270216   10.921157914128598
0.2618058627210567   10.333270990805165   10.32565755839637
0.2694808184095226   9.705433223321897   9.699222069693839
0.27738076884870827   9.09590507483786   9.091590692272732
0.2855123098601282   8.55080928852814   8.547663953629684
0.29388223062474755   8.090506245122791   8.08708558843877
0.3024975193514008   7.694814298038236   7.689984675281758
0.31136536911138296   7.321691236894306   7.315276874687824
0.3204931838440838   6.937019089652563   6.929853090444433
0.32988858453867975   6.533294143003044   6.526577839371403
0.3395594155970457   6.133481225304134   6.127751029830258
0.34951375138319807   5.766841312931012   5.761780439852434
0.3597599029647371   5.444017524881735   5.438762226142455
0.37030642505191835   5.153461077944513   5.147330228569997
0.3811621231401457   4.872883180861289   4.866066297421498
0.3923360608618501   4.590589522477042   4.583811975571323
0.4038375675538918   4.313881670312918   4.307557767361442
0.41567624604680364   4.056548398915084   4.0505216398476325
0.42786198068238046   3.8232142142568533   3.8169833862072684
0.4404049455663077   3.60603693623215   3.599394917530826
0.4533156130627191   3.395863901529969   3.3890760847733015
0.4666047625377753   3.1918190466711476   3.185217048309857
0.4802834893595659   2.999872689163397   2.993420982556535
0.49436321416184764   2.8223084839681114   2.8157793386220353
0.5088556923793517   2.655637721769487   2.6489609677650585
0.5237730240626238   2.496148669542314   2.4894802720578957
0.5391276639805903   2.3444974207940694   2.337943282204107
0.5549324320192869   2.202534072338391   2.196019042719084
0.5712005238854289   2.0694676264787506   2.062929441619863
0.5879455221237613   1.9434342320856337   1.9369361920279102
0.6051814074573895   1.824159609963989   1.817753827053102
0.622922570460556   1.7121399244842053   1.7058071415126554
0.6411838235736077   1.6068205383724008   1.600546030457088
0.6599804134701901   1.5076106282987716   1.5014072763665471
0.6793280337869897   1.4141509201673945   1.4080365768629084
0.6992428382266549   1.3261480880914451   1.3201379234933126
0.7197414540448374   1.2433205516416075   1.237427236901116
0.7408409959326054   1.1653977092240049   1.1596316804756126
0.7625590803058332   1.0921198461623145   1.0864895461842372
0.7849138400134885   1.0232380060556079   1.0177501051303328
0.8079239394770964   0.9585131553055402   0.9531728817532774
0.8316085902740278   0.897710737318474   0.8925231974186527
0.8559875671776167   0.8406048863960324   0.8355755236342453
0.8810812246675007   0.7869819160603326   0.7821162415548615
0.9069105139239728   0.736639751868221   0.731943118795997
0.9334970003205227   0.6893873485798975   0.6848647721958475
0.960862881429187   0.6450441335352688   0.6407001508385951
0.9890310055537336   0.6034394752474644   0.5992780389517908
1.0180248908061487   0.5644124154601808   0.5604368069270055
1.047868744742366   0.5278117634771825   0.5240245051545842
1.0785874845736239   0.4934947382715395   0.489897566891046
1.1102067579703248   0.46132631814636893   0.4579201855260377
1.1427529644757777   0.431178868735567   0.4279639558110391
1.1762532775476793   0.4029317850558921   0.3999075266591599
1.210735667245765   0.37647114737359744   0.3736362655789085
1.246228923584555   0.3516893891731556   0.3490419319593047
1.2827626805706884   0.3284848698809254   0.32602215320024486
1.3203674409449337   0.30676153119712657   0.30448004818335717
1.3590746016495152   0.2864288124622535   0.28432433604654045
1.3989164800420282   0.26740138071483466   0.26546907604776515
1.4399263408778291   0.2495988522884614   0.24783337919352008
1.4821384240834183   0.23294552750700523   0.23134113355363453
1.525587973344019   0.21737013798827695   0.2159207427596386
1.5703112655292182   0.2028056055204095   0.2015048830359809
1.6163456409812174   0.1891888054246337   0.18803034799482304
1.6637295346910133   0.17646035311472877   0.17543777879858988
1.7125025083885144   0.16456440467799308   0.1636713709608598
1.7627052835733923   0.15344845980020774   0.15267867574354438
1.814379775514258   0.1430631744185307   0.14241041344170888
1.8675691282445197   0.13336218290520924   0.132820295801232
1.922317750584177   0.12430192936886952   0.12386485722614694
1.9786713532176083   0.11584150100335   0.11550325314051432
2.0366769868582977   0.10794244756136617   0.10769692873126326
2.0963830815323896   0.10056867197599909   0.10040968651831886
2.1578394870138577   0.09368630875846479   0.0936076392310362
2.2210975144450407   0.08726359285341108   0.08725906603967841
2.286209979177315   0.08127073567344377   0.08133427733936945
2.3532312448676476   0.07567980798050172   0.07580548774152102
2.4222172688678643   0.07046462931922078   0.07064669695380946
2.4932256489445366   0.0656006831495347   0.06583364294055707
2.5663156713684585   0.06106503989720098   0.061343769180440176
2.641548360413907   0.056836212055669945   0.05715595361768939
2.7189865293089923   0.05289406068354167   0.0532503966802544
2.798694832679631   0.04921971556397629   0.04960854381568895
2.8807398205309562   0.04579549970379617   0.04621301209480691
2.9651899938111903   0.04260485796710235   0.04304752071003959
3.05211586160442   0.039632286633218564   0.04009682503805516
3.1415899999999994   0.03686318599482253   0.03734664993721209
