0.01   14742.965186143618   14741.752070098864
0.010293154462191829   14863.582023635161   14862.28726825146
0.010594902878253955   14976.514700173164   14975.133421752389
0.010905497183778876   15081.286159317886   15079.81435093922
0.011225196699963396   15177.397841945562   15175.829817071317
0.011554268350120923   15264.353166928084   15262.681095987218
0.011892986882540897   15341.661235296979   15339.87525441561
0.012241635099881474   15408.808228232325   15406.897792207428
0.012600504095286909   15465.272661896108   15463.22741601302
0.012969893495426888   15510.548673383746   15508.358519541353
0.013350111710660605   15544.131463283833   15541.785947036491
0.013741476192534558   15565.502684374958   15562.989722373679
0.014144313698828986   15574.16545042543   15571.471240067223
0.01455896056637426   15569.646583451775   15566.755663846961
0.014985762991865008   15551.464390702758   15548.35957555327
0.01542507732090645   15519.156060132656   15515.8184917617
0.015877270345534218   15472.300082416046   15468.7093678586
0.016342719610456153   15410.499837281668   15406.633273144016
0.016821813728271667   15333.379052717395   15329.210483301285
0.017314952703931925   15240.614867870856   15236.114875379193
0.017822548268711737   15131.939865304264   15127.076064723038
0.01834502422397195   15007.127069155164   15001.86424410139
0.018882816794999403   14866.011335544918   14860.311813573557
0.019436374995219892   14708.501323211187   14702.32550141972
0.02000616100108813   14534.588061841427   14527.895358880372
0.020592650537967844   14344.34795700456   14337.097801490754
0.021196333277324068   14137.939697730519   14130.092127601794
0.02181771324555934   13915.621935200374   13907.139256382363
0.022457309244835088   13677.794034076469   13668.645083208694
0.02311565528622961   13424.947744041865   13415.108941091034
0.023793301035594242   13157.660173931148   13147.11596155643
0.024490812272480036   12876.695796417722   12865.443556766093
0.025208771362518027   12582.966763806966   12571.019998582924
0.0259477777436476   12277.437354285408   12264.824730654876
0.02670844842659881   11961.208922664491   11947.976076260482
0.027491418510046592   11635.640945613248   11621.856215782682
0.028297341710866907   11302.122032028352   11287.874848551492
0.029126890909937666   10962.058012560448   10947.456537724825
0.029980758713939952   10617.165714932209   10602.339834789182
0.030859658033628758   10269.266905525246   10254.367549589566
0.031764322679055976   9920.070910173155   9905.26560507585
0.03269550797224261   9571.38369828059   9556.852038375973
0.033653991377811755   9225.240674342444   9211.169895533518
0.03464057315210884   8883.499474862174   8870.080800521937
0.03565607701135116   8547.890628901163   8535.314114811805
0.036701350819364466   8220.519112856216   8208.958312015062
0.03777726729548091   7903.4180548009745   7893.02533708428
0.038884724743189276   7598.293336933829   7589.201349936682
0.04002464780014597   7306.490047097423   7298.799786331088
0.041197988210172884   7029.014765977466   7022.781902916648
0.04240572561788674   6766.653855462116   6761.894625060537
0.04364886838662332   6520.209065906487   6516.891751286239
0.04492845444033957   6291.201748186872   6289.186363239655
0.04624555213019635   6081.13921786791   6080.175020352477
0.04760126112654554   5891.135742517525   5890.8786812410235
0.04899671333706607   5720.317248184231   5720.35963147697
0.05043307385181555   5566.704271212064   5566.591725292313
0.05191154191598653   5428.513725668132   5427.746174215135
0.053433351931179485   5304.099567039062   5302.122305429336
0.05499977448602865   5191.947452639875   5188.145571702382
0.05661211741704101   5090.535013662944   5084.244340661342
0.05827172690053434   4997.5632733229995   4988.130190242992
0.05997998857658587   4910.57184280276   4897.375393201998
0.06173832870592997   4826.750204587732   4809.26670462908
0.0635482153607709   4742.609647404107   4720.519918424036
0.06541115965050462   4654.685546413006   4627.911518347687
0.06732871698337338   4559.100388333043   4527.937889233805
0.06930248836510605   4452.157119003181   4417.311841638996
0.07133412173562886   4330.8808279261   4293.521193855869
0.07342531334496233   4193.0545806021155   4154.802365136833
0.07557780916945323   4038.0555710497633   4000.8842843461084
0.07779340636952398   3866.617505347398   3832.737913935081
0.08007395479015682   3680.7196583297596   3652.540957871772
0.08242135850536496   3483.294074897626   3463.320990115353
0.08483757740794096   3278.478248197844   3268.985432645127
0.08732462884580919   3070.912488044936   3073.7618288682247
0.08988458930634863   2865.7011735732053   2882.2511042000483
0.09251959615009227   2668.135987515914   2699.0521522276426
0.09523184939525078   2483.7543989086103   2528.7889985070483
0.09802361355455057   2317.1928368634967   2375.1547367486955
0.10089721952591899   2172.4782357395607   2241.081566768165
0.10385506653859616   2051.727723359998   2127.9375628975104
0.10689962415629803   1955.3616393644925   2035.6315040910706
0.11003343433910281   1881.6430978533394   1962.1645450938381
0.11325911356578279   1827.3860354689275   1904.2986566518043
0.11657935501835284   1787.7208269306718   1857.7842307973442
0.11999693083066039   1756.9176893731483   1817.8271899934268
0.12351469440289359   1728.3629157524927   1779.090955314963
0.12713558278394044   1695.3765683654494   1736.609869700158
0.13086261912358757   1652.031514808015   1686.2899722589796
0.13469891519660646   1594.1264335256365   1625.4886120471563
0.13864767400083483   1519.9895456585757   1553.5668747896866
0.14271219243142114   1430.7305136213622   1472.0705676185437
0.14689586403346616   1330.3695343782892   1384.4471448316706
0.1512021818353596   1225.6395140482318   1295.4824021437319
0.15563474126517718   1124.905468077993   1211.0082352206693
0.16019724315257297   1035.8012505270656   1135.8772601821536
0.1648934968186736   963.173973943592   1072.5548444309065
0.1697274232565544   908.4934916056111   1021.4209319410454
0.17470305840495237   870.4852513187427   981.1492386201674
0.17982455651794954   845.6145899337128   948.7330594793348
0.18509619363343993   827.8785370208242   920.3986810121479
0.19052237114327647   809.5514407084696   891.4971272747576
0.19610761946807834   783.8245246690086   858.7040284086182
0.20185660183976684   747.2783443736969   821.2151398765905
0.20777411819498756   700.4998724389334   779.2130452209419
0.21386510918267082   647.4409563706566   735.4168147335596
0.22013466028907505   594.5256521415462   693.2072304535843
0.22658800608375756   548.2276870668223   655.2718613865625
0.23323053459001789   512.4401653044293   623.2444157130449
0.2400677917834628   487.55831472614966   596.3137200004285
0.24710548622244882   470.50645284703666   573.1969296801462
0.25434949381426813   455.69342464851115   551.2522185939685
0.2618058627210567   437.838574188784   528.511154364035
0.2694808184095226   414.3741535667396   504.52996953512576
0.27738076884870827   386.05284516605514   479.7147868279085
0.2855123098601282   356.69759660337036   455.74460351851985
0.29388223062474755   330.8703530939452   433.6351875151937
0.3024975193514008   310.9143676150519   414.0531078870703
0.31136536911138296   296.17448550680587   396.35308335915533
0.3204931838440838   283.64563016062283   379.83089192887087
0.32988858453867975   269.90230389951057   363.44587621464314
0.3395594155970457   253.63212865937663   347.11731887620306
0.34951375138319807   236.11211733803214   331.2799866096125
0.3597599029647371   219.83116496592268   316.4125680784013
0.37030642505191835   206.48985888795775   302.5626214676785
0.3811621231401457   195.67293336832105   289.72279907806535
0.3923360608618501   185.54907068585248   277.53534288285516
0.4038375675538918   174.71946856035788   265.6807550141353
0.41567624604680364   163.32362834142359   254.22772955724278
0.42786198068238046   152.60351050336055   243.38671176180713
0.4404049455663077   143.3667195767862   233.23214571003768
0.4533156130627191   135.2685790810799   223.64186041815938
0.4666047625377753   127.37079957011925   214.44801984586104
0.4802834893595659   119.36330524961949   205.65269188300474
0.49436321416184764   111.69305877348278   197.25626343552625
0.5088556923793517   104.80631289582264   189.35364417252262
0.5237730240626238   98.54049844274707   181.8627108107377
0.5391276639805903   92.49590987816343   174.68618941794634
0.5549324320192869   86.62580920300933   167.85048324631913
0.5712005238854289   81.15510111311366   161.34953765771692
0.5879455221237613   76.13366042197573   155.18652717324673
0.6051814074573895   71.3884436475766   149.29972144095348
0.622922570460556   66.85467690711634   143.68821226246752
0.6411838235736077   62.61223716150461   138.350605011579
0.6599804134701901   58.63982258504233   133.26456140768093
0.6793280337869897   54.91172113275417   128.41476214859188
0.6992428382266549   51.41285917963215   123.78848751749526
0.7197414540448374   48.12913514842056   119.37378131793324
0.7408409959326054   45.04735218530403   115.15940076434629
0.7625590803058332   42.15515584814193   111.13476991744125
0.7849138400134885   39.44097641066363   107.28993639678004
0.8079239394770964   36.8940418770714   103.6154090662959
0.8316085902740278   34.504642560960306   100.10150451467923
0.8559875671776167   32.26373325858378   96.73887903088493
0.8810812246675007   30.16272462997245   93.51880866659239
0.9069105139239728   28.193465441585698   90.43314461325294
0.9334970003205227   26.34822540031443   87.4742715053549
0.960862881429187   24.61967819708129   84.63506909594398
0.9890310055537336   23.000877343781088   81.90884569817233
1.0180248908061487   21.485170798075536   79.2890001628571
1.047868744742366   20.06623758488179   76.76916804794587
1.0785874845736239   18.738126116659675   74.34342059021257
1.1102067579703248   17.49523460013558   72.00623651572502
1.1427529644757777   16.332291611146026   69.75247295520616
1.1762532775476793   15.244337670908891   67.57733878737649
1.210735667245765   14.226708213467017   65.47636304606276
1.246228923584555   13.275025570299695   63.44522588449858
1.2827626805706884   12.385180114081503   61.47976420529759
1.3203674409449337   11.553305542089971   59.57611074653141
1.3590746016495152   10.775765108548892   57.73068056745176
1.3989164800420282   10.049138945189178   55.94015236905874
1.4399263408778291   9.37021200971724   54.2014513278235
1.4821384240834183   8.735962593072642   52.5117333426192
1.525587973344019   8.143549125965821   50.86837322181696
1.5703112655292182   7.5902994758672016   49.26895223556154
1.6163456409812174   7.073705109933691   47.71124128199805
1.6637295346910133   6.591411905983026   46.193188965416965
1.7125025083885144   6.141211123972824   44.71291085896982
1.7627052835733923   5.721030870017008   43.26867947608928
1.814379775514258   5.328928029544441   41.85891509008929
1.8675691282445197   4.963080925694073   40.48224704287345
1.922317750584177   4.621782403347367   39.13759238259093
1.9786713532176083   4.303432312061603   37.82398364017083
2.0366769868582977   4.006531014438434   36.540535602653065
2.0963830815323896   3.7296733696706283   35.28644002259024
2.1578394870138577   3.47154305444264   34.06096053804087
2.2210975144450407   3.2309072039799793   32.863427784533464
2.286209979177315   3.0066110283142953   31.693278336762365
2.3532312448676476   2.7975722320566567   30.550169927085722
2.4222172688678643   2.6027777914689243   29.43382409137977
2.4932256489445366   2.421280016388679   28.34397638595825
2.5663156713684585   2.252192483157638   27.28037438218995
2.641548360413907   2.094686209807629   26.242775737708225
2.7189865293089923   1.9479860598717493   25.230946345083606
2.798694832679631   1.811367579444261   24.244700200400732
2.8807398205309562   1.6841549107512614   23.284120190479268
2.9651899938111903   1.5657165909245085   22.34935044459905
3.05211586160442   1.4554621483820385   21.440473227648607
3.1415899999999994   1.352839558091585   20.557511685703506
