0.01   2864.524636036831   2864.387894305415
0.010293154462191829   2891.477706034098   2891.339957245909
0.010594902878253955   2917.0450027566026   2916.906279499551
0.010905497183778876   2941.133966776525   2940.994067818968
0.011225196699963396   2963.6496598466447   2963.5084173203477
0.011554268350120923   2984.497173376466   2984.3545268990124
0.011892986882540897   3003.582497326926   3003.43849416565
0.012241635099881474   3020.8077211425584   3020.662452076129
0.012600504095286909   3036.071844737559   3035.9253836023313
0.012969893495426888   3049.2760506282234   3049.128451589649
0.013350111710660605   3060.32299145959   3060.174283233341
0.013741476192534558   3069.1143055328525   3068.9644743923536
0.014144313698828986   3075.5547913390537   3075.403777692568
0.01455896056637426   3079.553480674219   3079.4011781720533
0.014985762991865008   3081.0192587345596   3080.865501374323
0.01542507732090645   3079.8631801643173   3079.707733968429
0.015877270345534218   3076.002894119912   3075.845458567317
0.016342719610456153   3069.3621572876623   3069.2023507043054
0.016821813728271667   3059.8698887258724   3059.707212610194
0.017314952703931925   3047.4634788305493   3047.2973172955203
0.017822548268711737   3032.0899433534405   3031.919575305994
0.01834502422397195   3013.7067702532595   3013.531429547794
0.018882816794999403   2992.282468545444   2992.1013789504864
0.019436374995219892   2967.797104779883   2967.609487304976
0.02000616100108813   2940.2464655686   2940.0515420719234
0.020592650537967844   2909.6450155710545   2909.44200997809
0.021196333277324068   2876.020269208746   2875.8084152806327
0.02181771324555934   2839.4151000286574   2839.193681625816
0.022457309244835088   2799.902519255465   2799.6710786743593
0.02311565528622961   2757.5739436676295   2757.3323547725254
0.023793301035594242   2712.5321393999156   2712.2805977848957
0.024490812272480036   2664.910841341992   2664.649981233644
0.025208771362518027   2614.87887206924   2614.609909660671
0.0259477777436476   2562.61232932187   2562.3370263838538
0.02670844842659881   2508.30269279528   2508.023327521719
0.027491418510046592   2452.1949234367166   2451.914343500314
0.028297341710866907   2394.5451873626425   2394.26676895554
0.029126890909937666   2335.6054904086113   2335.333062817898
0.029980758713939952   2275.670213868037   2275.408051959099
0.030859658033628758   2215.0689419155265   2214.8217515397787
0.031764322679055976   2154.1125272118165   2153.8853586592472
0.03269550797224261   2093.111310197777   2092.909401599011
0.033653991377811755   2032.4233212432189   2032.2517874003206
0.03464057315210884   1972.3882683101458   1972.2520215245788
0.03565607701135116   1913.314808675709   1913.2184981955552
0.036701350819364466   1855.5352140501366   1855.4825144255335
0.03777726729548091   1799.385505376341   1799.378683299681
0.038884724743189276   1745.1600279338352   1745.2001027085182
0.04002464780014597   1693.101913648007   1693.1884905051284
0.041197988210172884   1643.390580699863   1643.5212026156407
0.04240572561788674   1596.173685624535   1596.3439739859946
0.04364886838662332   1551.578137107846   1551.781838184876
0.04492845444033957   1509.7354128649338   1509.9625619201092
0.04624555213019635   1470.772231519319   1471.0083657037014
0.04760126112654554   1434.7926626127503   1435.0192818055477
0.04899671333706607   1401.6388775164382   1401.835280248949
0.05043307385181555   1370.849304665643   1370.9946285471913
0.05191154191598653   1341.9819444807251   1342.055247328601
0.053433351931179485   1314.6535218976046   1314.6335530576737
0.05499977448602865   1288.5402571510829   1288.4052128355331
0.05661211741704101   1263.3336657265208   1263.061461295077
0.05827172690053434   1238.6002444941576   1238.1712428602832
0.05997998857658587   1213.8330810132509   1213.2320281148807
0.06173832870592997   1188.516458116278   1187.7339491368152
0.0635482153607709   1162.0243999196907   1161.061526348499
0.06541115965050462   1133.7615753138812   1132.630894821437
0.06732871698337338   1103.1967627966758   1101.92589331114
0.06930248836510605   1069.8838453069077   1068.5166998133252
0.07133412173562886   1033.638346633874   1032.233245635114
0.07342531334496233   994.5520339773648   993.1790867986322
0.07557780916945323   952.9375214948376   951.6731298800923
0.07779340636952398   909.3617497323067   908.282283987528
0.08007395479015682   864.5397901537458   863.7181467160285
0.08242135850536496   819.3346435940559   818.8372366853235
0.08483757740794096   774.627166785145   774.5048760901526
0.08732462884580919   731.2859285622678   731.5671674622052
0.08988458930634863   690.1983126396617   690.8852999461778
0.09251959615009227   652.1897134413264   653.2557744478835
0.09523184939525078   618.0175233001332   619.3967715637522
0.09802361355455057   588.2136807719264   589.8074172785125
0.10089721952591899   562.9392053666473   564.6237737785223
0.10385506653859616   542.0532915295366   543.688362285209
0.10689962415629803   524.906527431552   526.3473570637733
0.11003343433910281   510.61033977901377   511.728935855192
0.11325911356578279   498.01640266455064   498.7289356861865
0.11657935501835284   485.9085759461063   486.1819785652433
0.11999693083066039   473.09650477579186   472.9584111995919
0.12351469440289359   458.55250009035404   458.10986605111486
0.12713558278394044   441.5949022220089   441.02018244791327
0.13086261912358757   421.9814945252051   421.48765196370994
0.13469891519660646   399.9950735626484   399.80873584203107
0.13864767400083483   376.3374516697577   376.66646011636624
0.14271219243142114   352.0501401169493   353.0513880990473
0.14689586403346616   328.42887956687485   330.1727119682131
0.1512021818353596   306.8607925849011   309.282969373868
0.15563474126517718   288.41383847544427   291.3485755183391
0.16019724315257297   273.49296647063716   276.6899817757535
0.1648934968186736   261.7796751777955   264.9613073326969
0.1697274232565544   252.47579192377236   255.43057675734414
0.17470305840495237   244.56112850960773   247.14440965884796
0.17982455651794954   236.82947510868476   239.03063846355886
0.18509619363343993   228.05083178180925   230.01363395622707
0.19052237114327647   217.49350675060174   219.47921427651016
0.19610761946807834   205.30138299195275   207.602341943699
0.20185660183976684   192.23742241184604   195.08513083720925
0.20777411819498756   179.32598890496615   182.7997708258098
0.21386510918267082   167.59920138565028   171.6185015470652
0.22013466028907505   157.78313642753776   162.13552284951788
0.22658800608375756   149.96026682662585   154.3492456162731
0.23323053459001789   143.61842757169086   147.8246202440318
0.2400677917834628   137.88500031550225   141.81927113244586
0.24710548622244882   131.82210978502368   135.58790494648406
0.25434949381426813   124.95057617697941   128.76087877131425
0.2618058627210567   117.46433258025161   121.5438454484539
0.2694808184095226   109.92711816368114   114.3627713710688
0.27738076884870827   103.00746156694467   107.74374771586429
0.2855123098601282   97.14255596447502   101.99526467420257
0.29388223062474755   92.22519447068998   97.00674485486542
0.3024975193514008   87.78806829068533   92.41505220677313
0.31136536911138296   83.33043651871154   87.85451858395396
0.3204931838440838   78.60497105447503   83.18822849929559
0.32988858453867975   73.79616963047022   78.52695878098403
0.3395594155970457   69.27138171341834   74.13851005333436
0.34951375138319807   65.25495740064036   70.16474308752231
0.3597599029647371   61.70782717903385   66.55661799011185
0.37030642505191835   58.37761923465404   63.145151054491514
0.3811621231401457   55.05592837836912   59.80151134274615
0.3923360608618501   51.75593699946626   56.54285633288589
0.4038375675538918   48.62813969660904   53.45435159314228
0.41567624604680364   45.77883242455024   50.595158579849446
0.42786198068238046   43.161104499509406   47.92731591369948
0.4404049455663077   40.66474222015089   45.38536973033123
0.4533156130627191   38.23664518381521   42.944144623641094
0.4666047625377753   35.92742111449738   40.6271026577015
0.4802834893595659   33.781700336861796   38.451995647333305
0.49436321416184764   31.78232219175949   36.40702549112131
0.5088556923793517   29.881888040306194   34.46498965663487
0.5237730240626238   28.069841483990672   32.61937655173741
0.5391276639805903   26.36519356196745   30.87722716711967
0.5549324320192869   24.769674129736572   29.23483143095156
0.5712005238854289   23.264837651051554   27.68159625169626
0.5879455221237613   21.840034117697037   26.210834706304542
0.6051814074573895   20.49898214065658   24.82140631725542
0.622922570460556   19.23881358415354   23.509644880194276
0.6411838235736077   18.052000001697607   22.269746315108065
0.6599804134701901   16.93462270298862   21.09816160784945
0.6793280337869897   15.883027390829676   19.99133806284685
0.6992428382266549   14.893630281104684   18.945763728925996
0.7197414540448374   13.963019301844362   17.95810360828833
0.7408409959326054   13.087947834600985   17.02519239999708
0.7625590803058332   12.265328411899743   16.144027228393156
0.7849138400134885   11.492226516997231   15.311760548845369
0.8079239394770964   10.765852441517133   14.52569272033577
0.8316085902740278   10.083542903932036   13.783262074628462
0.8559875671776167   9.442767356309506   13.082041307083344
0.8810812246675007   8.841129864346465   12.419733099198547
0.9069105139239728   8.276362765996957   11.794163877692334
0.9334970003205227   7.746320531205112   11.203277790575578
0.960862881429187   7.248973863297101   10.645130910714448
0.9890310055537336   6.78240406055642   10.117884513314726
1.0180248908061487   6.344797795145994   9.61978942294168
1.047868744742366   5.934441737783753   9.149188099849884
1.0785874845736239   5.549717406946107   8.70451732539023
1.1102067579703248   5.189096402550695   8.28430312244614
1.1427529644757777   4.851135845603874   7.887155828815578
1.1762532775476793   4.53447401539086   7.5117654216980805
1.210735667245765   4.237826114827597   7.156896057300523
1.246228923584555   3.959979470687922   6.821368311640991
1.2827626805706884   3.6997902055505834   6.504061774569006
1.3203674409449337   3.4561803660022017   6.203923537572472
1.3590746016495152   3.2281344139912127   5.919964318911062
1.3989164800420282   3.014695866508586   5.651254523285503
1.4399263408778291   2.814964097634152   5.396920548709833
1.4821384240834183   2.628091297466043   5.156140624496441
1.525587973344019   2.4532795997883534   4.928127297235032
1.5703112655292182   2.2897783254693764   4.712127842328828
1.6163456409812174   2.1368813471149695   4.507437221189626
1.6637295346910133   1.99392460935995   4.313395447638052
1.7125025083885144   1.8602837758102961   4.1293845011175945
1.7627052835733923   1.735371996129643   3.954825464407906
1.814379775514258   1.6186377841021289   3.7891755421609843
1.8675691282445197   1.5095628825814145   3.631914577790078
1.922317750584177   1.4076603720916554   3.4825422453239567
1.9786713532176083   1.312473048764723   3.3405908786438405
2.0366769868582977   1.2235717157359445   3.2056239914443974
2.0963830815323896   1.1405535549013115   3.0772339943665643
2.1578394870138577   1.0630405867769668   2.9550400933602186
2.2210975144450407   0.9906782113472649   2.838686213698846
2.286209979177315   0.9231336578735225   2.7278303273615334
2.3532312448676476   0.8600946428949152   2.622139208400372
2.4222172688678643   0.801268450115728   2.5213017334688193
2.4932256489445366   0.7463807793300758   2.4250285049061233
2.5663156713684585   0.6951746329948426   2.3330501892566806
2.641548360413907   0.6474092667902921   2.245115996216126
2.7189865293089923   0.6028592021617037   2.16099228174448
2.798694832679631   0.5613135028405503   2.0804607624441367
2.8807398205309562   0.5225750364741808   2.003316904997081
2.9651899938111903   0.4864591861588274   1.92936989624027
3.05211586160442   0.45279303988248065   1.8584417732433545
3.1415899999999994   0.4214146846346651   1.790366492088972
