0.01   6004.650829707512   6004.3806701536
0.010293154462191829   6071.034104124829   6070.754870832204
0.010594902878253955   6135.0501918691   6134.761596649609
0.010905497183778876   6196.50940096547   6196.210278220592
0.011225196699963396   6255.219542913556   6254.907989980268
0.011554268350120923   6310.980498047433   6310.654707822708
0.011892986882540897   6363.5898848060815   6363.248420650354
0.012241635099881474   6412.845692317377   6412.487492200312
0.012600504095286909   6458.537925866287   6458.161968501365
0.012969893495426888   6500.449072922391   6500.054027439581
0.013350111710660605   6538.364136557759   6537.948344529821
0.013741476192534558   6572.069109567266   6571.630610402495
0.014144313698828986   6601.344950750182   6600.881570128072
0.01455896056637426   6625.976568307572   6625.485943113396
0.014985762991865008   6645.7553801001695   6645.234948515059
0.01542507732090645   6660.470811487434   6659.917560680829
0.015877270345534218   6669.914518241895   6669.324806936684
0.016342719610456153   6673.889230583942   6673.258801948577
0.016821813728271667   6672.207032117417   6671.531064561597
0.017314952703931925   6664.686485843101   6663.95968588568
0.017822548268711737   6651.160909457975   6650.377556933431
0.01834502422397195   6631.480887380182   6630.634846854571
0.018882816794999403   6605.514722431587   6604.599226669421
0.019436374995219892   6573.150545908941   6572.158122227029
0.02000616100108813   6534.298454974744   6533.2210005002435
0.020592650537967844   6488.8973989554825   6487.726513612527
0.021196333277324068   6436.919588229002   6435.647057805832
0.02181771324555934   6378.363057706975   6376.980963623083
0.022457309244835088   6313.257081527285   6311.758020230154
0.02311565528622961   6241.687594560774   6240.065561489998
0.023793301035594242   6163.776303166494   6162.026997624714
0.024490812272480036   6079.670896710937   6077.79173468419
0.025208771362518027   5989.58373215886   5987.574402936835
0.0259477777436476   5893.793813349052   5891.656851026193
0.02670844842659881   5792.599580636995   5790.340250126893
0.027491418510046592   5686.33971814528   5683.9662635701325
0.028297341710866907   5575.458687187133   5572.983693315805
0.029126890909937666   5460.4250663992725   5457.8654373821655
0.029980758713939952   5341.711751158368   5339.088262078439
0.030859658033628758   5219.8950159458445   5217.231959702301
0.031764322679055976   5095.619437720559   5092.944214168283
0.03269550797224261   4969.502361724135   4966.844958100713
0.033653991377811755   4842.181632208009   4839.5739649670495
0.03464057315210884   4714.390630541103   4711.865693357878
0.03565607701135116   4586.827942548565   4584.419353941033
0.036701350819364466   4460.150514198421   4457.891850015648
0.03777726729548091   4335.125695798802   4333.047020373709
0.038884724743189276   4212.538077086143   4210.664330839664
0.04002464780014597   4093.085861758606   4091.437268403624
0.041197988210172884   3977.3238994441194   3975.9134309025085
0.04240572561788674   3865.628769790865   3864.457587736637
0.04364886838662332   3758.3142973201698   3757.37255302628
0.04492845444033957   3655.6968529805226   3654.963419616689
0.04624555213019635   3558.353475631686   3557.787253195288
0.04760126112654554   3466.910531992244   3466.448735377537
0.04899671333706607   3381.884916184119   3381.445575617847
0.05043307385181555   3303.026434147615   3302.5154628399428
0.05191154191598653   3229.474878733138   3228.791666668973
0.053433351931179485   3160.4222815402686   3159.4601712654016
0.05499977448602865   3095.150485717407   3093.796579041785
0.05661211741704101   3033.019151372108   3031.1542876582
0.05827172690053434   2973.4020376649496   2970.9031865734682
0.05997998857658587   2915.4306086198594   2912.186390440813
0.06173832870592997   2858.157047608454   2854.0752183618315
0.0635482153607709   2800.5744129410596   2795.594213804723
0.06541115965050462   2741.466733044554   2735.585980851326
0.06732871698337338   2679.662955634776   2672.9437523053193
0.06930248836510605   2613.9300578356133   2606.5279083365403
0.07133412173562886   2543.126393686951   2535.2962549584795
0.07342531334496233   2466.5071725525686   2458.5943096527794
0.07557780916945323   2383.6956596879795   2376.122527789082
0.07779340636952398   2294.871180238781   2288.1285749129765
0.08007395479015682   2200.7458187376233   2195.3794754559626
0.08242135850536496   2102.549210743749   2099.1101585867827
0.08483757740794096   2001.9213817786192   2000.921554659228
0.08732462884580919   1900.7095552673745   1902.5871712806047
0.08988458930634863   1800.8091232238062   1805.904394149396
0.09251959615009227   1704.1640311427482   1712.6734056966525
0.09523184939525078   1612.6320146013502   1624.5804736126868
0.09802361355455057   1528.049731980436   1543.2476071427095
0.10089721952591899   1451.865201306499   1469.9193965795996
0.10385506653859616   1385.1325795505732   1405.4141487558406
0.10689962415629803   1328.2159993219248   1349.9372284321719
0.11003343433910281   1280.5654964571977   1302.8722018827175
0.11325911356578279   1240.8435117869758   1262.9022802555303
0.11657935501835284   1206.9839826750108   1228.071506764949
0.11999693083066039   1176.4678605823365   1196.117744930291
0.12351469440289359   1146.6369622036668   1164.7150665769002
0.12713558278394044   1114.9072772256125   1131.6457284305081
0.13086261912358757   1079.1583202339777   1095.2051576713934
0.13469891519660646   1037.988482538276   1054.3748599783971
0.13864767400083483   991.0780647391329   1009.039438722812
0.14271219243142114   939.216280553314   959.9941310998042
0.14689586403346616   884.1280675268999   908.7689074055356
0.1512021818353596   828.2471613208423   857.4159555425617
0.15563474126517718   774.4814983736554   808.2961161834655
0.16019724315257297   725.7425211847203   763.6070284226831
0.1648934968186736   684.1810948490498   724.8754412580905
0.1697274232565544   650.5088469570607   692.4919317860633
0.17470305840495237   623.8382324071775   665.5690232634151
0.17982455651794954   602.204238753821   642.4209586886012
0.18509619363343993   583.1518282050504   621.2016897612605
0.19052237114327647   563.94713869157   599.9024792759509
0.19610761946807834   542.015314803008   576.7980367869992
0.20185660183976684   516.0018883150592   551.1336854738892
0.20777411819498756   486.48406404067913   523.4493607126966
0.21386510918267082   455.44635616083474   495.26918950002187
0.22013466028907505   425.327950544706   468.20464782551034
0.22658800608375756   398.4022670400781   443.6525225228659
0.23323053459001789   376.07004591210364   422.3106302969264
0.2400677917834628   358.2537405136281   404.10091580742545
0.24710548622244882   343.5100295699075   387.85581280439834
0.25434949381426813   329.6976111869973   372.3308405783896
0.2618058627210567   314.76656972047   356.4285632876393
0.2694808184095226   297.8587219172872   339.72401681720646
0.27738076884870827   279.69097958018574   322.8066789056203
0.2855123098601282   261.7669572980723   306.43602890680637
0.29388223062474755   245.63390936940857   291.33491824745875
0.3024975193514008   232.10714867915706   277.856744673345
0.31136536911138296   220.6947045361283   265.6180264986087
0.3204931838440838   210.14236354824268   254.02923202676183
0.32988858453867975   199.2939601256125   242.5713552942147
0.3395594155970457   187.76317195185464   231.1962821119742
0.34951375138319807   176.17633442671698   220.11468739410017
0.3597599029647371   165.46266534254883   209.71588332476182
0.37030642505191835   156.0640227273417   200.10034883970093
0.3811621231401457   147.72161728105996   191.12305065878945
0.3923360608618501   139.74685456998535   182.55333471878257
0.4038375675538918   131.70059036982326   174.2278260742492
0.41567624604680364   123.73696848445549   166.2071617688095
0.42786198068238046   116.2824760613756   158.6235874708563
0.4404049455663077   109.54464982818558   151.50475605814316
0.4533156130627191   103.32486660156876   144.75845453571418
0.4666047625377753   97.32690931981989   138.31352352659405
0.4802834893595659   91.4777871052568   132.14212568022302
0.49436321416184764   85.9499896976491   126.28022753954342
0.5088556923793517   80.84212263286862   120.73669870969287
0.5237730240626238   76.06948496732691   115.47552312107383
0.5391276639805903   71.50725229534038   110.45814724247268
0.5549324320192869   67.1575488915797   105.68409165586407
0.5712005238854289   63.081263129402124   101.1517245905241
0.5879455221237613   59.26800581899255   96.84953418071622
0.6051814074573895   55.660909775290975   92.7556937180834
0.622922570460556   52.243613635726135   88.85898789089227
0.6411838235736077   49.03257290968207   85.15651454441297
0.6599804134701901   46.01709799605375   81.6384734329104
0.6793280337869897   43.17646058890442   78.29292353646642
0.6992428382266549   40.500550847729066   75.11022969531159
0.7197414540448374   37.9809610959209   72.0819399369925
0.7408409959326054   35.60960532997381   69.20006709133769
0.7625590803058332   33.37871568683435   66.4570584581355
0.7849138400134885   31.280839374854253   63.84577158838655
0.8079239394770964   29.308834591230273   61.35945143400337
0.8316085902740278   27.455865547612845   58.991708788933714
0.8559875671776167   25.715347179850156   56.73639659780731
0.8810812246675007   24.080813211096967   54.58730755169057
0.9069105139239728   22.54609828362546   52.5385188540201
0.9334970003205227   21.105377195243467   50.58447887721115
0.960862881429187   19.753147279540148   48.71998159528635
0.9890310055537336   18.484211630157482   46.94014292629948
1.0180248908061487   17.293663132620527   45.24037883168008
1.047868744742366   16.17686939179423   43.6163840314616
1.0785874845736239   15.129472322732635   42.06399532227282
1.1102067579703248   14.147382440689062   40.579085806021936
1.1427529644757777   13.22673649192862   39.157777457740046
1.1762532775476793   12.363883058309334   37.79644965074265
1.210735667245765   11.555372237403839   36.49172044616499
1.246228923584555   10.797945726454985   35.24042939432656
1.2827626805706884   10.088527302027426   34.039621715309295
1.3203674409449337   9.42421346973089   32.88652788938207
1.3590746016495152   8.802260321314515   31.77842687059027
1.3989164800420282   8.220076680128955   30.712655439033995
1.4399263408778291   7.675221198808134   29.68673225412871
1.4821384240834183   7.165394537967586   28.698350246334407
1.525587973344019   6.688431698045124   27.74536410099905
1.5703112655292182   6.242294721578713   26.825778782493444
1.6163456409812174   5.825065751198722   25.93773900114168
1.6637295346910133   5.434940403107518   25.079515429836782
1.7125025083885144   5.07022131787164   24.249466112766434
1.7627052835733923   4.729312364742487   23.446050098880225
1.814379775514258   4.410713098128836   22.66783861375441
1.8675691282445197   4.11301337362663   21.913507695223885
1.922317750584177   3.834888239828016   21.181831253767015
1.9786713532176083   3.5750930946133326   20.471674654477972
2.0366769868582977   3.3324590940376786   19.78198876997261
2.0963830815323896   3.1058885450094356   19.111806836682025
2.1578394870138577   2.894350164080417   18.460245701781876
2.2210975144450407   2.696876154097617   17.826492885623757
2.286209979177315   2.512558737577303   17.209799733657203
2.3532312448676476   2.340546607815066   16.609477330462763
2.4222172688678643   2.1800415769968864   16.024892657286006
2.4932256489445366   2.030295411308282   15.455464969079731
2.5663156713684585   1.890606849391697   14.900663098562935
2.641548360413907   1.7603194066347734   14.360081915217012
2.7189865293089923   1.638819034377772   13.833495302835876
2.798694832679631   1.5255303247986796   13.320699663331578
2.8807398205309562   1.419914073600498   12.821494726298877
2.9651899938111903   1.3214651242291693   12.335683088689994
3.05211586160442   1.2297103306405524   11.863069781823445
3.1415899999999994   1.144206632872272   11.403461865467658
