0.01   9479.615075257756   9478.06602922303
0.010293154462191829   9596.845512488022   9595.158432339682
0.010594902878253955   9711.21171098025   9709.372971644905
0.010905497183778876   9822.442359385566   9820.43774229071
0.011225196699963396   9930.260613921102   9928.075195485684
0.011554268350120923   10034.375023410072   10031.992420237317
0.011892986882540897   10134.487379455404   10131.889464906719
0.012241635099881474   10230.297447835372   10227.464350048429
0.012600504095286909   10321.495095168197   10318.405310611239
0.012969893495426888   10407.758668099139   10404.389219598614
0.013350111710660605   10488.766527650097   10485.09301412088
0.013741476192534558   10564.195986890061   10560.192428692488
0.014144313698828986   10633.713412857063   10629.351338624616
0.01455896056637426   10696.985343419869   10692.233562094943
0.014985762991865008   10753.683674138563   10748.508347995687
0.01542507732090645   10803.477592364672   10797.842331527812
0.015877270345534218   10846.034677959584   10839.900663161185
0.016342719610456153   10881.032579459314   10874.358717778076
0.016821813728271667   10908.158945851299   10900.901705490312
0.017314952703931925   10927.106577737515   10919.218885847626
0.017822548268711737   10937.58242156493   10929.013597715582
0.01834502422397195   10939.311792677765   10930.007836952343
0.018882816794999403   10932.040585290044   10921.944557776726
0.019436374995219892   10915.537294885598   10904.589734222545
0.02000616100108813   10889.594898179465   10877.734244899566
0.020592650537967844   10854.03803694848   10841.20123935237
0.021196333277324068   10808.735425506084   10794.858865660295
0.02181771324555934   10753.588384640216   10738.608481660915
0.022457309244835088   10688.532003625702   10672.385850965662
0.02311565528622961   10613.570251342477   10596.197352009276
0.023793301035594242   10528.765305934581   10510.1089269008
0.024490812272480036   10434.211912047798   10414.219592578911
0.025208771362518027   10330.06751469932   10308.692893236155
0.0259477777436476   10216.59522444572   10193.801715435
0.02670844842659881   10094.096183063944   10069.857596729913
0.027491418510046592   9962.907960889443   9937.208679912492
0.028297341710866907   9823.508194572842   9796.34468058937
0.029126890909937666   9676.457017376673   9647.838384256975
0.029980758713939952   9522.323091864602   9492.270597894912
0.030859658033628758   9361.746223213806   9330.294428096853
0.031764322679055976   9195.496231296309   9162.695630115246
0.03269550797224261   9024.341936475479   8990.25805456076
0.033653991377811755   8849.062901179921   8813.774180593871
0.03464057315210884   8670.670382178236   8634.261201299092
0.03565607701135116   8490.247382945516   8452.80419038886
0.036701350819364466   8308.811279018679   8270.421603792394
0.03777726729548091   8127.239791924901   8087.994514644984
0.038884724743189276   7946.2307436701   7906.228281726509
0.04002464780014597   7766.419884272294   7725.765291697982
0.041197988210172884   7588.48544673988   7547.2832696784135
0.04240572561788674   7413.632931290065   7371.949501413205
0.04364886838662332   7243.186299542976   7201.03762665951
0.04492845444033957   7078.337044786111   7035.692208635755
0.04624555213019635   6919.802556778663   6876.586448418475
0.04760126112654554   6767.741546901671   6723.837543252388
0.04899671333706607   6622.25426553854   6577.50742271685
0.05043307385181555   6483.257383598082   6437.483074907104
0.05191154191598653   6350.150043821936   6303.154343382744
0.053433351931179485   6222.272385261543   6173.856724015315
0.05499977448602865   6098.904798198129   6048.874801564267
0.05661211741704101   5979.038762225378   5927.230374949594
0.05827172690053434   5861.668762242517   5807.953008938772
0.05997998857658587   5745.735009156815   5690.038604801673
0.06173832870592997   5630.043580151264   5572.38286032853
0.0635482153607709   5513.442329464554   5453.92980949642
0.06541115965050462   5394.567186765731   5333.473926244927
0.06732871698337338   5272.018671208141   5209.799572959297
0.06930248836510605   5144.4285262569265   5081.752965159417
0.07133412173562886   5010.427264641686   4948.223941846844
0.07342531334496233   4868.946240943222   4808.406674676074
0.07557780916945323   4719.4207716590345   4662.046926268456
0.07779340636952398   4561.767550535058   4509.286500913747
0.08007395479015682   4396.928609848842   4351.086877859592
0.08242135850536496   4226.350027763761   4188.829814929756
0.08483757740794096   4052.3393534629686   4024.703243116579
0.08732462884580919   3877.4350883151405   3861.011331151676
0.08988458930634863   3704.4633130248885   3700.1352217592416
0.09251959615009227   3536.1324823665714   3544.311563784753
0.09523184939525078   3374.9948015751716   3395.6071403996298
0.09802361355455057   3223.3902390241346   3255.729364129572
0.10089721952591899   3083.3158493157403   3126.0398514549006
0.10385506653859616   2956.1691514623594   3007.410572800069
0.10689962415629803   2842.7736616047705   2900.2480765405035
0.11003343433910281   2742.5894922250877   2803.7689868701186
0.11325911356578279   2654.177424810985   2716.5080816907785
0.11657935501835284   2574.621392680997   2636.048372782367
0.11999693083066039   2500.4394088373133   2559.649850953657
0.12351469440289359   2427.7119408211465   2484.374331921387
0.12713558278394044   2352.8475708231163   2407.7886966011356
0.13086261912358757   2272.9218310854253   2328.066489038006
0.13469891519660646   2186.116632760534   2244.1717520029365
0.13864767400083483   2092.085155785788   2156.215540338245
0.14271219243142114   1991.9791556822415   2065.3214041563024
0.14689586403346616   1888.3541424242621   1973.438086473196
0.1512021818353596   1784.6643858410187   1883.0657531359334
0.15563474126517718   1684.6842350044376   1796.5516848172895
0.16019724315257297   1592.0590126193501   1715.8326186228242
0.1648934968186736   1509.7558778986067   1642.413777100179
0.1697274232565544   1439.2222338019603   1576.9752407755072
0.17470305840495237   1379.5776091461828   1518.2081319780625
0.17982455651794954   1327.808086694587   1464.3726178659197
0.18509619363343993   1279.9364402614774   1413.1522216456924
0.19052237114327647   1232.1867970595383   1362.5286757226945
0.19610761946807834   1181.503517738179   1311.1744958479435
0.20185660183976684   1126.0574536898566   1258.3385671656986
0.20777411819498756   1066.2226877656408   1204.6507768377992
0.21386510918267082   1004.8021336341931   1151.738403789316
0.22013466028907505   945.5742035560743   1101.0711834132005
0.22658800608375756   891.5997470261377   1053.8543107753342
0.23323053459001789   844.5719493658402   1010.5660453715526
0.2400677917834628   804.4253064012347   970.7336662962146
0.24710548622244882   769.1166575705136   933.5186975421186
0.25434949381426813   735.5628982453088   897.6753641461939
0.2618058627210567   701.1101452359418   862.4401928102335
0.2694808184095226   664.4533693243617   827.479602887469
0.27738076884870827   626.481033498458   793.106271247109
0.2855123098601282   589.5483762301648   760.2116368131635
0.29388223062474755   555.7285321926105   729.3075453839092
0.3024975193514008   525.9161164033732   700.1456329399393
0.31136536911138296   499.5394002699616   672.7703195804905
0.3204931838440838   474.7743235734884   646.5581835815203
0.32988858453867975   449.9950142533512   621.2537680882803
0.3395594155970457   424.7884780579413   596.6249588474757
0.34951375138319807   399.93858712892035   573.0338877333637
0.3597599029647371   376.74273971667213   550.6271202963748
0.37030642505191835   355.790541579867   529.311747249795
0.3811621231401457   336.60752044402784   509.06337999909607
0.3923360608618501   318.28678566692673   489.67987078307783
0.4038375675538918   300.23997844287544   471.07220826996877
0.41567624604680364   282.6682586744722   453.2111077584419
0.42786198068238046   266.15365178649404   436.18390270734193
0.4404049455663077   250.9234825467825   419.9862986150025
0.4533156130627191   236.69093223378025   404.52253845519203
0.4666047625377753   223.04233485026302   389.700640451724
0.4802834893595659   209.9049288625801   375.52171954065614
0.49436321416184764   197.4747693775838   361.969323782252
0.5088556923793517   185.87459785940848   349.0466679902527
0.5237730240626238   174.9622789225111   336.69275525005384
0.5391276639805903   164.57586149055862   324.8690668548395
0.5549324320192869   154.70958983526316   313.5533882756774
0.5712005238854289   145.4291205667013   302.7366019803831
0.5879455221237613   136.70518933062854   292.39476278357137
0.6051814074573895   128.45436958639533   282.48872574076717
0.622922570460556   120.65071901431584   272.9979677159595
0.6411838235736077   113.30297141268149   263.90984072971895
0.6599804134701901   106.38588410923985   255.19998882922263
0.6793280337869897   99.86002308405533   246.8524875244103
0.6992428382266549   93.71030242789246   238.84975454720964
0.7197414540448374   87.91964785118651   231.1665486931839
0.7408409959326054   82.46843337735045   223.78565209303557
0.7625590803058332   77.33799448095539   216.69096907993173
0.7849138400134885   72.51061296237414   209.86739563447782
0.8079239394770964   67.96947397806427   203.3007527121105
0.8316085902740278   63.69862471778751   196.97772458435688
0.8559875671776167   59.68295395635006   190.8855657791484
0.8810812246675007   55.908244908864624   185.01085411709656
0.9069105139239728   52.361037294279214   179.3405214504979
0.9334970003205227   49.028544148629166   173.86241294220227
0.960862881429187   45.89862407806854   168.56522496047583
0.9890310055537336   42.959754303095494   163.4384468521382
1.0180248908061487   40.20100439405363   158.47230754171844
1.047868744742366   37.61201050755146   153.65772348971623
1.0785874845736239   35.18293676668796   148.98604695662948
1.1102067579703248   32.90444711198573   144.44892327852466
1.1427529644757777   30.767706848694512   140.03859809721604
1.1762532775476793   28.764361054256494   135.74791198337627
1.210735667245765   26.886511417224643   131.57026353893676
1.246228923584555   25.12669398068089   127.49957531879541
1.2827626805706884   23.47785777079128   123.53026227546427
1.3203674409449337   21.93334416168967   119.65721798211322
1.3590746016495152   20.486866402563106   115.87589164318176
1.3989164800420282   19.13249156099085   112.182182556985
1.4399263408778291   17.86462299111353   108.57235299037717
1.4821384240834183   16.677983015012064   105.04300654448662
1.525587973344019   15.567596362471992   101.5910680651713
1.5703112655292182   14.528774348928774   98.21376454994895
1.6163456409812174   13.557099757033962   94.90860927133556
1.6637295346910133   12.648411005633184   91.67370302929541
1.7125025083885144   11.798787509848085   88.50798081388979
1.7627052835733923   11.00453963472673   85.41055416279555
1.814379775514258   10.262196422448062   82.38061855849143
1.8675691282445197   9.568493538444155   79.4174455421537
1.922317750584177   8.92036181385523   76.52037504236425
1.9786713532176083   8.3149163598623   73.6888079165487
2.0366769868582977   7.749446021838259   70.92225017731784
2.0963830815323896   7.221401806602691   68.22076333532712
2.1578394870138577   6.728389018152911   65.58465695403423
2.2210975144450407   6.268159743095907   63.014149330959754
2.286209979177315   5.8386043591009225   60.50936501075099
2.3532312448676476   5.437743481855897   58.07033688135133
2.4222172688678643   5.0637203470386725   55.697008444639515
2.4932256489445366   4.71479361025716   53.38923692821947
2.5663156713684585   4.389331935674389   51.147041536429754
2.641548360413907   4.085809037557143   48.970908105917445
2.7189865293089923   3.8027939590663316   46.86118990308998
2.798694832679631   3.5389449429201494   44.81801956170599
2.8807398205309562   3.2930042153535237   42.84132429478578
2.9651899938111903   3.0637930471891863   40.93084099752724
3.05211586160442   2.8502070795236745   39.08613115394109
3.1415899999999994   2.6512112849173213   37.306569393939235
