0.01   202.69929273657482   202.69928553930237
0.010293154462191829   205.08123204997665   205.08122325665536
0.010594902878253955   207.39317436181116   207.39316384254067
0.010905497183778876   209.6292732088426   209.6292610988699
0.011225196699963396   211.7830914841666   211.7830780036159
0.011554268350120923   213.84795358086816   213.8479389712607
0.011892986882540897   215.8171490552723   215.8171335815366
0.012241635099881474   217.68399977466737   217.68398378783613
0.012600504095286909   219.4418929787022   219.44187698996993
0.012969893495426888   221.08425972161837   221.08424440975497
0.013350111710660605   222.60441221116258   222.60439832182806
0.013741476192534558   223.99501199357442   223.99499992789774
0.014144313698828986   225.24864109634174   225.24863079831337
0.01455896056637426   226.358011957457   226.35800289545116
0.014985762991865008   227.31590129412507   227.3158923158349
0.01542507732090645   228.11520355689854   228.11519276502148
0.015877270345534218   228.7490626691663   228.74904741496314
0.016342719610456153   229.2107296418177   229.21070702776302
0.016821813728271667   229.4932566252435   229.49322494119087
0.017314952703931925   229.58998275447448   229.58994174606676
0.017822548268711737   229.49466828295263   229.49461894721045
0.01834502422397195   229.20143590356378   229.20137806050863
0.018882816794999403   228.7048649024659   228.70479565426064
0.019436374995219892   228.00011684221744   228.00003058809634
0.02000616100108813   227.08294044855455   227.08282962190083
0.020592650537967844   225.9496708640167   225.9495274049523
0.021196333277324068   224.59736132305932   224.59717691318633
0.02181771324555934   223.0238968001229   223.02366313334673
0.022457309244835088   221.22842532234904   221.2281357859273
0.02311565528622961   219.21113852589266   219.2107889642255
0.023793301035594242   216.97309093432148   216.97267956512164
0.024490812272480036   214.5168396509376   214.516364286399
0.025208771362518027   211.84675709763627   211.8462110613483
0.0259477777436476   208.96810020515827   208.96747226244923
0.02670844842659881   205.88729370007727   205.88657079095182
0.027491418510046592   202.6135937674429   202.61277432468026
0.028297341710866907   199.15753992675928   199.15663767369495
0.029126890909937666   195.53022030900775   195.52926289568117
0.029980758713939952   191.74536822153598   191.74438731575145
0.030859658033628758   187.81940385436315   187.8184247306633
0.031764322679055976   183.76875255786726   183.7677938399236
0.03269550797224261   179.61080238840358   179.6098791264407
0.033653991377811755   175.36716541103826   175.36629976072078
0.03464057315210884   171.05961597264007   171.05883891277966
0.03565607701135116   166.70897039928542   166.708320415782
0.036701350819364466   162.33844378918428   162.33796203305806
0.03777726729548091   157.97262237474098   157.97234888480364
0.038884724743189276   153.63413070358772   153.6341041143069
0.04002464780014597   149.34559420155904   149.3458490415232
0.041197988210172884   145.13314230565726   145.13370204569026
0.04240572561788674   141.02106246419632   141.0219394407809
0.04364886838662332   137.03052035078997   137.03171715692764
0.04492845444033957   133.17658150231617   133.17809317821272
0.04624555213019635   129.47012242577597   129.47193806244343
0.04760126112654554   125.92044912829354   125.92255263347998
0.04899671333706607   122.53933442040577   122.54169246465133
0.05043307385181555   119.34480811466236   119.34734601343594
0.05191154191598653   116.35368155736744   116.35628448412298
0.053433351931179485   113.57450561786324   113.57702703061636
0.05499977448602865   110.98363499575572   110.98592155509328
0.05661211741704101   108.54984767939693   108.55174630301772
0.05827172690053434   106.24493810492574   106.24629485354845
0.05997998857658587   104.04514497036305   104.04580059670951
0.06173832870592997   101.92921511922788   101.92900430640452
0.0635482153607709   99.8735303985084   99.87228939652043
0.06541115965050462   97.84606335593885   97.84364811521601
0.06732871698337338   95.81517242948644   95.8114631445835
0.06930248836510605   93.7437687427402   93.73869386653678
0.07133412173562886   91.59172392397035   91.58527829375254
0.07342531334496233   89.32097722169931   89.3132357721954
0.07557780916945323   86.89385334532801   86.88500121332763
0.07779340636952398   84.28075964309865   84.27109005906647
0.08007395479015682   81.4703452998491   81.46026011145764
0.08242135850536496   78.46309491334502   78.45308398839704
0.08483757740794096   75.28274594214871   75.27333850099315
0.08732462884580919   71.96491974847476   71.9566517523273
0.08988458930634863   68.56398956051206   68.55737254536157
0.09251959615009227   65.13910605088412   65.13459326060129
0.09523184939525078   61.7540478221159   61.75196660915396
0.09802361355455057   58.47049725409649   58.471022212971974
0.10089721952591899   55.349474681548934   55.352597329673394
0.10385506653859616   52.448774420151096   52.45424919643735
0.10689962415629803   49.81992686385931   49.82725124056955
0.11003343433910281   47.49679006705925   47.50521677522676
0.11325911356578279   45.49793261820881   45.5064863524314
0.11657935501835284   43.808058919065   43.8156467042898
0.11999693083066039   42.38966536810122   42.39516241334748
0.12351469440289359   41.175004592229186   41.17744761230701
0.12713558278394044   40.0848372572471   40.083531615156495
0.13086261912358757   39.03068000037412   39.025327642302216
0.13469891519660646   37.9288970876461   37.91969274314426
0.13864767400083483   36.7074863086685   36.69516785514032
0.14271219243142114   35.3186897768423   35.30448731016774
0.14689586403346616   33.74795190816625   33.73341331540731
0.1512021818353596   32.01566263768534   32.00243553719037
0.15563474126517718   30.17468599500079   30.164294747235605
0.16019724315257297   28.300486718139776   28.294046268146822
0.1648934968186736   26.48306562953236   26.48104336810028
0.1697274232565544   24.815277082158428   24.81724751628158
0.17470305840495237   23.373174846568258   23.377700967055134
0.17982455651794954   22.188616406964076   22.193781963366177
0.18509619363343993   21.239267055038354   21.242886715048055
0.19052237114327647   20.464181682676646   20.46444375446666
0.19610761946807834   19.78528735264626   19.78114767518407
0.20185660183976684   19.117542217670312   19.108943762100917
0.20777411819498756   18.378082767012394   18.366156972148808
0.21386510918267082   17.515020817439506   17.50188625331829
0.22013466028907505   16.5365921041791   16.524659566082775
0.22658800608375756   15.502040490679066   15.493234334337084
0.23323053459001789   14.488791412782344   14.483769728503319
0.2400677917834628   13.568071844415874   13.566233782298095
0.24710548622244882   12.790048762334022   12.789508534931255
0.25434949381426813   12.159893586841289   12.15832132181245
0.2618058627210567   11.637098670526903   11.632690081958218
0.2694808184095226   11.15697822405051   11.149103216200704
0.27738076884870827   10.653518282584566   10.643062890170931
0.2855123098601282   10.091751710870522   10.080866741520778
0.29388223062474755   9.487595536966854   9.478157274833846
0.3024975193514008   8.886234488640211   8.879304506993691
0.31136536911138296   8.335309816745744   8.330345231856441
0.3204931838440838   7.864920936298914   7.860209984852888
0.32988858453867975   7.466285360069511   7.460162256540099
0.3395594155970457   7.102335878923272   7.094168083932185
0.34951375138319807   6.736311277453599   6.72679685217955
0.3597599029647371   6.351784277542815   6.342345028045701
0.37030642505191835   5.963219726766622   5.955052697543326
0.3811621231401457   5.599283491281258   5.592279080093409
0.3923360608618501   5.275915106035485   5.269019854706361
0.4038375675538918   4.988338886601187   4.980614108928415
0.41567624604680364   4.717045230766861   4.708387768284594
0.42786198068238046   4.446629607484174   4.437767921621108
0.4404049455663077   4.178926467764863   4.170603253398307
0.4533156130627191   3.9262153168446967   3.9184640862356277
0.4666047625377753   3.695898849877194   3.68816431564534
0.4802834893595659   3.4838305397060747   3.4757108032871127
0.49436321416184764   3.2810431085553398   3.2727059147020356
0.5088556923793517   3.084037110891119   3.075901930050003
0.5237730240626238   2.8970346743522137   2.8892230966946872
0.5391276639805903   2.723446565562193   2.7157247349243447
0.5549324320192869   2.5615132329702957   2.5537062057225746
0.5712005238854289   2.407453823902777   2.3996899515441137
0.5879455221237613   2.2606329699423644   2.2530828663675724
0.6051814074573895   2.122662109825391   2.115293562955484
0.622922570460556   1.9935585639736564   1.9862802072187413
0.6411838235736077   1.8717249990080163   1.8645605444037145
0.6599804134701901   1.7563848968429574   1.7494145892777235
0.6793280337869897   1.647919434102641   1.6411404653635318
0.6992428382266549   1.5459996701340353   1.539392538284579
0.7197414540448374   1.4500610969748666   1.4436320113641745
0.7408409959326054   1.3597545000518187   1.3535167029464839
0.7625590803058332   1.2747761303728355   1.268742189302485
0.7849138400134885   1.1948390712568395   1.1890197502596613
0.8079239394770964   1.1196694864364616   1.114073794468464
0.8316085902740278   1.0490062231760564   1.0436414771931877
0.8559875671776167   0.9826004098238088   0.9774723095832863
0.8810812246675007   0.9202150498452385   0.9153277618031137
0.9069105139239728   0.8616245844499453   0.8569808400746536
0.9334970003205227   0.8066129506460336   0.8022145432975345
0.960862881429187   0.7549729201702735   0.750821270706255
0.9890310055537336   0.7065082598834233   0.7026043256234625
1.0180248908061487   0.6610334074401569   0.657377571588734
1.047868744742366   0.6183729437698721   0.6149649378028076
1.0785874845736239   0.5783610880061646   0.5751999420550823
1.1102067579703248   0.5408412141577449   0.5379252309757301
1.1427529644757777   0.50566540919839   0.5029921442327356
1.1762532775476793   0.4726942975485267   0.47026037799116455
1.210735667245765   0.4417964647169931   0.4395975242764542
1.246228923584555   0.4128478024867843   0.4108785939988563
1.2827626805706884   0.3857311372681661   0.3839856445844564
1.3203674409449337   0.36033588058161414   0.3588074247193943
1.3590746016495152   0.3365576942984751   0.33523903358650203
1.3989164800420282   0.31429817023230644   0.3131815942849856
1.4399263408778291   0.29346450522191003   0.29254190598471264
1.4821384240834183   0.2739691213994883   0.2732319793288772
1.525587973344019   0.255729484520803   0.25516893696378207
1.5703112655292182   0.23866788255510807   0.2382748273702157
1.6163456409812174   0.22271116438013305   0.22247635189194717
1.6637295346910133   0.2077904910186735   0.20770460513029534
1.7125025083885144   0.19384109903431215   0.1938948283786398
1.7627052835733923   0.18080207558999614   0.18098617557932603
1.814379775514258   0.1686161372707364   0.16892152299617616
1.8675691282445197   0.15722941575067392   0.15764730710206035
1.922317750584177   0.14659128748124622   0.1471132291705862
1.9786713532176083   0.1366541941367678   0.1372720516114743
2.0366769868582977   0.12737346787335707   0.12807942389726273
2.0963830815323896   0.11870716573463673   0.119493717359428
2.1578394870138577   0.11061591278549766   0.11147586848720938
2.2210975144450407   0.10306275324601416   0.10398922928950412
2.286209979177315   0.09601299411794884   0.09699937385772256
2.3532312448676476   0.0894340703559273   0.09047395873530885
2.4222172688678643   0.08329544509719691   0.08438268362079851
2.4932256489445366   0.07756849113303396   0.07869717366438735
2.5663156713684585   0.07222637688666135   0.0733908615313934
2.641548360413907   0.06724395879669821   0.06843887632514829
2.7189865293089923   0.06259767977570481   0.06381793899953865
2.798694832679631   0.058265475744723016   0.059506269024102325
2.8807398205309562   0.054226714449688435   0.05548355624767066
2.9651899938111903   0.05046209232441037   0.05173083454298362
3.05211586160442   0.04695352709769425   0.04823033991128166
3.1415899999999994   0.0436840839611747   0.04496543714023549
