0.01   13908.348865407934   13907.206952612758
0.010293154462191829   14024.774918977351   14023.559457873807
0.010594902878253955   14134.30295104983   14133.006789478522
0.010905497183778876   14236.49880988155   14235.115427439257
0.011225196699963396   14330.926605448829   14329.44989619107
0.011554268350120923   14417.131679860195   14415.554809824309
0.011892986882540897   14494.659459671404   14492.974549950295
0.012241635099881474   14563.063037934342   14561.261183736426
0.012600504095286909   14621.880577917966   14619.951993100647
0.012969893495426888   14670.638413598112   14668.572582354958
0.013350111710660605   14708.877430407472   14706.66315767012
0.013741476192534558   14736.146336482998   14733.771693712242
0.014144313698828986   14751.980723832134   14749.43275945942
0.01455896056637426   14755.933486210713   14753.198229098309
0.014985762991865008   14747.582842560709   14744.645312894978
0.01542507732090645   14726.506723220398   14723.349971109912
0.015877270345534218   14692.295117854743   14688.899583635533
0.016342719610456153   14644.576114322104   14640.919777632209
0.016821813728271667   14583.00824276542   14579.066626983813
0.017314952703931925   14507.267869825122   14503.01381560642
0.017822548268711737   14417.077966488761   14412.481851322746
0.01834502422397195   14312.21456722611   14307.244590960472
0.018882816794999403   14192.497203752846   14187.119357344453
0.019436374995219892   14057.799616675036   14051.97788930372
0.02000616100108813   13908.061330595034   13901.758185499479
0.020592650537967844   13743.298564737377   13736.475857092515
0.021196333277324068   13563.612416335673   13556.23263162177
0.02181771324555934   13369.177316329613   13361.20414696521
0.022457309244835088   13160.250183414737   13151.64963998238
0.02311565528622961   12937.222625719798   12927.96743718843
0.023793301035594242   12700.57954620949   12690.650887635396
0.024490812272480036   12450.873487520223   12440.261037287233
0.025208771362518027   12188.807169656931   12177.512562257723
0.0259477777436476   11915.250691121842   11903.291670842049
0.02670844842659881   11631.119965310314   11618.529574609887
0.027491418510046592   11337.412606456845   11324.23943534914
0.028297341710866907   11035.380796957048   11021.694635736992
0.029126890909937666   10726.333604909558   10712.224968207845
0.029980758713939952   10411.56444079797   10397.14173959133
0.030859658033628758   10092.587847135112   10077.977255898944
0.031764322679055976   9771.09791682698   9756.442776349139
0.03269550797224261   9448.685842465837   9434.142998055813
0.033653991377811755   9126.939160259213   9112.675486385659
0.03464057315210884   8807.70077111118   8793.890270522335
0.03565607701135116   8492.700543609688   8479.52129196396
0.036701350819364466   8183.492441698873   8171.122833162061
0.03777726729548091   7881.852080081941   7870.454000797882
0.038884724743189276   7589.61665264589   7579.325190982642
0.04002464780014597   7308.345716300613   7299.271681786613
0.041197988210172884   7039.293656295874   7031.519683550611
0.04240572561788674   6783.379377799049   6776.946784262897
0.04364886838662332   6541.319168981687   6536.231650367609
0.04492845444033957   6313.728839121149   6309.951968778068
0.04624555213019635   6101.654413912834   6099.056451244843
0.04760126112654554   5906.278981666477   5904.607889769228
0.04899671333706607   5728.570242231521   5727.46992268526
0.05043307385181555   5568.087002601575   5567.134999823965
0.05191154191598653   5422.834730034385   5421.579809428575
0.053433351931179485   5290.9292756760005   5288.893504757513
0.05499977448602865   5170.686259984533   5167.363501375599
0.05661211741704101   5060.593932917184   5055.44821366839
0.05827172690053434   4959.223811302899   4951.693054581868
0.05997998857658587   4864.549339908329   4854.0929566114355
0.06173832870592997   4774.186457894575   4760.319115774921
0.0635482153607709   4685.647467355264   4667.9763705482455
0.06541115965050462   4595.7477071584735   4574.092356687979
0.06732871698337338   4501.330801757766   4475.755332373031
0.06930248836510605   4399.106824825442   4370.039587225034
0.07133412173562886   4285.901809695124   4254.192685309254
0.07342531334496233   4159.329618530562   4126.236933936466
0.07557780916945323   4017.901517435064   3985.059982575669
0.07779340636952398   3861.401645265841   3830.751618999146
0.08007395479015682   3691.145174693577   3664.8479452207725
0.08242135850536496   3509.336225143674   3489.6380810772794
0.08483757740794096   3319.052167470917   3308.142348301201
0.08732462884580919   3124.138459905248   3123.9406312118863
0.08988458930634863   2928.94249400258   2940.955461819332
0.09251959615009227   2738.072008738633   2763.2548375109163
0.09523184939525078   2556.070536075819   2594.747103085298
0.09802361355455057   2387.7535021087897   2439.351693290071
0.10089721952591899   2236.990053487738   2300.121970411065
0.10385506653859616   2106.796819673188   2179.0910378066405
0.10689962415629803   1998.744397960854   2077.1222742805676
0.11003343433910281   1912.3366555089226   1993.347916507342
0.11325911356578279   1845.5887700109872   1925.6853298720396
0.11657935501835284   1794.826332292145   1870.6662868139288
0.11999693083066039   1755.2679824708239   1824.1935014011467
0.12351469440289359   1721.3894234314018   1781.790251360546
0.12713558278394044   1687.1611861662552   1738.7450613736269
0.13086261912358757   1646.9086010663002   1690.9602885121258
0.13469891519660646   1595.9357428351627   1635.3813001014244
0.13864767400083483   1531.5472689230871   1570.4830768167994
0.14271219243142114   1453.3679266722984   1496.602655259416
0.14689586403346616   1363.4509604791251   1415.7663262307858
0.1512021818353596   1266.199584985068   1331.3473775482405
0.15563474126517718   1168.1123128110073   1248.1229972358458
0.16019724315257297   1076.4774340825004   1170.7455222678052
0.1648934968186736   997.3791846246547   1102.890054751956
0.1697274232565544   934.0768385369747   1046.2544112394348
0.17470305840495237   886.688854504948   999.9773518642546
0.17982455651794954   853.0565823305593   962.3162412527075
0.18509619363343993   829.2211856255632   930.6052626305991
0.19052237114327647   809.3032460382115   901.1301234943622
0.19610761946807834   786.5227557309189   870.0930676538557
0.20185660183976684   755.846325731263   835.1661243026123
0.20777411819498756   715.7494403278673   796.0918811039219
0.21386510918267082   668.1472277865344   754.6905173745096
0.22013466028907505   617.3954246390238   712.9672546239364
0.22658800608375756   569.2443743705179   673.799136171113
0.23323053459001789   528.6356028260167   639.042701150946
0.2400677917834628   497.7465106799118   609.5775427890837
0.24710548622244882   475.6914847438328   584.2215231282686
0.25434949381426813   458.85304899518263   561.3707436827426
0.2618058627210567   442.16331669832243   538.9488517098889
0.2694808184095226   421.8136683904184   515.70401954847
0.27738076884870827   396.85345524845525   491.6980285530841
0.2855123098601282   369.0217014102945   467.8029614220772
0.29388223062474755   342.0092219642182   444.9673555287079
0.3024975193514008   319.1915903191438   424.2336780911688
0.31136536911138296   301.5084469505838   405.679183188658
0.3204931838440838   287.5055457735669   388.39783887601135
0.32988858453867975   274.3208575550952   371.98323247504595
0.3395594155970457   259.57496517983134   355.837833364119
0.34951375138319807   243.0936221496079   339.80229951391294
0.3597599029647371   226.50734888054   324.51808719570795
0.37030642505191835   211.7483285398809   310.22305608462506
0.3811621231401457   199.5738301973045   296.9370348516516
0.3923360608618501   189.05577039076053   284.4254928643662
0.4038375675538918   178.66503282531977   272.442237963245
0.41567624604680364   167.73397443320178   260.8359385013241
0.42786198068238046   156.8092070003507   249.7212058132737
0.4404049455663077   146.87515901171446   239.25790035773846
0.4533156130627191   138.20308873516987   229.36134439355263
0.4666047625377753   130.24840293410304   220.0021164105827
0.4802834893595659   122.37579799728583   211.0376394403855
0.49436321416184764   114.61271673055664   202.44647121972451
0.5088556923793517   107.37314540013263   194.29757531254555
0.5237730240626238   100.82713847972073   186.6036845170778
0.5391276639805903   94.71619523755398   179.27024166032686
0.5549324320192869   88.80797645695685   172.2736342244638
0.5712005238854289   83.1774246264336   165.59452670647823
0.5879455221237613   77.96334661346455   159.25365193155255
0.6051814074573895   73.11610552316355   153.22729303421772
0.622922570460556   68.51214705002738   147.45718458699704
0.6411838235736077   64.15431284535943   141.9759724464348
0.6599804134701901   60.08907970739031   136.74997618072314
0.6793280337869897   56.281041906799295   131.76747139248357
0.6992428382266549   52.698830616489666   127.01309793190731
0.7197414540448374   49.33083186074712   122.47442628552287
0.7408409959326054   46.16625298449653   118.13983971378183
0.7625590803058332   43.19462014963323   113.99842477174785
0.7849138400134885   40.40579459291435   110.03992444946796
0.8079239394770964   37.789985140944815   106.25469469926531
0.8316085902740278   35.337743983417425   102.63364646508708
0.8559875671776167   33.03960510712037   99.16770337641053
0.8810812246675007   30.88615282452022   95.84777062825178
0.9069105139239728   28.868512253816988   92.66533244248059
0.9334970003205227   26.97834397679477   89.61244365419861
0.960862881429187   25.207811863998547   86.68168807573922
0.9890310055537336   23.54955285153282   83.86614028124816
1.0180248908061487   21.996649216630463   81.15932793432049
1.047868744742366   20.542648286505063   78.55501396217501
1.0785874845736239   19.18155186246781   76.04707237132094
1.1102067579703248   17.907707422114044   73.62977623103852
1.1427529644757777   16.715782511566346   71.29779920925534
1.1762532775476793   15.60074855753598   69.04618723682204
1.210735667245765   14.557865343926977   66.87033253991557
1.246228923584555   13.582666116570044   64.765949640784
1.2827626805706884   12.670936259685984   62.72899301952302
1.3203674409449337   11.818692315634546   60.75556018587089
1.3590746016495152   11.022187130911611   58.84201464155505
1.3989164800420282   10.277899363690459   56.98499093493875
1.4399263408778291   9.58252063863676   55.18137702678611
1.4821384240834183   8.932943376808671   53.42829803691513
1.525587973344019   8.32624926914827   51.723101233086794
1.5703112655292182   7.759698831699977   50.06336010717796
1.6163456409812174   7.230722098622826   48.44690566318957
1.6637295346910133   6.736907159294983   46.871756158516256
1.7125025083885144   6.275990561685321   45.33609022102916
1.7627052835733923   5.84584866806972   43.838237088891965
1.814379775514258   5.444489476667533   42.37666743157109
1.8675691282445197   5.070044886867962   40.94998469076715
1.922317750584177   4.720763293498499   39.55695442346263
1.9786713532176083   4.395002306235977   38.19665802620514
2.0366769868582977   4.091222680031143   36.86832196866468
2.0963830815323896   3.807982324727887   35.57123404232669
2.1578394870138577   3.5439304525720967   34.30473889744846
2.2210975144450407   3.2978020567228463   33.068233819873434
2.286209979177315   3.0684127038301914   31.861164656942087
2.3532312448676476   2.8546535223878546   30.683041670873358
2.4222172688678643   2.6554858747181562   29.53357986435684
2.4932256489445366   2.4699376544339   28.41258638896482
2.5663156713684585   2.2970996437280964   27.319863518548914
2.641548360413907   2.1361215918682728   26.255206975872408
2.7189865293089923   1.986208523784884   25.21840511340644
2.798694832679631   1.8466172697521903   24.20923816342344
2.8807398205309562   1.7166532806242158   23.227492385161735
2.9651899938111903   1.5956684961456347   22.273147275060783
3.05211586160442   1.4830578663777467   21.34628359999394
3.1415899999999994   1.378255793002716   20.446916497539164
