0.01   5403.743151377857   5403.517869541874
0.010293154462191829   5443.628268319974   5443.40057136353
0.010594902878253955   5480.502730780497   5480.273140135901
0.010905497183778876   5514.189444790985   5513.9582188256245
0.011225196699963396   5544.513717675569   5544.280826233237
0.011554268350120923   5571.300332535979   5571.065533069099
0.011892986882540897   5594.363355806962   5594.126496805206
0.012241635099881474   5613.518449381124   5613.2795441450135
0.012600504095286909   5628.586819018669   5628.346036244292
0.012969893495426888   5639.387625058013   5639.145095250814
0.013350111710660605   5645.740940116229   5645.49659884451
0.013741476192534558   5647.476198536985   5647.229781791027
0.014144313698828986   5644.428042747106   5644.17909764649
0.01455896056637426   5636.428542566521   5636.176454794357
0.014985762991865008   5623.321108311016   5623.065110873263
0.01542507732090645   5604.963415801651   5604.70258614576
0.015877270345534218   5581.220171570421   5580.953344576754
0.016342719610456153   5551.968808777003   5551.694533722103
0.016821813728271667   5517.106620622949   5516.823176554846
0.017314952703931925   5476.549646038758   5476.255003582519
0.017822548268711737   5430.231846114023   5429.923584840271
0.01834502422397195   5378.1110106883925   5377.786341053646
0.018882816794999403   5320.1713264476475   5319.827155446046
0.019436374995219892   5256.428963240428   5256.062116593614
0.02000616100108813   5186.929574892038   5186.536909033689
0.020592650537967844   5111.746991723796   5111.325436633771
0.021196333277324068   5030.99880948879   5030.545715651395
0.02181771324555934   4944.850791930029   4944.364360753256
0.022457309244835088   4853.4958054431445   4852.9750973570735
0.02311565528622961   4757.163163785497   4756.60816488068
0.023793301035594242   4656.159123958337   4655.571155421806
0.024490812272480036   4550.822642081518   4550.204392755224
0.025208771362518027   4441.509318062626   4440.8647500786465
0.0259477777436476   4328.65203359938   4327.98693466941
0.02670844842659881   4212.749792759509   4212.072222753296
0.027491418510046592   4094.296557198685   4093.616565087973
0.028297341710866907   3973.8171142423657   3973.146525938777
0.029126890909937666   3851.9527290157957   3851.3051663801075
0.029980758713939952   3729.3336175352833   3728.7241931640738
0.030859658033628758   3606.555343591799   3606.0002717411494
0.031764322679055976   3484.2935491199887   3483.8095670132834
0.03269550797224261   3363.2481072644296   3362.852036225074
0.033653991377811755   3244.0435611709718   3243.752092747405
0.03464057315210884   3127.3113488402923   3127.1404114383763
0.03565607701135116   3013.7868496450956   3013.7505081760046
0.036701350819364466   2904.123958024352   2904.2344557328356
0.03777726729548091   2798.8683900200135   2799.1358157732357
0.038884724743189276   2698.431857682691   2698.859453824216
0.04002464780014597   2603.1280479787515   2603.710674831674
0.041197988210172884   2513.207919400071   2513.933318860692
0.04240572561788674   2428.9991637231637   2429.848373385056
0.04364886838662332   2350.9843606177087   2351.931613238165
0.04492845444033957   2279.5904662022795   2280.6041098946507
0.04624555213019635   2214.984984733256   2216.0275471023315
0.04760126112654554   2156.5364169956442   2157.5624200113266
0.04899671333706607   2103.4912999634676   2104.44712108612
0.05043307385181555   2055.174337154122   2055.9986218301483
0.05191154191598653   2010.9802133622063   2011.604121433656
0.053433351931179485   1970.358897664699   1970.7064001160122
0.05499977448602865   1932.6576824198316   1932.6492388422569
0.05661211741704101   1896.9630921270864   1896.5229830982253
0.05827172690053434   1862.3643369401627   1861.4228615385666
0.05997998857658587   1827.7217617187912   1826.2292259058595
0.06173832870592997   1791.7862501712298   1789.7220506068702
0.0635482153607709   1753.3159095885333   1750.693884859267
0.06541115965050462   1711.0249711969748   1707.9024694287402
0.06732871698337338   1663.828298204594   1660.3056640035818
0.06930248836510605   1611.0234538330085   1607.2431040699128
0.07133412173562886   1552.2525669403256   1548.3936274443922
0.07342531334496233   1487.8465452223259   1484.1197642361394
0.07557780916945323   1418.4864255435962   1415.1229552495492
0.07779340636952398   1345.27900433416   1342.515386958475
0.08007395479015682   1269.5577719914684   1267.6218001443906
0.08242135850536496   1193.000297588085   1192.0963213525415
0.08483757740794096   1117.3474405961595   1117.633934582088
0.08732462884580919   1044.3911165812583   1045.955639093492
0.08988458930634863   976.0011355150991   978.8346652207571
0.09251959615009227   913.8757766842973   917.8720032775153
0.09523184939525078   859.3313280867084   864.2729402549068
0.09802361355455057   813.2996839263618   818.86551965834
0.10089721952591899   775.8535557028354   781.6716056712933
0.10385506653859616   746.5433721873468   752.2131584019018
0.10689962415629803   724.0956322257931   729.2022799859551
0.11003343433910281   706.862879348818   711.0265204213873
0.11325911356578279   692.7392685795678   695.7097031749488
0.11657935501835284   679.4260859300347   681.0966281677607
0.11999693083066039   664.5993795242673   665.037589982734
0.12351469440289359   646.212847979471   645.7238890392158
0.12713558278394044   622.8747516041719   621.9631119597516
0.13086261912358757   594.0393286139456   593.3384415831357
0.13469891519660646   560.1345337894095   560.3285305751929
0.13864767400083483   522.5421996595912   524.2667023208917
0.14271219243142114   483.5185868051589   487.21009715329325
0.14689586403346616   445.86477451848754   451.64491874924266
0.1512021818353596   412.2926762157303   419.934022147637
0.15563474126517718   384.59779948929753   393.54432719433646
0.16019724315257297   363.2899246338445   372.84588700465747
0.1648934968186736   347.84177749486764   357.25194619688256
0.1697274232565544   336.9729782345784   345.54544767027386
0.17470305840495237   328.6556393227509   335.95704239899186
0.17982455651794954   320.2578405260607   326.2552101423524
0.18509619363343993   309.3841468032607   314.55251962129955
0.19052237114327647   294.83749946158423   299.9616963528785
0.19610761946807834   276.87655903269757   282.76428883498744
0.20185660183976684   256.8838956601393   264.1666927996037
0.20777411819498756   236.99126376032862   245.9235088791703
0.21386510918267082   219.40938369057216   229.6898661703852
0.22013466028907505   205.49310074988443   216.48925223346092
0.22658800608375756   195.36086923866407   206.20517846083285
0.23323053459001789   187.9844670764088   198.02836407378456
0.2400677917834628   181.47287137643673   190.51846906894974
0.24710548622244882   173.98311657486633   182.36618718330433
0.25434949381426813   164.6692205587865   173.04414210367761
0.2618058627210567   153.81929947856304   162.83399618525303
0.2694808184095226   142.66230732096534   152.60189403841557
0.27738076884870827   132.7297262975214   143.39165110756034
0.2855123098601282   124.82633096157586   135.65049094064733
0.29388223062474755   118.71434463667177   129.16356118588203
0.3024975193514008   113.4102349042732   123.24428409555418
0.31136536911138296   107.77725405170901   117.24473870926803
0.3204931838440838   101.3634938047086   110.90389854141355
0.32988858453867975   94.60042506914334   104.51869021663923
0.3395594155970457   88.28731527211994   98.54641677117073
0.34951375138319807   82.97368909942897   93.2680583307548
0.3597599029647371   78.5336490734632   88.5548742259711
0.37030642505191835   74.37412908471019   84.08711158412285
0.3811621231401457   70.03938907855094   79.64859274113503
0.3923360608618501   65.57481655356762   75.28402536381408
0.4038375675538918   61.36429405470795   71.16304440099799
0.41567624604680364   57.66421519097406   67.39136286379095
0.42786198068238046   54.36671216550041   63.9038185520132
0.4404049455663077   51.17811167881979   60.560802883070856
0.4533156130627191   47.99853732837364   57.33595672652275
0.4666047625377753   44.96120466291105   54.27564043372207
0.4802834893595659   42.20015533206555   51.41852068126638
0.49436321416184764   39.66679245320763   48.74201168165177
0.5088556923793517   37.238564999113365   46.194023878516866
0.5237730240626238   34.8982589892253   43.76791701228973
0.5391276639805903   32.71025175377553   41.483192534528634
0.5549324320192869   30.68779964029131   39.33364638473361
0.5712005238854289   28.77934799745486   37.29974826148333
0.5879455221237613   26.96404469520363   35.373286769307214
0.6051814074573895   25.260551116588378   33.553503340121125
0.622922570460556   23.672097800577298   31.838734331205963
0.6411838235736077   22.177751485021577   30.21798608331238
0.6599804134701901   20.771237365864053   28.685672124221778
0.6793280337869897   19.448400042683147   27.23722116024091
0.6992428382266549   18.205164532860966   25.868263745945985
0.7197414540448374   17.037549112456677   24.5746273820173
0.7408409959326054   15.941676096249111   23.35233128469189
0.7625590803058332   14.913780517971   22.19758078332681
0.7849138400134885   13.950105317568411   21.106699457616365
0.8079239394770964   13.046765184040527   20.076037976578696
0.8316085902740278   12.200058221350439   19.102131835588374
0.8559875671776167   11.406508669183848   18.18171980318167
0.8810812246675007   10.66285289900852   17.311732068735676
0.9069105139239728   9.966026303168558   16.489279060445533
0.9334970003205227   9.313151017839274   15.711640898270476
0.960862881429187   8.70153634182495   14.976254064247021
0.9890310055537336   8.12869814975098   14.280692925787125
1.0180248908061487   7.592302848293992   13.622673164701892
1.047868744742366   7.090146687155078   13.000046805319428
1.0785874845736239   6.620149401512026   12.410793934158749
1.1102067579703248   6.180348095955032   11.853014924365928
1.1427529644757777   5.768891366492084   11.324923134591888
1.1762532775476793   5.384032173456562   10.824830011684824
1.210735667245765   5.024115736682038   10.351100485162533
1.246228923584555   4.687582091905922   9.902185202764404
1.2827626805706884   4.372964563121115   9.476633988919955
1.3203674409449337   4.078884505042568   9.073089068985945
1.3590746016495152   3.8040463124780017   8.69027875069903
1.3989164800420282   3.547232691455094   8.327011564614548
1.4399263408778291   3.307300270199684   7.982167013171656
1.4821384240834183   3.083176061200767   7.654659405036686
1.525587973344019   2.8738528388086086   7.3434552361803425
1.5703112655292182   2.6783848382712434   7.047590147153936
1.6163456409812174   2.495884210188004   6.76616404827192
1.6637295346910133   2.3255176689150074   6.4983364110470285
1.7125025083885144   2.166503320184087   6.243321934106254
1.7627052835733923   2.0181076479798734   6.000385080376005
1.814379775514258   1.879642515936069   5.768815037868203
1.8675691282445197   1.7504625723961056   5.547930838549184
1.922317750584177   1.629962869479836   5.3370980959426
1.9786713532176083   1.5175764568370236   5.135726011291004
2.0366769868582977   1.4127721054435114   4.943264089495722
2.0963830815323896   1.3150521593297542   4.759199128245005
2.1578394870138577   1.2239504993647696   4.583051973473797
2.2210975144450407   1.139030374160738   4.414361114904198
2.286209979177315   1.0598826479943164   4.2526806331811695
2.3532312448676476   0.9861244474363106   4.097595564653836
2.4222172688678643   0.9173975544857722   3.9487205112767327
2.4932256489445366   0.8533668753132431   3.805697425228637
2.5663156713684585   0.7937189998851135   3.668193580750593
2.641548360413907   0.7381608514871766   3.5358997906606504
2.7189865293089923   0.686418699886037   3.4085341579928614
2.798694832679631   0.6382370489043755   3.285843194849252
2.8807398205309562   0.5933769791616205   3.167590970938668
2.9651899938111903   0.5516150728498376   3.053557009827534
3.05211586160442   0.5127424525554755   2.9435352411865905
3.1415899999999994   0.4765638760364486   2.837333030441132
