0.01   15881.51352489942   15879.310407463814
0.010293154462191829   16013.475233275854   16011.114567931589
0.010594902878253955   16136.831904652256   16134.301948905986
0.010905497183778876   16251.046906494894   16248.333372500676
0.011225196699963396   16355.58840901757   16352.67450482836
0.011554268350120923   16449.906807940344   16446.774349846422
0.011892986882540897   16533.438039174544   16530.06855643467
0.012241635099881474   16605.63007483754   16602.00493886562
0.012600504095286909   16665.936217827024   16662.03606635665
0.012969893495426888   16713.79489543788   16709.597609977118
0.013350111710660605   16748.660161644868   16744.140544938764
0.013741476192534558   16770.009613559814   16765.13954901258
0.014144313698828986   16777.31935284571   16772.06844167398
0.01455896056637426   16770.077538884278   16764.413626420745
0.014985762991865008   16747.809711047626   16741.69911486797
0.01542507732090645   16710.0724342409   16703.47917652305
0.015877270345534218   16656.444133401434   16649.327971876537
0.016342719610456153   16586.55103036839   16578.867533182613
0.016821813728271667   16500.07388518123   16491.77493905357
0.017314952703931925   16396.74524192209   16387.780074062895
0.017822548268711737   16276.357584986368   16266.673571756759
0.01834502422397195   16138.77132870655   16128.31460150145
0.018882816794999403   15983.933282503134   15972.64979543266
0.019436374995219892   15811.887924186374   15799.724785682436
0.02000616100108813   15622.75672210328   15609.662903564249
0.020592650537967844   15416.752470310363   15402.680113674433
0.021196333277324068   15194.248625615859   15179.15731587046
0.02181771324555934   14955.719855426825   14939.578245761404
0.022457309244835088   14701.713516483398   14684.499660520765
0.02311565528622961   14432.957996164905   14414.66350554499
0.023793301035594242   14150.367445467053   14131.001759960285
0.024490812272480036   13854.90364926797   13834.4933937711
0.025208771362518027   13547.633366757682   13526.222753216522
0.0259477777436476   13229.919572157129   13207.574713913837
0.02670844842659881   12903.180257288863   12879.98835645628
0.027491418510046592   12568.825517729996   12544.892532684775
0.028297341710866907   12228.540867883092   12203.991303087994
0.029126890909937666   11884.19096759399   11859.166803310367
0.029980758713939952   11537.533719920306   11512.191189963833
0.030859658033628758   11190.36037617122   11164.865762703239
0.031764322679055976   10844.735565473464   10819.2594653464
0.03269550797224261   10502.595224747907   10477.309658326378
0.033653991377811755   10165.713568107216   10140.788114349156
0.03464057315210884   9836.119595904156   9811.70055766163
0.03565607701135116   9515.86078809896   9492.060997029661
0.036701350819364466   9206.711086968578   9183.61277864347
0.03777726729548091   8910.098817312539   8887.748316706811
0.038884724743189276   8627.059869880171   8605.45549407798
0.04002464780014597   8358.437136658908   8337.533209319947
0.041197988210172884   8105.003775033682   8084.705280125275
0.04240572561788674   7867.9553797331055   7848.047345732891
0.04364886838662332   7648.555109784133   7628.682910720566
0.04492845444033957   7447.825391097217   7427.510700045019
0.04624555213019635   7264.924557054739   7243.625843271585
0.04760126112654554   7097.406591552776   7074.571413674091
0.04899671333706607   6942.988414933078   6918.054425384873
0.05043307385181555   6799.667159596336   6772.057778854643
0.05191154191598653   6665.68455776452   6634.805647155044
0.053433351931179485   6539.32774001472   6504.57696975706
0.05499977448602865   6418.120989268697   6378.963759134638
0.05661211741704101   6299.280241237171   6255.291134670723
0.05827172690053434   6179.838595628408   6130.757066572787
0.05997998857658587   6056.125925968183   6001.989677973268
0.06173832870592997   5924.593625811671   5865.769990888617
0.0635482153607709   5781.65109226387   5718.973538057194
0.06541115965050462   5624.016629800115   5558.820903388507
0.06732871698337338   5449.6850581546105   5383.7859737240115
0.06930248836510605   5257.864006158736   5193.500084126465
0.07133412173562886   5049.222381098872   4988.936215331816
0.07342531334496233   4825.889969973794   4772.390812953208
0.07557780916945323   4591.273451040992   4547.2219813407855
0.07779340636952398   4349.833869372954   4317.64781488233
0.08007395479015682   4106.520848477568   4088.216752882353
0.08242135850536496   3866.4111385891583   3863.4894640103157
0.08483757740794096   3634.8867654264054   3648.085078587736
0.08732462884580919   3417.1421408719475   3446.3002375419946
0.08988458930634863   3218.3818635868574   3262.215483514947
0.09251959615009227   3042.560851859967   3098.823151359739
0.09523184939525078   2892.2961704989075   2957.78448320054
0.09802361355455057   2768.2987377557843   2839.1237748172675
0.10089721952591899   2668.7041440668163   2740.557852757383
0.10385506653859616   2589.806594662782   2658.5855895080504
0.10689962415629803   2526.1137709252994   2588.5509396932835
0.11003343433910281   2471.0350373854326   2524.966286499965
0.11325911356578279   2417.5330221937043   2462.2113403278577
0.11657935501835284   2358.59342334639   2395.188664681473
0.11999693083066039   2288.3784663700076   2319.8931824758724
0.12351469440289359   2202.9659673273845   2233.8774686349293
0.12713558278394044   2101.3288269579534   2136.9996795303086
0.13086261912358757   1985.3143788061368   2031.5806160668444
0.13469891519660646   1859.3868871526724   1921.3350597740277
0.13864767400083483   1730.2434232783908   1810.6882372821801
0.14271219243142114   1606.2408666772722   1705.5920028614407
0.14689586403346616   1495.4771514104004   1610.977755016557
0.1512021818353596   1403.3870953852854   1529.7658563605605
0.15563474126517718   1331.368483439233   1462.28085373914
0.16019724315257297   1277.1566808155587   1406.234172811217
0.1648934968186736   1236.2183040502916   1358.1538856604864
0.1697274232565544   1202.2817013430395   1314.3451110274925
0.17470305840495237   1167.5514107537215   1270.3690244833642
0.17982455651794954   1124.8514841099714   1222.5155279744667
0.18509619363343993   1070.9317833354764   1169.473357879201
0.19052237114327647   1007.2581308317793   1112.607699317439
0.19610761946807834   938.6153684887964   1055.1017370637178
0.20185660183976684   871.4103398916862   1000.0890209319817
0.20777411819498756   812.0562602563953   950.1827304801781
0.21386510918267082   764.3511718400332   906.7283611306299
0.22013466028907505   728.1326165565637   868.9148216540397
0.22658800608375756   699.8886437435472   835.2445999187297
0.23323053459001789   673.8469742049178   802.9582838731908
0.2400677917834628   644.5113060764323   769.8764523537609
0.24710548622244882   609.7638033604729   736.0639666868366
0.25434949381426813   571.1225080279788   701.9374574019764
0.2618058627210567   532.3694361014509   669.2312272663097
0.2694808184095226   497.8995566627168   638.7343771055758
0.27738076884870827   469.8563903087914   611.286018270965
0.2855123098601282   447.0707494865162   585.9427520894233
0.29388223062474755   426.4523288434645   561.9209547486563
0.3024975193514008   404.7988469667261   538.3644109770028
0.31136536911138296   381.04679371940637   515.256373612682
0.3204931838440838   356.7748405784852   492.88449944126324
0.32988858453867975   334.324518976626   471.7385966296048
0.3395594155970457   315.0339432064942   452.0990003140382
0.34951375138319807   298.3159666951127   433.6150892023402
0.3597599029647371   282.3852995840246   415.9152558607512
0.37030642505191835   266.0612912477151   398.8432499015232
0.3811621231401457   249.67557410424726   382.44798688107716
0.3923360608618501   234.32593386287598   366.8645927654654
0.4038375675538918   220.62428792716747   352.1724096414561
0.41567624604680364   208.12279618512306   338.2404087210433
0.42786198068238046   196.0256240277704   324.89972466836804
0.4404049455663077   184.135063959509   312.1145339684212
0.4533156130627191   172.86605537998628   299.9533477384728
0.4666047625377753   162.52133703506945   288.4159666747873
0.4802834893595659   152.9081783749907   277.44573504165027
0.49436321416184764   143.70157607503853   266.9586555344522
0.5088556923793517   134.89384794954742   256.9365727139269
0.5237730240626238   126.65095842022772   247.4033752936963
0.5391276639805903   118.96810848927146   238.32893172676754
0.5549324320192869   111.70171144329287   229.6656312005903
0.5712005238854289   104.80923008803668   221.38723224886536
0.5879455221237613   98.33823279070491   213.4951495158684
0.6051814074573895   92.26832172674227   205.96575602113558
0.622922570460556   86.55591980374365   198.77397978858173
0.6411838235736077   81.17498270844258   191.90312396420887
0.6599804134701901   76.10900380157864   185.33575642627906
0.6793280337869897   71.34211370714095   179.05548908909313
0.6992428382266549   66.85897404491662   173.04693549878627
0.7197414540448374   62.64478787123847   167.2956431179604
0.7408409959326054   58.68530629962023   161.78803060847548
0.7625590803058332   54.96679396528892   156.51127359005608
0.7849138400134885   51.475536357773414   151.45248356869024
0.8079239394770964   48.19811828310617   146.5989663456819
0.8316085902740278   45.121882076668804   141.93885579522336
0.8559875671776167   42.23489717594774   137.4610709564074
0.8810812246675007   39.525919311896885   133.15525974998675
0.9069105139239728   36.98435195949408   129.01174727900306
0.9334970003205227   34.600213714290874   125.02146921463601
0.960862881429187   32.36418017301212   121.17552661179242
0.9890310055537336   30.267525068131263   117.4652116544185
1.0180248908061487   28.30200088700083   113.88240714385148
1.047868744742366   26.459812112696728   110.41956316669342
1.0785874845736239   24.733593305786876   107.06965798422796
1.1102067579703248   23.11638802686524   103.8261621853019
1.1427529644757777   21.60162811713106   100.68300149393843
1.1762532775476793   20.183098642630718   97.63437685656892
1.210735667245765   18.854920451563224   94.67471937905378
1.246228923584555   17.61155476259008   91.7988650317248
1.2827626805706884   16.447786092054724   89.00204161400181
1.3203674409449337   15.358704575260017   86.27984431483878
1.3590746016495152   14.339689168925494   83.62821316427689
1.3989164800420282   13.386391720573641   81.04341303805488
1.4399263408778291   12.494723307257686   78.52207051414325
1.4821384240834183   11.660840242401992   76.06118169360712
1.525587973344019   10.88112778064146   73.65800234446729
1.5703112655292182   10.152187090023446   71.31002418965407
1.6163456409812174   9.470823134810825   69.01496115158393
1.6637295346910133   8.834033180130138   66.77073635500416
1.7125025083885144   8.238995887893548   64.57547080561574
1.7627052835733923   7.683060541899481   62.427628777376654
1.814379775514258   7.163736950191509   60.32614801016752
1.8675691282445197   6.67868715405603   58.270104427129
1.922317750584177   6.225716719137059   56.258660732916
1.9786713532176083   5.802766368719931   54.29105999208311
2.0366769868582977   5.407904071382791   52.366619394442125
2.0963830815323896   5.0393175598568885   50.484724377199605
2.1578394870138577   4.695306675058354   48.64493894368375
2.2210975144450407   4.374275939086066   46.84717269955758
2.286209979177315   4.074729890740603   45.09137384875171
2.3532312448676476   3.795267338125097   43.37746994413841
2.4222172688678643   3.5345756459501425   41.705366720107136
2.4932256489445366   3.291425352077796   40.07494703511946
2.5663156713684585   3.064665095583085   38.4860699315123
2.641548360413907   2.8532174890881756   36.93869270537069
2.7189865293089923   2.6560759652543555   35.43315111835297
2.798694832679631   2.472298250008092   33.96975752070914
2.8807398205309562   2.301001923686183   32.54870012941325
2.9651899938111903   2.141360802343578   31.170050090297256
3.05211586160442   1.9926015230534144   29.833768577332002
3.1415899999999994   1.854000322867349   28.539713888736628
