0.01   17590.954027348296   17586.503526885564
0.010293154462191829   17753.197037620757   17748.36730593059
0.010594902878253955   17907.83940838881   17902.601773380233
0.010905497183778876   18054.375673973937   18048.69605247766
0.011225196699963396   18192.299751434944   18186.13815422017
0.011554268350120923   18321.104827453943   18314.415736447685
0.011892986882540897   18440.262293122665   18432.9974508268
0.012241635099881474   18549.238961968993   18541.348642259858
0.012600504095286909   18647.509809461924   18638.94295959596
0.012969893495426888   18734.54232568605   18725.245109820946
0.013350111710660605   18809.791682238643   18799.705394606368
0.013741476192534558   18872.72680656321   18861.787904013367
0.014144313698828986   18922.82910476948   18910.969344630867
0.01455896056637426   18959.57116877504   18946.717366542834
0.014985762991865008   18982.440556579808   18968.51477381293
0.01542507732090645   18990.9517977322   18975.871697715636
0.015877270345534218   18984.630876058032   18968.308587887816
0.016342719610456153   18963.017372850078   18945.358321451582
0.016821813728271667   18925.688196226685   18906.591670887996
0.017314952703931925   18872.25848878091   18851.618044158018
0.017822548268711737   18802.37489765056   18780.077912128036
0.01834502422397195   18715.73021859373   18691.658559576492
0.018882816794999403   18612.070649570916   18586.101798841126
0.019436374995219892   18491.20519767791   18463.214296627444
0.02000616100108813   18353.007487692408   18322.86929328392
0.020592650537967844   18197.41320952962   18165.00339700375
0.021196333277324068   18024.439732898383   17989.636697627102
0.02181771324555934   17834.218648218728   17796.906149065366
0.022457309244835088   17626.95496689739   17587.02363548699
0.02311565528622961   17402.927293503366   17360.276558062837
0.023793301035594242   17162.574952087118   17117.12178451021
0.024490812272480036   16906.457390934218   16858.141738094277
0.025208771362518027   16635.1891338895   16583.97415698042
0.0259477777436476   16349.521129737974   16295.396363392325
0.02670844842659881   16050.426758446858   15993.414291965188
0.027491418510046592   15738.92648706819   15679.080368762547
0.028297341710866907   15416.0898457461   15353.49538668938
0.029126890909937666   15083.259352373092   15018.039798701091
0.029980758713939952   14741.885939803924   14674.203344662488
0.030859658033628758   14393.384678924675   14323.435852517232
0.031764322679055976   14039.324352396226   13967.338226577898
0.03269550797224261   13681.52444284579   13607.759909689636
0.033653991377811755   13321.721970028062   13246.462913295933
0.03464057315210884   12961.593892755398   12885.142572044864
0.03565607701135116   12603.046679689776   12525.709585008392
0.036701350819364466   12247.950036589009   12170.03077293768
0.03777726729548091   11897.99658376144   11819.792537450427
0.038884724743189276   11554.902409874327   11476.683764927828
0.04002464780014597   11220.440961648808   11142.427544633667
0.041197988210172884   10896.188406920752   10818.551333524216
0.04240572561788674   10583.473114800008   10506.329151697057
0.04364886838662332   10283.23241416447   10206.607788998977
0.04492845444033957   9996.206896718686   9920.034821997375
0.04624555213019635   9723.022674153373   9647.150877924458
0.04760126112654554   9464.217217618761   9388.376054844459
0.04899671333706607   9220.252817298999   9144.027281013403
0.05043307385181555   8991.515265222615   8914.356786649485
0.05191154191598653   8777.417112403831   8698.705084280835
0.053433351931179485   8575.419297375454   8494.577441679787
0.05499977448602865   8382.936237776585   8299.445316278032
0.05661211741704101   8197.715924204205   8111.116858171549
0.05827172690053434   8017.957732065764   7927.86096650689
0.05997998857658587   7842.02537025399   7748.113956338913
0.06173832870592997   7667.836497852272   7569.971420122358
0.0635482153607709   7492.789558407797   7391.130098866121
0.06541115965050462   7314.366694285927   7209.39832067063
0.06732871698337338   7129.596764939046   7022.341397869043
0.06930248836510605   6935.601742541234   6827.657115482218
0.07133412173562886   6730.008892475151   6623.579038278987
0.07342531334496233   6510.991898710817   6408.89563462815
0.07557780916945323   6277.90326055446   6183.434331078573
0.07779340636952398   6031.8636891119495   5948.620016333401
0.08007395479015682   5774.900677139698   5706.524709993045
0.08242135850536496   5510.504609568235   5460.282307185323
0.08483757740794096   5242.626630112097   5213.3555832627135
0.08732462884580919   4975.961833303406   4969.847514844531
0.08988458930634863   4715.0383945972335   4733.458566053506
0.09251959615009227   4464.2196362630375   4507.385935709898
0.09523184939525078   4227.675295430408   4294.611378858849
0.09802361355455057   4009.2646937340987   4097.817186679246
0.10089721952591899   3812.197873838726   3918.8258921339902
0.10385506653859616   3638.7522613150186   3758.7137380468744
0.10689962415629803   3488.944348338473   3616.884937873229
0.11003343433910281   3361.4034787862442   3491.7547587145796
0.11325911356578279   3251.9770633117296   3379.7842685195073
0.11657935501835284   3155.499478099774   3276.9071193444897
0.11999693083066039   3065.62227549918   3178.66052020122
0.12351469440289359   2976.146970866796   3080.8795348881767
0.12713558278394044   2881.3791344492784   2979.98891172808
0.13086261912358757   2777.0197674854617   2873.977231202355
0.13469891519660646   2660.719726235148   2762.1391412810976
0.13864767400083483   2532.614735925487   2645.0687531729823
0.14271219243142114   2395.3558523753177   2524.7802494556954
0.14689586403346616   2253.3352167764237   2404.186055412258
0.1512021818353596   2112.1126475062474   2286.690198457409
0.15563474126517718   1977.9876352535002   2175.7578389843807
0.16019724315257297   1857.113621512677   2074.0349467302885
0.1648934968186736   1753.731767530834   1983.163364041238
0.1697274232565544   1668.6206887258536   1902.9347316948572
0.17470305840495237   1598.7851851966043   1830.8586299772871
0.17982455651794954   1539.1088581677868   1764.2661618201948
0.18509619363343993   1484.0537426304338   1700.519882088257
0.19052237114327647   1427.9753684355098   1637.4871532478035
0.19610761946807834   1365.8556573177293   1573.24718856234
0.20185660183976684   1295.5904895511094   1507.2138890121337
0.20777411819498756   1219.365954331084   1441.050388769059
0.21386510918267082   1142.0613538442021   1377.0013820523525
0.22013466028907505   1068.6024825972024   1316.1461512639305
0.22658800608375756   1003.1883441641427   1259.728554693157
0.23323053459001789   948.0323853009274   1208.1459140789752
0.2400677917834628   902.1535417085345   1160.374032492397
0.24710548622244882   862.0792710682631   1115.3570310066189
0.25434949381426813   823.4775917050187   1071.8982700844256
0.2618058627210567   782.6231821349626   1029.4822594059563
0.2694808184095226   738.5082446988719   987.5940621778104
0.27738076884870827   693.2025925459542   947.1668576931058
0.2855123098601282   649.7111036988492   908.4851776352367
0.29388223062474755   610.6001917887404   872.2044182732579
0.3024975193514008   576.8955315759521   838.028618569749
0.31136536911138296   547.1618202969464   805.6561509732084
0.3204931838440838   518.9443433362019   774.7464581480909
0.32988858453867975   490.4367546891026   744.8513352531367
0.3395594155970457   461.3330727854711   716.1911272278951
0.34951375138319807   432.99529054448203   688.6500155727865
0.3597599029647371   406.93696787636696   662.5394561665854
0.37030642505191835   383.5477851159447   637.784637659843
0.3811621231401457   362.14148632862043   614.2052883347236
0.3923360608618501   341.5677409222584   591.6617569984992
0.4038375675538918   321.29567896881963   569.996936289821
0.41567624604680364   301.7349903042846   549.2998629080774
0.42786198068238046   283.5039819668377   529.5813375408413
0.4404049455663077   266.74607544555045   510.82016414575844
0.4533156130627191   251.04457860083477   492.8932228794389
0.4666047625377753   236.00542638358746   475.7315304326722
0.4802834893595659   221.59355412760482   459.3012273473812
0.49436321416184764   208.05580208538018   443.6159516347727
0.5088556923793517   195.43775864818664   428.6471895483866
0.5237730240626238   183.57172095504274   414.33064260406655
0.5391276639805903   172.30382919000414   400.6081924799365
0.5549324320192869   161.65260626107394   387.4821589666181
0.5712005238854289   151.66383940150558   374.9199012587771
0.5879455221237613   142.2827891602744   362.8893402414576
0.6051814074573895   133.43173558800507   351.35521910467844
0.622922570460556   125.08857035814208   340.2865723993429
0.6411838235736077   117.25100999432263   329.6677390834296
0.6599804134701901   109.88909558796746   319.47940051075375
0.6793280337869897   102.9582814574031   309.68559434950004
0.6992428382266549   96.43986489366232   300.2667547389973
0.7197414540448374   90.31769339892757   291.20609349426564
0.7408409959326054   84.56864436028263   282.4820202170293
0.7625590803058332   79.17077790778762   274.0743067059548
0.7849138400134885   74.10340997239334   265.96409867256824
0.8079239394770964   69.34704137113388   258.13381904152186
0.8316085902740278   64.88329090962289   250.56707936851728
0.8559875671776167   60.694832269805104   243.24859862916765
0.8810812246675007   56.76537637452896   236.16397786623787
0.9069105139239728   53.079808809550315   229.2988793046929
0.9334970003205227   49.623917235077045   222.63964322867304
0.960862881429187   46.38424041059699   216.17360725001043
0.9890310055537336   43.34803454610622   209.88904297702584
1.0180248908061487   40.50324087540888   203.7750972241924
1.047868744742366   37.838454226107864   197.82173805222686
1.0785874845736239   35.34289259326341   192.0197051423182
1.1102067579703248   33.00635113143273   186.36043826585978
1.1427529644757777   30.81914202607161   180.83597871810449
1.1762532775476793   28.77212266955107   175.43900777961434
1.210735667245765   26.856679642042398   170.1628292745328
1.246228923584555   25.064700348827063   165.0013348730265
1.2827626805706884   23.38854601310024   159.9489716356816
1.3203674409449337   21.821025971290517   155.0007115279968
1.3590746016495152   20.35537324278915   150.15202588067663
1.3989164800420282   18.98522373622351   145.3992067608798
1.4399263408778291   17.704595408276337   140.73959297290585
1.4821384240834183   16.507862219657603   136.17088412195903
1.525587973344019   15.389733897446723   131.69104303083506
1.5703112655292182   14.34523727988194   127.2982788696352
1.6163456409812174   13.369698592553005   122.99103071119647
1.6637295346910133   12.458726617369445   118.76795146468281
1.7125025083885144   11.60819663536503   114.62792001101569
1.7627052835733923   10.81423325530219   110.57074528283498
1.814379775514258   10.07319654492849   106.59709568271066
1.8675691282445197   9.38167098869951   102.70760920473434
1.922317750584177   8.736452524578365   98.90284452086239
1.9786713532176083   8.134536147958766   95.18327895534085
2.0366769868582977   7.573104189607416   91.54930672691125
2.0963830815323896   7.049515234895701   88.00123746380527
2.1578394870138577   6.561293538195637   84.53935175046725
2.2210975144450407   6.1061180213173785   81.16447600246207
2.286209979177315   5.681813772222128   77.87763775154583
2.3532312448676476   5.286344125252331   74.67961250868943
2.4222172688678643   4.917802264127024   71.57092807415398
2.4932256489445366   4.574403292318881   68.55187686077466
2.5663156713684585   4.254476761276181   65.62252840934372
2.641548360413907   3.9564596320116205   62.7827420235787
2.7189865293089923   3.678890053962341   60.032256720830055
2.798694832679631   3.420402875092707   57.37105609602069
2.8807398205309562   3.179721660448938   54.79901659526294
2.9651899938111903   2.9556522881229315   52.31574245709275
3.05211586160442   2.7470778966144316   49.92058798073274
3.1415899999999994   2.55295412285377   47.61267960245013
