0.01   3184.8702448319423   3184.7398505591723
0.010293154462191829   3215.7011990843675   3215.5701825147853
0.010594902878253955   3245.1350807799945   3245.0036627258173
0.010905497183778876   3273.0746902083138   3272.9428631001456
0.011225196699963396   3299.4218937064884   3299.2894850992384
0.011554268350120923   3324.075388015854   3323.9422971762483
0.011892986882540897   3346.9338745072955   3346.800125923713
0.012241635099881474   3367.896814927568   3367.7625527719783
0.012600504095286909   3386.8593590575592   3386.724720442665
0.012969893495426888   3403.714233220268   3403.5792517287523
0.013350111710660605   3418.356469133103   3418.2210705171374
0.013741476192534558   3430.68208750249   3430.54613285221
0.014144313698828986   3440.58584719835   3440.449240524304
0.01455896056637426   3447.9658984841644   3447.8286038250567
0.014985762991865008   3452.7245039888508   3452.5865305814714
0.01542507732090645   3454.763435056248   3454.6246904371305
0.015877270345534218   3453.9873413644923   3453.8475516006806
0.016342719610456153   3450.3076363751793   3450.166347387306
0.016821813728271667   3443.641577824926   3443.4982048231964
0.017314952703931925   3433.9117327924146   3433.7656455923684
0.017822548268711737   3421.0494469045243   3420.8999826290305
0.01834502422397195   3404.9959191968287   3404.842370808989
0.018882816794999403   3385.7030847118062   3385.544601609199
0.019436374995219892   3363.1341497651892   3362.969705723987
0.02000616100108813   3337.264243478573   3337.0926514061216
0.020592650537967844   3308.0853370599207   3307.905362350032
0.021196333277324068   3275.6078395922855   3275.418339588064
0.02181771324555934   3239.855364720702   3239.655304451947
0.022457309244835088   3200.868651070957   3200.6571600497923
0.02311565528622961   3158.7196821413913   3158.496283311833
0.023793301035594242   3113.4975495671797   3113.262210814762
0.024490812272480036   3065.303986795994   3065.057106842815
0.025208771362518027   3014.2766442077314   3014.01913802153
0.0259477777436476   2960.5855371373086   2960.3189033843587
0.02670844842659881   2904.407937409044   2904.1342145784865
0.027491418510046592   2845.9424986378162   2845.6643413041816
0.028297341710866907   2785.4417790917623   2785.162798626427
0.029126890909937666   2723.165682226337   2722.890419510616
0.029980758713939952   2659.3736622735073   2659.107461522373
0.030859658033628758   2594.378125073497   2594.1269240643765
0.031764322679055976   2528.5190907642336   2528.289248283542
0.03269550797224261   2462.1180298681943   2461.9162244436147
0.033653991377811755   2395.5059073577872   2395.3390027390174
0.03464057315210884   2329.057267490904   2328.932141194713
0.03565607701135116   2263.1234010156177   2263.0468767206135
0.036701350819364466   2198.030761760294   2198.0094413719207
0.03777726729548091   2134.1473407622507   2134.186493027874
0.038884724743189276   2071.838263894032   2071.9413991016518
0.04002464780014597   2011.4249020653301   2011.593969328775
0.041197988210172884   1953.1598443684998   1953.394961468004
0.04240572561788674   1897.2151879194023   1897.5140993574205
0.04364886838662332   1843.733113107745   1844.09142110945
0.04492845444033957   1792.8483310396362   1793.2592391594223
0.04624555213019635   1744.763441789963   1745.2148167163589
0.04760126112654554   1699.6871868593123   1700.1609510533108
0.04899671333706607   1657.782388468711   1658.2552582036606
0.05043307385181555   1618.8384110656152   1619.2846238553402
0.05191154191598653   1582.3631967650297   1582.7565789402397
0.053433351931179485   1547.8987886922835   1548.2128098115863
0.05499977448602865   1515.0558560816605   1515.263732346024
0.05661211741704101   1483.5028068940726   1483.5776254117377
0.05827172690053434   1452.9146822631274   1452.829863567349
0.05997998857658587   1422.8375146372182   1422.5698383928545
0.06173832870592997   1392.7806766250637   1392.311684173281
0.0635482153607709   1362.2260475318026   1361.5448541668586
0.06541115965050462   1330.5588261242847   1329.667916988769
0.06732871698337338   1297.2042147783982   1296.1205138803375
0.06930248836510605   1261.615493208886   1260.3759568811452
0.07133412173562886   1223.326499960792   1221.988710045987
0.07342531334496233   1182.1405508352834   1180.779689282073
0.07557780916945323   1138.085040732406   1136.7901922741491
0.07779340636952398   1091.4654170149531   1090.3361890560047
0.08007395479015682   1042.830854952986   1041.9732914032718
0.08242135850536496   992.9338727034075   992.4489958138727
0.08483757740794096   942.6643731963144   942.6389136585254
0.08732462884580919   892.9487858140412   893.4491228243479
0.08988458930634863   844.6874599012644   845.7557042882501
0.09251959615009227   798.7847558201107   800.4285813233877
0.09523184939525078   756.0724714368979   758.2611828341796
0.09802361355455057   717.3285434326436   719.9872049461328
0.10089721952591899   683.0907272154814   686.1042445276729
0.10385506653859616   653.5974712932425   656.8072606887497
0.10689962415629803   628.725289055507   631.9492531378527
0.11003343433910281   607.871597880215   610.9306243434434
0.11325911356578279   590.1195723487618   592.8571353802972
0.11657935501835284   574.2875746833537   576.5901554740387
0.11999693083066039   559.1002406752646   560.9260679135159
0.12351469440289359   543.3243112908265   544.7151541849327
0.12713558278394044   525.8895872313883   526.9707513488756
0.13086261912358757   506.0794658693518   507.06434752961206
0.13469891519660646   483.6207830542334   484.7905195256339
0.13864767400083483   458.78844428284367   460.43634437372305
0.14271219243142114   432.3106762787384   434.69826616906295
0.14689586403346616   405.24940181331505   408.5676491390514
0.1512021818353596   378.88787178553844   383.2197675293941
0.15563474126517718   354.6021019929367   359.8838099880107
0.16019724315257297   333.52477467437575   339.5423668821233
0.1648934968186736   316.1661591005893   322.59800028450996
0.1697274232565544   302.2659466409219   308.7664578009424
0.17470305840495237   290.9739842510764   297.2549247951243
0.17982455651794954   281.1859455918598   287.0610995003611
0.18509619363343993   271.69169723236007   277.1346678718664
0.19052237114327647   261.2721247998293   266.43649550947504
0.19610761946807834   249.11412221836386   254.32207064400347
0.20185660183976684   235.26479420893676   240.8927474341003
0.20777411819498756   220.53235686409585   226.84583658453394
0.21386510918267082   206.0034134206725   213.10189635882554
0.22013466028907505   192.70575800089904   200.4986411092094
0.22658800608375756   181.40513794501388   189.6030819653492
0.23323053459001789   172.23543551729423   180.47686505880407
0.2400677917834628   164.67277041010718   172.684157491248
0.24710548622244882   157.8214196790585   165.4769220331
0.25434949381426813   150.72630328451655   158.12179218093368
0.2618058627210567   142.8320073161488   150.25546628693135
0.2694808184095226   134.30492012821318   142.01013755327094
0.27738076884870827   125.75580721015666   133.87342890855524
0.2855123098601282   117.8588810271443   126.3163408284438
0.29388223062474755   111.07789818478597   119.65439572190272
0.3024975193514008   105.34266355010548   113.79660447313577
0.31136536911138296   100.15572576045086   108.38005272277813
0.3204931838440838   94.99290625613965   103.06151063782053
0.32988858453867975   89.58483595209073   97.66347935732614
0.3395594155970457   84.09472161168047   92.31949542872313
0.34951375138319807   78.9172012492429   87.27850185829061
0.3597599029647371   74.29582058632529   82.67107647098528
0.37030642505191835   70.19339029430698   78.4550132506744
0.3811621231401457   66.35219461339854   74.47250279070798
0.3923360608618501   62.54370282995719   70.599762211966
0.4038375675538918   58.7691629711653   66.83312579682641
0.41567624604680364   55.19005377979121   63.26329703634973
0.42786198068238046   51.9188638063849   59.942728454334
0.4404049455663077   48.91391595785584   56.837379864230144
0.4533156130627191   46.05346000704815   53.88281141593377
0.4666047625377753   43.27876433032865   51.04954746854318
0.4802834893595659   40.639216299837585   48.36027815999593
0.49436321416184764   38.18499086559701   45.8319754723789
0.5088556923793517   35.89879957078079   43.45108329788101
0.5237730240626238   33.729278088397685   41.190698928582584
0.5391276639805903   31.66229169032584   39.044216214861315
0.5549324320192869   29.717876046858713   37.01597334623723
0.5712005238854289   27.898908767968592   35.10199175350782
0.5879455221237613   26.184821896372117   33.291452397317634
0.6051814074573895   24.563057900262212   31.57615836645272
0.622922570460556   23.03726963247123   29.954686522716557
0.6411838235736077   21.605020185872394   28.422839895467256
0.6599804134701901   20.256717969032245   26.973912440822364
0.6793280337869897   18.987974484785617   25.603847914542648
0.6992428382266549   17.794856538886293   24.30867171829987
0.7197414540448374   16.673172228991202   23.08430505250418
0.7408409959326054   15.618936989598994   21.92688091597507
0.7625590803058332   14.628365347099598   20.83273450112114
0.7849138400134885   13.697862760616335   19.798393828094294
0.8079239394770964   12.824017658932995   18.82057069225941
0.8316085902740278   12.00359367272046   17.896151914466667
0.8559875671776167   11.233518065432758   17.022184428326753
0.8810812246675007   10.510869428749656   16.195858466546536
0.9069105139239728   9.83288147355367   15.414516664365937
0.9334970003205227   9.196937526725039   14.675649059857914
0.960862881429187   8.600563306681757   13.976885321606668
0.9890310055537336   8.041419984705602   13.315987341173631
1.0180248908061487   7.517297525371776   12.690842177820674
1.047868744742366   7.026108302305282   12.099454960434093
1.0785874845736239   6.56588113786342   11.539922213214998
1.1102067579703248   6.134755464921677   11.010420261328274
1.1427529644757777   5.730975441238111   10.509232068631627
1.1762532775476793   5.352884571746125   10.03474339984462
1.210735667245765   4.998920588707699   9.585436503987763
1.246228923584555   4.667610558357477   9.159884191698985
1.2827626805706884   4.357566206795372   8.756744281834123
1.3203674409449337   4.067479423644092   8.374752677093511
1.3590746016495152   3.7961174449127557   8.012689492135005
1.3989164800420282   3.5423190545803003   7.669384290979701
1.4399263408778291   3.304991308271208   7.3437411398403425
1.4821384240834183   3.083105822863944   7.0347344033180415
1.525587973344019   2.8756952271654095   6.741403873334798
1.5703112655292182   2.68184978790939   6.462850258581081
1.6163456409812174   2.500714203882396   6.198231006212056
1.6637295346910133   2.3314845157888597   5.946753057190319
1.7125025083885144   2.1734049014808052   5.707644705147705
1.7627052835733923   2.0257652241590676   5.480171011881504
1.814379775514258   1.8878986399465114   5.263646430646192
1.8675691282445197   1.7591791088974644   5.057431267344901
1.922317750584177   1.6390190362508736   4.860928302175382
1.9786713532176083   1.5268670396355521   4.673579682653809
2.0366769868582977   1.4222058362713996   4.494864064567513
2.0963830815323896   1.3245501688507377   4.324287434087511
2.1578394870138577   1.2334446848725862   4.1613589270130795
2.2210975144450407   1.1484624757900888   4.005613966677712
2.286209979177315   1.069203483762041   3.8566210302006905
2.3532312448676476   0.9952928872743297   3.713979105541096
2.4222172688678643   0.926379578248215   3.5773153662605517
2.4932256489445366   0.8621347258695586   3.446283044422662
2.5663156713684585   0.8022504230824111   3.320559487064971
2.641548360413907   0.7464386078185675   3.1998459867123152
2.7189865293089923   0.6944300770114018   3.08386826978452
2.798694832679631   0.6459728309913995   2.972371064207986
2.8807398205309562   0.6008309494726077   2.865116104567544
2.9651899938111903   0.5587836169332733   2.7618809376799676
3.05211586160442   0.5196242029167716   2.662457821179748
3.1415899999999994   0.4831593944873045   2.566652706957815
