0.01   15713.599721287701   15707.04200626439
0.010293154462191829   15909.168493381743   15901.972236161124
0.010594902878253955   16099.875768966836   16091.982329630564
0.010905497183778876   16285.247900279443   16276.593983355082
0.011225196699963396   16464.781441727595   16455.298180496593
0.011554268350120923   16637.964246459083   16627.577101874795
0.011892986882540897   16804.276068697345   16792.904747163324
0.012241635099881474   16963.168917034032   16950.726605086307
0.012600504095286909   17114.081880110523   17100.474972327007
0.012969893495426888   17256.453086351004   17241.581303786937
0.013350111710660605   17389.704317252625   17373.460234403854
0.013741476192534558   17513.235130391004   17495.503468310333
0.014144313698828986   17626.448437119398   17607.106282946428
0.01455896056637426   17728.74916452508   17707.66588191687
0.014985762991865008   17819.522156368315   17796.557485995512
0.01542507732090645   17898.155823690417   17873.159646787968
0.015877270345534218   17964.054506788518   17936.86739400149
0.016342719610456153   18016.6230650021   17987.075279543114
0.016821813728271667   18055.26891224861   18023.179410431687
0.017314952703931925   18079.425914810832   18044.603259757503
0.017822548268711737   18088.554880113756   18050.79770584398
0.01834502422397195   18082.135210816734   18041.230967096075
0.018882816794999403   18059.68231691047   18015.40820552578
0.019436374995219892   18020.75605571105   17972.880756182465
0.02000616100108813   17964.96793637185   17913.253414589177
0.020592650537967844   17891.984573481055   17836.18809798646
0.021196333277324068   17801.529099683637   17741.405528790103
0.02181771324555934   17693.40058289554   17628.70569392849
0.022457309244835088   17567.50355390733   17497.99893176483
0.02311565528622961   17423.814273605487   17349.27023058838
0.023793301035594242   17262.384078500312   17182.58303900037
0.024490812272480036   17083.42219262272   16998.16990559374
0.025208771362518027   16887.257377893377   16796.390124808346
0.0259477777436476   16674.28233323767   16577.66854387744
0.02670844842659881   16445.038136834617   16342.584497720938
0.027491418510046592   16200.291689847401   16091.95314797156
0.028297341710866907   15940.871171787485   15826.651379513876
0.029126890909937666   15667.675590035766   15547.627985958412
0.029980758713939952   15381.893953160252   15256.136379709695
0.030859658033628758   15084.835443494627   14953.553436042883
0.031764322679055976   14777.800579312097   14641.242162415749
0.03269550797224261   14462.293629129119   14320.764739782071
0.033653991377811755   14140.10004300508   13993.959411394728
0.03464057315210884   13812.946729912073   13662.598506568278
0.03565607701135116   13482.530791765103   13328.417147475817
0.036701350819364466   13150.782884357333   12993.376740535368
0.03777726729548091   12819.601934421838   12659.399168169974
0.038884724743189276   12490.737806080735   12328.249087326421
0.04002464780014597   12165.971411418144   12001.694832848692
0.041197988210172884   11847.117174166315   11681.51134715237
0.04240572561788674   11535.813285808093   11369.294964005472
0.04364886838662332   11233.644896452915   11066.56227680632
0.04492845444033957   10942.496662780834   10775.031456195038
0.04624555213019635   10664.15371034751   10496.30967800802
0.04760126112654554   10400.096174153525   10231.713353146131
0.04899671333706607   10150.640457790423   9981.411864129224
0.05043307385181555   9915.490504256755   9744.9766328975
0.05191154191598653   9694.291297018297   9521.93320719299
0.053433351931179485   9486.066430737665   9311.220153319653
0.05499977448602865   9289.539013170363   9111.49745011753
0.05661211741704101   9103.379507702084   8921.394059332782
0.05827172690053434   8925.651604014147   8739.014575633844
0.05997998857658587   8754.336590820909   8562.40819387178
0.06173832870592997   8587.162589890924   8389.456929981141
0.0635482153607709   8421.46087068549   8217.76349665459
0.06541115965050462   8254.546056135525   8044.970831779679
0.06732871698337338   8083.208175044532   7868.423114399849
0.06930248836510605   7904.29314572815   7685.576640197957
0.07133412173562886   7714.646042537376   7494.067432763747
0.07342531334496233   7511.379938961459   7291.841946492315
0.07557780916945323   7292.523523421386   7077.734314434011
0.07779340636952398   7056.971371861413   6851.349790546511
0.08007395479015682   6805.19438663811   6613.6685626991875
0.08242135850536496   6538.871282851167   6366.6281173687685
0.08483757740794096   6261.281123009424   6113.253271203155
0.08732462884580919   5976.538208288771   5857.074017071664
0.08988458930634863   5689.637453957452   5602.1684505353105
0.09251959615009227   5405.892292767668   5352.6440551821615
0.09523184939525078   5130.798359541137   5112.528531408447
0.09802361355455057   4869.5378413821945   4885.336338564877
0.10089721952591899   4627.14231535853   4674.1312060135215
0.10385506653859616   4407.606941835591   4481.196489540913
0.10689962415629803   4213.892694554826   4308.009801655007
0.11003343433910281   4046.748455447738   4154.164862385724
0.11325911356578279   3905.115046863992   4017.9353639190135
0.11657935501835284   3785.1944567213245   3896.278466543668
0.11999693083066039   3681.587717129862   3785.2357232691206
0.12351469440289359   3587.3744969082386   3679.9859505436098
0.12713558278394044   3495.08899516792   3576.0475472616927
0.13086261912358757   3397.5385498664627   3469.5276415966287
0.13469891519660646   3288.5977301843636   3357.3953585214563
0.13864767400083483   3164.336419150488   3238.110597596137
0.14271219243142114   3023.743519163087   3112.182892473595
0.14689586403346616   2868.9967422821987   2981.697266288887
0.1512021818353596   2705.1965930918254   2849.4915806840195
0.15563474126517718   2539.6024374154595   2719.8577517555836
0.16019724315257297   2380.637109993679   2596.7018640726924
0.1648934968186736   2236.471570112048   2482.984869005196
0.1697274232565544   2113.100508548858   2380.868358290552
0.17470305840495237   2012.5589665877974   2290.5001812440205
0.17982455651794954   1932.4118983455082   2209.4453547173857
0.18509619363343993   1866.8642049089408   2134.9273496019077
0.19052237114327647   1808.3242330193686   2063.633963663889
0.19610761946807834   1748.5054465215435   1992.7836494698565
0.20185660183976684   1680.0217438567036   1920.9862600579197
0.20777411819498756   1599.1683888897594   1846.762248524922
0.21386510918267082   1507.7852700245344   1771.6242565930252
0.22013466028907505   1412.0643117142972   1698.1117553432173
0.22658800608375756   1319.7644912751828   1627.9510894393914
0.23323053459001789   1237.9331149415632   1562.907147252033
0.2400677917834628   1170.6893560463639   1502.9071666727486
0.24710548622244882   1117.4176895335065   1447.9084130576516
0.25434949381426813   1073.1943389709684   1396.010820714205
0.2618058627210567   1030.9504029825482   1345.8945919784503
0.2694808184095226   984.3738509315217   1296.500033171982
0.27738076884870827   930.9544217567536   1247.3882825611918
0.2855123098601282   873.3914510988343   1199.9958337479118
0.29388223062474755   817.0672980512601   1154.3630592361778
0.3024975193514008   767.2090159709296   1111.4357038397386
0.31136536911138296   726.1569889803176   1070.9867239392254
0.3204931838440838   691.8720439020324   1032.874464321205
0.32988858453867975   659.7445239968105   996.1752102608116
0.3395594155970457   625.7746170401346   960.7040549261046
0.34951375138319807   589.0327063604892   926.3602695175938
0.3597599029647371   552.1176853676286   893.256830878
0.37030642505191835   518.5181056759599   861.7671138490249
0.3811621231401457   489.6984104100906   831.91629554466
0.3923360608618501   464.32064994502474   803.6156864293016
0.4038375675538918   439.62920534239726   776.3990822449392
0.41567624604680364   414.1264256117004   750.0957367560649
0.42786198068238046   388.7171328380109   724.7472550839104
0.4404049455663077   365.2537642330174   700.591327448902
0.4533156130627191   344.4349809934722   677.6048453433759
0.4666047625377753   325.2426588984296   655.6341515658878
0.4802834893595659   306.39829442087597   634.49653651149
0.49436321416184764   287.8048606006213   614.1297766865978
0.5088556923793517   270.3480850256853   594.6247778665573
0.5237730240626238   254.43248253781312   576.03151020984
0.5391276639805903   239.55517241993743   558.1831289422136
0.5549324320192869   225.162382463554   541.002580286683
0.5712005238854289   211.38848524429534   524.4337482863757
0.5879455221237613   198.57885434082704   508.5632384948622
0.6051814074573895   186.6404596839709   493.3455401091976
0.622922570460556   175.2773068762795   478.653925897366
0.6411838235736077   164.47774733685097   464.473988805059
0.6599804134701901   154.37007275116918   450.8444599648333
0.6793280337869897   144.89321281969393   437.7056147727074
0.6992428382266549   135.95473057363316   425.0161437457078
0.7197414540448374   127.51961130198677   412.7555273544773
0.7408409959326054   119.56836422421641   400.89907738838957
0.7625590803058332   112.08114507463392   389.4237407962474
0.7849138400134885   105.0379186377742   378.307996182115
0.8079239394770964   98.41840638031282   367.5316398489332
0.8316085902740278   92.19984851277977   357.0743176853654
0.8559875671776167   86.35864180904176   346.91606381640725
0.8810812246675007   80.87252061137488   337.0383578033354
0.9069105139239728   75.7205217957789   327.42405820169785
0.9334970003205227   70.88290740532824   318.0573185649324
0.960862881429187   66.34109204752892   308.9235102855486
0.9890310055537336   62.07757475584027   300.0091515611148
1.0180248908061487   58.075979727127695   291.30181551949363
1.047868744742366   54.3212097934012   282.790008854029
1.0785874845736239   50.79903038683364   274.4631967720438
1.1102067579703248   47.4959444786358   266.311771353589
1.1427529644757777   44.39916116990178   258.32700170654294
1.1762532775476793   41.49656506449448   250.5009871688979
1.210735667245765   38.77668645393402   242.82661316679793
1.246228923584555   36.228670639857   235.29754015286133
1.2827626805706884   33.842207234903356   227.90896943670813
1.3203674409449337   31.607512825010758   220.65756447953595
1.3590746016495152   29.515359231198225   213.54044150729086
1.3989164800420282   27.557047215642395   206.55509199289227
1.4399263408778291   25.72437854568804   199.69935800735863
1.4821384240834183   24.009629360683217   192.97140805643295
1.525587973344019   22.405524793255776   186.36971334707076
1.5703112655292182   20.905215922926264   179.89334897817758
1.6163456409812174   19.50226147013425   173.5434294679941
1.6637295346910133   18.190600237258153   167.32163545547863
1.7125025083885144   16.964527967656498   161.2294762478171
1.7627052835733923   15.818677907257426   155.26828733513338
1.814379775514258   14.748002307626747   149.43922935831768
1.8675691282445197   13.747754830752784   143.7432875476429
1.922317750584177   12.81347377913248   138.18127961046812
1.9786713532176083   11.940963082576571   132.7544841861024
2.0366769868582977   11.126276105707321   127.46496486446064
2.0963830815323896   10.365707213440446   122.31444612526437
2.1578394870138577   9.655778414420267   117.30421484071424
2.2210975144450407   8.993226122788814   112.43514190908984
2.286209979177315   8.374988634401994   107.70770427456027
2.3532312448676476   7.798194282971147   103.12200719321673
2.4222172688678643   7.260150829745998   98.67786997175246
2.4932256489445366   6.75833962326488   94.37538307462341
2.5663156713684585   6.2904015709953764   90.21455118587039
2.641548360413907   5.854124238401811   86.1949325610438
2.7189865293089923   5.4474332741165865   82.3156710784518
2.798694832679631   5.068384328719423   78.57553220373265
2.8807398205309562   4.7151554027918126   74.97293801848659
2.9651899938111903   4.386039596675882   71.50600065558183
3.05211586160442   4.07943257643772   68.17220043321575
3.1415899999999994   3.7938187123298643   64.96790129420059
