0.01   20295.19117138693   20285.172211330093
0.010293154462191829   20530.61181582968   20519.649621329998
0.010594902878253955   20758.111790266947   20746.121259126252
0.010905497183778876   20977.02459034734   20963.913058535552
0.011225196699963396   21186.657515555544   21172.325039205
0.011554268350120923   21386.29087188961   21370.63060500111
0.011892986882540897   21575.202364318106   21558.10074891063
0.012241635099881474   21752.658606823617   21733.994892573875
0.012600504095286909   21917.8851216829   21897.52906004755
0.012969893495426888   22070.10319577187   22047.91475601975
0.013350111710660605   22208.54101350711   22184.370671475994
0.013741476192534558   22332.404996712983   22306.09285611914
0.014144313698828986   22440.89158451729   22412.26692758661
0.01455896056637426   22533.216846652296   22502.0988034959
0.014985762991865008   22608.602610652077   22574.79965075699
0.01542507732090645   22666.25465018086   22629.56237251565
0.015877270345534218   22705.406557396647   22665.60836529593
0.016342719610456153   22725.32781120476   22682.195671144043
0.016821813728271667   22725.29824538563   22678.589285661015
0.017314952703931925   22704.630984612497   22654.08673834079
0.017822548268711737   22662.69633004476   22608.044763800197
0.01834502422397195   22598.91803145539   22539.875777595298
0.018882816794999403   22512.773402258583   22449.048216737177
0.019436374995219892   22403.814134406814   22335.107756852765
0.02000616100108813   22271.677132603363   22197.688097310973
0.020592650537967844   22116.106013533165   22036.53130228062
0.021196333277324068   21936.9424910672   21851.480541609188
0.02181771324555934   21734.125962926017   21642.480726609047
0.022457309244835088   21507.754192246066   21409.646258300418
0.02311565528622961   21258.088699835764   21153.2666870781
0.023793301035594242   20985.492329098786   20873.73637461214
0.024490812272480036   20690.479052097187   20571.607819399986
0.025208771362518027   20373.844467985356   20247.731903501426
0.0259477777436476   20036.506345891197   19903.0855997008
0.02670844842659881   19679.474156373322   19538.73878404714
0.027491418510046592   19304.079422663894   19156.099991594692
0.028297341710866907   18911.883317340275   18756.81693639016
0.029126890909937666   18504.469062319477   18342.554409701068
0.029980758713939952   18083.625503338855   17915.183611049546
0.030859658033628758   17651.580466744887   17477.02247967675
0.031764322679055976   17210.54953249114   17030.368171189988
0.03269550797224261   16762.70973646907   16577.468939109065
0.033653991377811755   16310.607466409881   16120.938358163172
0.03464057315210884   15856.858026810905   15663.449292532137
0.03565607701135116   15403.880759073067   15207.464681647232
0.036701350819364466   14954.332597380679   14755.646859495162
0.03777726729548091   14511.30358011194   14311.041818383233
0.038884724743189276   14077.606482745696   13876.410260729894
0.04002464780014597   13655.65579443334   13454.109352342864
0.041197988210172884   13247.199579786897   13045.815552407767
0.04240572561788674   12853.627240278318   12652.84453163717
0.04364886838662332   12476.16495740527   12276.345586900896
0.04492845444033957   12116.895849464634   11918.150420816783
0.04624555213019635   11778.736959098158   11580.756244800232
0.04760126112654554   11464.294894324255   11266.380198200008
0.04899671333706607   11174.61606798217   10975.779676251404
0.05043307385181555   10907.607025896816   10706.756777389397
0.05191154191598653   10660.920693146049   10456.891313744505
0.053433351931179485   10432.360503267806   10223.91090774747
0.05499977448602865   10219.77004939068   10005.570443950543
0.05661211741704101   10021.128458386343   9799.76708477573
0.05827172690053434   9833.854837403087   9603.953487678966
0.05997998857658587   9654.601857185013   9414.965028114711
0.06173832870592997   9480.028349712711   9229.69853884447
0.0635482153607709   9305.918184775477   9044.480697722156
0.06541115965050462   9127.876643549867   8855.583673695595
0.06732871698337338   8941.161457036618   8659.205112070049
0.06930248836510605   8740.65390906571   8451.46125361742
0.07133412173562886   8521.894121164198   8229.140631072105
0.07342531334496233   8281.365216000535   7990.030840019659
0.07557780916945323   8016.817350992798   7733.019015121138
0.07779340636952398   7728.198298912267   7458.9782629258825
0.08007395479015682   7417.092913316817   7169.967631476424
0.08242135850536496   7087.61907504241   6869.88272139764
0.08483757740794096   6745.089012170918   6563.403202678904
0.08732462884580919   6396.104023932472   6256.113832069454
0.08988458930634863   6047.7564706927815   5953.576374941346
0.09251959615009227   5707.3872437724585   5661.161980502339
0.09523184939525078   5382.8314819001525   5384.10377985577
0.09802361355455057   5081.157279929019   5126.95593027883
0.10089721952591899   4808.809951026449   4893.398178701293
0.10385506653859616   4570.793112997495   4685.962566644446
0.10689962415629803   4369.136946461263   4504.531470964784
0.11003343433910281   4203.508992091412   4347.566907406722
0.11325911356578279   4069.7372499988624   4211.702018178082
0.11657935501835284   3961.406178636368   4092.061290673548
0.11999693083066039   3869.8123486114546   3982.273324189949
0.12351469440289359   3785.053340594432   3876.2682942546016
0.12713558278394044   3697.011272880416   3768.4937927495944
0.13086261912358757   3596.265964391961   3654.1354629081243
0.13469891519660646   3475.8054031318584   3529.974923019103
0.13864767400083483   3332.089567903373   3395.7112179250566
0.14271219243142114   3165.862139904664   3254.046740539987
0.14689586403346616   2982.1008361108193   3107.236812171797
0.1512021818353596   2789.340959636096   2960.1751093986804
0.15563474126517718   2598.7478118210815   2818.569376622441
0.16019724315257297   2422.3833874016627   2686.899399015832
0.1648934968186736   2270.3396628287396   2569.124835195555
0.1697274232565544   2147.620642429324   2465.7808569368326
0.17470305840495237   2053.2721486700643   2374.6916337977086
0.17982455651794954   1981.8141370520311   2293.5400975326456
0.18509619363343993   1924.7857472083863   2218.033975823355
0.19052237114327647   1871.3931917900882   2144.4844536779037
0.19610761946807834   1810.1917765996986   2069.8334052285586
0.20185660183976684   1733.268088635624   1991.7565870076353
0.20777411819498756   1639.761812514792   1911.3298124124701
0.21386510918267082   1535.2333846827842   1832.1387921969645
0.22013466028907505   1428.805934432357   1755.0500696492697
0.22658800608375756   1330.7280993361398   1682.8001009101686
0.23323053459001789   1248.8522583983997   1616.281794824596
0.2400677917834628   1185.6033730916495   1555.9431223821748
0.24710548622244882   1137.380946958578   1500.0222753808857
0.25434949381426813   1096.307008209235   1446.7714273696008
0.2618058627210567   1053.0301758904257   1394.6098317393119
0.2694808184095226   1001.5238906263387   1342.7268943820413
0.27738076884870827   942.0570614249443   1292.0592096989712
0.2855123098601282   879.6759692294103   1243.1394548433343
0.29388223062474755   821.5335082204566   1196.4260067973141
0.3024975193514008   773.0706170402278   1152.8884674488231
0.31136536911138296   734.4719523061875   1111.7297622428703
0.3204931838440838   701.4747937073251   1072.8088638143133
0.32988858453867975   668.397080666567   1035.0124520450029
0.3395594155970457   631.7004805312084   998.6439764093966
0.34951375138319807   592.4902315902182   963.320376166208
0.3597599029647371   554.7839673896368   929.584055594775
0.37030642505191835   521.8803824189237   897.4573425688542
0.3811621231401457   494.08612891130286   867.2004562291393
0.3923360608618501   468.72862637563264   838.2539830699338
0.4038375675538918   442.9442823167455   810.4110461451497
0.41567624604680364   416.2958258415865   783.4467614431904
0.42786198068238046   390.5599393335081   757.6284296837418
0.4404049455663077   367.4876834465545   733.0997558107848
0.4533156130627191   346.9354868057175   709.6662914561862
0.4666047625377753   327.4366262605735   687.2222468416052
0.4802834893595659   308.02077535303994   665.5842347014675
0.49436321416184764   289.2256861561041   644.727582386979
0.5088556923793517   271.9068623110234   624.8417361420169
0.5237730240626238   256.05351615779813   605.8608760935341
0.5391276639805903   240.9688240245206   587.5611457591624
0.5549324320192869   226.3723704182494   569.945847632318
0.5712005238854289   212.59268707487414   552.9977190751152
0.5879455221237613   199.81663475280027   536.751257952888
0.6051814074573895   187.79949417397816   521.1207040418477
0.622922570460556   176.33627691056512   506.00788880373375
0.6411838235736077   165.52879266157308   491.43652305779125
0.6599804134701901   155.3982078806027   477.42440113495854
0.6793280337869897   145.85712912404514   463.8900013057902
0.6992428382266549   136.8700095822401   450.8010575906222
0.7197414540448374   128.4075566824858   438.1324154812191
0.7408409959326054   120.44178469397222   425.86056058398844
0.7625590803058332   112.9459763855922   413.96351272919935
0.7849138400134885   105.89464407803847   402.4207284116105
0.8079239394770964   99.26349028831731   391.2130108256097
0.8316085902740278   93.02933492649906   380.32204383060093
0.8559875671776167   87.16990780211657   369.72823580687583
0.8810812246675007   81.66398924875556   359.4124261068418
0.9069105139239728   76.49146283361367   349.35691226889895
0.9334970003205227   71.63326546200415   339.5453672639782
0.960862881429187   67.07133893856508   329.9627604412992
0.9890310055537336   62.78858326929203   320.5952848198563
1.0180248908061487   58.768811677761065   311.43029002453386
1.047868744742366   54.99670500309635   302.456396666438
1.0785874845736239   51.45776513072631   293.6638633748787
1.1102067579703248   48.1382830548117   285.04397610181326
1.1427529644757777   45.02530213061285   276.58884895620344
1.1762532775476793   42.10658076666994   268.2913813645162
1.210735667245765   39.37055667701378   260.1452173341285
1.246228923584555   36.80631264931341   252.14470652025977
1.2827626805706884   34.40354377672706   244.28487230340133
1.3203674409449337   32.15252511742031   236.56211417425004
1.3590746016495152   30.044081105828457   228.9747892958037
1.3989164800420282   28.069559104005243   221.52170580032532
1.4399263408778291   26.22080223526018   214.20190927815247
1.4821384240834183   24.490123198533222   207.01466291108338
1.525587973344019   22.870279301675243   199.95942785987992
1.5703112655292182   21.354448668929354   193.03584390314597
1.6163456409812174   19.93620748979053   186.2437558895082
1.6637295346910133   18.60950596017647   179.58451782780156
1.7125025083885144   17.36864819164729   173.0609555773761
1.7627052835733923   16.20827602230634   166.67565917453246
1.814379775514258   15.123350420074972   160.430889575554
1.8675691282445197   14.109133639036328   154.32858525269654
1.922317750584177   13.161172287081804   148.370369474525
1.9786713532176083   12.27528126462765   142.55755822126005
2.0366769868582977   11.447528312202639   136.89124356514702
2.0963830815323896   10.674217204146956   131.37313225184425
2.1578394870138577   9.951875728623886   126.00509607485387
2.2210975144450407   9.277244746384142   120.78849773103907
2.286209979177315   8.647265779550485   115.72420622215576
2.3532312448676476   8.059069240179989   110.81262616099006
2.4222172688678643   7.509963306403786   106.05372718218673
2.4932256489445366   6.997423413624908   101.44707327978638
2.5663156713684585   6.5190830377206765   96.99190841103777
2.641548360413907   6.072727656192364   92.6874652692104
2.7189865293089923   5.656282098847767   88.53271642094458
2.798694832679631   5.26780044200965   84.52625405237661
2.8807398205309562   4.905458396402437   80.66632479035043
2.9651899938111903   4.567546112345473   76.95086379057257
3.05211586160442   4.252461377890918   73.37752759976291
3.1415899999999994   3.958703190647593   69.9437256620666
