0.01   24428.129130500976   24414.701931495107
0.010293154462191829   24693.00837654261   24678.303959034358
0.010594902878253955   24947.87871393142   24931.78454542706
0.010905497183778876   25191.9299260719   25174.324673610474
0.011225196699963396   25424.327632946464   25405.080305447493
0.011554268350120923   25644.235295478815   25623.20539181982
0.011892986882540897   25850.791817528134   25827.828778540726
0.012241635099881474   26043.08852781802   26018.030479840207
0.012600504095286909   26220.21706691627   26192.89102157905
0.012969893495426888   26381.273209504656   26351.495274286626
0.013350111710660605   26525.317999359857   26492.89176244296
0.013741476192534558   26651.407538354328   26616.12373550859
0.014144313698828986   26758.62042855236   26720.25775279244
0.01455896056637426   26846.02886441361   26804.352125470177
0.014985762991865008   26912.682686437467   26867.439403216205
0.01542507732090645   26957.66619352517   26908.587563961755
0.015877270345534218   26980.10098625444   26926.903117851714
0.016342719610456153   26979.107665629086   26921.491031038342
0.016821813728271667   26953.84622222076   26891.4969328942
0.017314952703931925   26903.543146390817   26836.135303597173
0.017822548268711737   26827.47596101583   26754.66885420787
0.01834502422397195   26724.9737147537   26646.407726116857
0.018882816794999403   26595.453417930155   26510.753216303743
0.019436374995219892   26438.429672658913   26347.20918653306
0.02000616100108813   26253.522417943732   26155.39354327359
0.020592650537967844   26040.462771134   25935.041282702958
0.021196333277324068   25799.100614942538   25686.011102404995
0.02181771324555934   25529.456961639054   25408.3405598353
0.022457309244835088   25231.729170642688   25102.25136462131
0.02311565528622961   24906.242172941344   24768.09769701816
0.023793301035594242   24553.495953920632   24406.420345371538
0.024490812272480036   24174.298891159655   24018.098525656802
0.025208771362518027   23769.614680826442   23604.174551720753
0.0259477777436476   23340.526134366653   23165.81141830397
0.02670844842659881   22888.468886574497   22704.543977228415
0.027491418510046592   22415.169270189002   22222.211046456705
0.028297341710866907   21922.4057264297   21720.698000783035
0.029126890909937666   21412.169055177983   21202.105993832683
0.029980758713939952   20886.992837020727   20669.100771329853
0.030859658033628758   20349.449105863787   20124.377611699238
0.031764322679055976   19802.062411800787   19570.569545914186
0.03269550797224261   19247.770396826836   19010.72320924821
0.033653991377811755   18689.696998583673   18448.063455060226
0.03464057315210884   18130.748016984515   17885.575738710235
0.03565607701135116   17574.009408751714   17326.38605813359
0.036701350819364466   17023.26983805672   16774.259218709896
0.03777726729548091   16482.051564658108   16232.675351289941
0.038884724743189276   15953.432210761122   15704.661072304605
0.04002464780014597   15439.82646586897   15192.568885573522
0.041197988210172884   14943.16244054562   14698.259225262447
0.04240572561788674   14465.085334146801   14223.308216751213
0.04364886838662332   14007.920564598204   13769.814282004074
0.04492845444033957   13575.464202636367   13341.059746543486
0.04624555213019635   13171.19386823935   12940.029214282406
0.04760126112654554   12797.435895666786   12568.628486023767
0.04899671333706607   12453.048866429097   12225.431489348703
0.05043307385181555   12136.068249015816   11908.242875094898
0.05191154191598653   11844.61066264508   11614.97283900765
0.053433351931179485   11576.470039204527   11343.2514280508
0.05499977448602865   11329.490692609053   11090.777130229175
0.05661211741704101   11101.168319295079   10854.960336502822
0.05827172690053434   10887.885371849909   10632.235406416296
0.05997998857658587   10686.030576066738   10419.084880929113
0.06173832870592997   10491.177145801468   10211.465518615581
0.0635482153607709   10298.382050755137   10005.033880555326
0.06541115965050462   10102.40273133712   9795.388671287246
0.06732871698337338   9897.049817447494   9577.684748200769
0.06930248836510605   9676.442765402518   9347.443958930631
0.07133412173562886   9435.055555461264   9100.690694490208
0.07342531334496233   9168.267204037376   8834.35415379804
0.07557780916945323   8873.45590301005   8547.706673284025
0.07779340636952398   8549.691761311295   8241.357541861757
0.08007395479015682   8199.10918491138   7917.659930315125
0.08242135850536496   7825.665237096178   7580.223900146956
0.08483757740794096   7435.656933103717   7234.9286140717795
0.08732462884580919   7036.416930345459   6887.992582354511
0.08988458930634863   6636.300363036903   6545.647326125483
0.09251959615009227   6244.4634132795645   6214.3777799132895
0.09523184939525078   5869.915136518225   5900.417880707137
0.09802361355455057   5521.486510866163   5609.016065689142
0.10089721952591899   5207.180106284831   5344.4121834485395
0.10385506653859616   4932.691472122118   5109.200851569109
0.10689962415629803   4701.43837441611   4904.423180813043
0.11003343433910281   4512.6406695685655   4727.991388766815
0.11325911356578279   4362.638163915951   4576.086679158973
0.11657935501835284   4244.073819412616   4443.000333268146
0.11999693083066039   4147.293016410234   4322.360233935639
0.12351469440289359   4061.00704839288   4207.386712165896
0.12713558278394044   3973.0400918019486   4091.0737114119056
0.13086261912358757   3871.973987724561   3968.2251312497106
0.13469891519660646   3748.5613704009575   3835.7625266761584
0.13864767400083483   3597.548773099521   3692.4923365670775
0.14271219243142114   3418.751104134588   3539.167942165798
0.14689586403346616   3217.085371969249   3379.6012971243795
0.1512021818353596   3002.1332119220683   3219.436370780441
0.15563474126517718   2787.0856864932357   3063.988471708483
0.16019724315257297   2586.6008629237745   2919.302156676028
0.1648934968186736   2413.0758956742816   2789.606900834825
0.1697274232565544   2273.2604135494253   2675.218614125912
0.17470305840495237   2167.2578322944487   2575.0647017030756
0.17982455651794954   2089.7635017003618   2486.256396039873
0.18509619363343993   2031.4427083685732   2403.8307726164926
0.19052237114327647   1979.5541451537608   2324.095338709199
0.19610761946807834   1920.0405563122283   2243.869444335301
0.20185660183976684   1842.4826145996012   2160.2400477410815
0.20777411819498756   1744.3478474022734   2073.81716559609
0.21386510918267082   1630.8882998249883   1989.0349852041868
0.22013466028907505   1512.5184937959236   1905.8998886873908
0.22658800608375756   1401.9059862621896   1827.6992596436835
0.23323053459001789   1309.4825381739283   1755.4198239975194
0.2400677917834628   1239.281284487237   1690.3927962792293
0.24710548622244882   1188.1862715150824   1629.3936945263
0.25434949381426813   1147.2451570283015   1571.6686019617566
0.2618058627210567   1104.936481615208   1515.7121635998296
0.2694808184095226   1052.9527014177897   1460.3997431050905
0.27738076884870827   990.1854689477607   1406.3431135105798
0.2855123098601282   921.9684835903226   1353.2976507244903
0.29388223062474755   857.2694870342391   1303.4673002056882
0.3024975193514008   803.5730797187935   1255.9945967949259
0.31136536911138296   762.2340389576644   1212.16215205878
0.3204931838440838   728.6997113887078   1169.9775654382613
0.32988858453867975   695.7450240347455   1129.879722866635
0.3395594155970457   658.1248163477367   1091.0395218789834
0.34951375138319807   616.3228719507248   1052.850978802813
0.3597599029647371   575.1469919525131   1016.5565769304409
0.37030642505191835   539.3541300332564   982.0519849482195
0.3811621231401457   510.1033266785476   949.6477168501938
0.3923360608618501   484.3366150524348   918.7226640121806
0.4038375675538918   458.0572309576767   888.9383588442719
0.41567624604680364   430.077605164054   860.0388941153652
0.42786198068238046   402.46927683031464   832.293999957124
0.4404049455663077   377.8625328260226   805.9518725228008
0.4533156130627191   356.5310789752373   780.7888466341683
0.4666047625377753   336.5996092085552   756.7829047625902
0.4802834893595659   316.4740771725943   733.5289607412119
0.49436321416184764   296.63702688778335   711.1150168764248
0.5088556923793517   278.39674948621337   689.7262028524199
0.5237730240626238   261.99354261793184   669.3709938451245
0.5391276639805903   246.48754331206482   649.7278486590816
0.5549324320192869   231.32149539414507   630.7798379444075
0.5712005238854289   216.917878409084   612.5004447258642
0.5879455221237613   203.67557000771143   594.9953074410294
0.6051814074573895   191.31088201112155   578.1737214237643
0.622922570460556   179.46467087556044   561.8532523364448
0.6411838235736077   168.2699277060807   546.0970709727594
0.6599804134701901   157.79324853654342   530.9510013134797
0.6793280337869897   147.94936389297317   516.2997809439963
0.6992428382266549   138.69734913212577   502.11044051684115
0.7197414540448374   130.00148224648188   488.3575109896646
0.7408409959326054   121.82831684468839   475.017154918341
0.7625590803058332   114.14652443497685   462.0670644964762
0.7849138400134885   106.92674853714833   449.4863674147223
0.8079239394770964   100.14156981434246   437.2552607348816
0.8316085902740278   93.76630062622439   425.35221309904
0.8559875671776167   87.7781727571116   413.7554036121241
0.8810812246675007   82.15551410922797   402.4446452325258
0.9069105139239728   76.87770102546985   391.40131878538193
0.9334970003205227   71.92512184941202   380.6082845280817
0.960862881429187   67.27914047599657   370.0498009817576
0.9890310055537336   62.92206003650028   359.71145020961904
1.0180248908061487   58.837046232785546   349.580208150772
1.047868744742366   55.00792537221431   339.64500089256296
1.0785874845736239   51.41934948395974   329.89604891146524
1.1102067579703248   48.056842343859394   320.3245174301708
1.1427529644757777   44.90675345076386   310.9224690658683
1.1762532775476793   41.956214106182536   301.68281911786846
1.210735667245765   39.19309561298365   292.5992927991557
1.246228923584555   36.605969510349716   283.6663843879139
1.2827626805706884   34.18407944565094   274.8799139954821
1.3203674409449337   31.917321125096517   266.2381157201219
1.3590746016495152   29.79617797662265   257.7399119721619
1.3989164800420282   27.811683787733873   249.38450713062196
1.4399263408778291   25.95539346252159   241.17136480304092
1.4821384240834183   24.21935513689124   233.10018527986085
1.525587973344019   22.5960836036084   225.17088318047922
1.5703112655292182   21.07853494805277   217.38358043574138
1.6163456409812174   19.660078401788912   209.7398226939829
1.6637295346910133   18.334471904004836   202.24324645923542
1.7125025083885144   17.095848023974078   194.8973408947795
1.7627052835733923   15.938693580459677   187.70521356144627
1.814379775514258   14.857829519135656   180.66959648475745
1.8675691282445197   13.848391838355631   173.79285309460164
1.922317750584177   12.905813515614152   167.0769859834105
1.9786713532176083   12.025807289990068   160.52368637616152
2.0366769868582977   11.204347364428555   154.1352428102736
2.0963830815323896   10.437654765216836   147.914383588206
2.1578394870138577   9.722185329121963   141.8632540244118
2.2210975144450407   9.054615901364636   135.98340150540272
2.286209979177315   8.431831188742603   130.2758090007197
2.3532312448676476   7.850911347564013   124.74092889842942
2.4222172688678643   7.309120268766869   119.37871694125865
2.4932256489445366   6.8038949564745534   114.18870544375329
2.5663156713684585   6.33283880123028   109.17038851964527
2.641548360413907   5.8937087135156085   104.32301550451518
2.7189865293089923   5.484403064711178   99.64536366828362
2.798694832679631   5.102953213274101   95.13577664829566
2.8807398205309562   4.747515535134422   90.79220527982518
2.9651899938111903   4.4163638956608136   86.61224709098813
3.05211586160442   4.107882541586358   82.59318432106832
3.1415899999999994   3.8205569949533236   78.73181103446194
