0.01   170.15843467660568   170.15842309759978
0.010293154462191829   172.09541665595373   172.0954077233485
0.010594902878253955   173.96372720765345   173.96372076357116
0.010905497183778876   175.75772142003137   175.75771591954398
0.011225196699963396   177.47137269961792   177.4713664638759
0.011554268350120923   179.09842480794853   179.09841679123977
0.011892986882540897   180.632610051948   180.63259988003955
0.012241635099881474   182.06764014361028   182.0676281667427
0.012600504095286909   183.3972014850855   183.39718885030092
0.012969893495426888   184.61504250118583   184.6150311772865
0.013350111710660605   185.7148994060711   185.71489192424664
0.013741476192534558   186.68992874996624   186.68992646445486
0.014144313698828986   187.533158229226   187.5331606021111
0.01455896056637426   188.23779651926455   188.2378011239992
0.014985762991865008   188.79722052688624   188.79722441289252
0.01542507732090645   189.20500509204425   189.20500649813314
0.015877270345534218   189.45503385884663   189.45503233917722
0.016342719610456153   189.54140117175587   189.54139717909752
0.016821813728271667   189.458000380296   189.45799351625524
0.017314952703931925   189.19902608222878   189.19901465287688
0.017822548268711737   188.7591848514996   188.7591659166536
0.01834502422397195   188.13378135694495   188.13375135353513
0.018882816794999403   187.31876426733896   187.31871954106538
0.019436374995219892   186.3107470502807   186.31068389740452
0.02000616100108813   185.10705490496565   185.10696948917882
0.020592650537967844   183.70577004686496   183.70565813732756
0.021196333277324068   182.10577062716752   182.10562759603252
0.02181771324555934   180.30683379100074   180.30665475435
0.022457309244835088   178.31026388251195   178.31004462521028
0.02311565528622961   176.11859860883638   176.11833609673906
0.023793301035594242   173.7352332605919   173.7349256281276
0.024490812272480036   171.16519348844866   171.16483988896766
0.025208771362518027   168.41567939680283   168.41527975572671
0.0259477777436476   165.49470803933124   165.49426300258455
0.02670844842659881   162.41132937277803   162.4108406772704
0.027491418510046592   159.17764748804294   159.17712038661898
0.028297341710866907   155.80700245450532   155.80644636569136
0.029126890909937666   152.31294163963773   152.31236973661902
0.029980758713939952   148.7117167752554   148.71114549348468
0.030859658033628758   145.0224552966096   145.02190381706134
0.031764322679055976   141.26374734757078   141.26323714040038
0.03269550797224261   137.45446150082668   137.45401585838258
0.033653991377811755   133.6168409454303   133.61648447690294
0.03464057315210884   129.7726092722546   129.77236749966596
0.03565607701135116   125.9420397507736   125.9419386341907
0.036701350819364466   122.14904446138057   122.14910794932624
0.03777726729548091   118.41951056694309   118.4197588982458
0.038884724743189276   114.77649526827636   114.77694527162798
0.04002464780014597   111.23910709251376   111.23977232709298
0.041197988210172884   107.82106822179338   107.82195875542125
0.04240572561788674   104.53367745229558   104.53480023791165
0.04364886838662332   101.3877147033227   101.38907259244411
0.04492845444033957   98.40399211681886   98.40557038201443
0.04624555213019635   95.60704178270781   95.60880257766577
0.04760126112654554   93.01788723608239   93.01977250775097
0.04899671333706607   90.63827167411743   90.64020961442128
0.05043307385181555   88.44898232146811   88.45089368845905
0.05191154191598653   86.43129963701256   86.4330983727884
0.053433351931179485   84.56721930415516   84.56881165921266
0.05499977448602865   82.83904670653217   82.84033011607583
0.05661211741704101   81.22983557593469   81.23069929378194
0.05827172690053434   79.71567486163939   79.71600535531574
0.05997998857658587   78.26860666151389   78.26829147012285
0.06173832870592997   76.85952085341717   76.8584536268014
0.0635482153607709   75.4516450105351   75.44974079446844
0.06541115965050462   74.00818243392193   74.00538263382714
0.06732871698337338   72.48725321813241   72.48354393259712
0.06930248836510605   70.84600338826064   70.84142624822515
0.07133412173562886   69.04766639587976   69.04233091787911
0.07342531334496233   67.06260841437977   67.05670279405192
0.07557780916945323   64.87442766916398   64.86820526146604
0.07779340636952398   62.48304975257659   62.47681010048456
0.08007395479015682   59.90515159728589   59.89923648496305
0.08242135850536496   57.17570962155506   57.17049861688754
0.08483757740794096   54.341465380711625   54.33732191577968
0.08732462884580919   51.45751421460481   51.45474122641248
0.08988458930634863   48.58459482016259   48.58343369305892
0.09251959615009227   45.78470305427329   45.785314956499256
0.09523184939525078   43.12434334311116   43.1267427497127
0.09802361355455057   40.661639840109636   40.6656962937643
0.10089721952591899   38.45124683288275   38.456663159465656
0.10385506653859616   36.53153347369028   36.53785425808321
0.10689962415629803   34.91854670591584   34.925132433926876
0.11003343433910281   33.60441538682236   33.610529457753955
0.11325911356578279   32.55392020789709   32.558835710089056
0.11657935501835284   31.709632491247582   31.712689867121966
0.11999693083066039   30.998992885667402   30.99966208623309
0.12351469440289359   30.33787721289274   30.335874129470845
0.12713558278394044   29.64162235535639   29.636982931578178
0.13086261912358757   28.832095176434713   28.82521793493258
0.13469891519660646   27.851887848829485   27.843494922350565
0.13864767400083483   26.67447051360906   26.6655783553513
0.14271219243142114   25.30874274190153   25.300530325834462
0.14689586403346616   23.79887374040772   23.792434819559915
0.1512021818353596   22.21934523435594   22.215579213128706
0.15563474126517718   20.66649986642272   20.665845140085285
0.16019724315257297   19.241414760484506   19.243630819858502
0.1648934968186736   18.02491507356948   18.029150769391077
0.1697274232565544   17.054068214195627   17.059099289429984
0.17470305840495237   16.316947653588482   16.321230869935125
0.17982455651794954   15.76578702745381   15.768025695636165
0.18509619363343993   15.328276917688813   15.3275453958847
0.19052237114327647   14.911889250826338   14.907961126093094
0.19610761946807834   14.421033175117916   14.41453721659226
0.20185660183976684   13.794109444558888   13.786477324286997
0.20777411819498756   13.0294667340247   13.02243170277626
0.21386510918267082   12.176664098837637   12.171735886747351
0.22013466028907505   11.314118639503306   11.311987943506512
0.22658800608375756   10.527643854312643   10.528039624161941
0.23323053459001789   9.880287453506464   9.881947994210163
0.2400677917834628   9.387562732071649   9.388895855262735
0.24710548622244882   9.015723127107654   9.015074993868907
0.25434949381426813   8.696151015761936   8.692852337816698
0.2618058627210567   8.35089048527699   8.34553676334739
0.2694808184095226   7.933846374823417   7.927800279324154
0.27738076884870827   7.451247525990895   7.446213438046634
0.2855123098601282   6.9477273877624155   6.944583752829065
0.29388223062474755   6.484351807545575   6.482994448869425
0.3024975193514008   6.103718979851523   6.102837532975589
0.31136536911138296   5.803356376703678   5.801534193295928
0.3204931838440838   5.545463116859902   5.541963519090683
0.32988858453867975   5.282275988363077   5.277512988745726
0.3395594155970457   4.986869408489829   4.981984138465573
0.34951375138319807   4.671908690716008   4.66796796294657
0.3597599029647371   4.371807281163944   4.368957042980172
0.37030642505191835   4.1130378632258395   4.110474494515863
0.3811621231401457   3.8956693522968306   3.892430770682858
0.3923360608618501   3.6957777920986548   3.6916151510069293
0.4038375675538918   3.4902539330108806   3.4857471923299426
0.41567624604680364   3.27747661480661   3.2733555819918863
0.42786198068238046   3.073331607354431   3.069758413998474
0.4404049455663077   2.8918679305016095   2.888360309851031
0.4533156130627191   2.7303996537298114   2.7264497263951664
0.4666047625377753   2.5761636404350097   2.571834862392521
0.4802834893595659   2.4219602620509   2.4177090733563302
0.49436321416184764   2.2731615966451586   2.2691656047006545
0.5088556923793517   2.1368037679417893   2.1328481422637697
0.5237730240626238   2.0120429692873607   2.007881000925059
0.5391276639805903   1.8928657023473152   1.8885760328355956
0.5549324320192869   1.777443125405443   1.7732481761358063
0.5712005238854289   1.6688153845566012   1.6647065201860665
0.5879455221237613   1.5682787897171342   1.5641180380640898
0.6051814074573895   1.4735623338201824   1.469347832160044
0.622922570460556   1.3831441184558662   1.3789710949943417
0.6411838235736077   1.2980617429193175   1.293938359030951
0.6599804134701901   1.2182405584931062   1.2141428137860901
0.6793280337869897   1.1431038945167933   1.139033665688279
0.6992428382266549   1.0723817710341577   1.0683432383116764
0.7197414540448374   1.005829385784195   1.001827733252939
0.7408409959326054   0.9432145764697941   0.9392556882958941
0.7625590803058332   0.8843172261428143   0.8804074281497171
0.7849138400134885   0.8289286930788271   0.8250745346985111
0.8079239394770964   0.7768512643364089   0.7730593363982224
0.8316085902740278   0.727897996095489   0.7241747745962255
0.8559875671776167   0.6818934632698241   0.6782451606954047
0.8810812246675007   0.6386716529651346   0.635104118650864
0.9069105139239728   0.5980749567962903   0.5945936078131905
0.9334970003205227   0.5599538194618786   0.5565635894393779
0.960862881429187   0.5241663963532741   0.5208716998021491
0.9890310055537336   0.4905782202716205   0.48738293021414547
1.0180248908061487   0.4590618770886259   0.4559693141696715
1.047868744742366   0.4294964489486289   0.4265094711642127
1.0785874845736239   0.40176689347735384   0.39888811280230413
1.1102067579703248   0.37576442267652405   0.37299617521816575
1.1427529644757777   0.35138630779441615   0.34873059521917127
1.1762532775476793   0.3285355698881153   0.3259940176206098
1.210735667245765   0.3071206841988278   0.30469451391199764
1.246228923584555   0.287055297863518   0.28474531205141995
1.2827626805706884   0.26825796131030627   0.2660645366352269
1.3203674409449337   0.2506519167078334   0.24857493072712994
1.3590746016495152   0.2341648618817004   0.23220361182333124
1.3989164800420282   0.21872863865906939   0.21688189453370232
1.4399263408778291   0.2042790080213441   0.20254507392209128
1.4821384240834183   0.19075544247974732   0.1891322141834279
1.525587973344019   0.17810092812680461   0.1765859470071087
1.5703112655292182   0.16626177601071948   0.1648522793035946
1.6163456409812174   0.15518744060558987   0.1538804090697601
1.6637295346910133   0.14483031666670929   0.1436225354534555
1.7125025083885144   0.1351455907313146   0.13403369946099083
1.7627052835733923   0.12609112111695628   0.12507164260800402
1.814379775514258   0.11762728944353386   0.11669665601191286
1.8675691282445197   0.10971685850513223   0.10887143648623346
1.922317750584177   0.10232483748201403   0.10156094995899968
1.9786713532176083   0.0954183541622673   0.09473230190575913
2.0366769868582977   0.08896653142462586   0.08835460066948274
2.0963830815323896   0.08294035505517648   0.08239874149360524
2.1578394870138577   0.07731258094786204   0.07683738610197231
2.2210975144450407   0.07205764417273254   0.07164492589888721
2.286209979177315   0.0671515604445774   0.06679737611863545
2.3532312448676476   0.06257183291081919   0.06227227564947704
2.4222172688678643   0.05829736410260792   0.05804859283899074
2.4932256489445366   0.05430837278726785   0.05410663693751176
2.5663156713684585   0.05058632307365312   0.05042799485830537
2.641548360413907   0.04711387451950319   0.04699551670016063
2.7189865293089923   0.04387477880960216   0.04379315445343456
2.798694832679631   0.04085380367133504   0.040805866185342404
2.8807398205309562   0.03803667275975753   0.03801955651251178
2.9651899938111903   0.03541000882784923   0.0354210202988577
3.05211586160442   0.032961280021994624   0.03299788942419846
3.1415899999999994   0.030678749075167856   0.030738582457800846
