0.01   7934.911764179392   7934.6286613372595
0.010293154462191829   8009.071421580571   8008.778943596747
0.010594902878253955   8079.655257547999   8079.352764039967
0.010905497183778876   8146.418319019256   8146.105062505
0.011225196699963396   8209.106005854315   8208.780998382852
0.011554268350120923   8267.460373853815   8267.12232328658
0.011892986882540897   8321.225477774064   8320.872788831104
0.012241635099881474   8370.137357093936   8369.768364706393
0.012600504095286909   8413.92017488946   8413.533483598694
0.012969893495426888   8452.302176495998   8451.896698644508
0.013350111710660605   8485.015175505172   8484.589992953479
0.013741476192534558   8511.783831332756   8511.337475862465
0.014144313698828986   8532.33775093138   8531.867984780103
0.01455896056637426   8546.41714869182   8545.92097403962
0.014985762991865008   8553.760926831663   8553.234724086282
0.01542507732090645   8554.108687037698   8553.548358304739
0.015877270345534218   8547.216167292465   8546.617165495747
0.016342719610456153   8532.853314519798   8532.21058015482
0.016821813728271667   8510.79640514943   8510.104107480862
0.017314952703931925   8480.841888236158   8480.093413728631
0.017822548268711737   8442.810950738238   8441.998945030238
0.01834502422397195   8396.54613900198   8395.66238153769
0.018882816794999403   8341.915402483723   8340.95075828761
0.019436374995219892   8278.818123385165   8277.762640140669
0.02000616100108813   8207.190203156202   8206.033362363558
0.020592650537967844   8127.009200100545   8125.740331697096
0.021196333277324068   8038.2895808298845   8036.898015757147
0.02181771324555934   7941.086973768973   7939.56229848789
0.022457309244835088   7835.525648855649   7833.858868031428
0.02311565528622961   7721.7808396843   7719.96491371473
0.023793301035594242   7600.0645051893935   7598.0943817851485
0.024490812272480036   7470.664990132311   7468.5385903759325
0.025208771362518027   7333.961676787338   7331.681229868572
0.0259477777436476   7190.364379511888   7187.936286778443
0.02670844842659881   7040.329600212684   7037.764604423136
0.027491418510046592   6884.448755847336   6881.763871259377
0.028297341710866907   6723.354501773381   6720.573090325865
0.029126890909937666   6557.6834426308   6554.834506728418
0.029980758713939952   6388.196156578849   6385.314467695177
0.030859658033628758   6215.759402638583   6212.885503576184
0.031764322679055976   6041.20422052885   6038.383456036466
0.03269550797224261   5865.375207945099   5862.656787080139
0.033653991377811755   5689.25354128468   5686.689760243999
0.03464057315210884   5513.7782233619255   5511.423596111062
0.03565607701135116   5339.8207038615155   5337.730824782513
0.036701350819364466   5168.410981597469   5166.637740201809
0.03777726729548091   5000.630898884873   4999.21968197696
0.038884724743189276   4837.429602629877   4836.419775891379
0.04002464780014597   4679.573303847595   4678.996384350427
0.041197988210172884   4527.598118261987   4527.473401605478
0.04240572561788674   4381.938112761705   4382.273591293724
0.04364886838662332   4243.013120726041   4243.804542109915
0.04492845444033957   4111.657335497619   4112.869778858925
0.04624555213019635   3988.8145093006337   3990.3770192236716
0.04760126112654554   3875.2694924281764   3877.0800300582155
0.04899671333706607   3770.9138243558727   3772.8500383261603
0.05043307385181555   3674.805625735818   3676.7341567532876
0.05191154191598653   3586.0518133343717   3587.8290188775713
0.053433351931179485   3503.816509632048   3505.2844753223953
0.05499977448602865   3427.3100377263563   3428.2925288830756
0.05661211741704101   3355.7731823649583   3356.07804975701
0.05827172690053434   3288.137603083643   3287.5743146820714
0.05997998857658587   3223.19548556874   3221.585347934591
0.06173832870592997   3159.6769748330657   3156.866331842712
0.0635482153607709   3095.999609994703   3091.8950326743866
0.06541115965050462   3030.6018419660977   3025.1789413077827
0.06732871698337338   2961.7313708233823   2955.072697962217
0.06930248836510605   2887.6518287041226   2879.962860282766
0.07133412173562886   2806.951837557431   2798.5762646827293
0.07342531334496233   2718.5750502673454   2710.0016371396955
0.07557780916945323   2622.0753012992723   2613.9047721825286
0.07779340636952398   2517.686573160651   2510.5919369603416
0.08007395479015682   2406.3497767059666   2401.0693451252073
0.08242135850536496   2289.6895632372452   2287.015685043269
0.08483757740794096   2169.7675570959486   2170.4333799357632
0.08732462884580919   2048.897752151598   2053.498068346682
0.08988458930634863   1929.589971889267   1938.581972011469
0.09251959615009227   1814.3623663894907   1828.0268075819604
0.09523184939525078   1705.8650057818045   1724.1869733796777
0.09802361355455057   1606.3563361631434   1629.0374253277223
0.10089721952591899   1517.8670064655382   1544.290743687854
0.10385506653859616   1441.664020493657   1470.9470865782394
0.10689962415629803   1378.0704578719494   1409.0802568199438
0.11003343433910281   1326.372368111543   1357.8692279575537
0.11325911356578279   1284.8578230005767   1315.6309643978989
0.11657935501835284   1250.9463852818544   1279.969829684256
0.11999693083066039   1221.5802255684393   1248.1275711430874
0.12351469440289359   1193.3389787197873   1217.1265586713428
0.12713558278394044   1162.895506084907   1184.2013615966391
0.13086261912358757   1127.3455496467418   1147.0476846070899
0.13469891519660646   1084.7391609911947   1104.2004239946127
0.13864767400083483   1034.460294032581   1055.3548246568935
0.14271219243142114   977.2918047661844   1001.3918044802316
0.14689586403346616   915.3308285080024   944.2332244175003
0.1512021818353596   851.7882789490671   886.5296723346754
0.15563474126517718   790.6009672366387   831.3969005547909
0.16019724315257297   735.6102465697575   781.6265859507895
0.1648934968186736   689.5245391454064   739.0963003967524
0.1697274232565544   653.1890753963878   704.2901299827605
0.17470305840495237   625.6460975792963   676.1038836345178
0.17982455651794954   604.7256227340998   652.7348642151402
0.18509619363343993   587.3822304387388   631.9333289129654
0.19052237114327647   569.886793764053   610.9914614802091
0.19610761946807834   548.7527690157696   587.6647044282022
0.20185660183976684   522.2247097055185   561.1223607007149
0.20777411819498756   490.8854941563883   531.8578299021492
0.21386510918267082   457.02834674136847   501.55722651854023
0.22013466028907505   423.7932315908921   472.33752957107356
0.22658800608375756   394.32762724325954   445.97233439142036
0.23323053459001789   370.600433212306   423.59967304213166
0.2400677917834628   352.62093209792124   404.8461202053866
0.24710548622244882   338.67974865485604   388.5359338753914
0.25434949381426813   325.954567277362   373.1184916801846
0.2618058627210567   311.67890142176526   357.1554936023552
0.2694808184095226   294.6663421302189   340.13724019454725
0.27738076884870827   275.6115136458015   322.4913149913205
0.2855123098601282   256.4331760890046   305.4042053336013
0.29388223062474755   239.36237130401162   289.72883924766194
0.3024975193514008   225.5573852169591   275.9272388695861
0.31136536911138296   214.48648015891192   263.61228369434855
0.3204931838440838   204.55608491039308   252.0189750058196
0.32988858453867975   194.09532049215144   240.5128962202605
0.3395594155970457   182.49383117533134   228.9794665322172
0.34951375138319807   170.5355215911143   217.68084159485855
0.3597599029647371   159.4821050758921   207.10064346033923
0.37030642505191835   150.0771983936566   197.379389895604
0.3811621231401457   142.0357588468866   188.4007966770736
0.3923360608618501   134.39926853553516   179.8307069161983
0.4038375675538918   126.49990185098339   171.4909123963197
0.41567624604680364   118.49667404978106   163.42937861209623
0.42786198068238046   111.00558663008103   155.82072349931943
0.4404049455663077   104.3900837578964   148.7118629768741
0.4533156130627191   98.40896610662816   141.991828333537
0.4666047625377753   92.60755252264386   135.5773261468647
0.4802834893595659   86.85789851468604   129.42826728916705
0.49436321416184764   81.40494773220215   123.58665323937076
0.5088556923793517   76.43798243870498   118.08320832156228
0.5237730240626238   71.84989935007464   112.87333120356396
0.5391276639805903   67.44375742503799   107.90432744690662
0.5549324320192869   63.213217168332676   103.17425319420177
0.5712005238854289   59.26625517788908   98.69176157059415
0.5879455221237613   55.60674958180509   94.4449298627161
0.6051814074573895   52.14623353373341   90.40707843212115
0.622922570460556   48.85815260548762   86.5626304548085
0.6411838235736077   45.77632250282611   82.91462136967428
0.6599804134701901   42.90310229729134   79.45779319134908
0.6793280337869897   40.1971446626552   76.1705900084344
0.6992428382266549   37.64868610130027   73.04345373878014
0.7197414540448374   35.25063653831284   70.06853231031495
0.7408409959326054   32.99597991879731   67.23835231613604
0.7625590803058332   30.87780592562592   64.54580268292258
0.7849138400134885   28.88933729573616   61.984118870582954
0.8079239394770964   27.023953031222817   59.54686760355294
0.8316085902740278   25.275118259703383   57.22783027681189
0.8559875671776167   23.6359349920652   55.02043048743805
0.8810812246675007   22.099651231459895   52.918223263482986
0.9069105139239728   20.659930224066752   50.91518263098032
0.9334970003205227   19.310825238454388   49.00567254468366
0.960862881429187   18.04675507413499   47.18441908562065
0.9890310055537336   16.86248116495423   45.446484815702405
1.0180248908061487   15.75308616917494   43.78724510891396
1.047868744742366   14.713978447656219   42.20231369546695
1.0785874845736239   13.740927398288958   40.68739412681868
1.1102067579703248   12.829957794439231   39.23843340281478
1.1427529644757777   11.977314535899804   37.85164927497971
1.1762532775476793   11.179452031450946   36.52351041113136
1.210735667245765   10.43302396592999   35.25071817176505
1.246228923584555   9.734873448592838   34.03018985614376
1.2827626805706884   9.082023491336598   32.85904272450792
1.3203674409449337   8.47166123163493   31.734496928758805
1.3590746016495152   7.901124761955727   30.65379060008318
1.3989164800420282   7.367909437908598   29.614336100841946
1.4399263408778291   6.869660919055792   28.613728429726542
1.4821384240834183   6.404166689691874   27.649731945491766
1.525587973344019   5.96934801836094   26.720268202770782
1.5703112655292182   5.56325233626087   25.82340479533671
1.6163456409812174   5.184046039577364   24.957344462795223
1.6637295346910133   4.830008355173671   24.120395888703776
1.7125025083885144   4.4995247491160555   23.310964520794467
1.7627052835733923   4.191079826546205   22.527569979061827
1.814379775514258   3.9032515408071675   21.76883977009485
1.8675691282445197   3.6347057675301166   21.033502052510748
1.922317750584177   3.384191169328171   20.320378951340906
1.9786713532176083   3.15053433739224   19.628380368508275
2.0366769868582977   2.932635122422743   18.956499158546702
2.0963830815323896   2.7294614760512954   18.303816388685462
2.1578394870138577   2.5400459081973357   17.66949104120161
2.2210975144450407   2.3634823143352524   17.052746627344195
2.286209979177315   2.198922260305917   16.452866846221692
2.3532312448676476   2.045571465869746   15.869191681192108
2.4222172688678643   1.9026864910912613   15.301113725531408
2.4932256489445366   1.7695716147088731   14.748074715462279
2.5663156713684585   1.64557607170541   14.209586300319593
2.641548360413907   1.5300921444737663   13.685351802566952
2.7189865293089923   1.4225515819901076   13.17514762211149
2.798694832679631   1.3224226853459065   12.678754011699708
2.8807398205309562   1.2292080712297397   12.195954457574441
2.9651899938111903   1.1424425640857072   11.72653527322916
3.05211586160442   1.0616912090286539   11.270285219406311
3.1415899999999994   0.9865473992442898   10.826995148160133
