0.01   14489.528395009858   14488.171449781805
0.010293154462191829   14622.403071858884   14620.94254525829
0.010594902878253955   14748.094699399071   14746.524156150084
0.010905497183778876   14866.10140957589   14864.412341337724
0.011225196699963396   14975.922503133377   14974.104185701117
0.011554268350120923   15077.051664774313   15075.091538881556
0.011892986882540897   15168.950379152351   15166.835616148579
0.012241635099881474   15251.078740950863   15248.796676379867
0.012600504095286909   15322.905686525566   15320.443817309886
0.012969893495426888   15383.886335484498   15381.231267333584
0.013350111710660605   15433.470200818876   15430.606812111315
0.013741476192534558   15471.125483486727   15468.036964223833
0.014144313698828986   15496.326847938113   15492.994632576174
0.01455896056637426   15508.534623138683   15504.938121725107
0.014985762991865008   15507.233294948792   15503.34996604507
0.01542507732090645   15491.9382961013   15487.743666299293
0.015877270345534218   15462.170689854604   15457.637295769968
0.016342719610456153   15417.477454237069   15412.574415458797
0.016821813728271667   15357.453609916196   15352.146905396916
0.017314952703931925   15281.733639679405   15275.986119737217
0.017822548268711737   15189.98777715901   15183.7590311225
0.01834502422397195   15081.947051429308   15075.193823344183
0.018882816794999403   14957.409462711948   14950.086157243322
0.019436374995219892   14816.242746413325   14808.301917690675
0.02000616100108813   14658.389209036135   14649.782159747663
0.020592650537967844   14483.870703014587   14474.54823994485
0.021196333277324068   14292.820348574207   14282.73565367233
0.02181771324555934   14085.485516408608   14074.597093939949
0.022457309244835088   13862.196015816235   13850.468257195189
0.02311565528622961   13623.395065463794   13610.79992245534
0.023793301035594242   13369.717515180377   13356.2391875456
0.024490812272480036   13101.890391362766   13087.52607796457
0.025208771362518027   12820.714958163597   12805.474985779123
0.0259477777436476   12527.219419038784   12511.1342630855
0.02670844842659881   12222.590582713163   12205.714841320281
0.027491418510046592   11908.034791372873   11890.445008295135
0.028297341710866907   11584.911719987658   11566.705913228981
0.029126890909937666   11254.88954989877   11236.188800750382
0.029980758713939952   10919.617983096863   10900.563408633612
0.030859658033628758   10580.715806780812   10561.465352630397
0.031764322679055976   10240.078597630974   10220.807455482724
0.03269550797224261   9899.632982912526   9880.531341391701
0.033653991377811755   9561.14161775994   9542.410283114481
0.03464057315210884   9226.567782826372   9208.406818844283
0.03565607701135116   8898.199552029024   8880.794922091716
0.036701350819364466   8578.071674516115   8561.594133528979
0.03777726729548091   8267.90163754922   8252.505094325083
0.038884724743189276   7969.000714189517   7954.813175444842
0.04002464780014597   7682.414169954988   7669.537412292636
0.041197988210172884   7409.030859439803   7397.541288520252
0.04240572561788674   7150.434001666868   7140.32897225952
0.04364886838662332   6908.797705550334   6899.9506077837195
0.04492845444033957   6685.988457823526   6678.164271413692
0.04624555213019635   6482.763231648557   6475.6408323765545
0.04760126112654554   6297.9214829509965   6291.120123110667
0.04899671333706607   6130.139007697989   6123.2253751251765
0.05043307385181555   5978.138403718279   5970.622291398103
0.05191154191598653   5840.559811896187   5831.879779196619
0.053433351931179485   5716.137173096172   5705.661750314846
0.05499977448602865   5603.174971391121   5590.233052431224
0.05661211741704101   5499.438265734053   5483.3551171045165
0.05827172690053434   5402.688230965487   5382.802581509469
0.05997998857658587   5309.992219743437   5285.751220523759
0.06173832870592997   5218.2615940737205   5189.261068785972
0.0635482153607709   5123.998309527102   5090.077368723353
0.06541115965050462   5023.28657095975   4984.628749047959
0.06732871698337338   4912.471349934317   4869.6589001982975
0.06930248836510605   4788.212589031388   4742.322368620691
0.07133412173562886   4647.918334089496   4600.510173523065
0.07342531334496233   4490.243165635315   4443.347481105585
0.07557780916945323   4315.018573087597   4271.010560651177
0.07779340636952398   4123.832479490865   4085.242240426316
0.08007395479015682   3919.364789613633   3888.7915618400943
0.08242135850536496   3705.4552169902686   3685.516350447695
0.08483757740794096   3486.638750603694   3479.63079353234
0.08732462884580919   3267.918710160366   3275.5401427368274
0.08988458930634863   3055.028110194596   3078.2301742121217
0.09251959615009227   2853.295007281559   2892.2793826377338
0.09523184939525078   2668.1520160254117   2721.978041143227
0.09802361355455057   2504.075702763013   2570.7524355208147
0.10089721952591899   2364.0693030345615   2440.700790746452
0.10385506653859616   2249.5147449553024   2332.505165724713
0.10689962415629803   2159.4586271565145   2244.628444239727
0.11003343433910281   2091.229877389171   2174.3050248341588
0.11325911356578279   2040.4291670213452   2117.5909779742574
0.11657935501835284   2001.2488770127832   2069.5685096091975
0.11999693083066039   1967.0615312471048   2024.8898716840977
0.12351469440289359   1930.6833916875273   1978.1141538959694
0.12713558278394044   1885.4383550097314   1924.5129497240368
0.13086261912358757   1826.0891839840695   1860.691591664394
0.13469891519660646   1749.7876037391218   1785.2305365654906
0.13864767400083483   1656.6870887750315   1699.124231333995
0.14271219243142114   1550.0551098704443   1605.1445503975285
0.14689586403346616   1436.1139252046626   1507.9159003739173
0.1512021818353596   1323.2089659184167   1413.3720227025194
0.15563474126517718   1220.0237908347262   1326.9769432943808
0.16019724315257297   1133.1316638477942   1252.5729436584747
0.1648934968186736   1065.5282465925654   1191.6490438748135
0.1697274232565544   1016.8199602663543   1142.7650811532571
0.17470305840495237   983.9208087392105   1103.4243147176219
0.17982455651794954   961.1767593633627   1069.9567616115928
0.18509619363343993   940.6636965685075   1037.6793153767944
0.19052237114327647   914.2312240755075   1002.3927124330334
0.19610761946807834   876.6060807642846   961.519756980488
0.20185660183976684   826.9657014399997   915.4663824605437
0.20777411819498756   768.6286394830024   866.685314381295
0.21386510918267082   707.9624922525429   818.426247276505
0.22013466028907505   652.5398368266666   774.2110523863633
0.22658800608375756   607.9268885315781   735.7127956559756
0.23323053459001789   575.8725317408681   703.6936259964771
0.2400677917834628   554.1255110407528   676.2265439738113
0.24710548622244882   537.0709695563327   650.9664042197774
0.25434949381426813   518.1497634568273   625.5792440508285
0.2618058627210567   493.1939406693687   598.5962222951333
0.2694808184095226   461.90753730749407   570.4715152198013
0.27738076884870827   427.75513660174397   542.5850625235058
0.2855123098601282   396.1719025014397   516.4772544969834
0.29388223062474755   370.99872415304134   493.40310360494954
0.3024975193514008   352.5319605959375   472.4426598676709
0.31136536911138296   337.90417624857577   453.20737115022195
0.3204931838440838   322.8676650156849   434.4568244858022
0.32988858453867975   304.8144828333402   415.6926210632097
0.3395594155970457   284.44325888624525   397.19967268968196
0.34951375138319807   264.60937304975016   379.5803494053903
0.3597599029647371   247.94782322755847   363.2935300031198
0.37030642505191835   234.77313411538933   348.14169594731777
0.3811621231401457   223.12841775684373   333.86050782844416
0.3923360608618501   210.84590059167192   320.0659253330888
0.4038375675538918   197.50240354143574   306.6009713536959
0.41567624604680364   184.43982846944664   293.74978759011486
0.42786198068238046   173.0748211635116   281.7333771632515
0.4404049455663077   163.38899589589036   270.4512084154907
0.4533156130627191   154.21667116206874   259.65297651066953
0.4666047625377753   144.79640760136016   249.25945926260957
0.4802834893595659   135.5115479611082   239.30504102180686
0.49436321416184764   127.10594500514784   229.8993144328106
0.5088556923793517   119.61054508468024   221.02486537156955
0.5237730240626238   112.46528967241446   212.53902535885035
0.5391276639805903   105.42603306990331   204.39073188904683
0.5549324320192869   98.77782346855122   196.6454491292018
0.5712005238854289   92.7151181426037   189.3059013607946
0.5879455221237613   87.04136066861965   182.31116662399435
0.6051814074573895   81.58856902588464   175.61143047707293
0.622922570460556   76.4327663072496   169.23229596954639
0.6411838235736077   71.60610224815285   163.15268701625516
0.6599804134701901   67.09062874892582   157.3493018222931
0.6793280337869897   62.861344554930085   151.80752571017197
0.6992428382266549   58.895762815587894   146.51360767377818
0.7197414540448374   55.173638106900746   141.45460444266624
0.7408409959326054   51.676725066319975   136.6183284960962
0.7625590803058332   48.38867869515118   131.99326127442285
0.7849138400134885   45.29685391409017   127.56781044154236
0.8079239394770964   42.3913008696559   123.33044621807481
0.8316085902740278   39.66244809889887   119.27037539696711
0.8559875671776167   37.10103253532229   115.37751316725428
0.8810812246675007   34.69811016789179   111.64243206132765
0.9069105139239728   32.44506371759021   108.0563150155828
0.9334970003205227   30.333596847988805   104.61090104246088
0.960862881429187   28.355434085554126   101.29811912924879
0.9890310055537336   26.50237200900146   98.11004698767125
1.0180248908061487   24.766684188517655   95.03928616424396
1.047868744742366   23.14111500302898   92.07894698366071
1.0785874845736239   21.61885097319999   89.22261246115038
1.1102067579703248   20.193493861924857   86.46430522566305
1.1427529644757777   18.85903628668768   83.79845431023561
1.1762532775476793   17.609881188251652   81.21971678147567
1.210735667245765   16.440825743734674   78.72290068869675
1.246228923584555   15.346968554127193   76.30317365690593
1.2827626805706884   14.323688329004487   73.95605788866385
1.3203674409449337   13.366629491761952   71.6774069427941
1.3590746016495152   12.471688395945174   69.46338438771726
1.3989164800420282   11.63500006821861   67.31044416028449
1.4399263408778291   10.852918035435394   65.21531443281964
1.4821384240834183   10.121998188709911   63.17498235366807
1.525587973344019   9.439002996190105   61.18667465628357
1.5703112655292182   8.800891490813182   59.24784277445906
1.6163456409812174   8.204807952316704   57.3561494107162
1.6637295346910133   7.6480711961958905   55.50945597578446
1.7125025083885144   7.128164442884741   53.705811048134706
1.7627052835733923   6.64272668359201   51.943530425479736
1.814379775514258   6.189544634441936   50.221304917680726
1.8675691282445197   5.766541696940977   48.53797259850507
1.922317750584177   5.371769595733765   46.89247404185859
1.9786713532176083   5.003400869266406   45.28384567923411
2.0366769868582977   4.659721767734589   43.711213406000844
2.0963830815323896   4.339125538486677   42.17378643104832
2.1578394870138577   4.040105462016789   40.67092106537418
2.2210975144450407   3.761247750869451   39.20225644667972
2.286209979177315   3.5012279154671426   37.76749957648406
2.3532312448676476   3.258805767554131   36.36637201759227
2.4222172688678643   3.0328202593494553   34.998607388172
2.4932256489445366   2.8221846234637424   33.6639489515776
2.5663156713684585   2.6258817971541815   32.36214730379432
2.641548360413907   2.4429606022717953   31.09304819948912
2.7189865293089923   2.2725330393946654   29.856862094187832
2.798694832679631   2.113768475191558   28.65382449722808
2.8807398205309562   1.965889532699118   27.484085008682015
2.9651899938111903   1.828168841347582   26.34771165662726
3.05211586160442   1.6999259719465396   25.24469528773143
3.1415899999999994   1.5805245471585119   24.17495398550587
