0.01   1229.9138142662857   1229.8874414648556
0.010293154462191829   1245.1881130956585   1245.161426241443
0.010594902878253955   1260.0329816767337   1260.0058996258601
0.010905497183778876   1274.4077038365112   1274.3801517405523
0.011225196699963396   1288.269300972168   1288.24127509117
0.011554268350120923   1301.5743086437803   1301.5458818157535
0.011892986882540897   1314.2782339989392   1314.2495311456653
0.012241635099881474   1326.334130259458   1326.3052453981286
0.012600504095286909   1337.694550319632   1337.6655288099282
0.012969893495426888   1348.3120038675527   1348.2828434927444
0.013350111710660605   1358.1371875602947   1358.1078762643199
0.013741476192534558   1367.1197761312944   1367.0903194862242
0.014144313698828986   1375.210096302146   1375.1805185256892
0.01455896056637426   1382.3582209833407   1382.3285493722683
0.014985762991865008   1388.5125758499164   1388.482802967963
0.01542507732090645   1393.622620555241   1393.592698175843
0.015877270345534218   1397.639309537887   1397.6091527106682
0.016342719610456153   1400.5131766817435   1400.4827059518243
0.016821813728271667   1402.1957839334061   1402.1649491717324
0.017314952703931925   1402.6414429582244   1402.610223753746
0.017822548268711737   1401.8068521527157   1401.7752185271934
0.01834502422397195   1399.6508397036637   1399.618679664378
0.018882816794999403   1396.1360062663787   1396.1031191450973
0.019436374995219892   1391.2292596856976   1391.19536862525
0.02000616100108813   1384.9021720217054   1384.866999905197
0.020592650537967844   1377.1313542780042   1377.0946570849312
0.021196333277324068   1367.8988499895763   1367.860417437702
0.02181771324555934   1357.1944911876283   1357.1541075558039
0.022457309244835088   1345.0170179227882   1344.974406509474
0.02311565528622961   1331.3714356728392   1331.3262590338693
0.023793301035594242   1316.2705959616353   1316.2224930229581
0.024490812272480036   1299.742340239782   1299.6910972837804
0.025208771362518027   1281.8231908262394   1281.7687919501868
0.0259477777436476   1262.5555935433374   1262.4982102395195
0.02670844842659881   1241.998212750645   1241.938147733667
0.027491418510046592   1220.226335138097   1220.1639617217056
0.028297341710866907   1197.3190831867355   1197.2548355611907
0.029126890909937666   1173.3648646431745   1173.2992681844592
0.029980758713939952   1148.480213613686   1148.4140243803868
0.030859658033628758   1122.7870055209094   1122.721222727233
0.031764322679055976   1096.4057346611423   1096.341569765408
0.03269550797224261   1069.4764155719581   1069.4152404035635
0.033653991377811755   1042.1529994492314   1042.096299112115
0.03464057315210884   1014.5811403861146   1014.530487428509
0.03565607701135116   986.9134570621882   986.8704482942468
0.036701350819364466   959.3412106344847   959.3073301395613
0.03777726729548091   932.047600439655   932.0241981833406
0.038884724743189276   905.1963368098963   905.1846332240498
0.04002464780014597   878.9203270376245   878.921389083601
0.041197988210172884   853.3279475683561   853.3426799258652
0.04240572561788674   828.5140035591503   828.5431651781319
0.04364886838662332   804.601429433672   804.6453352712531
0.04492845444033957   781.7926896885086   781.8505252878996
0.04624555213019635   760.278923679712   760.3487818459689
0.04760126112654554   740.2023089027651   740.2813327588397
0.04899671333706607   721.5407626103308   721.6252918163755
0.05043307385181555   704.2205540350692   704.3062116482397
0.05191154191598653   688.1684162567315   688.2501632715897
0.053433351931179485   673.2836501698603   673.3558305940352
0.05499977448602865   659.4616801654076   659.5180532910657
0.05661211741704101   646.583803090683   646.6176347730362
0.05827172690053434   634.4725616094945   634.476847483406
0.05997998857658587   622.9484419486663   622.9159916755538
0.06173832870592997   611.7961181621773   611.7201059365573
0.0635482153607709   600.7706038425438   600.6450749584749
0.06541115965050462   589.6157235002642   589.4361048091835
0.06732871698337338   578.0249912065779   577.7893308044561
0.06930248836510605   565.7015319791956   565.4108236574651
0.07133412173562886   552.3510225725873   552.0099927546968
0.07342531334496233   537.7155015659346   537.3328966436009
0.07557780916945323   521.6332954902979   521.2230789075475
0.07779340636952398   504.02538356141145   503.6064462649704
0.08007395479015682   484.9633032903897   484.557115751864
0.08242135850536496   464.6174955624046   464.24673417301955
0.08483757740794096   443.294727482786   442.98286498798205
0.08732462884580919   421.3644234922702   421.1339581983047
0.08988458930634863   399.26111517069734   399.1307677925221
0.09251959615009227   377.4589995053801   377.4421023975522
0.09523184939525078   356.43605993621725   356.5397916593945
0.09802361355455057   336.65992233622444   336.8819044031406
0.10089721952591899   318.5731832643416   318.8993395536811
0.10385506653859616   302.51368476965047   302.9197628679917
0.10689962415629803   288.7145129217985   289.1674065552733
0.11003343433910281   277.1940823000683   277.652052037023
0.11325911356578279   267.8163727035299   268.2321032783361
0.11657935501835284   260.2225848968775   260.55166685433915
0.11999693083066039   253.92534205754026   254.1304937335406
0.12351469440289359   248.32702159631424   248.3826540573301
0.12713558278394044   242.7766757456609   242.67526074852293
0.13086261912358757   236.6489529320094   236.40557752588754
0.13469891519660646   229.41353538275393   229.06780009664223
0.13864767400083483   220.7412206833779   220.35323364217606
0.14271219243142114   210.56609936528602   210.209339271529
0.14689586403346616   199.1000138518691   198.8506646052928
0.1512021818353596   186.80965661639047   186.73386927796759
0.15563474126517718   174.36459711124726   174.505951156005
0.16019724315257297   162.54198660683792   162.9080996893668
0.1648934968186736   152.05864402107701   152.61431860844786
0.1697274232565544   143.37921311622006   144.0548354451901
0.17470305840495237   136.6014644464147   137.30934593601063
0.17982455651794954   131.48047206225695   132.1304720320141
0.18509619363343993   127.52881873065505   128.04692942403582
0.19052237114327647   124.0847266573246   124.43342330261932
0.19610761946807834   120.38940413990804   120.58780456123459
0.20185660183976684   115.80250018067247   115.92835518929938
0.20777411819498756   110.07509983441494   110.23281250877234
0.21386510918267082   103.42635367223984   103.72570611119373
0.22013466028907505   96.39853467044851   96.91271980871907
0.22658800608375756   89.67476823053438   90.41336074967484
0.23323053459001789   83.87714675925805   84.78598389809122
0.2400677917834628   79.32078102017634   80.29497297910741
0.24710548622244882   75.90777216189265   76.84162282519087
0.25434949381426813   73.18297795613184   74.00235350461998
0.2618058627210567   70.517523875261   71.22158014369738
0.2694808184095226   67.37749927445991   68.03691843085923
0.27738076884870827   63.61568725491275   64.33794462421866
0.2855123098601282   59.4842320591309   60.35272814928407
0.29388223062474755   55.46128262726728   56.49433351034886
0.3024975193514008   52.00862367912027   53.148314763450514
0.31136536911138296   49.28406525081711   50.43246499755317
0.3204931838440838   47.0772530994008   48.16187037724569
0.32988858453867975   44.987578303539465   45.99877997768221
0.3395594155970457   42.67537427653276   43.67132067794678
0.34951375138319807   40.09895061944724   41.15834432636453
0.3597599029647371   37.50813565538392   38.6635918713482
0.37030642505191835   35.19532368677139   36.41391021713237
0.3811621231401457   33.27294418203697   34.48832403246329
0.3923360608618501   31.602494432868724   32.773543754019684
0.4038375675538918   29.94335318896435   31.086449159921013
0.41567624604680364   28.186246791028687   29.34824021550802
0.42786198068238046   26.426774565883676   27.633965312407103
0.4404049455663077   24.82573586819279   26.060093798341907
0.4533156130627191   23.431084677263012   24.652893290608407
0.4666047625377753   22.14572240220588   23.341440854022782
0.4802834893595659   20.862186160747907   22.05416383613765
0.49436321416184764   19.58687680528156   20.79457216872882
0.5088556923793517   18.398034906286306   19.615533876604818
0.5237730240626238   17.325751353785623   18.53329459760403
0.5391276639805903   16.321201914273416   17.51332221388452
0.5549324320192869   15.340906577182222   16.530294958793064
0.5712005238854289   14.402274088484281   15.593601942520284
0.5879455221237613   13.534643469142853   14.719215836083938
0.6051814074573895   12.727103080427463   13.89949097896816
0.622922570460556   11.954852268247661   13.118689702993636
0.6411838235736077   11.220572358781917   12.378215625136267
0.6599804134701901   10.535483995444535   11.683331744656362
0.6793280337869897   9.8914264479628   11.02809899507403
0.6992428382266549   9.283743977454016   10.409104990784911
0.7197414540448374   8.710803569557648   9.824602982722894
0.7408409959326054   8.171011941583865   9.272907995858581
0.7625590803058332   7.662804632134423   8.752389721498474
0.7849138400134885   7.184650848877845   8.261473862797873
0.8079239394770964   6.735048902531852   7.7986376393537356
0.8316085902740278   6.312438869731886   7.362353181038383
0.8559875671776167   5.915267434767773   6.951124529906474
0.8810812246675007   5.54206582566148   6.563534559833234
0.9069105139239728   5.191446726224804   6.1982421470740166
0.9334970003205227   4.862099920909175   5.853978541162232
0.960862881429187   4.552788165714121   5.529543866776275
0.9890310055537336   4.26234327363909   5.2238037558784765
1.0180248908061487   3.9896651204460243   4.935688518930872
1.047868744742366   3.7337271372744363   4.664198222542586
1.0785874845736239   3.493561007974158   4.4083894176865766
1.1102067579703248   3.2682496376000083   4.167368788510543
1.1427529644757777   3.056924816947381   3.940290883074938
1.1762532775476793   2.8587649654941365   3.7263559077185318
1.210735667245765   2.6729929514748956   3.524807586655591
1.246228923584555   2.4988739811669682   3.3349310801867356
1.2827626805706884   2.335712419559019   3.1560496432211327
1.3203674409449337   2.182849013319331   2.987521634177119
1.3590746016495152   2.039661584092704   2.8287415472649244
1.3989164800420282   1.9055634282675176   2.679138489002722
1.4399263408778291   1.7800014511146172   2.5381743372865064
1.4821384240834183   1.6624543876882572   2.405341983501706
1.525587973344019   1.5524311072715198   2.280163655448438
1.5703112655292182   1.449469003970841   2.162189276459942
1.6163456409812174   1.3531325715118931   2.0509940993847335
1.6637295346910133   1.2630118980023965   1.946177499503922
1.7125025083885144   1.1787211438964662   1.847362539636148
1.7627052835733923   1.0998972220931493   1.7541946526161731
1.814379775514258   1.0261985481160094   1.6663403544412192
1.8675691282445197   0.9573038520641258   1.5834860261117016
1.922317750584177   0.892911049790186   1.5053367610831383
1.9786713532176083   0.8327361260473224   1.4316144113153395
2.0366769868582977   0.7765118582232586   1.362051379860538
2.0963830815323896   0.7239871150398532   1.2963943304584775
2.1578394870138577   0.6749260948351494   1.2344062820454247
2.2210975144450407   0.6291074381070124   1.1758655184668714
2.286209979177315   0.5863233871871714   1.1205645596482408
2.3532312448676476   0.5463789915558329   1.0683092047156633
2.4222172688678643   0.5090913566061184   1.0189176413367036
2.4932256489445366   0.4742890560912756   0.9722183324131853
2.5663156713684585   0.44181166507511344   0.9280468952805512
2.641548360413907   0.41150873913196745   0.88624919313177
2.7189865293089923   0.3832391534720722   0.8466814024633545
2.798694832679631   0.3568705598409896   0.8092092675975376
2.8807398205309562   0.3322788723254022   0.7737074127783171
2.9651899938111903   0.3093477807427717   0.7400587071292328
3.05211586160442   0.2879682774058555   0.7081536698611941
3.1415899999999994   0.2680376624836658   0.6778895576669421
