0.01   2609.115189228541   2609.023959120908
0.010293154462191829   2650.1566411490217   2650.061848717744
0.010594902878253955   2690.7417166980067   2690.6428274128557
0.010905497183778876   2730.795438179642   2730.6919429371865
0.011225196699963396   2770.2407428037272   2770.1321609039082
0.011554268350120923   2808.996052958577   2808.881920167271
0.011892986882540897   2846.974927304175   2846.854780988865
0.012241635099881474   2884.0889584158213   2883.962338428159
0.012600504095286909   2920.2474323496654   2920.1138594478557
0.012969893495426888   2955.3553587257647   2955.214240337054
0.013350111710660605   2989.3157490784506   2989.1663518803234
0.013741476192534558   3022.0304358112917   3021.8718828184915
0.014144313698828986   3053.3973031039586   3053.228587650118
0.01455896056637426   3083.310815790989   3083.130815406581
0.014985762991865008   3111.6651108914702   3111.4725878642435
0.01542507732090645   3138.3535428261175   3138.1471424236724
0.015877270345534218   3163.267045607896   3163.0452895164817
0.016342719610456153   3186.296936192186   3186.0582234750123
0.016821813728271667   3207.335816833856   3207.078421659347
0.017314952703931925   3226.2760290174897   3225.9980262605586
0.017822548268711737   3243.010793769139   3242.71000702388
0.01834502422397195   3257.4363199813806   3257.1103256649435
0.018882816794999403   3269.4525426671926   3269.098664097647
0.019436374995219892   3278.9638819804486   3278.579166646761
0.02000616100108813   3285.879652765366   3285.460880040624
0.020592650537967844   3290.115068276467   3289.6587789129408
0.021196333277324068   3291.595505089046   3291.098154831758
0.02181771324555934   3290.2553166501684   3289.7133730971
0.022457309244835088   3286.0361792650015   3285.44614578736
0.02311565528622961   3278.893176075661   3278.2516796199247
0.023793301035594242   3268.8001351091384   3268.1040694643516
0.024490812272480036   3255.7404793809687   3254.9870386113384
0.025208771362518027   3239.7091240498403   3238.895852087672
0.0259477777436476   3220.729960730266   3219.854990693448
0.02670844842659881   3198.8441582233963   3197.9063156617676
0.027491418510046592   3174.101460787188   3173.100264609757
0.028297341710866907   3146.579854023219   3145.5156723572754
0.029126890909937666   3116.3940422639243   3115.268310770153
0.029980758713939952   3083.666391997729   3082.4815920429323
0.030859658033628758   3048.5310884374917   3047.290718698082
0.031764322679055976   3011.1656164117085   3009.8742499016535
0.03269550797224261   2971.7615207719273   2970.424769354044
0.033653991377811755   2930.5107414732083   2929.135163593823
0.03464057315210884   2887.6502532698664   2886.2429739149547
0.03565607701135116   2843.4657038678138   2842.03399987449
0.036701350819364466   2798.2352581365235   2796.7864851762697
0.03777726729548091   2752.2199681566717   2750.7615017868748
0.038884724743189276   2705.646604326329   2704.1857526553154
0.04002464780014597   2658.724915487754   2657.268875022664
0.041197988210172884   2611.658249478536   2610.2139611819302
0.04240572561788674   2564.7358046304867   2563.3075793475955
0.04364886838662332   2518.3174666780624   2516.904979451302
0.04492845444033957   2472.741255452954   2471.3397833997956
0.04624555213019635   2428.2858426302882   2426.8861319698253
0.04760126112654554   2385.0981409771844   2383.6853103443436
0.04899671333706607   2343.2913659169567   2341.845018209593
0.05043307385181555   2302.948189045544   2301.4429784528293
0.05191154191598653   2263.9735826372103   2262.3810892028323
0.053433351931179485   2226.1960376602465   2224.4857278150603
0.05499977448602865   2189.4417732844217   2187.5814878973115
0.05661211741704101   2153.4484891718585   2151.407176844343
0.05827172690053434   2117.9213195736243   2115.6703600668498
0.05997998857658587   2082.5667818712886   2080.0810573567883
0.06173832870592997   2047.0418889674036   2044.304007652743
0.0635482153607709   2011.0087928542819   2008.0100870517297
0.06541115965050462   1974.1019052380805   1970.8472237363624
0.06732871698337338   1935.9226152109204   1932.4357343018353
0.06930248836510605   1896.0877207435433   1892.4133718961389
0.07133412173562886   1854.1899512061993   1850.4022736992295
0.07342531334496233   1809.8703504647722   1806.0733003123953
0.07557780916945323   1762.8964588260149   1759.2281339334338
0.07779340636952398   1713.1439917917858   1709.7749686671866
0.08007395479015682   1660.7613169449876   1657.8899185929888
0.08242135850536496   1606.078180070161   1603.9223777518462
0.08483757740794096   1549.704472747149   1548.4767083163827
0.08732462884580919   1492.3906739483168   1492.2834511872795
0.08988458930634863   1435.0252699232733   1436.2024051317985
0.09251959615009227   1378.4986677949375   1381.0870742524685
0.09523184939525078   1323.6780048853113   1327.7494369620658
0.09802361355455057   1271.3448080781548   1276.907259250935
0.10089721952591899   1222.18784745862   1229.1798341660642
0.10385506653859616   1176.7359428656173   1185.0277272954627
0.10689962415629803   1135.3576992607702   1144.749975058886
0.11003343433910281   1098.094240627376   1108.338028907058
0.11325911356578279   1064.6745168281632   1075.4915383663642
0.11657935501835284   1034.3695019847723   1045.506755725395
0.11999693083066039   1006.1722045686453   1017.4412503979125
0.12351469440289359   978.8254453742221   990.1536562093992
0.12713558278394044   951.1069031569183   962.557629908427
0.13086261912358757   921.9478312411406   933.7279291282341
0.13469891519660646   890.6288073901743   903.0608627606259
0.13864767400083483   856.8537428263525   870.3641583046456
0.14271219243142114   820.8206391355585   835.9058524120791
0.14689586403346616   783.2431146863332   800.3121656652572
0.1512021818353596   745.1933543879494   764.5168967128069
0.15563474126517718   707.9216107319387   729.5965727351406
0.16019724315257297   672.6634674775404   696.5586439325705
0.1648934968186736   640.4816333617086   666.2484467036988
0.1697274232565544   612.0699197679504   639.144542107936
0.17470305840495237   587.4942026830082   615.2430027622977
0.17982455651794954   566.0466437901491   593.9019299059239
0.18509619363343993   546.4251441508412   574.0147548097622
0.19052237114327647   527.2085142568492   554.4709095720348
0.19610761946807834   507.26168165158595   534.4345705394953
0.20185660183976684   485.8754664957139   513.4805176447823
0.20777411819498756   462.90220407816076   491.49409494660046
0.21386510918267082   438.97357164149895   469.0168802652138
0.22013466028907505   415.35403337917535   447.03014891584763
0.22658800608375756   393.3110658528325   426.4124953385136
0.23323053459001789   373.6062701519196   407.6392255979845
0.2400677917834628   356.3964891442139   390.7856420420104
0.24710548622244882   341.20676840820335   375.40858770649186
0.25434949381426813   327.0295810351678   360.83772545089914
0.2618058627210567   312.8112755335536   346.39768949702636
0.2694808184095226   297.936654187427   331.7121894115969
0.27738076884870827   282.44950521281083   316.8948469271448
0.2855123098601282   267.049482364928   302.38445393928924
0.29388223062474755   252.62714401948233   288.6866652786676
0.3024975193514008   239.6351849514264   276.0431479217556
0.31136536911138296   228.02384703329213   264.3722403311488
0.3204931838440838   217.2729326790333   253.33937204403415
0.32988858453867975   206.70036007112475   242.60660683438783
0.3395594155970457   195.99374606683386   232.00824739376912
0.34951375138319807   185.3330289761242   221.66333202912398
0.3597599029647371   175.1641615178296   211.79912432846643
0.37030642505191835   165.83569581501212   202.53986932354965
0.3811621231401457   157.2869190755473   193.83083931396226
0.3923360608618501   149.18814264766291   185.51826414727526
0.4038375675538918   141.2657260803371   177.48309247630988
0.41567624604680364   133.50076798144326   169.7220284945753
0.42786198068238046   126.09620230280727   162.31351764303304
0.4404049455663077   119.20457904557043   155.30084814769535
0.4533156130627191   112.76455407428675   148.63853149684707
0.4666047625377753   106.61552660926789   142.26530635435154
0.4802834893595659   100.67848347424284   136.15706862705878
0.49436321416184764   95.01309506266982   130.32213498768027
0.5088556923793517   89.68622996381322   124.77363102999585
0.5237730240626238   84.67225219716363   119.4922856637365
0.5391276639805903   79.89828886955102   114.44884883879726
0.5549324320192869   75.34311947550816   109.63507990820887
0.5712005238854289   71.03145787274075   105.0468282957962
0.5879455221237613   66.96587764055006   100.67839904543712
0.6051814074573895   63.11459572523818   96.51391336289144
0.622922570460556   59.45846939828552   92.54113772863211
0.6411838235736077   56.000185500770364   88.75530597636984
0.6599804134701901   52.734887159105014   85.14893174818421
0.6793280337869897   49.64576798205636   81.71207408084842
0.6992428382266549   46.72357843310926   78.4350733753499
0.7197414540448374   43.96246193059668   75.31196480844518
0.7408409959326054   41.35492582396643   72.33560636238231
0.7625590803058332   38.893012523384165   69.49867027555463
0.7849138400134885   36.569137158943754   66.79420726287242
0.8079239394770964   34.37607848874015   64.21563110800808
0.8316085902740278   32.30696316333879   61.75669928030576
0.8559875671776167   30.35526090620138   59.4114707778145
0.8810812246675007   28.514838992428995   57.17412262667565
0.9069105139239728   26.779885418850245   55.03906195407525
0.9334970003205227   25.144850860310026   53.00101353572676
0.960862881429187   23.60443959575249   51.05500101406863
0.9890310055537336   22.153600832944118   49.19632860957881
1.0180248908061487   20.78752010346902   47.42056402720977
1.047868744742366   19.501610557850277   45.72351932179617
1.0785874845736239   18.291495046765146   44.10107367200184
1.1102067579703248   17.15299634260223   42.54910930788693
1.1427529644757777   16.082144669042567   41.06374962045661
1.1762532775476793   15.075170191232406   39.64136256260145
1.210735667245765   14.128494412855556   38.27854364102932
1.246228923584555   13.23872183716976   36.97210021014693
1.2827626805706884   12.402631891934185   35.71903696015569
1.3203674409449337   11.617171050282993   34.516497436043636
1.3590746016495152   10.879445058407944   33.36159066319829
1.3989164800420282   10.186711938571475   32.251557047594964
1.4399263408778291   9.536375049501224   31.183825026614397
1.4821384240834183   8.925976289069242   30.155997558716425
1.525587973344019   8.353189548381714   29.165839708912912
1.5703112655292182   7.815814412969396   28.21126724496824
1.6163456409812174   7.311770041626694   27.29033327833808
1.6637295346910133   6.8390881720934535   26.40116417217571
1.7125025083885144   6.395908005762935   25.541963183864798
1.7627052835733923   5.9804721505017095   24.711059123431056
1.814379775514258   5.591121440561609   23.906899903048146
1.8675691282445197   5.226289930296063   23.128044513127037
1.922317750584177   4.884500107516175   22.373155628568632
1.9786713532176083   4.564358318893219   21.64099276217136
2.0366769868582977   4.2645498755071225   20.930383194201436
2.0963830815323896   3.983834129376975   20.240178370162532
2.1578394870138577   3.7210420290725987   19.569309239088202
2.2210975144450407   3.4750725474213677   18.916792924079786
2.286209979177315   3.244888986821164   18.28172723100709
2.3532312448676476   3.0295154661438493   17.663285539250314
2.4222172688678643   2.828033581665272   17.060712033469848
2.4932256489445366   2.6395794398800487   16.473333595915733
2.5663156713684585   2.4633423755528834   15.900701114759881
2.641548360413907   2.2985606786860977   15.342492409809307
2.7189865293089923   2.144517591063599   14.798403963738082
2.798694832679631   2.000538845235902   14.268148302943553
2.8807398205309562   1.8659903377153713   13.751452802341088
2.9651899938111903   1.7402759143214348   13.248058539983496
3.05211586160442   1.6228352238132189   12.757718200545042
3.1415899999999994   1.513138545471819   12.280112432342243
