0.01   9975.234007651987   9973.434713114764
0.010293154462191829   10105.712522986121   10103.748100289899
0.010594902878253955   10233.104106710989   10230.959728635693
0.010905497183778876   10357.092772452022   10354.752295130544
0.011225196699963396   10477.345822284215   10474.791235102499
0.011554268350120923   10593.525309066257   10590.7366716765
0.011892986882540897   10705.286558001839   10702.242055280818
0.012241635099881474   10812.264558708259   10808.94085573787
0.012600504095286909   10914.08652607282   10910.458916468753
0.012969893495426888   11010.378565934361   11006.420995092414
0.013350111710660605   11100.755947141432   11096.440297175935
0.013741476192534558   11184.822798715839   11180.118064576527
0.014144313698828986   11262.185851514454   11257.058145533483
0.01455896056637426   11332.451937052132   11326.864552801007
0.014985762991865008   11395.214682340174   11389.128149545279
0.01542507732090645   11450.071318414835   11443.443528245318
0.015877270345534218   11496.62926281217   11489.415590749486
0.016342719610456153   11534.497154055012   11526.649777639514
0.016821813728271667   11563.288527853641   11554.755875009861
0.017314952703931925   11582.634532308197   11573.361525894426
0.017822548268711737   11592.184480957709   11582.112525302186
0.01834502422397195   11591.603496307041   11580.669835530794
0.018882816794999403   11580.581362327852   11568.719323623465
0.019436374995219892   11558.83723635843   11545.976766574737
0.02000616100108813   11526.128678673816   11512.197377424327
0.020592650537967844   11482.25205300729   11467.176112493602
0.021196333277324068   11427.040289218081   11410.74516373989
0.02181771324555934   11360.379780645606   11342.791275105992
0.022457309244835088   11282.23147234604   11263.277348501646
0.02311565528622961   11192.602153095631   11172.212966827985
0.023793301035594242   11091.54818797405   11069.658415867938
0.024490812272480036   10979.237862971155   10955.79033020231
0.025208771362518027   10855.916729735365   10830.865079711997
0.0259477777436476   10721.869290562337   10695.178311091913
0.02670844842659881   10577.485624843059   10549.132688870664
0.027491418510046592   10423.30980179784   10393.287032108006
0.028297341710866907   10259.920322591106   10228.234469881561
0.029126890909937666   10087.938882094908   10054.611720516315
0.029980758713939952   9908.1723379058   9873.245905621992
0.030859658033628758   9721.494756835978   9685.032391733772
0.031764322679055976   9528.76994752821   9490.85445458345
0.03269550797224261   9331.021033832696   9291.749704037207
0.033653991377811755   9129.479217107453   9088.95764513121
0.03464057315210884   8925.328651484657   8883.668746624759
0.03565607701135116   8719.696323205913   8677.016049731963
0.036701350819364466   8513.70409784574   8470.132530655976
0.03777726729548091   8308.412684604287   8264.089878624805
0.038884724743189276   8104.8081713359825   8059.8818767107605
0.04002464780014597   7904.089787224741   7858.686693473068
0.041197988210172884   7707.667129990428   7661.86449320632
0.04240572561788674   7516.825440562951   7470.653025405856
0.04364886838662332   7332.694251735744   7286.134429608923
0.04492845444033957   7156.197863657654   7109.176354088002
0.04624555213019635   6988.1392499613985   6940.526419972532
0.04760126112654554   6829.168652942683   6780.783480360753
0.04899671333706607   6679.221274535159   6629.834606832209
0.05043307385181555   6537.863187792878   6487.201142062414
0.05191154191598653   6404.6447694099315   6352.393424370216
0.053433351931179485   6278.725640715216   6224.549859857104
0.05499977448602865   6159.079126783917   6102.633953183732
0.05661211741704101   6044.664737919802   5985.604740556081
0.05827172690053434   5934.102808494539   5872.121421547894
0.05997998857658587   5825.977039064765   5760.819402265499
0.06173832870592997   5718.698337288671   5650.207731369959
0.0635482153607709   5610.4087825998095   5538.590335307478
0.06541115965050462   5499.25814657293   5424.305626517161
0.06732871698337338   5383.100871542059   5305.504848483046
0.06930248836510605   5259.879528423639   5180.447876863571
0.07133412173562886   5127.737923260472   5047.652551264879
0.07342531334496233   4985.124571174839   4905.940657532886
0.07557780916945323   4831.3448642609055   4754.944184718474
0.07779340636952398   4666.423513368908   4594.94556512448
0.08007395479015682   4491.51467058919   4427.233996828077
0.08242135850536496   4308.550716985285   4253.75118084814
0.08483757740794096   4120.361920495625   4077.1087815560545
0.08732462884580919   3930.1406717928935   3900.1473110323577
0.08988458930634863   3741.4180879947567   3725.90958909792
0.09251959615009227   3557.754759525618   3557.3502423463383
0.09523184939525078   3382.691096249122   3397.2917701751794
0.09802361355455057   3219.4046674564725   3248.1058601295517
0.10089721952591899   3070.8107307154114   3111.7534331950715
0.10385506653859616   2938.8452511306446   2989.440469366979
0.10689962415629803   2824.482138756101   2881.609174170934
0.11003343433910281   2726.959582383409   2787.1999613257703
0.11325911356578279   2644.236168769107   2704.1410137204994
0.11657935501835284   2572.602461878087   2629.3795389598868
0.11999693083066039   2507.604924040072   2559.433761940487
0.12351469440289359   2444.249172615461   2490.557390918372
0.12713558278394044   2377.7142068752305   2419.4517480807162
0.13086261912358757   2303.9089107170753   2343.545200384573
0.13469891519660646   2220.0423223480143   2261.301452042952
0.13864767400083483   2125.2980927448375   2172.643822690598
0.14271219243142114   2020.9638730915647   2078.967929839686
0.14689586403346616   1910.235727415433   1982.762790693184
0.1512021818353596   1797.7398540873746   1887.0880979394885
0.15563474126517718   1688.932736195242   1795.4500530098771
0.16019724315257297   1589.2897330911271   1711.0468072841577
0.1648934968186736   1503.0785255062158   1635.7632636931185
0.1697274232565544   1432.0662925051074   1570.1887878525943
0.17470305840495237   1374.9447223872644   1513.2561102141692
0.17982455651794954   1327.965132580504   1462.150529840573
0.18509619363343993   1286.1569806450761   1414.0164376470573
0.19052237114327647   1244.1587527215183   1366.0515026498138
0.19610761946807834   1197.0248057124609   1316.1895554479693
0.20185660183976684   1141.895218053354   1263.7856929710072
0.20777411819498756   1079.5360074952832   1209.0876223793528
0.21386510918267082   1013.8545771575438   1154.4449534940231
0.22013466028907505   949.9259926202759   1102.1282219189825
0.22658800608375756   892.4053805418956   1053.7645102611361
0.23323053459001789   844.2709648086919   1010.3495098586728
0.2400677917834628   805.5314666349682   971.2008565411585
0.24710548622244882   773.2388624749924   935.1785941059504
0.25434949381426813   742.9154254080014   900.4895762789864
0.2618058627210567   710.2994674032376   865.7880735070332
0.2694808184095226   673.3740200906275   830.7491097019148
0.27738076884870827   633.5482107549747   796.0533136706995
0.2855123098601282   594.2009552749128   762.759824046242
0.29388223062474755   558.7039821936355   731.4887956571644
0.3024975193514008   528.8637782004516   702.6072433927352
0.31136536911138296   503.721721462996   675.5506571855256
0.3204931838440838   480.4321969527177   649.7636462030954
0.32988858453867975   456.35884834994005   624.6154160879627
0.3395594155970457   430.6275291877105   599.9632048635425
0.34951375138319807   404.62439472399103   576.2630139044297
0.3597599029647371   380.57204526827365   553.8482566933552
0.37030642505191835   359.55819241683355   532.6029257214166
0.3811621231401457   340.95369041002215   512.4969714243249
0.3923360608618501   323.1124267910391   493.2820528713758
0.4038375675538918   304.95177799172075   474.6823302141587
0.41567624604680364   286.8492352823188   456.78829920785734
0.42786198068238046   269.9130093044345   439.75764437539414
0.4404049455663077   254.67389657319526   423.6152293092381
0.4533156130627191   240.63603664014784   408.21535992355814
0.4666047625377753   227.00793960284912   393.4233426952188
0.4802834893595659   213.6212566056021   379.2420954234271
0.49436321416184764   200.9493892990553   365.6785128932768
0.5088556923793517   189.28223946542082   352.78315375054035
0.5237730240626238   178.3835922451588   340.46429614418827
0.5391276639805903   167.9085230333734   328.63315122355164
0.5549324320192869   157.87618986183253   317.3165787810154
0.5712005238854289   148.4803768456828   306.4999759355157
0.5879455221237613   139.69949229146087   296.16636140423657
0.6051814074573895   131.36624243463461   286.26028680861987
0.622922570460556   123.44368339288891   276.7523339750285
0.6411838235736077   115.99775343197507   267.65646978166444
0.6599804134701901   108.99932282418382   258.9432756317167
0.6793280337869897   102.39640383780177   250.5803779315662
0.6992428382266549   96.16458063367962   242.5563115350531
0.7197414540448374   90.2865087126697   234.85271378809023
0.7408409959326054   84.74549032811963   227.45208773369018
0.7625590803058332   79.5252591659251   220.33803485371675
0.7849138400134885   74.61000825314815   213.49517971448523
0.8079239394770964   69.98436358124263   206.9090412111706
0.8316085902740278   65.63274047329433   200.5651310778681
0.8559875671776167   61.53971806504154   194.44921024049296
0.8810812246675007   57.69067963174039   188.5479869855394
0.9069105139239728   54.071789611943736   182.84907060393442
0.9334970003205227   50.6699544271274   177.34090939818978
0.960862881429187   47.472785127951305   172.01273376152935
0.9890310055537336   44.468561788998116   166.8545038655523
1.0180248908061487   41.64622423648333   161.85670112503743
1.047868744742366   38.995410193406144   157.00978005282994
1.0785874845736239   36.50632418554058   152.30470936703492
1.1102067579703248   34.16968028404598   147.73313093997206
1.1427529644757777   31.976679442788942   143.28731707277194
1.1762532775476793   29.918987550563646   138.9601312004664
1.210735667245765   27.98871419836646   134.74499168173074
1.246228923584555   26.17839192211021   130.63583888536746
1.2827626805706884   24.480944839224737   126.62713104942549
1.3203674409449337   22.88966805836584   122.71382406309446
1.3590746016495152   21.398228230848197   118.89130368839372
1.3989164800420282   20.000646288304846   115.15535750260386
1.4399263408778291   18.69127937780332   111.50215183577596
1.4821384240834183   17.464803590048913   107.92821003697452
1.525587973344019   16.3161974551729   104.43039191021366
1.5703112655292182   15.240726155360214   101.00593845445468
1.6163456409812174   14.233926292990141   97.65295482174122
1.6637295346910133   13.29159170284669   94.3700413666162
1.7125025083885144   12.409759894993392   91.15594262129464
1.7627052835733923   11.58469899962048   88.00953377838611
1.814379775514258   10.81289533131087   84.92981070504898
1.8675691282445197   10.091041550338618   81.91588021577984
1.922317750584177   9.416025396384438   78.96695083160495
1.9786713532176083   8.784917779239674   76.08254042129126
2.0366769868582977   8.194960924603967   73.26281474002353
2.0963830815323896   7.643562162291357   70.5079955499106
2.1578394870138577   7.128285217048435   67.81824168311319
2.2210975144450407   6.646841296020682   65.19364860487626
2.286209979177315   6.197080645881833   62.63424816153729
2.3532312448676476   5.776984557627713   60.14000851327098
2.4222172688678643   5.384657934306711   57.71085815296036
2.4932256489445366   5.018324943856844   55.34719723469793
2.5663156713684585   4.67632126457107   53.049792696115816
2.641548360413907   4.3570843457876665   50.81919707705882
2.7189865293089923   4.059147452095831   48.65573642737903
2.798694832679631   3.7811341612180187   46.559524631307234
2.8807398205309562   3.521753147975502   44.53047772478074
2.9651899938111903   3.279793241816627   42.5683281184213
3.05211586160442   3.0541168005493664   40.67256583403721
3.1415899999999994   2.8436472491675446   38.84213466937743
