0.01   19532.772180577493   19530.069379161636
0.010293154462191829   19687.631806659832   19684.72698365472
0.010594902878253955   19831.310853692405   19828.19130624162
0.010905497183778876   19963.112554698688   19959.762028116857
0.011225196699963396   20082.348071223092   20078.746786926287
0.011554268350120923   20188.304269473803   20184.430332545606
0.011892986882540897   20280.24256359936   20276.0735829093
0.012241635099881474   20357.441251499524   20352.954533237273
0.012600504095286909   20419.187337325067   20414.359460658878
0.012969893495426888   20464.74065602888   20459.545550264895
0.013350111710660605   20493.38046431663   20487.78906908272
0.013741476192534558   20504.420422650186   20498.400852160226
0.014144313698828986   20497.167645170357   20490.685260852923
0.01455896056637426   20470.9383409489   20463.955897783813
0.014985762991865008   20425.10257606018   20417.58052077517
0.01542507732090645   20359.071214956806   20350.9667654229
0.015877270345534218   20272.269934873562   20263.534216560212
0.016342719610456153   20164.191135710473   20154.769208161077
0.016821813728271667   20034.40583425983   20024.23733693877
0.017314952703931925   19882.54029465293   19871.56011496004
0.017822548268711737   19708.29737665106   19696.4364555198
0.01834502422397195   19511.481953255585   19498.668232495194
0.018882816794999403   19292.00738807764   19278.16690882478
0.019436374995219892   19049.900970848004   19034.95909875872
0.02000616100108813   18785.30690297624   18769.18950207543
0.020592650537967844   18498.499839374184   18481.135209009022
0.021196333277324068   18189.944515313902   18171.269357985682
0.02181771324555934   17860.25119104976   17840.213363598406
0.022457309244835088   17510.148231212184   17488.707520014366
0.02311565528622961   17140.589375239553   17117.72451396597
0.023793301035594242   16752.773442246966   16728.490272163384
0.024490812272480036   16347.98921029207   16322.319904239113
0.025208771362518027   15927.669615047344   15900.67368999246
0.0259477777436476   15493.62668689919   15465.400662847702
0.02670844842659881   15047.77099238563   15018.447688937757
0.027491418510046592   14592.0175448052   14561.761760337306
0.028297341710866907   14128.643826560668   14097.654965656562
0.029126890909937666   13660.197842372549   13628.710688078147
0.029980758713939952   13189.087869116032   13157.365611879304
0.030859658033628758   12717.755326495571   12686.08386553162
0.031764322679055976   12249.047230751554   12217.73233169367
0.03269550797224261   11785.628887083712   11754.989774326654
0.033653991377811755   11329.915945896859   11300.276885425435
0.03464057315210884   10884.782629728676   10856.44433932553
0.03565607701135116   10453.194298389779   10426.417916537159
0.036701350819364466   10037.647495892454   10012.657150154691
0.03777726729548091   9640.160229891508   9617.13794551044
0.038884724743189276   9262.27912865649   9241.351636946312
0.04002464780014597   8905.209980253796   8886.454605001592
0.041197988210172884   8570.030239308535   8553.466325633688
0.04240572561788674   8258.798417779695   8244.262881253135
0.04364886838662332   7973.785798837651   7960.896998418484
0.04492845444033957   7716.8176563830975   7705.00770583891
0.04624555213019635   7487.424114027883   7476.001133655992
0.04760126112654554   7283.025467597528   7271.2259189963415
0.04899671333706607   7101.240811588092   7088.232218854928
0.05043307385181555   6939.869885213631   6924.735839687667
0.05191154191598653   6796.851503103118   6778.575277984343
0.053433351931179485   6670.22989802106   6647.700634213664
0.05499977448602865   6557.064425301915   6529.156532316455
0.05661211741704101   6453.932406499705   6419.553668728065
0.05827172690053434   6357.132735789829   6315.289240588568
0.05997998857658587   6261.7914616446005   6211.768251958311
0.06173832870592997   6162.978564029348   6104.401004536295
0.0635482153607709   6055.138110584671   5988.192418490832
0.06541115965050462   5932.657396142005   5858.20478569052
0.06732871698337338   5790.725256581017   5710.390090971927
0.06930248836510605   5625.492855479881   5541.706737140175
0.07133412173562886   5435.0098197063835   5350.91642204164
0.07342531334496233   5219.509273756753   5138.817717203647
0.07557780916945323   4980.888640609083   4907.639933745639
0.07779340636952398   4722.675514500007   4660.988418744688
0.08007395479015682   4450.112740886264   4403.956728739513
0.08242135850536496   4169.586777039635   4142.554364746162
0.08483757740794096   3888.308458648715   3883.1808919821747
0.08732462884580919   3613.8063841499716   3632.237413223908
0.08988458930634863   3354.453240755047   3396.5563868063896
0.09251959615009227   3117.3895998264015   3181.826043245534
0.09523184939525078   2909.1907405237566   2992.9194045501536
0.09802361355455057   2734.0403571076513   2832.5929138687934
0.10089721952591899   2593.565839832461   2701.0414714119242
0.10385506653859616   2486.6416888836666   2596.5930119665563
0.10689962415629803   2409.692697996733   2515.8528682403075
0.11003343433910281   2356.7873286391723   2453.3718114152994
0.11325911356578279   2320.494424765073   2402.679777703276
0.11657935501835284   2291.6710573355263   2356.7224181302695
0.11999693083066039   2260.5938334075795   2308.3883954522603
0.12351469440289359   2217.8137068353867   2251.10015116848
0.12713558278394044   2155.758193509345   2180.0107819064033
0.13086261912358757   2070.002939679051   2093.5530503841646
0.13469891519660646   1960.0264006434302   1992.4978540461927
0.13864767400083483   1829.7043374215862   1879.707271655164
0.14271219243142114   1687.4891134496127   1762.1155154306716
0.14689586403346616   1545.212142369637   1647.285473707196
0.1512021818353596   1414.9643608977258   1542.372881705216
0.15563474126517718   1305.7648165251662   1452.6411859335583
0.16019724315257297   1221.8930636026553   1379.4437124703707
0.1648934968186736   1163.3822731399284   1321.205058541703
0.1697274232565544   1126.8322105211446   1276.0792646491468
0.17470305840495237   1105.0351343516606   1238.4645781347233
0.17982455651794954   1087.2428678281406   1202.8707831526121
0.18509619363343993   1062.3070381897012   1163.537800642854
0.19052237114327647   1022.6480369607694   1117.2360421531312
0.19610761946807834   966.329653935935   1064.6341347130265
0.20185660183976684   896.8615485545376   1008.4521697088882
0.20777411819498756   822.6170914338408   951.8642856746917
0.21386510918267082   753.8908979527029   899.669392341565
0.22013466028907505   698.5341045289223   854.3612873915517
0.22658800608375756   659.6194746749155   816.9170939343778
0.23323053459001789   634.8760031424315   784.9428342306862
0.2400677917834628   617.2087760055847   755.9845605284396
0.24710548622244882   598.0036741590911   726.864768672655
0.25434949381426813   571.2906689433507   696.049718588307
0.2618058627210567   535.6912656537876   664.4565795382058
0.2694808184095226   495.1974865058727   632.2795679090568
0.27738076884870827   456.9346907328544   602.2298123352136
0.2855123098601282   426.2975516346017   575.1919010025047
0.29388223062474755   404.40449286188664   551.0201710495841
0.3024975193514008   388.08273261402724   528.7043404179306
0.31136536911138296   371.8404822072522   507.24722926248114
0.3204931838440838   351.90417251381785   485.7528806147764
0.32988858453867975   328.5327294300816   464.6154131301759
0.3395594155970457   305.0814697319797   444.29768334650333
0.34951375138319807   285.1830848145789   425.5660672012079
0.3597599029647371   269.7309343335135   408.17043411213194
0.37030642505191835   256.5764541897872   391.6823393492421
0.3811621231401457   242.89540425403118   375.8060942132514
0.3923360608618501   227.73993056854383   360.41123745733836
0.4038375675538918   212.54181571116388   345.58950714497314
0.41567624604680364   199.17043076805123   331.7138651509338
0.42786198068238046   187.94058721567072   318.72953415032845
0.4404049455663077   177.52869966068164   306.2984715077379
0.4533156130627191   166.85045054540728   294.3935454357953
0.4666047625377753   156.15897652747623   282.94469242308963
0.4802834893595659   146.37997314791184   272.0839750413654
0.49436321416184764   137.71960926306178   261.8352150044549
0.5088556923793517   129.5656069387509   252.06965653345452
0.5237730240626238   121.52214361594167   242.6634966666666
0.5391276639805903   113.85284608928673   233.70774628167757
0.5549324320192869   106.84941241705373   225.20992776423682
0.5712005238854289   100.34078061303782   217.12077067825186
0.5879455221237613   94.0880720456167   209.3574661451979
0.6051814074573895   88.16313072557662   201.95707344472086
0.622922570460556   82.66722009854644   194.90687130376995
0.6411838235736077   77.5162578930932   188.18647989996816
0.6599804134701901   72.6599228932482   181.7550917967873
0.6793280337869897   68.08514573496103   175.59811218538323
0.6992428382266549   63.77935994768721   169.70205161447296
0.7197414540448374   59.73011208438595   164.05415790099153
0.7408409959326054   55.925120966069635   158.64237217148315
0.7625590803058332   52.35232881285709   153.45528772421886
0.7849138400134885   48.999944802038684   148.4821115190949
0.8079239394770964   45.85630241350591   143.7123400599117
0.8316085902740278   42.9089911637867   139.13418161201756
0.8559875671776167   40.14585431704155   134.7358821763658
0.8810812246675007   37.55549751876417   130.50650393863108
0.9069105139239728   35.12724064976361   126.43586731130755
0.9334970003205227   32.85107146449445   122.51449566679796
0.960862881429187   30.717602386186524   118.73356478651542
0.9890310055537336   28.718030232791094   115.08485658558448
1.0180248908061487   26.84413967487809   111.5606565440469
1.047868744742366   25.088387474867485   108.15352208617347
1.0785874845736239   23.443700198565192   104.85646794642516
1.1102067579703248   21.903396049507197   101.66300925692288
1.1427529644757777   20.461165795118895   98.56712804366413
1.1762532775476793   19.11105441349717   95.56324248064473
1.210735667245765   17.847443448795474   92.64617863705763
1.246228923584555   16.665034057011038   89.811144455151
1.2827626805706884   15.558821191387928   87.05367871737316
1.3203674409449337   14.524063316172976   84.36958051513636
1.3590746016495152   13.556296325239332   81.75496282847833
1.3989164800420282   12.651323650967244   79.20624874261951
1.4399263408778291   11.805201062115026   76.72015290839157
1.4821384240834183   11.014222265918052   74.29366426931485
1.525587973344019   10.274905276057591   71.92402991750943
1.5703112655292182   9.5839795180667   69.60874098610672
1.6163456409812174   8.93837478461603   67.34566734130341
1.6637295346910133   8.335210447929118   65.13317286361078
1.7125025083885144   7.7717819857160775   62.96980102745964
1.7627052835733923   7.2455504732547995   60.85422562160457
1.814379775514258   6.754132963405781   58.785242382268606
1.8675691282445197   6.295293386408221   56.76176093203153
1.922317750584177   5.86693394425545   54.78279699673304
1.9786713532176083   5.467086950717866   52.847469264597756
2.0366769868582977   5.093906039534602   50.95519545447351
2.0963830815323896   4.745658827071955   49.10573500488676
2.1578394870138577   4.420721825191558   47.29887459508648
2.2210975144450407   4.117573988708137   45.534400923222684
2.286209979177315   3.8347904972866473   43.81209848342406
2.3532312448676476   3.571036896607145   42.13174745336418
2.4222172688678643   3.325063579352756   40.49312169534617
2.4932256489445366   3.095700654920233   38.8960011458454
2.5663156713684585   2.881854447861239   37.340476391771155
2.641548360413907   2.6825024015324077   35.82688590834649
2.7189865293089923   2.496687091300031   34.35546605641113
2.798694832679631   2.3235121995819847   32.92634139362562
2.8807398205309562   2.162138792173003   31.53953086200156
2.9651899938111903   2.0117818073113107   30.19495400969951
3.05211586160442   1.8717067464453951   28.89243721436354
3.1415899999999994   1.7412262235027247   27.631702566671052
