0.01   25300.30875553055   25291.06776750349
0.010293154462191829   25515.54746621814   25505.488712232876
0.010594902878253955   25718.71179935584   25707.76624264105
0.010905497183778876   25909.040412176986   25897.131105456774
0.011225196699963396   26085.771131371555   26072.81356129134
0.011554268350120923   26248.109367224326   26234.01337489763
0.011892986882540897   26395.25524547848   26379.92597555701
0.012241635099881474   26526.422155997763   26509.760328618715
0.012600504095286909   26640.80603199972   26622.706549338076
0.012969893495426888   26737.578016951153   26717.928073763425
0.013350111710660605   26815.931496810717   26794.610887002007
0.013741476192534558   26875.07828446972   26851.95934180522
0.014144313698828986   26914.211301413816   26889.156737933146
0.01455896056637426   26932.547746094904   26905.410596295995
0.014985762991865008   26929.34812789647   26899.972553358995
0.01542507732090645   26903.88056187956   26872.101167067718
0.015877270345534218   26855.427473408276   26821.068820001085
0.016342719610456153   26783.332707260135   26746.210610663915
0.016821813728271667   26686.997490097434   26646.919011483897
0.017314952703931925   26565.858557953077   26522.618598377583
0.017822548268711737   26419.4269337378   26372.80920798973
0.01834502422397195   26247.30188652291   26197.08119581391
0.018882816794999403   26049.166901715224   25995.11139187133
0.019436374995219892   25824.798328499317   25766.67203300704
0.02000616100108813   25574.078551471903   25511.644318349616
0.020592650537967844   25297.017664815015   25230.042039922602
0.021196333277324068   24993.780797251227   24922.041492012093
0.02181771324555934   24664.654161400656   24587.943641461676
0.022457309244835088   24310.053179393683   24228.182755513895
0.02311565528622961   23930.63047886585   23843.444344038293
0.023793301035594242   23527.21378116381   23434.59696794628
0.024490812272480036   23100.734840244157   23002.61439355726
0.025208771362518027   22652.35604862366   22548.712822433736
0.0259477777436476   22183.559777830316   22074.447492386556
0.02670844842659881   21695.909176144214   21581.453089381692
0.027491418510046592   21191.073347642003   21071.46929598489
0.028297341710866907   20671.155949542994   20546.6866568937
0.029126890909937666   20138.404008820216   20009.439240311276
0.029980758713939952   19595.02327073748   19462.009926239796
0.030859658033628758   19043.527175596897   18906.98829793583
0.031764322679055976   18486.807179177835   18347.34215587779
0.03269550797224261   17927.6033696785   17785.87441241696
0.033653991377811755   17368.593091690007   17225.31059676159
0.03464057315210884   16812.878263361603   16668.784333541927
0.03565607701135116   16263.44579580227   16119.300554640604
0.036701350819364466   15722.978991188807   15579.547358359494
0.03777726729548091   15194.402266898702   15052.399173207863
0.038884724743189276   14680.821831910554   14540.864572840179
0.04002464780014597   14184.933372409174   14047.544921503895
0.041197988210172884   13708.943033857713   13574.543041722187
0.04240572561788674   13254.410618650358   13123.27092349224
0.04364886838662332   12822.554787192454   12694.80438388595
0.04492845444033957   12414.406330012906   12290.035162874454
0.04624555213019635   12031.494317519682   11910.173747327612
0.04760126112654554   11675.63194390117   11556.602518201747
0.04899671333706607   11348.359090279791   11230.475838411197
0.05043307385181555   11049.144337353015   10931.031678933467
0.05191154191598653   10774.34717790249   10654.615701580055
0.053433351931179485   10520.375970612462   10397.639631682965
0.05499977448602865   10284.05514148339   10156.921847207901
0.05661211741704101   10062.634764109469   9929.693828712947
0.05827172690053434   9853.556841427997   9713.389697014343
0.05997998857658587   9653.405725859055   9504.775870183461
0.06173832870592997   9458.020751748381   9300.048019483062
0.0635482153607709   9263.21826504094   9095.461861859498
0.06541115965050462   9063.753359047125   8886.589855422146
0.06732871698337338   8854.424110494307   8669.14168410343
0.06930248836510605   8630.094149446802   8439.22820527536
0.07133412173562886   8385.909338079937   8193.448669621777
0.07342531334496233   8118.6008027499465   7929.788632580668
0.07557780916945323   7826.927429353462   7647.995885635314
0.07779340636952398   7511.431820166452   7349.252466402913
0.08007395479015682   7175.125088829369   7036.796465324981
0.08242135850536496   6822.558063958321   6714.939420427408
0.08483757740794096   6460.194529460776   6389.384481591436
0.08732462884580919   6095.043751522181   6065.885324175603
0.08988458930634863   5734.482267770267   5750.117901730009
0.09251959615009227   5386.123428581761   5447.63592155334
0.09523184939525078   5057.369262362265   5163.596480634032
0.09802361355455057   4755.661119590359   4902.63496767803
0.10089721952591899   4486.941533533875   4668.233012798314
0.10385506653859616   4255.0475393546585   4461.731924994257
0.10689962415629803   4061.6309406773357   4282.991927769089
0.11003343433910281   3904.2049817460183   4129.217639968955
0.11325911356578279   3778.0487818062   3996.2908351236124
0.11657935501835284   3675.341187725808   3878.324310789285
0.11999693083066039   3586.957262015126   3769.0428770953085
0.12351469440289359   3502.845255371393   3662.142802870746
0.12713558278394044   3413.0178754253707   3552.1470687162314
0.13086261912358757   3308.8876579963558   3434.93700538652
0.13469891519660646   3184.43415920607   3308.2020277219194
0.13864767400083483   3037.6689480335876   3171.8109925433305
0.14271219243142114   2870.5932917966566   3028.092274153276
0.14689586403346616   2688.9428216080464   2881.273638506271
0.1512021818353596   2501.685298771183   2736.0386701589423
0.15563474126517718   2320.2016957765113   2598.0904134975062
0.16019724315257297   2155.9507978116994   2471.435812683599
0.1648934968186736   2017.364605699635   2358.740500956543
0.1697274232565544   1907.3440897754356   2261.2516567617677
0.17470305840495237   1823.2855629720761   2174.396384471072
0.17982455651794954   1759.1684926678336   2096.5892212288413
0.18509619363343993   1706.6247366276737   2023.9272085854368
0.19052237114327647   1655.133340800361   1952.7650323618564
0.19610761946807834   1594.3422620437393   1879.8857889102478
0.20185660183976684   1518.6438045337816   1803.9967563112282
0.20777411819498756   1429.0957413356327   1726.667927722181
0.21386510918267082   1331.7701753732788   1651.3617241403929
0.22013466028907505   1235.207660091134   1578.7166326602842
0.22658800608375756   1148.378142782313   1511.2120256122323
0.23323053459001789   1077.269992170351   1449.4545416317019
0.2400677917834628   1022.4921637976389   1393.0211696213908
0.24710548622244882   979.8583825406253   1340.7618031215723
0.25434949381426813   941.8668074880738   1290.8100114277713
0.2618058627210567   900.6246109916043   1241.7186882856029
0.2694808184095226   852.3224104969033   1193.5191680003604
0.27738076884870827   798.3540166800481   1146.035751930539
0.2855123098601282   743.4511519616738   1100.9115353435316
0.29388223062474755   693.615859201152   1058.090260536905
0.3024975193514008   652.460073006335   1017.934554952593
0.31136536911138296   619.0516685313893   980.3478643154336
0.3204931838440838   589.4765057182011   944.3680067206304
0.32988858453867975   559.2708465638539   910.0481034183252
0.3395594155970457   526.3506657245563   876.4033640470747
0.34951375138319807   492.3644330073697   844.2268769888817
0.3597599029647371   460.46175791425355   813.7112289418598
0.37030642505191835   432.7448030120819   784.696858247396
0.3811621231401457   408.8616966972112   757.216333866907
0.3923360608618501   386.53950733061816   731.0357631870796
0.4038375675538918   363.9267940697191   705.7804340771079
0.41567624604680364   341.14516982093625   681.5295188042363
0.42786198068238046   319.57778250438037   658.3805612356966
0.4404049455663077   300.2411231393763   636.397627917994
0.4533156130627191   282.72441654444134   615.4177016634266
0.4666047625377753   265.9771813443078   595.3142694143729
0.4802834893595659   249.53647083088694   576.0059396833989
0.49436321416184764   233.87677358345132   557.4782619415686
0.5088556923793517   219.46644063717397   539.8417390274456
0.5237730240626238   206.1501890468186   522.9903655064874
0.5391276639805903   193.47322568575805   506.7883018726415
0.5549324320192869   181.34415621787682   491.2164499992446
0.5712005238854289   169.9726895367366   476.29482022504504
0.5879455221237613   159.39689520005047   461.9999458725121
0.6051814074573895   149.43742008068688   448.2616107978671
0.622922570460556   139.9851306118716   434.99184004388707
0.6411838235736077   131.12856826633305   422.25459046675246
0.6599804134701901   122.88202143291453   410.1319866551983
0.6793280337869897   115.02624750598393   398.17209768389364
0.6992428382266549   107.66883281474479   386.7041263268029
0.7197414540448374   100.77810064480225   375.69253760182045
0.7408409959326054   94.32118876709833   365.09435921192124
0.7625590803058332   88.26796563095685   354.8701594263159
0.7849138400134885   82.59077579536893   344.9837644295638
0.8079239394770964   77.26421075353662   335.4020102100138
0.8316085902740278   72.26496638376518   326.0947665993809
0.8559875671776167   67.57314318869393   317.04063523442744
0.8810812246675007   63.17167684151122   308.2263633773114
0.9069105139239728   59.04434029207653   299.6399059808625
0.9334970003205227   55.17563575539685   291.2700322339657
0.960862881429187   51.550779424296266   283.1062794105789
0.9890310055537336   48.15568459969079   275.1389098648348
1.0180248908061487   44.976937931545095   267.3588398293463
1.047868744742366   42.001558977283956   259.7563108722839
1.0785874845736239   39.21697662038004   252.3205678823812
1.1102067579703248   36.611347970085376   245.04166105648096
1.1427529644757777   34.17354068819797   237.91053479515978
1.1762532775476793   31.8930918339065   230.91898104806648
1.210735667245765   29.760169007341837   224.05959571409733
1.246228923584555   27.76553400987561   217.32574627572174
1.2827626805706884   25.900535331118846   210.71224361035536
1.3203674409449337   24.15708566634587   204.21572262463528
1.3590746016495152   22.527579252646273   197.83335162680407
1.3989164800420282   21.00486041200442   191.56267277120006
1.4399263408778291   19.582198965548045   185.4015795130702
1.4821384240834183   18.253266831974475   179.34829449317078
1.525587973344019   17.012115744121875   173.40135026333613
1.5703112655292182   15.853151555906459   167.56011690711978
1.6163456409812174   14.771110284433473   161.82536430394703
1.6637295346910133   13.7610498307333   156.1980266989222
1.7125025083885144   12.818332802019421   150.67900908961997
1.7627052835733923   11.938608705174321   145.26917925301473
1.814379775514258   11.117797107492178   139.96936006282507
1.8675691282445197   10.352071717839824   134.78032247442943
1.922317750584177   9.63784573502958   129.7032256473835
1.9786713532176083   8.971758219244169   124.74037167088275
2.0366769868582977   8.35065948728175   119.89395380688839
2.0963830815323896   7.771598268007661   115.16580394452305
2.1578394870138577   7.231809808125945   110.55740546361314
2.2210975144450407   6.728704644422998   106.06990670824443
2.286209979177315   6.259858008653556   101.70413497502301
2.3532312448676476   5.8229991996022745   97.4607548873498
2.4222172688678643   5.416000662913546   93.34065447707235
2.4932256489445366   5.036871500678862   89.34445625945015
2.5663156713684585   4.683749631454723   85.47239305342933
2.641548360413907   4.354893756521548   81.72433384567721
2.7189865293089923   4.048675804548381   78.09980952491343
2.798694832679631   3.763573827841241   74.59803834169408
2.8807398205309562   3.498165889381943   71.21799885465855
2.9651899938111903   3.2511257822298747   67.95863459998692
3.05211586160442   3.02121448838256   64.81867116507348
3.1415899999999994   2.807273750621133   61.79655775296543
