0.01   17943.880762188674   17939.772492956057
0.010293154462191829   18122.222422834948   18117.74708472077
0.010594902878253955   18292.993878728157   18288.120251794455
0.010905497183778876   18455.63703116717   18450.33039451113
0.011225196699963396   18609.592757724116   18603.814882328323
0.011554268350120923   18754.28963088593   18747.999035096043
0.011892986882540897   18889.133223295987   18882.285669097007
0.012241635099881474   19013.53096500474   19006.07961166034
0.012600504095286909   19126.89189846051   19118.787259650802
0.012969893495426888   19228.595219058396   19219.784096744814
0.013350111710660605   19318.01523062805   19308.44036507224
0.013741476192534558   19394.540600515087   19384.140857628005
0.014144313698828986   19457.554941414517   19446.264920548343
0.01455896056637426   19506.431494758115   19494.1809475644
0.014985762991865008   19540.566366595962   19527.280481266753
0.01542507732090645   19559.375601217565   19544.974962629512
0.015877270345534218   19562.26457305894   19546.663509518326
0.016342719610456153   19548.663295021015   19531.769810167883
0.016821813728271667   19518.043021886002   19499.75940442383
0.017314952703931925   19469.897819865724   19450.120338145673
0.017822548268711737   19403.74989590909   19382.36862861
0.01834502422397195   19319.177537488416   19296.077329582873
0.018882816794999403   19215.816204993927   19190.876913320844
0.019436374995219892   19093.35255419165   19066.447467776135
0.02000616100108813   18951.541646099588   18922.538359873586
0.020592650537967844   18790.2157257529   18758.977993266217
0.021196333277324068   18609.303549064218   18575.696354360414
0.02181771324555934   18408.828277950433   18372.72187683637
0.022457309244835088   18188.898349066425   18150.169933945956
0.02311565528622961   17949.742709502192   17908.279884563508
0.023793301035594242   17691.752781617393   17647.459231533554
0.024490812272480036   17415.41301288242   17368.210182550567
0.025208771362518027   17121.307336287922   17071.136924580624
0.0259477777436476   16810.25445933092   16757.092248661316
0.02670844842659881   16483.215546200376   16427.077326172424
0.027491418510046592   16141.207387174156   16082.14750888671
0.028297341710866907   15785.446062683348   15723.562431746806
0.029126890909937666   15417.418175163513   15352.86021334637
0.029980758713939952   15038.628259428406   14971.593141462019
0.030859658033628758   14650.639038810112   14581.368362199497
0.031764322679055976   14255.398455050276   14184.182993303433
0.03269550797224261   13854.915306277524   13782.091229973183
0.033653991377811755   13451.097268125852   13377.038270168623
0.03464057315210884   13046.038793172147   12971.150471384446
0.03565607701135116   12642.022721902664   12566.736995711883
0.036701350819364466   12241.142263684493   12165.909499772204
0.03777726729548091   11845.448990451627   11770.722092261796
0.038884724743189276   11457.424379651322   11383.619646515168
0.04002464780014597   11079.402414954293   11006.89113121807
0.041197988210172884   10713.392349697397   10642.501485100063
0.04240572561788674   10360.903363278949   10291.900208077297
0.04364886838662332   10023.033468346968   9956.116237051694
0.04492845444033957   9700.686386055835   9635.99113698094
0.04624555213019635   9394.987359611892   9332.538932420235
0.04760126112654554   9107.921806049773   9047.495037683457
0.04899671333706607   8841.365720360136   8782.489816333855
0.05043307385181555   8596.562240078661   8538.562111723366
0.05191154191598653   8372.053144367273   8314.162745262109
0.053433351931179485   8165.476547916205   8106.883890189152
0.05499977448602865   7974.688497324387   7914.536813104702
0.05661211741704101   7797.708127889026   7735.091630087794
0.05827172690053434   7632.712602845128   7566.676605787722
0.05997998857658587   7477.746806492931   7407.325772757343
0.06173832870592997   7330.027790897745   7254.368738815777
0.0635482153607709   7186.742176156224   7105.135475676482
0.06541115965050462   7044.579502623493   6956.621965155834
0.06732871698337338   6899.747693710187   6805.5053696343175
0.06930248836510605   6748.489901653533   6648.572108592239
0.07133412173562886   6586.665404362381   6482.451637755672
0.07342531334496233   6410.567142457981   6304.215438339092
0.07557780916945323   6217.549872255833   6112.066080043016
0.07779340636952398   6005.897052410702   5905.049425834043
0.08007395479015682   5775.732800889001   5683.8831796067425
0.08242135850536496   5528.462733129942   5450.322235710304
0.08483757740794096   5267.436447046891   5207.570934914936
0.08732462884580919   4996.963108968041   4959.495239282099
0.08988458930634863   4722.32736612285   4710.729060949536
0.09251959615009227   4449.026103412374   4465.894350854336
0.09523184939525078   4182.902524815473   4229.567923771955
0.09802361355455057   3929.888486512525   4006.0786983402354
0.10089721952591899   3695.719599698219   3799.4041847780027
0.10385506653859616   3485.146109081461   3612.6154948270437
0.10689962415629803   3302.010726059491   3447.940929891146
0.11003343433910281   3147.6992112248818   3305.5291761150506
0.11325911356578279   3021.699137478896   3183.9763483188253
0.11657935501835284   2920.590372572748   3080.1891100128737
0.11999693083066039   2839.3818558552675   2990.1084144401552
0.12351469440289359   2771.2248735428298   2908.474357623986
0.12713558278394044   2708.6025861063085   2830.1160432339116
0.13086261912358757   2643.6961000798497   2750.2162767796794
0.13469891519660646   2569.3493434209227   2664.5437628842556
0.13864767400083483   2480.21012258978   2570.663045906347
0.14271219243142114   2373.5696173112137   2468.094338328364
0.14689586403346616   2250.0504651471238   2357.6185206653613
0.1512021818353596   2113.367189220812   2242.3903935636226
0.15563474126517718   1969.9538219359574   2126.626804489843
0.16019724315257297   1828.286639563938   2014.7123729851867
0.1648934968186736   1697.591910834141   1911.4158508054256
0.1697274232565544   1585.3671255858496   1819.449066050289
0.17470305840495237   1495.1453120487054   1739.9962025538127
0.17982455651794954   1426.1306116234662   1671.8170019910842
0.18509619363343993   1374.324231172139   1611.7097457805091
0.19052237114327647   1333.555092917164   1556.5900296513341
0.19610761946807834   1295.7919579002373   1503.3799862753294
0.20185660183976684   1252.4666640631353   1448.9187904311962
0.20777411819498756   1197.7530421947351   1391.3517896035696
0.21386510918267082   1131.0246274809517   1331.124872927372
0.22013466028907505   1056.2594016559385   1270.5408486427107
0.22658800608375756   979.947606104718   1211.7887278886597
0.23323053459001789   909.5620062049782   1157.0670783519693
0.2400677917834628   850.9272432767342   1107.5824532643423
0.24710548622244882   805.7780184893239   1062.713356501119
0.25434949381426813   771.6331447638872   1022.0467016505969
0.2618058627210567   742.8881374077631   983.3704300537453
0.2694808184095226   712.7938066286915   945.5367459293756
0.27738076884870827   677.0362628431944   908.1880718076856
0.2855123098601282   635.6731720932644   870.8264703245743
0.29388223062474755   592.1234623911463   834.6257423928821
0.3024975193514008   551.4551652799831   800.5998808465162
0.31136536911138296   517.551487619369   768.7168330813912
0.3204931838440838   490.617898680558   739.165897689813
0.32988858453867975   467.7866079078923   711.1156365551949
0.3395594155970457   445.0982662181701   684.2963663288747
0.34951375138319807   420.008178978415   657.9477732891244
0.3597599029647371   393.19257811661225   632.6624308170806
0.37030642505191835   367.33724397942865   608.5652305385412
0.3811621231401457   344.73601673302295   585.84126183792
0.3923360608618501   325.6851924109834   564.2250648547946
0.4038375675538918   308.41810295570156   543.811509493386
0.41567624604680364   290.97576404802163   524.1093866674781
0.42786198068238046   272.9937440914405   505.08692068219517
0.4404049455663077   255.60282244633092   486.9552801722986
0.4533156130627191   239.99331531335616   469.734563962647
0.4666047625377753   226.11554756621055   453.4125156987418
0.4802834893595659   213.02385945174672   437.8458889939388
0.49436321416184764   200.04463422019097   422.83262029680327
0.5088556923793517   187.48921299149816   408.44100653243385
0.5237730240626238   175.91318956790712   394.75568896945737
0.5391276639805903   165.33595075403906   381.73373653281357
0.5549324320192869   155.31414670355718   369.2544527803665
0.5712005238854289   145.64633230504737   357.2486780406264
0.5879455221237613   136.52610000981002   345.7655455014044
0.6051814074573895   128.07798752848424   334.80063560179207
0.622922570460556   120.15509615827378   324.30261226401456
0.6411838235736077   112.61990231469417   314.2002789845584
0.6599804134701901   105.51901039752792   304.50476345117625
0.6793280337869897   98.89175409756692   295.23140553231076
0.6992428382266549   92.66652711938087   286.3263285648525
0.7197414540448374   86.80649602820198   277.7559182226278
0.7408409959326054   81.29383525468128   269.5024589979524
0.7625590803058332   76.11119904642503   261.5493135381594
0.7849138400134885   71.24175251604358   253.8808514115827
0.8079239394770964   66.66919644162762   246.48238320098923
0.8316085902740278   62.377786347526786   239.34009949099382
0.8559875671776167   58.352343018028265   232.44100530513953
0.8810812246675007   54.57785404581596   225.77172631881504
0.9069105139239728   51.039232837635424   219.31752322922637
0.9334970003205227   47.72218152476554   213.06445476897522
0.960862881429187   44.613248677388995   206.9995902395933
0.9890310055537336   41.69977989302448   201.1109427701806
1.0180248908061487   38.96987126331137   195.3874084026968
1.047868744742366   36.41232554975338   189.81871041897395
1.0785874845736239   34.01661319449912   184.39534860287958
1.1102067579703248   31.772908493196162   179.1085602218084
1.1427529644757777   29.67204643332916   173.95027796613675
1.1762532775476793   27.70538079344667   168.913080146543
1.210735667245765   25.864751559832687   163.99015358527504
1.246228923584555   24.142460568249696   159.17525986097596
1.2827626805706884   22.53124813068159   154.46270391996333
1.3203674409449337   21.02427062607059   149.8473047753837
1.3590746016495152   19.61507791639118   145.3243911963323
1.3989164800420282   18.297577286185415   140.89011477082857
1.4399263408778291   17.066022394732503   136.54130295095757
1.4821384240834183   15.915009646338783   132.27512278181192
1.525587973344019   14.839459432943626   128.08905331232967
1.5703112655292182   13.83459790031745   123.98086777464081
1.6163456409812174   12.895939652267112   119.94861630987248
1.6637295346910133   12.01927135100969   115.99060916097716
1.7125025083885144   11.200636273640727   112.10550800817475
1.7627052835733923   10.436320276373996   108.29309924497986
1.814379775514258   9.72283720269775   104.55369678538825
1.8675691282445197   9.056915218941851   100.88761731512574
1.922317750584177   8.435484366525658   97.29517052284
1.9786713532176083   7.855664785225199   93.77665376559207
2.0366769868582977   7.314755571748458   90.33234692338901
2.0963830815323896   6.810224243211614   86.96250745577501
2.1578394870138577   6.339696342832977   83.66751955973398
2.2210975144450407   5.90094450615411   80.4484727073789
2.286209979177315   5.491881578548444   77.30651348413417
2.3532312448676476   5.110552892113012   74.24257897964712
2.4222172688678643   4.755128208877999   71.25740400657921
2.4932256489445366   4.423894127202203   68.35152877150266
2.5663156713684585   4.115246926979789   65.52530682897614
2.641548360413907   3.8276858305370816   62.7789133675288
2.7189865293089923   3.5598074640912927   60.11254288009118
2.798694832679631   3.310301179751335   57.52675790239239
2.8807398205309562   3.0779409023756266   55.02194392455264
2.9651899938111903   2.861579446940823   52.59820613044055
3.05211586160442   2.660143687252793   50.25538983917233
3.1415899999999994   2.472630000652727   47.9931007235138
