0.01   7531.264802647862   7530.682041861164
0.010293154462191829   7621.364950272735   7620.737340449374
0.010594902878253955   7708.91643592054   7708.241044196147
0.010905497183778876   7793.688697206163   7792.961975280927
0.011225196699963396   7875.443464551815   7874.660695311904
0.011554268350120923   7953.940381556541   7953.0956432751145
0.011892986882540897   8028.93229937128   8028.018785385973
0.012241635099881474   8100.160954302503   8099.171619325652
0.012600504095286909   8167.36687854943   8166.294530617956
0.012969893495426888   8230.289969818414   8229.127225475326
0.013350111710660605   8288.660707837967   8287.399511339772
0.013741476192534558   8342.207306280923   8340.838721111473
0.014144313698828986   8390.661706161372   8389.17592772144
0.01455896056637426   8433.754111774044   8432.1403346747
0.014985762991865008   8471.21082033837   8469.457034517785
0.01542507732090645   8502.764999968722   8500.858008910558
0.015877270345534218   8528.157520569905   8526.083003210108
0.016342719610456153   8547.131456430472   8544.874100245956
0.016821813728271667   8559.439312975275   8556.982914701926
0.017314952703931925   8564.84766583188   8562.175200361362
0.017822548268711737   8563.13788769563   8560.230959586055
0.01834502422397195   8554.107686206815   8550.945876871174
0.018882816794999403   8537.573989277058   8534.134954413425
0.019436374995219892   8513.377117787491   8509.637084062946
0.02000616100108813   8481.390264483038   8477.325619887713
0.020592650537967844   8441.513285944895   8437.101133784641
0.021196333277324068   8393.672400358793   8388.890726197842
0.02181771324555934   8337.844064416353   8332.671671557153
0.022457309244835088   8274.053945920781   8268.47040695676
0.02311565528622961   8202.35532531518   8196.341160334496
0.023793301035594242   8122.846478382668   8116.38415048182
0.024490812272480036   8035.710987503562   8028.787694910588
0.025208771362518027   7941.168084983362   7933.776295267424
0.0259477777436476   7839.46503671853   7831.6024437598335
0.02670844842659881   7730.954108782201   7722.623965043364
0.027491418510046592   7616.0651064129715   7607.276343340632
0.028297341710866907   7495.238158541688   7486.005101845467
0.029126890909937666   7368.965199223044   7359.307999091921
0.029980758713939952   7237.854573237985   7227.800698780945
0.030859658033628758   7102.521978639749   7092.105870414489
0.031764322679055976   6963.586398656459   6952.8484924247805
0.03269550797224261   6821.840609435393   6810.823791076856
0.033653991377811755   6678.15345855974   6666.900854022979
0.03464057315210884   6533.344352255422   6521.898938141829
0.03565607701135116   6388.1555124654005   6376.56147071884
0.036701350819364466   6243.2291825994935   6231.534819788693
0.03777726729548091   6099.154368679087   6087.411816766097
0.038884724743189276   5956.5237740979455   5944.785361179643
0.04002464780014597   5816.271992483362   5804.566915168368
0.041197988210172884   5679.4307973718005   5667.75620143737
0.04240572561788674   5546.931094656258   5535.254788665899
0.04364886838662332   5419.435338370096   5407.700608116215
0.04492845444033957   5297.260417411283   5285.391718724813
0.04624555213019635   5180.662171323094   5168.566997683602
0.04760126112654554   5069.741377950777   5057.311029914037
0.04899671333706607   4964.122245636007   4951.231178414917
0.05043307385181555   4863.3476374519   4849.854394423106
0.05191154191598653   4766.912952833372   4752.664700322042
0.053433351931179485   4674.047460046013   4658.89345442397
0.05499977448602865   4583.962503755141   4567.75754909115
0.05661211741704101   4495.818950301404   4478.432864497707
0.05827172690053434   4408.629277166449   4389.964784762041
0.05997998857658587   4321.433114828246   4301.4305076637265
0.06173832870592997   4233.093671423594   4211.767284255861
0.0635482153607709   4142.415323367383   4119.873342575964
0.06541115965050462   4048.198736522596   4024.6662390668857
0.06732871698337338   3949.1774972663534   3925.0360953619356
0.06930248836510605   3844.2746692120863   3820.057200407564
0.07133412173562886   3732.727328801584   3709.118211096008
0.07342531334496233   3614.123209476626   3591.9439247939804
0.07557780916945323   3488.8343809799394   3469.04947561758
0.07779340636952398   3357.679142639482   3341.336991738298
0.08007395479015682   3222.2585712124283   3210.3341881287824
0.08242135850536496   3084.468653755908   3077.818341024882
0.08483757740794096   2946.590987025836   2945.9477459455484
0.08732462884580919   2810.908441613301   2816.814367978664
0.08988458930634863   2679.6751039846104   2692.390680955136
0.09251959615009227   2555.041536667786   2574.499363447141
0.09523184939525078   2438.9225979373346   2464.7303302664404
0.09802361355455057   2332.8606123838276   2364.247209693338
0.10089721952591899   2237.996368920368   2273.8207150332546
0.10385506653859616   2154.485322447979   2193.379382808227
0.10689962415629803   2081.7519098764365   2122.237926079042
0.11003343433910281   2017.9284496030248   2058.6348271586794
0.11325911356578279   1960.5045920875464   2000.3283658207774
0.11657935501835284   1906.311865161098   1944.6314044436006
0.11999693083066039   1852.1616766334344   1888.9579743363363
0.12351469440289359   1795.1412914219059   1831.0333605195892
0.12713558278394044   1733.0164659106613   1769.1996088092756
0.13086261912358757   1664.6049828150337   1702.8571876009053
0.13469891519660646   1589.9554394180584   1632.37506507613
0.13864767400083483   1510.4614832716443   1558.9159251774074
0.14271219243142114   1428.5881423476226   1484.4673134547722
0.14689586403346616   1347.4185278053906   1411.416464771211
0.1512021818353596   1270.256226757042   1342.1542378771978
0.15563474126517718   1200.1890455387856   1278.7140183194786
0.16019724315257297   1139.4314402554862   1222.390618927173
0.1648934968186736   1088.493040724043   1173.3788217876695
0.1697274232565544   1045.8869352613615   1130.2559279314546
0.17470305840495237   1008.7087682178076   1090.8929283400826
0.17982455651794954   973.6196790877257   1053.0308116183412
0.18509619363343993   937.5001244646802   1014.8579947239923
0.19052237114327647   897.8598854491057   975.0118228133757
0.19610761946807834   853.6643569951966   932.9925531962789
0.20185660183976684   806.1066825650394   889.7206472046615
0.20777411819498756   758.0828218157626   847.1299934861718
0.21386510918267082   712.7155899186326   806.9066926098797
0.22013466028907505   672.3611649911714   770.173859858199
0.22658800608375756   638.1126262937183   737.3172608177392
0.23323053459001789   609.2833945081796   707.6343724944237
0.2400677917834628   583.6180886841366   679.9871733138264
0.24710548622244882   558.4118444124435   653.0100981856366
0.25434949381426813   531.5906506365155   625.7005135448042
0.2618058627210567   502.64602836394056   598.3762191675388
0.2694808184095226   472.9991742824757   571.3810473878867
0.27738076884870827   444.78197622562203   545.7036882543191
0.2855123098601282   419.57174300442597   521.8824167433761
0.29388223062474755   397.8101191723724   500.00996720982755
0.3024975193514008   378.4667905263084   479.4059963382897
0.31136536911138296   359.79981742812436   459.55411626003286
0.3204931838440838   340.66638506534156   440.2476099182317
0.32988858453867975   321.0729582973041   421.31466660973837
0.3395594155970457   302.0494170719116   403.18323084026224
0.34951375138319807   284.6850621193274   386.14356490803175
0.3597599029647371   269.16951696242575   370.0963462552169
0.37030642505191835   254.86712137424746   354.8549111365212
0.3811621231401457   240.93378371245464   340.2065171661622
0.3923360608618501   227.0663979318995   326.1031184832542
0.4038375675538918   213.67143967835085   312.6064251536173
0.41567624604680364   201.26140022710103   299.8062645609417
0.42786198068238046   189.87953399629103   287.66884277384105
0.4404049455663077   179.15295666022533   276.0859265324101
0.4533156130627191   168.7657757368958   265.0125843339543
0.4666047625377753   158.7706377352634   254.41543990569207
0.4802834893595659   149.3986234915672   244.32984498905012
0.49436321416184764   140.676077137207   234.74021165470347
0.5088556923793517   132.43184389815693   225.59053343924398
0.5237730240626238   124.55069856722906   216.84388770893148
0.5391276639805903   117.08426794239824   208.50334921813828
0.5549324320192869   110.08539014016229   200.5591035485333
0.5712005238854289   103.49677783084894   192.98260412439924
0.5879455221237613   97.25037228202478   185.74926689736185
0.6051814074573895   91.3471905803334   178.84426323562113
0.622922570460556   85.79772334548672   172.25968743506525
0.6411838235736077   80.56859308783642   165.97423245832974
0.6599804134701901   75.63237081884475   159.9658765769748
0.6793280337869897   70.98207613830623   154.22825847347298
0.6992428382266549   66.60345673730647   148.74829610933045
0.7197414540448374   62.48144997441487   143.51182722306177
0.7408409959326054   58.601786521162765   138.50557239294184
0.7625590803058332   54.95095047945185   133.71707423952904
0.7849138400134885   51.51614143406935   129.1346412018313
0.8079239394770964   48.28528360974305   124.74718909408085
0.8316085902740278   45.24711085269852   120.54388701704919
0.8559875671776167   42.3909579858762   116.51448805125052
0.8810812246675007   39.70668431917415   112.64940189713306
0.9069105139239728   37.18465296972546   108.9396487165203
0.9334970003205227   34.815710597714364   105.3768165839693
0.960862881429187   32.59116758413128   101.95302224200745
0.9890310055537336   30.50277812381215   98.66086387029097
1.0180248908061487   28.542702543938432   95.49299574572893
1.047868744742366   26.70348999195711   92.44205026449234
1.0785874845736239   24.978087829429466   89.50113940646455
1.1102067579703248   23.359824459504793   86.66385435429622
1.1427529644757777   21.842391004532505   83.92423174137883
1.1762532775476793   20.419823699293982   81.27672270020534
1.210735667245765   19.08648698411551   78.71616444961116
1.246228923584555   17.83705740788468   76.23772152271755
1.2827626805706884   16.66650872923033   73.83667955223062
1.3203674409449337   15.570096304509889   71.50857969629612
1.3590746016495152   14.543342443171897   69.24929662280147
1.3989164800420282   13.582022791375435   67.05501709503895
1.4399263408778291   12.682153306444466   64.92221991732623
1.4821384240834183   11.839977803071827   62.84765742017092
1.525587973344019   11.051956044241253   60.82833864716288
1.5703112655292182   10.31475119345785   58.861555866256865
1.6163456409812174   9.625218237895776   56.94490475603597
1.6637295346910133   8.980396189212293   55.07618639271446
1.7125025083885144   8.377498397865871   53.2533843835715
1.7627052835733923   7.813903021235551   51.47465373270134
1.814379775514258   7.287143958017237   49.73831033284809
1.8675691282445197   6.794902230146064   48.04282101647967
1.922317750584177   6.334997644405188   46.386810787924674
1.9786713532176083   5.905379503224019   44.769231373446495
2.0366769868582977   5.50412031835151   43.18925521404727
2.0963830815323896   5.129410053441907   41.646126261899965
2.1578394870138577   4.779549381858412   40.13915217639621
2.2210975144450407   4.452943281049774   38.66769928012081
2.286209979177315   4.148094970386813   37.23118768211111
2.3532312448676476   3.8636001762980414   35.829086600631406
2.4222172688678643   3.5981426368901435   34.46104878126642
2.4932256489445366   3.350490599807773   33.12717974873944
2.5663156713684585   3.1194889640276946   31.827617058454884
2.641548360413907   2.904054191972437   30.562433863375944
2.7189865293089923   2.7031701555527734   29.331641500913218
2.798694832679631   2.515884200743324   28.13519214255588
2.8807398205309562   2.3413034209903527   26.97298149435259
2.9651899938111903   2.178590888208243   25.844845349886885
3.05211586160442   2.0269570937082717   24.75042393668484
3.1415899999999994   1.8856585178674397   23.68919065872955
