0.01   11937.036227860799   11935.048700621484
0.010293154462191829   12064.739585126512   12062.592891622891
0.010594902878253955   12187.833226523084   12185.514255385124
0.010905497183778876   12305.973531752084   12303.468733518152
0.011225196699963396   12418.800576572263   12416.094375803706
0.011554268350120923   12525.95198015761   12523.026544027502
0.011892986882540897   12627.064198684167   12623.899496033873
0.012241635099881474   12721.759223949111   12718.33364281284
0.012600504095286909   12809.653635570992   12805.944334518916
0.012969893495426888   12890.368170434704   12886.351134805673
0.013350111710660605   12963.518471086887   12959.168048099686
0.013741476192534558   13028.708805823653   13023.996866733887
0.014144313698828986   13085.550701803597   13080.44663238214
0.01455896056637426   13133.663672569106   13128.134505239419
0.014985762991865008   13172.66036568392   13166.671102702343
0.01542507732090645   13202.16067457458   13195.674523865144
0.015877270345534218   13221.801653222607   13214.780179845568
0.016342719610456153   13231.229078463299   13223.630997470242
0.016821813728271667   13230.096184739608   13221.875712165753
0.017314952703931925   13218.080056766721   13209.187065767264
0.017822548268711737   13194.883219680049   13185.26374846801
0.01834502422397195   13160.228303366112   13149.825756071215
0.018882816794999403   13113.867713050882   13102.62354373509
0.019436374995219892   13055.589488012549   13043.443655026487
0.02000616100108813   12985.22532398136   12972.11610445525
0.020592650537967844   12902.653027582259   12888.51685333508
0.021196333277324068   12807.792680730585   12792.564743896231
0.02181771324555934   12700.617737416967   12684.233311970473
0.022457309244835088   12581.181820186215   12563.579292040979
0.02311565528622961   12449.591573616317   12430.713584123285
0.023793301035594242   12306.002691895477   12285.796883162486
0.024490812272480036   12150.678652800645   12129.101040579852
0.025208771362518027   11983.976251731601   11960.99387238696
0.0259477777436476   11806.292123303045   11781.883210202855
0.02670844842659881   11618.107286193468   11592.262683339417
0.027491418510046592   11420.068080313598   11392.794936512268
0.028297341710866907   11212.86349717322   11184.185269640964
0.029126890909937666   10997.211356614709   10967.167358830307
0.029980758713939952   10774.011327756607   10742.660414950124
0.030859658033628758   10544.264892733498   10511.68682746139
0.031764322679055976   10308.952081689464   10275.24549854607
0.03269550797224261   10069.137012018024   10034.416892134754
0.033653991377811755   9826.08293502005   9790.477541892878
0.03464057315210884   9581.01256448833   9544.661021347014
0.03565607701135116   9335.09741204333   9298.147011963962
0.036701350819364466   9089.660199176362   9052.260435512362
0.03777726729548091   8846.031532540454   8808.330476805602
0.038884724743189276   8605.421936559596   8567.564792248386
0.04002464780014597   8369.032505928899   8331.150398195387
0.041197988210172884   8138.121618967305   8100.31480399519
0.04240572561788674   7913.823274777033   7876.161695378873
0.04364886838662332   7697.112569309579   7659.635364120435
0.04492845444033957   7488.6909262203535   7451.390881979516
0.04624555213019635   7289.106144267855   7251.927034942289
0.04760126112654554   7098.827617600836   7061.668346538252
0.04899671333706607   6918.2411497381845   6880.935758223927
0.05043307385181555   6747.65521217269   6709.946833236417
0.05191154191598653   6587.331095002708   6548.877730283397
0.053433351931179485   6437.005867384809   6397.413217082417
0.05499977448602865   6294.949402948225   6253.854415155046
0.05661211741704101   6159.292636005267   6116.37705586381
0.05827172690053434   6028.3852164203445   5983.375637832949
0.05997998857658587   5900.923876907142   5853.595950221407
0.06173832870592997   5775.745418942201   5725.924249448035
0.0635482153607709   5651.442639264286   5599.050005191387
0.06541115965050462   5526.173891042893   5471.303654845883
0.06732871698337338   5398.162504283311   5341.092478163877
0.06930248836510605   5265.348355083307   5206.655295527664
0.07133412173562886   5125.675922162196   5066.275139769505
0.07342531334496233   4977.459672183209   4918.630818117026
0.07557780916945323   4819.440849642835   4762.864969991288
0.07779340636952398   4651.09839817674   4598.75298861406
0.08007395479015682   4473.289916472113   4427.276638953883
0.08242135850536496   4287.479384010253   4249.920030073387
0.08483757740794096   4096.22446849737   4069.14589928954
0.08732462884580919   3902.3883526559025   3887.5959126530624
0.08988458930634863   3709.3841435514314   3708.207140752421
0.09251959615009227   3520.4922384585057   3533.7317347768753
0.09523184939525078   3338.8729413347087   3366.7500055821647
0.09802361355455057   3167.4874883889806   3209.521824297131
0.10089721952591899   3009.1202375093803   3064.0036902980432
0.10385506653859616   2866.0315724736784   2931.7139707808733
0.10689962415629803   2739.8783869900844   2813.696502557222
0.11003343433910281   2630.6718986375886   2709.495031500339
0.11325911356578279   2537.3717961536668   2617.772133149884
0.11657935501835284   2456.970436180675   2535.922236354502
0.11999693083066039   2385.645571485006   2460.857520367385
0.12351469440289359   2318.753742333775   2389.066263436513
0.12713558278394044   2251.779180207812   2317.2891331337373
0.13086261912358757   2180.6216810934006   2242.760159427722
0.13469891519660646   2102.259311087406   2163.7023103675633
0.13864767400083483   2015.0666659346568   2079.448462909081
0.14271219243142114   1919.3176394805162   1990.7038122696856
0.14689586403346616   1817.0513819104422   1899.1595166256761
0.1512021818353596   1711.562551120717   1807.150351072663
0.15563474126517718   1606.939770630803   1717.3661591517284
0.16019724315257297   1507.7453455606292   1632.5160679848132
0.1648934968186736   1418.3608643176983   1555.0215826090132
0.1697274232565544   1341.8325499620894   1486.234676476097
0.17470305840495237   1278.6723744796404   1425.8269254545903
0.17982455651794954   1226.5378283680723   1372.1381313340112
0.18509619363343993   1181.5524071108923   1322.7245295593912
0.19052237114327647   1139.6013950621093   1275.3486251984586
0.19610761946807834   1096.6291600668271   1228.0501760794425
0.20185660183976684   1049.110883466948   1179.356747644377
0.20777411819498756   995.6318979019206   1128.9960226096043
0.21386510918267082   937.9232829675001   1078.1378934807447
0.22013466028907505   879.6950890286569   1028.5584617913235
0.22658800608375756   824.5926348590747   981.6494709175918
0.23323053459001789   775.5599712581362   938.3909816491426
0.2400677917834628   734.0940925487191   899.1375114126789
0.24710548622244882   699.3502396914239   862.9626461108072
0.25434949381426813   668.6754187969938   829.0732315819937
0.2618058627210567   638.897696175435   796.2753886543563
0.2694808184095226   607.3895492120743   763.891473510482
0.27738076884870827   573.5246530494721   731.6827694996367
0.2855123098601282   538.9530297673433   700.5664239432549
0.29388223062474755   505.92319272522633   670.9577484609898
0.3024975193514008   476.22713451025584   643.06211579818
0.31136536911138296   450.50916862099996   616.9834685846121
0.3204931838440838   427.6383641125005   592.4299365708182
0.32988858453867975   405.78631218869884   568.7841366116901
0.3395594155970457   383.7054932620756   546.0779921246988
0.34951375138319807   361.2604957782436   524.0099594782457
0.3597599029647371   339.4929606015238   502.97761312997307
0.37030642505191835   319.4908764483184   483.03198032294944
0.3811621231401457   301.4652373813785   464.11464528456395
0.3923360608618501   284.86725151711437   446.1363991720807
0.4038375675538918   268.8682281267195   428.9437846847609
0.41567624604680364   253.12723360255558   412.42074573966335
0.42786198068238046   237.9762199917338   396.6270424409088
0.4404049455663077   223.85609499179506   381.6141579756278
0.4533156130627191   210.83298470535803   367.3090256331459
0.4666047625377753   198.5889324178524   353.6576010638102
0.4802834893595659   186.85184679731833   340.6167017691512
0.49436321416184764   175.61582087232253   328.14153363346
0.5088556923793517   165.05947448038836   316.24400274769016
0.5237730240626238   155.198913199865   304.9001311444468
0.5391276639805903   145.90597269967543   294.0581381080699
0.5549324320192869   137.0767618793   283.6936146831052
0.5712005238854289   128.72971224291325   273.78200691071163
0.5879455221237613   120.89237807795851   264.3143548424408
0.6051814074573895   113.51981673839303   255.26309522397196
0.622922570460556   106.55704453334833   246.59841485528807
0.6411838235736077   99.9898047747839   238.30153650512088
0.6599804134701901   93.81417520679618   230.3598982971245
0.6793280337869897   88.00540429772333   222.75807969367503
0.6992428382266549   82.5316786014338   215.4639265436135
0.7197414540448374   77.38201265380816   208.4686175198891
0.7408409959326054   72.54107312353224   201.76032874687203
0.7625590803058332   67.98870186063951   195.3189598353932
0.7849138400134885   63.70863102965639   189.12885406707954
0.8079239394770964   59.6856646894876   183.17569038634312
0.8316085902740278   55.90536933122415   177.44609055990128
0.8559875671776167   52.35404216135678   171.92755286340045
0.8810812246675007   49.018680205667515   166.60839110829923
0.9069105139239728   45.886950253529314   161.47767853841643
0.9334970003205227   42.94715743557465   156.52512827926424
0.960862881429187   40.188194983642504   151.74034018648246
0.9890310055537336   37.59953260109971   147.11313656858673
1.0180248908061487   35.171207629660174   142.63406216075256
1.047868744742366   32.89379810899295   138.29434390362704
1.0785874845736239   30.758396576777074   134.08584541087578
1.1102067579703248   28.75658490745004   130.00102519739238
1.1427529644757777   26.88041016556498   126.03289829960187
1.1762532775476793   25.122361130176724   122.17496427251939
1.210735667245765   23.47534536400722   118.42107967052264
1.246228923584555   21.93266913039749   114.76554903636638
1.2827626805706884   20.488017312765244   111.20313119409738
1.3203674409449337   19.13543389307173   107.72901193693274
1.3590746016495152   17.869303295687413   104.33877864453318
1.3989164800420282   16.684332568773595   101.0283966185676
1.4399263408778291   15.575534318674753   97.79419131926966
1.4821384240834183   14.538208053643494   94.63302270775398
1.525587973344019   13.56792458178522   91.54231277542723
1.5703112655292182   12.660515102029283   88.51973901428661
1.6163456409812174   11.812057215202223   85.56319747009668
1.6637295346910133   11.018861335025317   82.67078917233152
1.7125025083885144   10.277457776061937   79.84080709068685
1.7627052835733923   9.584584490204316   77.07172356151546
1.814379775514258   8.937175367442315   74.36223907687341
1.8675691282445197   8.332348754412735   71.71176282762983
1.922317750584177   7.7673973519297945   69.12005944204375
1.9786713532176083   7.239778582766628   66.5869008557623
2.0366769868582977   6.747105142807704   64.11205925459612
2.0963830815323896   6.287136048172969   61.69530376424867
2.1578394870138577   5.857768158563487   59.33639729507494
2.2210975144450407   5.457028154266936   57.035093600487215
2.286209979177315   5.0830644280711565   54.79128036690637
2.3532312448676476   4.73413902835479   52.6052542267013
2.4222172688678643   4.408622524267409   50.477285792392884
2.4932256489445366   4.104987862646845   48.407524439876134
2.5663156713684585   3.821804214603818   46.3960035126575
2.641548360413907   3.5577311711555337   44.44264564280949
2.7189865293089923   3.311513269629271   42.547268162790125
2.798694832679631   3.0819748785435417   40.709596228544775
2.8807398205309562   2.868016655118693   38.9294993185135
2.9651899938111903   2.6686107438346376   37.20698996651206
3.05211586160442   2.4827946412057442   35.54192361664567
3.1415899999999994   2.309667153287086   33.933993448913725
