0.01   359.7832062338984   359.7831927051849
0.010293154462191829   362.97715204204206   362.9771375440019
0.010594902878253955   365.9833680035052   365.983350172654
0.010905497183778876   368.7894611612203   368.7894386411167
0.011225196699963396   371.3828302540788   371.38280377100443
0.011554268350120923   373.7510043750046   373.75097677651206
0.011892986882540897   375.88102076737187   375.88099554951935
0.012241635099881474   377.7591075814255   377.7590865733798
0.012600504095286909   379.37170770571385   379.37169083122023
0.012969893495426888   380.70554874322016   380.70553429611886
0.013350111710660605   381.7472973367661   381.7472836407816
0.013741476192534558   382.48398802978875   382.4839740096676
0.014144313698828986   382.9032552657709   382.90324044706915
0.01455896056637426   382.99253507443706   382.99251927266954
0.014985762991865008   382.73906596428685   382.7390489371762
0.01542507732090645   382.13096494593685   382.1309463769326
0.015877270345534218   381.15720020584746   381.15717913967273
0.016342719610456153   379.8071828913484   379.8071556344649
0.016821813728271667   378.07143642190766   378.07139610816836
0.017314952703931925   375.94185040347963   375.9417871051925
0.017822548268711737   373.4113620688185   373.4112631641283
0.01834502422397195   370.4741681747426   370.47401869537975
0.018882816794999403   367.12619683466346   367.12597965768026
0.019436374995219892   363.3652886884282   363.36498539986127
0.02000616100108813   359.19139669539726   359.1909894827983
0.020592650537967844   354.60649235668734   354.6059644265959
0.021196333277324068   349.61472745979466   349.6140632414023
0.02181771324555934   344.22368476195186   344.22287072665085
0.022457309244835088   338.4437370851073   338.4427622115542
0.02311565528622961   332.2872362102675   332.28609201654143
0.023793301035594242   325.7701791769234   325.76886067267674
0.024490812272480036   318.9134403088218   318.91194762866417
0.025208771362518027   311.7395871052192   311.73792538067414
0.0259477777436476   304.2732550375915   304.27143545519215
0.02670844842659881   296.54584505265547   296.5438938446835
0.027491418510046592   288.59130200422294   288.5892626728253
0.028297341710866907   280.4434415799788   280.44137263099026
0.029126890909937666   272.14143655128584   272.1394059514969
0.029980758713939952   263.73069926469316   263.72877826566395
0.030859658033628758   255.2545627923611   255.25282432765647
0.031764322679055976   246.75588656789674   246.7544053978588
0.03269550797224261   238.285013434072   238.28387093689878
0.033653991377811755   229.8904473800202   229.88973135874707
0.03464057315210884   221.61591411306057   221.6157164814715
0.03565607701135116   213.51127964170283   213.51168663738633
0.036701350819364466   205.63044305348888   205.63152754670128
0.03777726729548091   198.01975265574774   198.0215753643787
0.038884724743189276   190.7171518898221   190.71975953547846
0.04002464780014597   183.7509523976948   183.75436877794849
0.041197988210172884   177.14343549651767   177.14766304097023
0.04240572561788674   170.91371286409304   170.9187338410827
0.04364886838662332   165.0959138566943   165.10166126346363
0.04492845444033957   159.73150462442007   159.73784744513276
0.04624555213019635   154.85537781832795   154.86213000599008
0.04760126112654554   150.46676612487826   150.47369692608774
0.04899671333706607   146.51777882543752   146.52462173560914
0.05043307385181555   142.9618224430108   142.9682772457746
0.05191154191598653   139.75643796901426   139.76217382776022
0.053433351931179485   136.8621589955781   136.86681823052905
0.05499977448602865   134.2421792979935   134.24537821142434
0.05661211741704101   131.84485138463995   131.84619513344526
0.05827172690053434   129.60677898322197   129.60587506971322
0.05997998857658587   127.46242349568615   127.45889708161334
0.06173832870592997   125.32566647395011   125.31921941204973
0.0635482153607709   123.10871173074473   123.0991443780074
0.06541115965050462   120.71619289686517   120.70346649088475
0.06732871698337338   118.05063056728399   118.03491344803422
0.06930248836510605   115.0301879214368   115.01188634937239
0.07133412173562886   111.59297081226184   111.57276051203343
0.07342531334496233   107.70851686860493   107.68729692464859
0.07557780916945323   103.3900439234157   103.36886283482923
0.07779340636952398   98.67851605656861   98.65852800293824
0.08007395479015682   93.64597842536074   93.62840355829539
0.08242135850536496   88.38984361984575   88.37586712675493
0.08483757740794096   83.02897123825929   83.01964536617453
0.08732462884580919   77.69290422146884   77.6890590310021
0.08988458930634863   72.51382604386203   72.51597899886633
0.09251959615009227   67.63780356762736   67.64594419488687
0.09523184939525078   63.18924698781223   63.202868360507274
0.09802361355455057   59.2783163970666   59.296361822616966
0.10089721952591899   55.97824619036206   55.99917590420636
0.10385506653859616   53.307522583789265   53.329257250045394
0.10689962415629803   51.241433909257296   51.26160748234163
0.11003343433910281   49.70088401739413   49.71721114544529
0.11325911356578279   48.570510384387916   48.58086944376333
0.11657935501835284   47.705040973831295   47.70764163542305
0.11999693083066039   46.934406915639634   46.92832617049467
0.12351469440289359   46.08441256706791   46.0697501299433
0.12713558278394044   44.99190401340388   44.969824500599934
0.13086261912358757   43.537032266726186   43.50996382013933
0.13469891519660646   41.660552602373976   41.63181587393304
0.13864767400083483   39.37503343093313   39.348363073647796
0.14271219243142114   36.768501308874946   36.74778254928728
0.14689586403346616   34.002591867695614   33.990655419308894
0.1512021818353596   31.288429381099714   31.286448976351295
0.15563474126517718   28.836365069753025   28.84358994340001
0.16019724315257297   26.79773127023416   26.81143412842963
0.1648934968186736   25.231717779711232   25.247909953200846
0.1697274232565544   24.117283254930456   24.131599029138034
0.17470305840495237   23.37344236236388   23.381363390839763
0.17982455651794954   22.857320500342034   22.855792056823823
0.18509619363343993   22.371512137620705   22.359886248053073
0.19052237114327647   21.723209162809347   21.703591761082617
0.19610761946807834   20.797362698911485   20.774004662081268
0.20185660183976684   19.588778034736485   19.567154280278015
0.20777411819498756   18.18498756154893   18.169848156925994
0.21386510918267082   16.74452403728099   16.738266671118573
0.22013466028907505   15.44553367240174   15.447409173428852
0.22658800608375756   14.410971649779809   14.41693130220434
0.23323053459001789   13.67176682274638   13.67672898458968
0.2400677917834628   13.166237421285492   13.165405446724249
0.24710548622244882   12.755723726845208   12.746790033487962
0.25434949381426813   12.289241659670049   12.273795658443449
0.2618058627210567   11.680140124453363   11.662612988810501
0.2694808184095226   10.930603732080622   10.915986431529854
0.27738076884870827   10.126455651115437   10.117725189681892
0.2855123098601282   9.392959744865683   9.389744819130046
0.29388223062474755   8.810317095356664   8.808817122465511
0.3024975193514008   8.377121779338504   8.373056725622229
0.31136536911138296   8.024005821305073   8.014853420424858
0.3204931838440838   7.6556510356080025   7.642632556753625
0.32988858453867975   7.220591524061148   7.207217467562079
0.3395594155970457   6.740743219546083   6.730177419114801
0.34951375138319807   6.279934329931106   6.272752105681395
0.3597599029647371   5.892544771498584   5.886541511542998
0.37030642505191835   5.580142745315111   5.572249710165029
0.3811621231401457   5.2979659803583985   5.28732207934472
0.3923360608618501   5.00192362307878   4.990275614769891
0.4038375675538918   4.686803929655838   4.676319094116023
0.41567624604680364   4.3823716834585404   4.373613720048814
0.42786198068238046   4.115985315886   4.107608150124121
0.4404049455663077   3.884778641905033   3.875265988829149
0.4533156130627191   3.6640889875464553   3.6535427894939048
0.4666047625377753   3.4404479385073654   3.4301412616441294
0.4802834893595659   3.2226958157965457   3.2132635853596936
0.49436321416184764   3.0248758455294382   3.0156926453289015
0.5088556923793517   2.846156893809786   2.836503634462425
0.5237730240626238   2.675509099318119   2.6655697334284603
0.5391276639805903   2.5090799438296965   2.4994668623848026
0.5549324320192869   2.3524233094155864   2.343175284656189
0.5712005238854289   2.208522580509987   2.199234558006403
0.5879455221237613   2.073338202595764   2.063982944806469
0.6051814074573895   1.9439597880422461   1.934815879996161
0.622922570460556   1.8222284268672713   1.8133242285297688
0.6411838235736077   1.7086760177265043   1.6998984828974268
0.6599804134701901   1.6018355488868021   1.593201463552558
0.6793280337869897   1.5013112716940764   1.4928411540743067
0.6992428382266549   1.4067720276322178   1.3984839793519548
0.7197414540448374   1.3178998591182192   1.3098096585124097
0.7408409959326054   1.2343898857441624   1.2265110925276135
0.7625590803058332   1.155950136090086   1.1482942046958506
0.7849138400134885   1.0823012278457267   1.074877640123842
0.8079239394770964   1.0131713865427705   1.0059883403389194
0.8316085902740278   0.948295905860537   0.941361042140445
0.8559875671776167   0.8874242470228982   0.8807445188983759
0.8810812246675007   0.830319855118676   0.8239013777835932
0.9069105139239728   0.7767594298427037   0.7706073721064671
0.9334970003205227   0.7265322309454533   0.7206507423153754
0.960862881429187   0.6794394196446287   0.6738315874008658
0.9890310055537336   0.6352937893364187   0.6299615985083942
1.0180248908061487   0.5939194003750319   0.5888637000414987
1.047868744742366   0.5551502316002014   0.5503707671380175
1.0785874845736239   0.518829581141895   0.5143250444650654
1.1102067579703248   0.4848095913327181   0.48057768011201585
1.1427529644757777   0.4529507942328126   0.44898827781779466
1.1762532775476793   0.4231216770996397   0.41942446712756615
1.210735667245765   0.39519820300230507   0.3917613609776155
1.246228923584555   0.36906331426811206   0.3658809576910456
1.2827626805706884   0.3446067491920599   0.34167215837350434
1.3203674409449337   0.32172471146259424   0.31903046664785756
1.3590746016495152   0.3003195160044266   0.297857622411994
1.3989164800420282   0.28029925238751396   0.27806125384574687
1.4399263408778291   0.26157746506364155   0.2595545469186549
1.4821384240834183   0.24407284366045362   0.24225591621149994
1.525587973344019   0.22770891660804451   0.22608866090290958
1.5703112655292182   0.2124138032476261   0.21098074778393383
1.6163456409812174   0.19811996178108457   0.196864562441513
1.6637295346910133   0.18476394182323724   0.18367665188829252
1.7125025083885144   0.1722861499948212   0.17135748109595736
1.7627052835733923   0.16063062794743257   0.15985120276668457
1.814379775514258   0.14974484253121648   0.1491054391516593
1.8675691282445197   0.13957948850926125   0.13907107350789621
1.922317750584177   0.13008829876545655   0.12970205893522307
1.9786713532176083   0.12122786553131658   0.12095523656193923
2.0366769868582977   0.11295747233099855   0.11279016216086611
2.0963830815323896   0.10523893515282932   0.105168942542318
2.1578394870138577   0.09803645238602306   0.09805608122800251
2.2210975144450407   0.09131646024372897   0.09141833448361486
2.286209979177315   0.08504747305771072   0.08522458835269187
2.3532312448676476   0.07919997724838035   0.07944571829712578
2.4222172688678643   0.0737463323083781   0.07405445632124591
2.4932256489445366   0.06866065657985242   0.06902527720879341
2.5663156713684585   0.06391871938822398   0.06433429149063634
2.641548360413907   0.05949783949150205   0.05995914461917123
2.7189865293089923   0.055376791326860374   0.05587892303222205
2.798694832679631   0.051535745475684416   0.052074081628388336
2.8807398205309562   0.04795616976484161   0.048526351846420936
2.9651899938111903   0.044620717080231444   0.045218644487138165
3.05211586160442   0.04151315205719449   0.04213497608298727
3.1415899999999994   0.03861828309617487   0.03926040018576329
