0.01   143.92346490169206   143.92318901981824
0.010293154462191829   145.84803430555763   145.8477445788228
0.010594902878253955   147.73693970235848   147.73663260206226
0.010905497183778876   149.5864272274418   149.58610262070283
0.011225196699963396   151.39250624344078   151.39216720609178
0.011554268350120923   153.15082807743275   153.15048042714852
0.011892986882540897   154.8569511717527   154.85660351952254
0.012241635099881474   156.50637707179294   156.50603981705552
0.012600504095286909   158.09454674074235   158.0942255105903
0.012969893495426888   159.61686596137193   159.6165589419711
0.013350111710660605   161.06872158918685   161.06841942411268
0.013741476192534558   162.445326439143   162.44501816808355
0.014144313698828986   163.74169654382695   163.74137695830342
0.01455896056637426   164.9528606612169   164.95253094551865
0.014985762991865008   166.07383360885274   166.0734995858864
0.01542507732090645   167.09945988662892   167.09912433529598
0.015877270345534218   168.02460687548452   168.0242674936309
0.016342719610456153   168.84424195544554   168.84389164562162
0.016821813728271667   169.55337940942647   169.5530129794461
0.017314952703931925   170.147118987245   170.1467388956526
0.017822548268711737   170.6207405499498   170.620357182475
0.01834502422397195   170.9696825844934   170.96930934530278
0.018882816794999403   171.18948226625974   171.1891221695397
0.019436374995219892   171.2759214909093   171.27556484893861
0.02000616100108813   171.22508836599067   171.2247141084408
0.020592650537967844   171.03348017123582   171.03306954382913
0.021196333277324068   170.6979991453002   170.69754380652435
0.02181771324555934   170.21593493956948   170.21543700225476
0.022457309244835088   169.58516815415905   169.5846354955478
0.02311565528622961   168.80434481639756   168.8037824827121
0.023793301035594242   167.87259544803865   167.87200476021383
0.024490812272480036   166.78962647091868   166.78900556312004
0.025208771362518027   165.55635618505394   165.55570318281582
0.0259477777436476   164.1744651035239   164.17377939435704
0.02670844842659881   162.64611070411073   162.6453929109836
0.027491418510046592   160.97472446079615   160.9739763543475
0.028297341710866907   159.16520946859552   159.16443385623205
0.029126890909937666   157.22288241889382   157.2220830848776
0.029980758713939952   155.15385271335668   155.15303448034945
0.030859658033628758   152.96659396745318   152.96576316783305
0.031764322679055976   150.6702594298006   150.66942393732307
0.03269550797224261   148.27410100352654   148.2732702543914
0.033653991377811755   145.78889853554924   145.7880865000494
0.03464057315210884   143.2266625482726   143.22589019234366
0.03565607701135116   140.59911500371186   140.59840978638104
0.036701350819364466   137.91902709184762   137.9184179348737
0.03777726729548091   135.20287880780353   135.20238283889222
0.038884724743189276   132.46699536460324   132.4666163369137
0.04002464780014597   129.72637951227338   129.7261109861238
0.041197988210172884   126.99167090389032   126.9915219948634
0.04240572561788674   124.27063266814638   124.27064267387193
0.04364886838662332   121.5704752202952   121.57071093328128
0.04492845444033957   118.90311662078282   118.90362550919464
0.04624555213019635   116.2900851061466   116.29080748913647
0.04760126112654554   113.75229625352132   113.75306390789035
0.04899671333706607   111.3069650341107   111.30753283404621
0.05043307385181555   108.95636944424669   108.9565848249975
0.05191154191598653   106.6964986783376   106.69636678063172
0.053433351931179485   104.52332540892166   104.52299200879781
0.05499977448602865   102.42869677211281   102.42833045887737
0.05661211741704101   100.40069445512046   100.40037897545496
0.05827172690053434   98.42791843934006   98.42765434068731
0.05997998857658587   96.49666845622174   96.49637364821699
0.06173832870592997   94.59106901301203   94.59057932476654
0.0635482153607709   92.69601988662062   92.6951014497464
0.06541115965050462   90.79488626258458   90.79329785404586
0.06732871698337338   88.87093596319589   88.86846250738351
0.06930248836510605   86.90707685963017   86.90356825915362
0.07133412173562886   84.88316408320898   84.87862892669754
0.07342531334496233   82.78055070495928   82.77515459084385
0.07557780916945323   80.58210143639921   80.57611732049172
0.07779340636952398   78.27339045182701   78.26716591795493
0.08007395479015682   75.8489460512261   75.84283418275301
0.08242135850536496   73.31144825211692   73.30574925456513
0.08483757740794096   70.67562976690516   70.67056299067218
0.08732462884580919   67.96837989640082   67.96406112284846
0.08988458930634863   65.22406170273173   65.22057515922778
0.09251959615009227   62.483179359855136   62.480648867610945
0.09523184939525078   59.78664207381279   59.785236066812864
0.09802361355455057   57.17362088561658   57.17353433470289
0.10089721952591899   54.67963592426263   54.6809691080735
0.10385506653859616   52.33538053663138   52.338048519582046
0.10689962415629803   50.16687590656518   50.170483172806215
0.11003343433910281   48.19187618384247   48.19578456024688
0.11325911356578279   46.415554310064984   46.419031522549034
0.11657935501835284   44.82914222290909   44.83148773527929
0.11999693083066039   43.40283349897479   43.40355606187657
0.12351469440289359   42.092989725288284   42.091796108257384
0.12713558278394044   40.84406408936307   40.84083387365632
0.13086261912358757   39.60008013274647   39.59484123278775
0.13469891519660646   38.31126121128716   38.30421058183516
0.13864767400083483   36.941435413956846   36.93300940295171
0.14271219243142114   35.47310229491109   35.46394782273694
0.14689586403346616   33.909141909292835   33.90006319053376
0.1512021818353596   32.27538179476618   32.26726891213079
0.15563474126517718   30.614771298814436   30.608411078419955
0.16019724315257297   28.978858073905318   28.974804423596872
0.1648934968186736   27.42017340379564   27.418601712637184
0.1697274232565544   25.986317056305513   25.986701980133017
0.17470305840495237   24.712676590161443   24.713858767960414
0.17982455651794954   23.610396182187063   23.61104226040842
0.18509619363343993   22.65745675259378   22.656548944173245
0.19052237114327647   21.802920005363625   21.799880801529092
0.19610761946807834   20.986767482019303   20.9812927290462
0.20185660183976684   20.1589612528946   20.151133980443987
0.20777411819498756   19.28470082470517   19.27538826813351
0.21386510918267082   18.348435713809284   18.339231184381582
0.22013466028907505   17.36569717899576   17.3578184002608
0.22658800608375756   16.38312646705649   16.37708901477315
0.23323053459001789   15.453948613853239   15.44975620257501
0.2400677917834628   14.613972198807101   14.61103008870561
0.24710548622244882   13.876524676651421   13.873624529373169
0.25434949381426813   13.23095562379423   13.226854549355325
0.2618058627210567   12.642550218796144   12.636555943935122
0.2694808184095226   12.068897635932187   12.061093392923398
0.27738076884870827   11.479755307203583   11.471061455353556
0.2855123098601282   10.866939893764352   10.85860136450342
0.29388223062474755   10.250415439480092   10.243221726309216
0.3024975193514008   9.66401496677799   9.657995997126172
0.31136536911138296   9.13030133356305   9.12489024403887
0.3204931838440838   8.653098253679286   8.647309993081585
0.32988858453867975   8.218608668451253   8.211737965324032
0.3395594155970457   7.8013280517796435   7.793509645279203
0.34951375138319807   7.384461409229815   7.376304680666801
0.3597599029647371   6.968971947704196   6.961234905470956
0.37030642505191835   6.568104858744215   6.56107107491248
0.3811621231401457   6.19671941209595   6.190017601458539
0.3923360608618501   5.857229786738239   5.850308454755566
0.4038375675538918   5.540031988908508   5.532628926043812
0.41567624604680364   5.23437064607849   5.226686626378314
0.42786198068238046   4.936109278831982   4.928582788794961
0.4404049455663077   4.650056152856497   4.6429003651080505
0.4533156130627191   4.382465385773427   4.375499051995087
0.4666047625377753   4.133383704327439   4.1263482485590615
0.4802834893595659   3.8980453338454875   3.8909039299165955
0.49436321416184764   3.672446219581284   3.6653887493230974
0.5088556923793517   3.4571357796249664   3.450310316337515
0.5237730240626238   3.2542416696305567   3.2476041548936134
0.5391276639805903   3.0639310647189846   3.057373230514672
0.5549324320192869   2.88394586974798   2.8774749236373247
0.5712005238854289   2.712910078012608   2.706619389457234
0.5879455221237613   2.5510831409948924   2.5450094145975646
0.6051814074573895   2.398754211009375   2.3928601686054125
0.622922570460556   2.2550964802135334   2.2493715314765645
0.6411838235736077   2.1192233318565656   2.113703709855026
0.6599804134701901   1.9909366467353478   1.985642705172921
0.6793280337869897   1.8700883743521544   1.8650109556548786
0.6992428382266549   1.7560809077181598   1.751236107302923
0.7197414540448374   1.648749379537685   1.6441138773303052
0.7408409959326054   1.5479268683859007   1.5434781423140762
0.7625590803058332   1.4527372713121949   1.4485058931657029
0.7849138400134885   1.36294178775128   1.3589498174766734
0.8079239394770964   1.2783031668469498   1.274565384871188
0.8316085902740278   1.198586807220774   1.1951118221226296
0.8559875671776167   1.1235617177150077   1.1203529568314825
0.8810812246675007   1.0530013474283677   1.050057938180742
0.9069105139239728   0.9866835604192624   0.9840012054393044
0.9334970003205227   0.9243771528585586   0.9219507384401117
0.960862881429187   0.8658474654301102   0.8636729124408593
0.9890310055537336   0.8108727452723207   0.808946704443734
1.0180248908061487   0.7592440415894531   0.7575635704495787
1.047868744742366   0.7107644643219281   0.7093267655759393
1.0785874845736239   0.6652484867638977   0.6640507000259341
1.1102067579703248   0.6225212894231763   0.6215603290685123
1.1427529644757777   0.5824189032409044   0.5816912406977216
1.1762532775476793   0.5447897497377114   0.5442909658706959
1.210735667245765   0.5094910264137953   0.5092157799542381
1.246228923584555   0.47638736155329087   0.47632948609841985
1.2827626805706884   0.4453504936378937   0.4455030941084165
1.3203674409449337   0.41625895925275336   0.4166145066674796
1.3590746016495152   0.38899778971322113   0.3895482133404892
1.3989164800420282   0.36345820307048066   0.3641949750431057
1.4399263408778291   0.3395369356723797   0.34045103373201424
1.4821384240834183   0.3171360298238193   0.31821791346354894
1.525587973344019   0.2961630835453563   0.2974028233587338
1.5703112655292182   0.27653098883902233   0.2779183900669398
1.6163456409812174   0.25815765227330445   0.2596823641858974
1.6637295346910133   0.24096572857956125   0.24261734080857084
1.7125025083885144   0.22488236677882978   0.2266504936553373
1.7627052835733923   0.20983897791486866   0.21171339802190764
1.814379775514258   0.1957710410479656   0.19774207859316165
1.8675691282445197   0.18261783849449412   0.1846764200945449
1.922317750584177   0.17032223062725657   0.17245981694212525
1.9786713532176083   0.15883046058366548   0.16103898951083556
2.0366769868582977   0.14809196846809258   0.1503638082449857
2.0963830815323896   0.13805921466180546   0.1403871253389114
2.1578394870138577   0.12868751119245114   0.13106460937400852
2.2210975144450407   0.11993483157576706   0.12235439245738335
2.286209979177315   0.11176165715831454   0.11421690780463536
2.3532312448676476   0.1041308824738424   0.10661506881382977
2.4222172688678643   0.09700767949600173   0.0995141409699332
2.4932256489445366   0.09035936534169191   0.09288159672637994
2.5663156713684585   0.08415527710256983   0.08668697901908785
2.641548360413907   0.07836665346131845   0.08090177292415347
2.7189865293089923   0.07296653150901844   0.07549931907431241
2.798694832679631   0.06792968549743253   0.07045487461102237
2.8807398205309562   0.06323247788422655   0.06574531735073035
2.9651899938111903   0.058852740227170706   0.0613489491535253
3.05211586160442   0.05476968753625897   0.057245414806098203
3.1415899999999994   0.05096383723537127   0.05341562519793755
