0.01   18517.15529913462   18509.81671424154
0.010293154462191829   18723.772861174653   18715.765633277835
0.010594902878253955   18922.7529685826   18914.016747249356
0.010905497183778876   19113.49136837278   19103.95948578311
0.011225196699963396   19295.358299511438   19284.95890654377
0.011554268350120923   19467.705927139395   19456.362919223146
0.011892986882540897   19629.886727899695   19617.519923951255
0.012241635099881474   19781.24038872693   19767.76485478304
0.012600504095286909   19921.074379279064   19906.398591255114
0.012969893495426888   20048.69844069475   20032.724223011668
0.013350111710660605   20163.429447407274   20146.052029870476
0.013741476192534558   20264.565533199413   20245.671828469374
0.014144313698828986   20351.405125458678   20330.87306525857
0.01455896056637426   20423.26738523666   20400.966407408807
0.014985762991865008   20479.475359386528   20455.26655669212
0.01542507732090645   20519.346431017493   20493.082525503774
0.015877270345534218   20542.22866634765   20513.75479829837
0.016342719610456153   20547.504210596468   20516.65807628128
0.016821813728271667   20534.57163146266   20501.179696414358
0.017314952703931925   20502.868564224846   20466.745612946266
0.017822548268711737   20451.8865309431   20412.837180951745
0.01834502422397195   20381.1710369562   20338.9916138662
0.018882816794999403   20290.325821442402   20244.806452573815
0.019436374995219892   20179.023491281492   20129.950196290396
0.02000616100108813   20047.018427534636   19994.175569130482
0.020592650537967844   19894.17375961416   19837.347211954704
0.021196333277324068   19720.440756146596   19659.420554021683
0.02181771324555934   19525.85869234962   19460.44189396841
0.022457309244835088   19310.628281369238   19240.626836524454
0.02311565528622961   19075.096223263754   19000.343553968745
0.023793301035594242   18819.692446111494   18740.04549409899
0.024490812272480036   18544.997060884   18460.342564037473
0.025208771362518027   18251.848492500936   18162.11600663148
0.0259477777436476   17941.174877217265   17846.33858422273
0.02670844842659881   17613.984055914625   17514.06323399832
0.027491418510046592   17271.599154833126   17166.668216740556
0.028297341710866907   16915.516482612915   16805.708462610783
0.029126890909937666   16547.232667803186   16432.735206862573
0.029980758713939952   16168.451523984835   16049.506606100864
0.030859658033628758   15781.234977391192   15658.140880689092
0.031764322679055976   15387.597083941851   15260.701866319601
0.03269550797224261   14989.51655283962   14859.210580612364
0.033653991377811755   14589.301273270403   14456.009669885829
0.03464057315210884   14189.266292519667   14053.44080917258
0.03565607701135116   13791.542287295817   13653.652822872134
0.036701350819364466   13398.460575888432   13258.962511160606
0.03777726729548091   13012.62223408878   12871.919496768502
0.038884724743189276   12636.37293614734   12494.815698751678
0.04002464780014597   12271.70039370372   12129.580854287637
0.041197988210172884   11919.990059303025   11777.522611310498
0.04240572561788674   11582.342080893533   11439.662606316024
0.04364886838662332   11259.73548888252   11116.900853906236
0.04492845444033957   10953.765152402813   10810.631412183522
0.04624555213019635   10666.517302142733   10522.640099803155
0.04760126112654554   10399.851088142435   10254.507310032708
0.04899671333706607   10154.066127875718   10006.347724196248
0.05043307385181555   9926.659705755004   9775.636057139716
0.05191154191598653   9715.011148323218   9559.749079223144
0.053433351931179485   9516.75599880027   9356.317234999979
0.05499977448602865   9329.795404190658   9163.231035025916
0.05661211741704101   9152.175091383271   8978.532235915527
0.05827172690053434   8981.38143856004   8799.819182358802
0.05997998857658587   8814.280687695871   8624.198751154172
0.06173832870592997   8647.737884588372   8448.829904969996
0.0635482153607709   8477.82446200082   8270.349969934583
0.06541115965050462   8300.551858042043   8085.4220941724925
0.06732871698337338   8111.823734338043   7890.808565045462
0.06930248836510605   7907.530755418109   7683.432163037953
0.07133412173562886   7684.538306663135   7461.1220153034155
0.07342531334496233   7441.09509419176   7223.0029898541015
0.07557780916945323   7176.800157507252   6969.337754985902
0.07779340636952398   6893.399300568972   6702.262369691728
0.08007395479015682   6593.986865037199   6424.878004649608
0.08242135850536496   6283.578618927191   6141.685903144743
0.08483757740794096   5967.817873060695   5857.4907089901635
0.08732462884580919   5652.922529402798   5577.361051232521
0.08988458930634863   5345.2518756809795   5306.191972658247
0.09251959615009227   5051.0769916919835   5048.55884603316
0.09523184939525078   4776.790783081241   4808.66627289244
0.09802361355455057   4527.8434083311795   4589.956647144737
0.10089721952591899   4308.369013222226   4394.6687403537335
0.10385506653859616   4120.911051215358   4223.7982221527745
0.10689962415629803   3964.6379447602594   4075.4657329176034
0.11003343433910281   3836.6424256449027   3946.605801134911
0.11325911356578279   3730.855207462425   3832.786063464887
0.11657935501835284   3639.8036346899   3728.649887246862
0.11999693083066039   3554.832763776734   3628.141046773602
0.12351469440289359   3467.1690884872255   3526.0324183519615
0.12713558278394044   3368.897635477463   3418.057515232197
0.13086261912358757   3253.966352376111   3301.2200498809357
0.13469891519660646   3119.581819826987   3174.7719695032997
0.13864767400083483   2966.491878475523   3040.475268450458
0.14271219243142114   2798.9402635490073   2902.0188829987296
0.14689586403346616   2624.05609411286   2762.9437793801726
0.1512021818353596   2451.1042058215317   2628.360238747242
0.15563474126517718   2290.1805805567983   2503.2034267884446
0.16019724315257297   2150.033849395095   2390.6182271271964
0.1648934968186736   2035.3612964645054   2292.0127514533892
0.1697274232565544   1945.4031693107047   2206.0932968539196
0.17470305840495237   1875.194963098165   2129.059663483761
0.17982455651794954   1817.451175690774   2057.803316157586
0.18509619363343993   1763.3238651439974   1988.8556913126865
0.19052237114327647   1703.3581562605843   1918.9372403183095
0.19610761946807834   1630.651163196862   1845.8891473428484
0.20185660183976684   1544.2499263043153   1769.9750377772311
0.20777411819498756   1448.9192545156352   1693.9071262282826
0.21386510918267082   1352.341418610947   1620.7473349549207
0.22013466028907505   1262.6491925285686   1551.7694462370275
0.22658800608375756   1186.5032788264893   1488.8641574698624
0.23323053459001789   1126.05559577759   1431.336253483036
0.2400677917834628   1078.3923323766235   1378.6452473809995
0.24710548622244882   1037.1700377522704   1328.54677598755
0.25434949381426813   994.7983544990003   1279.4553684128227
0.2618058627210567   946.1298185544166   1230.6944841141515
0.2694808184095226   891.2980141333895   1182.5990710844014
0.27738076884870827   834.3965687392176   1136.269223279977
0.2855123098601282   780.9512548912585   1092.1150278480627
0.29388223062474755   735.3763598977984   1050.826415213684
0.3024975193514008   698.0269301583157   1012.1226672110274
0.31136536911138296   665.5174243844832   975.2560044663306
0.3204931838440838   633.4465822422557   939.9121008365213
0.32988858453867975   598.9534143808471   905.4551684472984
0.3395594155970457   562.7253737842218   872.2041976234822
0.34951375138319807   527.8632136224484   840.4985500096948
0.3597599029647371   496.8784221583834   810.5071733702587
0.37030642505191835   470.06460198653485   781.874264131353
0.3811621231401457   445.4848133191112   754.6534213415879
0.3923360608618501   420.9482626397426   728.4602804209827
0.4038375675538918   396.0410398757144   703.241188233237
0.41567624604680364   372.0322475797561   679.091041835257
0.42786198068238046   350.1829721599405   656.1334874087797
0.4404049455663077   330.44322146720555   634.2420619151833
0.4533156130627191   311.76944172300284   613.2804230599382
0.4666047625377753   293.4354366380296   593.1065695888651
0.4802834893595659   275.76900176108364   573.7432488970894
0.49436321416184764   259.3521122780332   555.2573103617741
0.5088556923793517   244.19251972529617   537.6194746312582
0.5237730240626238   229.81767147742752   520.6680299906643
0.5391276639805903   216.00778355347654   504.36867356624117
0.5549324320192869   202.95672969655118   488.7406434548674
0.5712005238854289   190.78402601420615   473.770468203113
0.5879455221237613   179.3294248091239   459.3977536481923
0.6051814074573895   168.4444474946622   445.553081968355
0.622922570460556   158.17167719530553   432.23625152869005
0.6411838235736077   148.53518052508628   419.4384336144306
0.6599804134701901   139.46962859690444   407.1263485078345
0.6793280337869897   130.9198757841233   395.2538478115002
0.6992428382266549   122.86017312964887   383.79521916620587
0.7197414540448374   115.26669209430182   372.7274144954905
0.7408409959326054   108.11632526723913   362.0288657586542
0.7625590803058332   101.38671034036649   351.6793870397896
0.7849138400134885   95.05624788759529   341.66008430209234
0.8079239394770964   89.10411349966039   331.9532721433034
0.8316085902740278   83.51014903119128   322.54212588378823
0.8559875671776167   78.25409366096892   313.4086877820576
0.8810812246675007   73.31629405385051   304.53518988321576
0.9069105139239728   68.67819691676975   295.9051742727101
0.9334970003205227   64.32229279885958   287.5034199116582
0.960862881429187   60.23205914460796   279.3158674799005
0.9890310055537336   56.39190638267405   271.3295504310039
1.0180248908061487   52.787126890559314   263.53253160341114
1.047868744742366   49.403882626115   255.9139010138295
1.0785874845736239   46.22926498569894   248.46390377184446
1.1102067579703248   43.25110283210333   241.17368342056133
1.1427529644757777   40.45787909273213   234.03516267539032
1.1762532775476793   37.838699988008905   227.041001817831
1.210735667245765   35.3832653719061   220.18455955835543
1.246228923584555   33.08184016897824   213.4598560487735
1.2827626805706884   30.925226854745517   206.8615390496667
1.3203674409449337   28.904726879974667   200.38528476595903
1.3590746016495152   27.012102607394333   194.02831378441178
1.3989164800420282   25.23958394177266   187.78834166611404
1.4399263408778291   23.579848369066532   181.66338540944025
1.4821384240834183   22.02599699307304   175.65174319806854
1.525587973344019   20.57153172331083   169.75197452828854
1.5703112655292182   19.210333568244884   163.96288067698913
1.6163456409812174   17.936642004039456   158.2835069434671
1.6637295346910133   16.745035986558165   152.7140799086083
1.7125025083885144   15.63041533251274   147.2562044861944
1.7627052835733923   14.587981985885108   141.91141949924852
1.814379775514258   13.613223175658192   136.68108515693316
1.8675691282445197   12.701895500946586   131.56638353193196
1.922317750584177   11.85000982594834   126.56831947459739
1.9786713532176083   11.053816949223664   121.68772195598369
2.0366769868582977   10.309793839902747   116.92529566300317
2.0963830815323896   9.61462825846614   112.2823705083269
2.1578394870138577   8.96520788540423   107.76061166472158
2.2210975144450407   8.358611240235227   103.36130370428148
2.286209979177315   7.7920965998693426   99.08534861002455
2.3532312448676476   7.263091450356539   94.93328614212182
2.4222172688678643   6.769182519996161   90.90531443992046
2.4932256489445366   6.3081063644754405   87.0013107334576
2.5663156713684585   5.8777409848351825   83.22091107745854
2.641548360413907   5.476100597076285   79.56391523993824
2.7189865293089923   5.101324589450541   76.02998250929777
2.798694832679631   4.75166807293844   72.61841440456783
2.8807398205309562   4.425495065324064   69.32818376869886
2.9651899938111903   4.121272057413826   66.15796463946705
3.05211586160442   3.837561930293268   63.10616122956213
3.1415899999999994   3.573018206744286   60.17093590269721
