0.01   9693.506966708248   9692.70458606059
0.010293154462191829   9805.743168212823   9804.878077527957
0.010594902878253955   9913.91852692924   9912.985129893217
0.010905497183778876   10017.686047795552   10016.679138594232
0.011225196699963396   10116.691816220371   10115.606347937442
0.011554268350120923   10210.560109730177   10209.390038974283
0.011892986882540897   10298.909133833597   10297.647085641334
0.012241635099881474   10381.357331083396   10379.994609947531
0.012600504095286909   10457.5095893812   10456.03671651143
0.012969893495426888   10526.959300514882   10525.366554065891
0.013350111710660605   10589.304923272432   10587.58240178477
0.013741476192534558   10644.145117332542   10642.282501751566
0.014144313698828986   10691.063201472913   10689.048857485981
0.01455896056637426   10729.649309723765   10727.470135514403
0.014985762991865008   10759.506938468548   10757.148404241869
0.01542507732090645   10780.238424999374   10777.68441295476
0.015877270345534218   10791.452386149957   10788.685107848103
0.016342719610456153   10792.780298226373   10789.780403112889
0.016821813728271667   10783.87351305366   10780.619944001188
0.017314952703931925   10764.39662080644   10760.866070842949
0.017822548268711737   10734.044666591275   10730.211669062941
0.01834502422397195   10692.54881947672   10688.38597487386
0.018882816794999403   10639.677816121532   10635.155978535317
0.019436374995219892   10575.241933874304   10570.330468709832
0.02000616100108813   10499.097201449767   10493.764330696466
0.020592650537967844   10411.159803205033   10405.373544153645
0.021196333277324068   10311.419004660584   10305.148636704518
0.02181771324555934   10199.918166414081   10193.134698986873
0.022457309244835088   10076.762346596555   10069.439143441721
0.02311565528622961   9942.175490583812   9934.29069360581
0.023793301035594242   9796.46101198234   9787.99864460655
0.024490812272480036   9639.971547741454   9630.921615663448
0.025208771362518027   9473.178734749414   9463.53959009653
0.0259477777436476   9296.70162239821   9286.48322032148
0.02670844842659881   9111.196160188052   9100.419692410786
0.027491418510046592   8917.38056139279   8906.078118993308
0.028297341710866907   8716.202475575516   8704.418552503166
0.029126890909937666   8508.673249130046   8496.46425427231
0.029980758713939952   8295.787405725046   8283.220243088888
0.030859658033628758   8078.678027718067   8065.8304673052835
0.031764322679055976   7858.619709467804   7845.580778372736
0.03269550797224261   7636.819500105988   7623.687545456154
0.033653991377811755   7414.505449477624   7401.384309352012
0.03464057315210884   7193.239042182002   7180.2287951911585
0.03565607701135116   6974.540593326852   6961.734960227312
0.036701350819364466   6759.762846713197   6747.248948915972
0.03777726729548091   6550.02755544885   6537.885254764219
0.038884724743189276   6346.249458270225   6334.551005086504
0.04002464780014597   6149.217570392988   6138.028013978601
0.041197988210172884   5959.874091011738   5949.23663991598
0.04240572561788674   5779.86069778854   5769.751729452092
0.04364886838662332   5610.762931619713   5601.090801766603
0.04492845444033957   5453.816539797184   5444.430781101145
0.04624555213019635   5308.9793055174605   5299.686377947748
0.04760126112654554   5175.6734134067165   5166.245019451324
0.04899671333706607   5053.339678414327   5043.514415322528
0.05043307385181555   4941.218931842933   4930.69755441194
0.05191154191598653   4838.500025910867   4826.944072736189
0.053433351931179485   4744.300835128541   4731.339405442975
0.05499977448602865   4657.234107290082   4642.486298975783
0.05661211741704101   4575.861665856808   4558.943336339469
0.05827172690053434   4498.480515145644   4479.034983520706
0.05997998857658587   4423.063877077844   4400.798463265124
0.06173832870592997   4347.509104495046   4322.218967229408
0.0635482153607709   4269.219324864705   4240.86179865639
0.06541115965050462   4185.623749221518   4154.344619633246
0.06732871698337338   4094.1611378368707   4060.377105050088
0.06930248836510605   3992.5008348241963   3956.9206023033516
0.07133412173562886   3878.988769334141   3842.5921395474693
0.07342531334496233   3752.6208820669813   3716.6300190596007
0.07557780916945323   3613.603088428392   3579.512785596415
0.07779340636952398   3463.0229596665495   3432.5368350814747
0.08007395479015682   3303.0845566268763   3277.8615836095737
0.08242135850536496   3136.586145397404   3118.1417376166714
0.08483757740794096   2966.968110075534   2956.6848681461092
0.08732462884580919   2798.060583591436   2797.0169909539127
0.08988458930634863   2633.8972481628716   2642.704790209046
0.09251959615009227   2478.450622135249   2497.174795424607
0.09523184939525078   2335.636183197017   2363.7362036304835
0.09802361355455057   2208.572709980918   2244.8352999276567
0.10089721952591899   2099.5825640560934   2142.10781850346
0.10385506653859616   2009.3177488369668   2055.7450576974566
0.10689962415629803   1937.18393306623   1984.8882674186623
0.11003343433910281   1880.7585890714486   1927.1858001706842
0.11325911356578279   1836.5206881531317   1879.3817649171503
0.11657935501835284   1799.883754236661   1837.4119962370607
0.11999693083066039   1765.595514064259   1797.0246633626816
0.12351469440289359   1728.3126450414295   1754.0622858702018
0.12713558278394044   1683.1406004059968   1704.8345421850627
0.13086261912358757   1626.5473175829688   1646.9676347250313
0.13469891519660646   1556.9945169057512   1579.6745812582299
0.13864767400083483   1475.2487738378345   1504.0643854198588
0.14271219243142114   1384.3839237449226   1423.0181377622669
0.14689586403346616   1289.5132700523307   1340.2598115011451
0.1512021818353596   1197.1010688064005   1260.539558011009
0.15563474126517718   1113.5729785733747   1188.3934066593633
0.16019724315257297   1043.630970305764   1126.5722834947983
0.1648934968186736   989.1409717746322   1075.748161605115
0.1697274232565544   949.1479578154805   1034.957759069016
0.17470305840495237   920.5204387698658   1001.7241016728595
0.17982455651794954   898.3166037559399   972.4622965645781
0.18509619363343993   876.2049080832862   943.1499299486851
0.19052237114327647   848.0958797891475   910.3743828725686
0.19610761946807834   810.5562813224169   872.5809192946924
0.20185660183976684   763.9539556043911   830.3103701101302
0.20777411819498756   711.8139614634947   786.0879168297894
0.21386510918267082   659.6235583380159   743.1628065872055
0.22013466028907505   613.1898568622571   704.422985248222
0.22658800608375756   576.327303455526   671.1795656398141
0.23323053459001789   549.5098945382044   643.4743172655722
0.2400677917834628   530.0631684985054   619.5723708206937
0.24710548622244882   513.0024366755504   596.989333245975
0.25434949381426813   493.18013574837966   573.680625883967
0.2618058627210567   467.990642107027   548.5687624602008
0.2694808184095226   438.26348624944484   522.4658071199863
0.27738076884870827   407.5050080044239   496.8989088211684
0.2855123098601282   380.0925375632954   473.2920246417463
0.29388223062474755   358.5305339146713   452.7491676743664
0.3024975193514008   342.1698209073045   434.0364892093173
0.31136536911138296   328.04913361228364   416.55213390272223
0.3204931838440838   312.749008024096   399.39548799187725
0.32988858453867975   294.7995877366634   381.85366270332685
0.3395594155970457   275.5480352651847   364.6826233314811
0.34951375138319807   257.6160889719415   348.4805157313768
0.3597599029647371   242.78060895959928   333.67862920770654
0.37030642505191835   230.6446750752097   319.8799032928842
0.3811621231401457   219.23059205222168   306.6808482416787
0.3923360608618501   206.97382307462573   293.8566419627252
0.4038375675538918   194.0667939638049   281.37859451636996
0.41567624604680364   181.89618397897814   269.5132897537033
0.42786198068238046   171.41182077131901   258.44152195375875
0.4404049455663077   162.18208168089478   247.9893294629123
0.4533156130627191   153.12867761024611   237.94811131392723
0.4666047625377753   143.87739327721252   228.26555981763195
0.4802834893595659   134.99844080360566   219.02358915844204
0.49436321416184764   127.03508130214252   210.30790571263825
0.5088556923793517   119.78178787352375   202.05054855127798
0.5237730240626238   112.73157881383243   194.1250188320339
0.5391276639805903   105.83998840755208   186.53632653812278
0.5549324320192869   99.41663707781647   179.3268963605656
0.5712005238854289   93.52172800533033   172.48994813267305
0.5879455221237613   87.92386940948005   165.95973553962634
0.6051814074573895   82.54245455334893   159.70214628259495
0.622922570460556   77.50512294358354   153.75445014459945
0.6411838235736077   72.78733358702578   148.09933244955073
0.6599804134701901   68.33875741731151   142.6942093634485
0.6793280337869897   64.1453019130412   137.5275530661056
0.6992428382266549   60.19435406753405   132.58919240182632
0.7197414540448374   56.47372229868088   127.86936326844611
0.7408409959326054   52.97164270977907   123.35869678886311
0.7625590803058332   49.676780098307454   119.04819560794375
0.7849138400134885   46.578009552695   114.92819660102741
0.8079239394770964   43.66432119818664   110.98774963330442
0.8316085902740278   40.925239265685846   107.21644487332037
0.8559875671776167   38.35084120755815   103.60456374955253
0.8810812246675007   35.931731136289514   100.14302848738616
0.9069105139239728   33.65901436512508   96.82335574812367
0.9334970003205227   31.52427301616204   93.6376140090316
0.960862881429187   29.519543953775425   90.57837122480784
0.9890310055537336   27.637318765804473   87.63842188577436
1.0180248908061487   25.870512920432166   84.81081420218554
1.047868744742366   24.212421139821373   82.08906050984261
1.0785874845736239   22.656698628714917   79.46711256238238
1.1102067579703248   21.19734389847379   76.93933046547482
1.1427529644757777   19.828682244999605   74.50045414997686
1.1762532775476793   18.545349868124024   72.14557715395529
1.210735667245765   17.342277444884566   69.87008450527138
1.246228923584555   16.214668444793336   67.66938750822362
1.2827626805706884   15.157992063443741   65.53909517302738
1.3203674409449337   14.167974058990485   63.475137244929876
1.3590746016495152   13.240583393131999   61.47374349086569
1.3989164800420282   12.372019461130076   59.53142392159999
1.4399263408778291   11.55869991454854   57.644950587672525
1.4821384240834183   10.797249054808816   55.811340793288664
1.525587973344019   10.084486751648582   54.02785556605592
1.5703112655292182   9.417417863354041   52.29201803367791
1.6163456409812174   8.793222300703528   50.60155592887094
1.6637295346910133   8.209245510309286   48.954377794381784
1.7125025083885144   7.6629894038730235   47.348561942950305
1.7627052835733923   7.152103736576348   45.7823461093016
1.814379775514258   6.674377915867684   44.25411772172797
1.8675691282445197   6.227733208409464   42.76240580803227
1.922317750584177   5.81021425894494   41.30595997949213
1.9786713532176083   5.419981677929325   39.883791197953705
2.0366769868582977   5.055307482173347   38.49500821533345
2.0963830815323896   4.7145688866427795   37.13879529638302
2.1578394870138577   4.396242216441896   35.81440695393141
2.2210975144450407   4.098897147989892   34.521162878418416
2.286209979177315   3.8211912632483553   33.25844304752895
2.3532312448676476   3.561865006803526   32.025699059657065
2.4222172688678643   3.319738567940034   30.822727410217816
2.4932256489445366   3.0937064733218467   29.649580398168908
2.5663156713684585   2.8827313780107557   28.506277371168174
2.641548360413907   2.6858400485582314   27.39279582234731
2.7189865293089923   2.502119625388156   26.309072819647895
2.798694832679631   2.330714085213938   25.25500648337262
2.8807398205309562   2.1708208941787084   24.230457506298805
2.9651899938111903   2.02168697397877   23.23522560351564
3.05211586160442   1.882600684256195   22.268897948190702
3.1415899999999994   1.7528941614562905   21.33098355372791
