0.01   2480.26212573971   2480.1841373644033
0.010293154462191829   2513.1240022477396   2513.044886278542
0.010594902878253955   2545.2657202502955   2545.1854600778065
0.010905497183778876   2576.6116701734963   2576.530359798221
0.011225196699963396   2607.084809709086   2607.0026617774124
0.011554268350120923   2636.6063922044164   2636.523700076878
0.011892986882540897   2665.0932274255874   2665.0101444817014
0.012241635099881474   2692.4602258471155   2692.3766862651573
0.012600504095286909   2718.621691457128   2718.5374086659144
0.012969893495426888   2743.489041001406   2743.4036861256905
0.013350111710660605   2766.970914545643   2766.884310130255
0.013741476192534558   2788.976096044729   2788.8882312585642
0.014144313698828986   2809.4127852976744   2809.3237627712756
0.01455896056637426   2828.1860305957002   2828.095870788173
0.014985762991865008   2845.201337239255   2845.109934232487
0.01542507732090645   2860.3657539736782   2860.2728735885316
0.015877270345534218   2873.5854167139755   2873.49070511357
0.016342719610456153   2884.766908972399   2884.6698994235903
0.016821813728271667   2893.8199845356344   2893.7200979986883
0.017314952703931925   2900.6570869648235   2900.5536379085524
0.017822548268711737   2905.1925664289897   2905.084775151791
0.01834502422397195   2907.3453757330667   2907.2323732104414
0.018882816794999403   2907.040049800148   2906.9208866250524
0.019436374995219892   2904.207611206363   2904.081298905833
0.02000616100108813   2898.785988570584   2898.6515231164617
0.020592650537967844   2890.72048213213   2890.576850412419
0.021196333277324068   2879.9671087432876   2879.8132801666443
0.02181771324555934   2866.494508115625   2866.329419072489
0.022457309244835088   2850.280409839113   2850.1029704598104
0.02311565528622961   2831.3141841276956   2831.1233204618793
0.023793301035594242   2809.6075169273586   2809.4023483080296
0.024490812272480036   2785.185453262028   2784.965349065872
0.025208771362518027   2758.0828739483663   2757.8474624180612
0.0259477777436476   2728.359988000957   2728.1093876381565
0.02670844842659881   2696.1019385909667   2695.836981828894
0.027491418510046592   2661.40186005676   2661.124070100348
0.028297341710866907   2624.371278304173   2624.0828394483046
0.029126890909937666   2585.1660261681764   2584.8697734893058
0.029980758713939952   2543.9524572672026   2543.651828998013
0.030859658033628758   2500.9005708653426   2500.5995680346514
0.031764322679055976   2456.214741728482   2455.9181214644836
0.03269550797224261   2410.119966822564   2409.8333375522966
0.033653991377811755   2362.8354559770137   2362.565178499641
0.03464057315210884   2314.6088949637287   2314.361666968003
0.03565607701135116   2265.7553993063666   2265.537496811482
0.036701350819364466   2216.5814572722593   2216.398639386606
0.03777726729548091   2167.3670794375867   2167.224714736141
0.038884724743189276   2118.3256996077093   2118.229681080487
0.04002464780014597   2069.6326113715286   2069.5897151150825
0.041197988210172884   2021.4510520812187   2021.4687798935345
0.04240572561788674   1974.0441351773345   1974.1276957749299
0.04364886838662332   1927.8193445018328   1927.9675330164355
0.04492845444033957   1883.159126211525   1883.3646037034737
0.04624555213019635   1840.369087459312   1840.619625364351
0.04760126112654554   1799.5229659640324   1799.8051249425982
0.04899671333706607   1760.621245208304   1760.9215101304685
0.05043307385181555   1723.6539229998043   1723.958580208476
0.05191154191598653   1688.4989761386184   1688.7923052987317
0.053433351931179485   1654.9617965325092   1655.22489577307
0.05499977448602865   1622.8540353591595   1623.0650874179187
0.05661211741704101   1591.9203087586716   1592.0556640767006
0.05827172690053434   1561.8630013959203   1561.897997584353
0.05997998857658587   1532.3928030071452   1532.3023992069805
0.06173832870592997   1503.1683280598468   1502.9302945997322
0.0635482153607709   1473.8439659121022   1473.4401323822597
0.06541115965050462   1444.0461813731963   1443.4658687013452
0.06732871698337338   1413.3336942239725   1412.5797451821054
0.06930248836510605   1381.2874170392256   1380.3771961901116
0.07133412173562886   1347.477136163388   1346.447883467639
0.07342531334496233   1311.5181899354936   1310.4273178433193
0.07557780916945323   1273.1738501526775   1272.096913584195
0.07779340636952398   1232.3356998921595   1231.3636868293486
0.08007395479015682   1189.1538765304736   1188.391975913439
0.08242135850536496   1143.9915828599683   1143.5562997103145
0.08483757740794096   1097.4216639444994   1097.4257445563683
0.08732462884580919   1050.1551826580674   1050.6969221490892
0.08988458930634863   1002.986693175251   1004.1496167166698
0.09251959615009227   956.711952126104   958.5621534107647
0.09523184939525078   912.1093272343056   914.6799808895365
0.09802361355455057   869.8964574812171   873.1823137939921
0.10089721952591899   830.7420795348115   834.6950514294782
0.10385506653859616   795.1580687616148   799.6861951828885
0.10689962415629803   763.4855310072165   768.4438832749179
0.11003343433910281   735.7659045338656   740.9804272665763
0.11325911356578279   711.6806281338169   716.9764453459593
0.11657935501835284   690.552661147931   695.7725359888744
0.11999693083066039   671.4282033060306   676.4501071663099
0.12351469440289359   653.1890991233585   657.9595693102981
0.12713558278394044   634.7298153024594   639.2779585769564
0.13086261912358757   615.0684941707715   619.5113214700675
0.13469891519660646   593.5007689749607   598.0389712571404
0.13864767400083483   569.6822085610071   574.5857356899842
0.14271219243142114   543.7329254118638   549.3123683681576
0.14689586403346616   516.2272660436323   522.7723741381227
0.1512021818353596   488.0625545353017   495.7874210971778
0.15563474126517718   460.32530774556625   469.3316171384561
0.16019724315257297   434.1606597615684   444.41749231866675
0.1648934968186736   410.61605372783976   421.923733180197
0.1697274232565544   390.3727572446668   402.4049454836451
0.17470305840495237   373.4846253533911   385.861883932541
0.17982455651794954   359.3173688332361   371.6882323416618
0.18509619363343993   346.8020356727847   358.9298773752812
0.19052237114327647   334.79606588573546   346.60341529107865
0.19610761946807834   322.26216452420664   333.85933429921107
0.20185660183976684   308.39870939267956   320.0872466269118
0.20777411819498756   292.9670213182397   305.116777253087
0.21386510918267082   276.52019096698456   289.45352475162025
0.22013466028907505   260.1129981051682   273.96343680901606
0.22658800608375756   244.77644278589176   259.4692197881284
0.23323053459001789   231.24546649195105   246.4945034007139
0.2400677917834628   219.80085004558262   235.23980835585195
0.24710548622244882   210.09937462561854   225.37090905752683
0.25434949381426813   201.32323281297192   216.25211131247627
0.2618058627210567   192.5556525162797   207.19863214926596
0.2694808184095226   183.17185786336478   197.79618357367218
0.27738076884870827   173.12266904875858   188.01713868732352
0.2855123098601282   162.97005570292436   178.32523387641686
0.29388223062474755   153.41337652111375   169.18084351932384
0.3024975193514008   144.92093035796367   160.8751817269686
0.31136536911138296   137.5629666187818   153.43004235837952
0.3204931838440838   130.92322485636564   146.53978437211643
0.32988858453867975   124.43390110789385   139.84931071160304
0.3395594155970457   117.77950172857658   133.1519666984108
0.34951375138319807   111.02621021603319   126.53472203121629
0.3597599029647371   104.54383424587981   120.20798039476648
0.37030642505191835   98.65048025414944   114.33665638655647
0.3811621231401457   93.34916313618825   108.91097673181842
0.3923360608618501   88.40873370131762   103.78737385473225
0.4038375675538918   83.57166001267503   98.82953043204441
0.41567624604680364   78.7833515714957   94.0082478391742
0.42786198068238046   74.19520175273165   89.40560439283857
0.4404049455663077   69.95031931906794   85.08467386269358
0.4533156130627191   66.03357145382596   81.02030204222123
0.4666047625377753   62.31834133075803   77.15212090112682
0.4802834893595659   58.7248307923285   73.44381721382362
0.49436321416184764   55.28305007167596   69.90321692411047
0.5088556923793517   52.06017816735348   66.55661101506642
0.5237730240626238   49.048194160398836   63.390683822341565
0.5391276639805903   46.19260232437159   60.378743761328415
0.5549324320192869   43.46653192902997   57.510812270821184
0.5712005238854289   40.88884484541099   54.78713352291338
0.5879455221237613   38.468833279220696   52.206504331784636
0.6051814074573895   36.18524646650884   49.75706045029535
0.622922570460556   34.02057099394297   47.42862628388538
0.6411838235736077   31.97618008694829   45.21830894220754
0.6599804134701901   30.051961558706925   43.12192774322838
0.6793280337869897   28.23667451945245   41.132582206183024
0.6992428382266549   26.52425425332666   39.244849665575416
0.7197414540448374   24.909729387327644   37.45318876010314
0.7408409959326054   23.38800083456045   35.752747012093245
0.7625590803058332   21.954193288316088   34.13890674752865
0.7849138400134885   20.60365104001014   32.607272286270735
0.8079239394770964   19.331930941792166   31.153660892263954
0.8316085902740278   18.13479536392003   29.77409393824947
0.8559875671776167   17.008204652346503   28.46478614896562
0.8810812246675007   15.948294514745069   27.222070961141466
0.9069105139239728   14.951370910575768   26.04239321731372
0.9334970003205227   14.013924689001461   24.922388690985667
0.960862881429187   13.132624888749886   23.858878699689203
0.9890310055537336   12.304310940021942   22.84885982044413
1.0180248908061487   11.525985118352363   21.889494167604717
1.047868744742366   10.794805248884778   20.978100203682963
1.0785874845736239   10.108077948852248   20.112131802769895
1.1102067579703248   9.463253419107154   19.289099565211366
1.1427529644757777   8.85791724175016   18.50662563900372
1.1762532775476793   8.289783140181768   17.76247573289685
1.210735667245765   7.756686998321232   17.054549959041996
1.246228923584555   7.25658110181824   16.380874146794568
1.2827626805706884   6.787528593746277   15.739591753367815
1.3203674409449337   6.347698137804315   15.128956169210328
1.3590746016495152   5.935358044817811   14.547286616450773
1.3989164800420282   5.548870680895114   13.992922134381041
1.4399263408778291   5.186689534768028   13.464298564057641
1.4821384240834183   4.847354857998672   12.959953588339449
1.525587973344019   4.529489229809352   12.478519420062353
1.5703112655292182   4.2317933167621575   12.018716063461186
1.6163456409812174   3.953041821069198   11.579345100460454
1.6637295346910133   3.6920795828058717   11.159281282862832
1.7125025083885144   3.4478174746445744   10.757426900965575
1.7627052835733923   3.219229097243867   10.37272169273388
1.814379775514258   3.0053478306863126   10.004176323462971
1.8675691282445197   2.8052636137483065   9.650868239893402
1.922317750584177   2.6181198666119303   9.311936784933136
1.9786713532176083   2.4431105637676245   8.986578711505127
2.0366769868582977   2.279477451041607   8.674044059873708
2.0963830815323896   2.126507249214521   8.373620795061544
2.1578394870138577   1.9835286818029476   8.084592957476083
2.2210975144450407   1.8499107357036053   7.806281585157193
2.286209979177315   1.7250605850513763   7.5380572723508825
2.3532312448676476   1.6084214052751566   7.279336565281721
2.4222172688678643   1.4994703030794563   7.029578660742556
2.4932256489445366   1.3977163568844275   6.788282379390426
2.5663156713684585   1.3026987722360739   6.554983744358378
2.641548360413907   1.2139856588840412   6.3292735892489365
2.7189865293089923   1.131172463574112   6.110802508955684
2.798694832679631   1.0538794916234355   5.899246493858922
2.8807398205309562   0.9817504024877305   5.694302562434886
2.9651899938111903   0.9144508622210653   5.495687416265711
3.05211586160442   0.8516672665740604   5.303136184119193
3.1415899999999994   0.7931055315878563   5.116401247684481
