0.01   7479.565722720384   7478.624630005575
0.010293154462191829   7581.603780229173   7580.576806440219
0.010594902878253955   7681.8189536364   7680.697541706417
0.010905497183778876   7779.9985595908065   7778.773529168791
0.011225196699963396   7875.925536370676   7874.587076246872
0.011554268350120923   7969.371626383337   7967.909104471335
0.011892986882540897   8060.0965009761385   8058.498242533701
0.012241635099881474   8147.856181549387   8146.109450858191
0.012600504095286909   8232.40149752623   8230.492480168557
0.012969893495426888   8313.470552624014   8311.384292365647
0.013350111710660605   8390.797270624844   8388.51766367418
0.013741476192534558   8464.11443709741   8461.624236252032
0.014144313698828986   8533.145284735843   8530.425834938578
0.01455896056637426   8597.605316220757   8594.636324138946
0.014985762991865008   8657.21174739451   8653.971308851287
0.01542507732090645   8711.681121844342   8708.145642539075
0.015877270345534218   8760.722462993966   8756.866326240248
0.016342719610456153   8804.048178068735   8799.843744893693
0.016821813728271667   8841.377157231747   8836.794826332229
0.017314952703931925   8872.428502173681   8867.436376510635
0.017822548268711737   8896.92565731241   8891.489368593202
0.01834502422397195   8914.60385484463   8908.686719240317
0.018882816794999403   8925.21035534295   8918.773367032925
0.019436374995219892   8928.504050113776   8921.505643627172
0.02000616100108813   8924.260590933642   8916.656835412274
0.020592650537967844   8912.275540303128   8904.020475733609
0.021196333277324068   8892.372514930707   8883.418847038361
0.02181771324555934   8864.40154351085   8854.701199031442
0.022457309244835088   8828.236990472013   8817.741510229434
0.02311565528622961   8783.792581857288   8772.453906551507
0.023793301035594242   8731.03311909461   8718.80466988311
0.024490812272480036   8669.953101619767   8656.790254574422
0.025208771362518027   8600.58276068766   8586.44359533055
0.0259477777436476   8523.03314545257   8507.881115736676
0.02670844842659881   8437.46342131832   8421.268550018978
0.027491418510046592   8344.059384508815   8326.798469507607
0.028297341710866907   8243.088432051141   8224.746620204844
0.029126890909937666   8134.917049047081   8115.489775682337
0.029980758713939952   8019.932484839919   7999.4253467597655
0.030859658033628758   7898.559220063881   7876.988140904411
0.031764322679055976   7771.353554467089   7748.746903977685
0.03269550797224261   7638.908233928054   7615.306811682485
0.033653991377811755   7501.813536202987   7477.269557006259
0.03464057315210884   7360.783439923616   7335.3584352107955
0.03565607701135116   7216.651337034956   7190.413908091021
0.036701350819364466   7070.218795963814   7043.243459145715
0.03777726729548091   6922.259203424705   6894.625982845609
0.038884724743189276   6773.553328519053   6745.349133010905
0.04002464780014597   6624.842803145468   6596.160718783911
0.041197988210172884   6476.827057587725   6447.764086280557
0.04240572561788674   6330.340786935007   6300.9795940719105
0.04364886838662332   6186.305895164842   6156.700983871394
0.04492845444033957   6045.566468339722   6015.7455290048565
0.04624555213019635   5908.877141483617   5878.839755368007
0.04760126112654554   5776.89017446479   5746.601006306336
0.04899671333706607   5650.187988034359   5619.577836591664
0.05043307385181555   5529.222454007148   5498.191131175858
0.05191154191598653   5413.89020918444   5382.3119229781205
0.053433351931179485   5303.871703807406   5271.598410454458
0.05499977448602865   5198.823456692465   5165.688491372565
0.05661211741704101   5098.110467114779   5063.943977146649
0.05827172690053434   5001.0029162511   4965.638780436131
0.05997998857658587   4906.74671453278   4870.030068057356
0.06173832870592997   4814.372431563897   4776.185293043562
0.0635482153607709   4722.912309012816   4683.179677528229
0.06541115965050462   4631.280114518605   4590.004691522868
0.06732871698337338   4538.270134328031   4495.567575779249
0.06930248836510605   4442.683390783111   4398.798899265223
0.07133412173562886   4343.165513421681   4298.531181375845
0.07342531334496233   4238.459238125719   4193.700183870508
0.07557780916945323   4127.467066710281   4083.4437004833817
0.07779340636952398   4009.325814758779   3967.1270174695874
0.08007395479015682   3883.7969275476216   3844.7178456494134
0.08242135850536496   3751.1043650407096   3716.5944849189937
0.08483757740794096   3612.2877209631924   3583.8055526005423
0.08732462884580919   3468.8565843146434   3447.7787245485138
0.08988458930634863   3322.931610637584   3310.477646234612
0.09251959615009227   3176.813006660514   3173.9711461205384
0.09523184939525078   3032.967177708871   3040.3632422355795
0.09802361355455057   2893.8079502070054   2911.6303745668156
0.10089721952591899   2761.6217699695344   2789.5810446574196
0.10385506653859616   2638.4078824755047   2675.7175852628293
0.10689962415629803   2525.8957521013585   2571.248898101544
0.11003343433910281   2425.095952126154   2476.7207780129115
0.11325911356578279   2336.352267556736   2392.089289595546
0.11657935501835284   2258.7617428429517   2316.4055358021023
0.11999693083066039   2190.577632333996   2248.099718098365
0.12351469440289359   2128.9506016479277   2184.7769667402754
0.12713558278394044   2070.631582034429   2123.8958525180296
0.13086261912358757   2012.192526842806   2062.957495887692
0.13469891519660646   1950.5563146354539   1999.7700906368339
0.13864767400083483   1883.375007007615   1932.9287822043757
0.14271219243142114   1809.3581707636547   1861.9875130738283
0.14689586403346616   1728.641874381489   1787.1941382531502
0.1512021818353596   1642.762650764521   1709.8504876464947
0.15563474126517718   1554.388579215979   1632.0275159743182
0.16019724315257297   1466.895194072158   1556.0344329331401
0.1648934968186736   1383.8926704496623   1484.096727738743
0.1697274232565544   1308.6961382422853   1417.9860863181975
0.17470305840495237   1243.5760856833854   1358.961625910593
0.17982455651794954   1188.9796179555613   1306.8729047141615
0.18509619363343993   1143.2521084351436   1260.2529050040089
0.19052237114327647   1103.2202425386192   1217.1607928144915
0.19610761946807834   1065.2234719444702   1175.5095401696492
0.20185660183976684   1025.838257960586   1133.6508403871499
0.20777411819498756   982.4026588103852   1090.3279672533695
0.21386510918267082   933.934419566363   1045.2346580723433
0.22013466028907505   881.871977175787   999.4640900286493
0.22658800608375756   829.4451757583339   954.7997674974141
0.23323053459001789   780.1053924590072   912.6168759275146
0.2400677917834628   736.4377371793234   873.9392450623427
0.24710548622244882   699.5549923725972   838.6422522456214
0.25434949381426813   668.5575975535756   806.5066106617685
0.2618058627210567   640.8422949038486   776.0740448278664
0.2694808184095226   613.3528011180629   746.2822133624552
0.27738076884870827   583.8375069494267   716.7393396479001
0.2855123098601282   551.9330764507249   687.1561843819146
0.29388223062474755   519.2831649085218   658.2872484678502
0.3024975193514008   488.35950162885007   630.8462199745185
0.31136536911138296   460.931392030244   605.2947363654233
0.3204931838440838   437.39012634364843   581.2950968156204
0.32988858453867975   416.4367935515158   558.7512755822443
0.3395594155970457   396.05275801904463   537.0062156398278
0.34951375138319807   374.97137798985614   515.7470996377615
0.3597599029647371   353.3143326900672   495.1552228150695
0.37030642505191835   332.3628789764408   475.44817770376375
0.3811621231401457   313.3663955462046   456.784805304456
0.3923360608618501   296.4798194837011   439.134724854186
0.4038375675538918   280.8851463648879   422.3387876109562
0.41567624604680364   265.57530696815036   406.1725674867015
0.42786198068238046   250.25810367647006   390.59459217444453
0.4404049455663077   235.4828343576779   375.70242614023834
0.4533156130627191   221.86703473518784   361.52750416972964
0.4666047625377753   209.4207811880613   348.04294864025553
0.4802834893595659   197.65517224248012   335.1632267747326
0.49436321416184764   186.20228702164445   322.80741719992176
0.5088556923793517   175.1704065958603   310.9608881352668
0.5237730240626238   164.86062134400552   299.6751416226294
0.5391276639805903   155.2855517474237   288.910615042716
0.5549324320192869   146.21557545551866   278.61473934153975
0.5712005238854289   137.52011559443906   268.7438513653235
0.5879455221237613   129.28664142682945   259.3030343291567
0.6051814074573895   121.583005402608   250.29275340328493
0.622922570460556   114.32714724174237   241.6722076087171
0.6411838235736077   107.43593299198425   233.4052009660855
0.6599804134701901   100.92354759940807   225.49240665002372
0.6793280337869897   94.80655366768777   217.9226554514528
0.6992428382266549   89.0382819740899   210.66477114664931
0.7197414540448374   83.59523061022253   203.7026312488541
0.7408409959326054   78.46544146169332   197.02717719551606
0.7625590803058332   73.63262951015399   190.62254796314548
0.7849138400134885   69.08107803626831   184.4736522946956
0.8079239394770964   64.7957849517336   178.56636807441228
0.8316085902740278   60.76243941840674   172.88747450441056
0.8559875671776167   56.96739456007018   167.42454651575372
0.8810812246675007   53.39759740672139   162.1653608412412
0.9069105139239728   50.040594722098206   157.09808304078726
0.9334970003205227   46.88455202717425   152.21167114029544
0.960862881429187   43.91822882323041   147.49583004293223
0.9890310055537336   41.13095350992282   142.94095988244237
1.0180248908061487   38.51259901558374   138.53810856805978
1.047868744742366   36.053559145934834   134.27892784523078
1.0785874845736239   33.744725308708695   130.15542645983655
1.1102067579703248   31.577463847795258   126.1596113948212
1.1427529644757777   29.54359553645907   122.28398204044338
1.1762532775476793   27.635374950516198   118.52159515820323
1.210735667245765   25.845470375251832   114.86602886986383
1.246228923584555   24.166944426561088   111.31134952036818
1.2827626805706884   22.593235377423248   107.85208112417023
1.3203674409449337   21.118138937575008   104.48317679222016
1.3590746016495152   19.73578829147084   101.19998864343036
1.3989164800420282   18.440639259554732   97.99824542427373
1.4399263408778291   17.227456634396596   94.87403310344591
1.4821384240834183   16.091298708181615   91.8237737354451
1.525587973344019   15.027502402917147   88.84420557873099
1.5703112655292182   14.031669035560311   85.9323643864343
1.6163456409812174   13.099650697945224   83.08556610417696
1.6637295346910133   12.227536327646579   80.30157557226036
1.7125025083885144   11.411638182578317   77.57885229349286
1.7627052835733923   10.648482421756547   74.91607305069022
1.814379775514258   9.9347980682571   72.31203750734463
1.8675691282445197   9.267506066877095   69.7656592805756
1.922317750584177   8.643708864191803   67.27595728805511
1.9786713532176083   8.060680491102186   64.84204735156153
2.0366769868582977   7.515856938541889   62.46316731080383
2.0963830815323896   7.006825241139737   60.139026739193
2.1578394870138577   6.531316348749995   57.869600839314565
2.2210975144450407   6.087198647434016   55.654835119249654
2.286209979177315   5.672470146637378   53.49463893965375
2.3532312448676476   5.285251046402751   51.3888845995566
2.4222172688678643   4.923776697401401   49.33740656821677
2.4932256489445366   4.586390939457161   47.340001510784646
2.5663156713684585   4.271541233712678   45.396667691927746
2.641548360413907   3.9777742311271562   43.50790300497941
2.7189865293089923   3.703726367890268   41.67411658811382
2.798694832679631   3.4481181225264597   39.89553854959417
2.8807398205309562   3.2097491806381684   38.17223117798412
2.9651899938111903   2.9874938499600576   36.504100149886966
3.05211586160442   2.7802967149904307   34.89090566865488
3.1415899999999994   2.5871677463475518   33.33224762592908
