0.01   15150.07783122095   15147.244295761695
0.010293154462191829   15315.987603448759   15312.894751273212
0.010594902878253955   15475.679064338603   15472.303670545363
0.010905497183778876   15628.638834611713   15624.955831646943
0.011225196699963396   15774.35037307367   15770.332870638375
0.011554268350120923   15912.283320885726   15907.902489569427
0.011892986882540897   16041.876810430307   16037.101556826074
0.012241635099881474   16162.567201517788   16157.364172715408
0.012600504095286909   16273.79196428066   16268.12555292011
0.012969893495426888   16374.965665307194   16368.79738297492
0.013350111710660605   16465.494994306162   16458.78317575318
0.013741476192534558   16544.79777603088   16537.497708411913
0.014144313698828986   16612.288193187815   16604.35178731533
0.01455896056637426   16667.363902251534   16658.738960857856
0.014985762991865008   16709.4399383998   16700.070299545234
0.01542507732090645   16737.95181683429   16727.777464913852
0.015877270345534218   16752.33125889446   16741.28733876798
0.016342719610456153   16752.028908981778   16740.045561440245
0.016821813728271667   16736.532835841168   16723.53567110683
0.017314952703931925   16705.359996993167   16691.26973876919
0.017822548268711737   16658.05478755189   16642.786586783255
0.01834502422397195   16594.21190959203   16577.676012848806
0.018882816794999403   16513.482205173175   16495.584631181144
0.019436374995219892   16415.575518025173   16396.2179702428
0.02000616100108813   16300.266318774873   16279.346929988742
0.020592650537967844   16167.399251012059   16144.81389136717
0.021196333277324068   16016.918183073758   15992.564746601845
0.02181771324555934   15848.871970203187   15822.655009737166
0.022457309244835088   15663.387205157018   15635.219208117363
0.02311565528622961   15460.694435739675   15430.497720494299
0.023793301035594242   15241.207724839815   15208.918763072958
0.024490812272480036   15005.438876826594   14971.009751698508
0.025208771362518027   14753.97499487646   14717.374343042755
0.0259477777436476   14487.61342866249   14448.836537978312
0.02670844842659881   14207.331706888199   14166.408474942189
0.027491418510046592   13914.147439914792   13871.140834576476
0.028297341710866907   13609.211541266424   13564.216945828917
0.029126890909937666   13294.006860076246   13247.153975447278
0.029980758713939952   12970.052078699582   12921.502180335276
0.030859658033628758   12638.85005913332   12588.792667516444
0.031764322679055976   12302.163739874548   12250.819903300982
0.03269550797224261   11961.880348984449   11909.502555760955
0.033653991377811755   11619.76984202476   11566.636297058394
0.03464057315210884   11277.730953196795   11224.132750592515
0.03565607701135116   10938.10017632132   10884.319758871532
0.036701350819364466   10603.063636164576   10549.37001396752
0.03777726729548091   10274.55055118993   10221.197649435873
0.038884724743189276   9954.115392652775   9901.33981923376
0.04002464780014597   9643.034462488125   9591.05459302757
0.041197988210172884   9342.412761428004   9291.428494431273
0.04240572561788674   9053.800571377207   9003.938796238099
0.04364886838662332   8779.628691516451   8730.850776728765
0.04492845444033957   8522.117539368164   8474.227490120347
0.04624555213019635   8282.784813813802   8235.451448569256
0.04760126112654554   8061.184156911361   8013.975884131063
0.04899671333706607   7856.418600007257   7808.8182790935125
0.05043307385181555   7667.579551330707   7618.991791790345
0.05191154191598653   7493.435935767706   7443.195360574585
0.053433351931179485   7332.752998639569   7280.129004004211
0.05499977448602865   7184.057530062843   7128.276519344972
0.05661211741704101   7045.203967258108   6985.495934769344
0.05827172690053434   6914.052879507224   6849.665674265917
0.05997998857658587   6787.964257336252   6718.260865048584
0.06173832870592997   6664.008817025193   6588.536287273823
0.0635482153607709   6539.037394567248   6457.613812126344
0.06541115965050462   6409.302871568124   6322.1871104537
0.06732871698337338   6271.1962063974415   6179.131301271486
0.06930248836510605   6121.160274758516   6025.502536955678
0.07133412173562886   5956.122346899186   5858.853772593035
0.07342531334496233   5774.0739916986895   5677.879151246764
0.07557780916945323   5573.993628398127   5482.1607638989
0.07779340636952398   5356.706312352255   5272.873257271286
0.08007395479015682   5124.206859488588   5052.141533724164
0.08242135850536496   4880.0518059140595   4823.410619616509
0.08483757740794096   4628.564792345127   4590.644997264636
0.08732462884580919   4374.819044936304   4358.28990198355
0.08988458930634863   4124.463884887556   4131.063792200622
0.09251959615009227   3883.0976470360642   3913.5187517432646
0.09523184939525078   3656.3692062387863   3709.8993325876304
0.09802361355455057   3449.4848158536006   3523.9383504436764
0.10089721952591899   3266.494490515522   3358.3653187352656
0.10385506653859616   3110.1202640785996   3214.7655259130884
0.10689962415629803   2980.63249608238   3092.2897202890163
0.11003343433910281   2876.4225667615783   2988.8755106943063
0.11325911356578279   2793.485984402638   2901.2295380051187
0.11657935501835284   2726.173942928764   2824.734951826817
0.11999693083066039   2667.6605885659937   2754.0060830449966
0.12351469440289359   2610.341268723223   2683.7156689451017
0.12713558278394044   2546.815673052754   2609.147638490817
0.13086261912358757   2470.7353634972214   2526.570472597717
0.13469891519660646   2377.9512836019003   2433.786524976503
0.13864767400083483   2267.393019270501   2330.9526618705268
0.14271219243142114   2141.243524504728   2220.3983622165
0.14689586403346616   2004.7554273513465   2105.9969362527504
0.1512021818353596   1865.6769676618328   1992.517734932002
0.15563474126517718   1733.16305564454   1885.3797300254569
0.16019724315257297   1615.7072689865245   1789.17303003036
0.1648934968186736   1518.8232185450488   1706.1223540236067
0.1697274232565544   1443.837693512311   1635.8858109368991
0.17470305840495237   1388.2669712537931   1576.4673914178527
0.17982455651794954   1346.8108360330189   1524.4570479046536
0.18509619363343993   1311.911860950106   1475.6306927919095
0.19052237114327647   1274.6491032261672   1426.1354010928446
0.19610761946807834   1227.3723655579572   1372.8561014399836
0.20185660183976684   1166.8622012577594   1314.860788705152
0.20777411819498756   1095.200871085697   1254.2324144190748
0.21386510918267082   1018.3335642444255   1193.9639386184251
0.22013466028907505   944.1858168726822   1136.7635836184263
0.22658800608375756   880.1652389634771   1084.808570278722
0.23323053459001789   830.2817098254252   1039.1829788171835
0.2400677917834628   793.6702702476804   998.7909792791879
0.24710548622244882   765.4917104440332   961.5390369718505
0.25434949381426813   738.4748694118948   925.6566866832366
0.2618058627210567   706.2665829072033   889.2416730838488
0.2694808184095226   666.7660495421158   852.1622771404005
0.27738076884870827   622.4534686433465   815.2833166816467
0.2855123098601282   578.7656572910652   780.1288454008926
0.29388223062474755   541.2234187879026   747.6765784378662
0.3024975193514008   511.970111922259   717.8240349511268
0.31136536911138296   488.9142834591575   690.0629710418045
0.3204931838440838   467.5326479190075   663.5011209996708
0.32988858453867975   443.6969113538241   637.6232554059571
0.3395594155970457   416.61084189142025   612.0948949381389
0.34951375138319807   388.94221610465894   587.5143999071897
0.3597599029647371   364.13827365657943   564.3663513710983
0.37030642505191835   343.76802198590286   542.6374516945993
0.3811621231401457   326.4363479132494   522.1880075110789
0.3923360608618501   309.35783134279825   502.58170694411285
0.4038375675538918   291.07303079888817   483.51854023876587
0.41567624604680364   272.5108176579145   465.1927695574497
0.42786198068238046   255.56860634223915   447.8147776018811
0.4404049455663077   240.96421189325636   431.4527959370931
0.4533156130627191   227.68243225123928   415.8431413896277
0.4666047625377753   214.40663997522924   400.81390837751457
0.4802834893595659   201.09391384330613   386.3614687947185
0.49436321416184764   188.637463825406   372.5761732637007
0.5088556923793517   177.4805135556971   359.5316969931645
0.5237730240626238   167.10760230063156   347.082323500259
0.5391276639805903   156.96642690243868   335.08103859202754
0.5549324320192869   147.20938639338803   323.6051437057988
0.5712005238854289   138.20530288342277   312.6669207385118
0.5879455221237613   129.87133573318917   302.2284620816025
0.6051814074573895   121.90626941897236   292.2040692896755
0.622922570460556   114.31595577050572   282.55954466280446
0.6411838235736077   107.24283776194984   273.37317461687945
0.6599804134701901   100.6025987657507   264.57612798525105
0.6793280337869897   94.34597389217599   256.1218137875087
0.6992428382266549   88.45432503169302   247.99501810367855
0.7197414540448374   82.90963966152835   240.18137933886072
0.7408409959326054   77.69444365893499   232.66722920644756
0.7625590803058332   72.7918234479481   225.43955650008266
0.7849138400134885   68.1853684491577   218.48567063389464
0.8079239394770964   63.858527094764874   211.79035595549973
0.8316085902740278   59.79512397408429   205.33751300370204
0.8559875671776167   55.97986191013033   199.11215281564535
0.8810812246675007   52.39828404478781   193.10034430957506
0.9069105139239728   49.036730672870654   187.28913975444564
0.9334970003205227   45.88229811293306   181.66650663890294
0.960862881429187   42.922799529252   176.22126532676086
0.9890310055537336   40.146744311779294   170.94298018975266
1.0180248908061487   37.54335628637698   165.82172473118578
1.047868744742366   35.102467290546834   160.84823257892018
1.0785874845736239   32.81446229467199   156.0139289324558
1.1102067579703248   30.670252850700304   151.31088709209345
1.1427529644757777   28.661251548834564   146.73178841545743
1.1762532775476793   26.7793474607935   142.26988536312058
1.210735667245765   25.01688251602158   137.91896740146552
1.246228923584555   23.366621164662032   133.67334941659814
1.2827626805706884   21.82172195246008   129.52786420638284
1.3203674409449337   20.375735117166847   125.47779079581858
1.3590746016495152   19.022584379632725   121.51882232589917
1.3989164800420282   17.75654691780561   117.6470422667383
1.4399263408778291   16.5722342969944   113.85890195925725
1.4821384240834183   15.464574319257341   110.15119932617667
1.525587973344019   14.42879377483109   106.52107456993292
1.5703112655292182   13.460402543480532   102.96644227464108
1.6163456409812174   12.555177884447422   99.48596526927933
1.6637295346910133   11.709148914095925   96.07847099892456
1.7125025083885144   10.918582532051733   92.7429088815358
1.7627052835733923   10.179970096026842   89.47834042374626
1.814379775514258   9.490014774482827   86.28392958727558
1.8675691282445197   8.84561954776522   83.15893339680626
1.922317750584177   8.243875543050446   80.10275192242034
1.9786713532176083   7.682048816568476   77.11544820419066
2.0366769868582977   7.157572124084143   74.19739564570753
2.0963830815323896   6.668037062380996   71.34888431583275
2.1578394870138577   6.211184736648595   68.57011655618078
2.2210975144450407   5.784896918448257   65.86120793697351
2.286209979177315   5.387187694027988   63.22218841407537
2.3532312448676476   5.016195578163208   60.653003681478864
2.4222172688678643   4.670176854053114   58.15366678763269
2.4932256489445366   4.347500966471436   55.724758238678106
2.5663156713684585   4.046640495583753   53.36683078173514
2.641548360413907   3.7661639088884207   51.080200708100875
2.7189865293089923   3.5047298774907953   48.86496273516373
2.798694832679631   3.2610819023470965   46.72100491150823
2.8807398205309562   3.034043235585456   44.64802342840906
2.9651899938111903   2.822512062877071   42.645536399668494
3.05211586160442   2.6254530586773193   40.71272451223621
3.1415899999999994   2.4418899597442394   38.84827911470966
