0.01   2559.4360380910243   2559.356050981951
0.010293154462191829   2598.1251133195515   2598.043116921709
0.010594902878253955   2636.2916556301257   2636.2073983399387
0.010905497183778876   2673.8622163918794   2673.7753610346613
0.011225196699963396   2710.7587021479535   2710.668951535258
0.011554268350120923   2746.8995629172373   2746.8067401284598
0.011892986882540897   2782.2015806497852   2782.105636328022
0.012241635099881474   2816.5781106057957   2816.4790339637484
0.012600504095286909   2849.93754760949   2849.8351929333007
0.012969893495426888   2882.186681685203   2882.0807436085543
0.013350111710660605   2913.230751220507   2913.1207762366544
0.013741476192534558   2942.9704958670077   2942.8559908337515
0.014144313698828986   2971.3046636474073   2971.1851406057644
0.01455896056637426   2998.131733547894   2998.0067106621946
0.014985762991865008   3023.3473597874718   3023.2163141433707
0.01542507732090645   3046.8440051161215   3046.7063128239397
0.015877270345534218   3068.5148008061915   3068.3697328768626
0.016342719610456153   3088.2532164627087   3088.0999373707223
0.016821813728271667   3105.9503549194   3105.7879168106506
0.017314952703931925   3121.4986049392787   3121.325947867291
0.017822548268711737   3134.7931460121276   3134.6090954020847
0.01834502422397195   3145.730189454326   3145.5333669906354
0.018882816794999403   3154.208021243004   3153.996771954537
0.019436374995219892   3160.129688321203   3159.902084164501
0.02000616100108813   3163.403615544394   3163.157500824463
0.020592650537967844   3163.944080542566   3163.677178970906
0.021196333277324068   3161.672203363397   3161.3821472233826
0.02181771324555934   3156.5170956004167   3156.2014417414525
0.022457309244835088   3148.420021444494   3148.076272318263
0.02311565528622961   3137.333250371023   3136.958874654537
0.023793301035594242   3123.218531311828   3122.8109850093115
0.024490812272480036   3106.0539809037055   3105.610835857743
0.025208771362518027   3085.838963852587   3085.3581100048405
0.0259477777436476   3062.584152779443   3062.063828460751
0.02670844842659881   3036.3144562447937   3035.7533243144544
0.027491418510046592   3007.08780055033   3006.485345046072
0.028297341710866907   2974.979793405246   2974.336444655123
0.029126890909937666   2940.075747286257   2939.3928549834905
0.029980758713939952   2902.4960517134273   2901.775994712922
0.030859658033628758   2862.398099091438   2861.6443986577005
0.031764322679055976   2819.944952340145   2819.1622033258022
0.03269550797224261   2775.3149242502864   2774.508825701124
0.033653991377811755   2728.7334505638632   2727.9111417378617
0.03464057315210884   2680.4336094774535   2679.6036314756875
0.03565607701135116   2630.647971482846   2629.8200771919596
0.036701350819364466   2579.6715904839393   2578.8560344933676
0.03777726729548091   2527.8396404004725   2527.0466421315814
0.038884724743189276   2475.470093215185   2474.709762244401
0.04002464780014597   2422.852038080531   2422.1344485502827
0.041197988210172884   2370.2328912279754   2369.5683327839183
0.04240572561788674   2317.839290420607   2317.2382431523074
0.04364886838662332   2265.898316932602   2265.3709829768754
0.04492845444033957   2214.773306351999   2214.326036443762
0.04624555213019635   2164.8756169211556   2164.5094119308087
0.04760126112654554   2116.5785588820922   2116.2895514039137
0.04899671333706607   2070.1497407240845   2069.9288655835867
0.05043307385181555   2025.718100589215   2025.5502930617986
0.05191154191598653   1983.3888204835232   1983.2534277959785
0.053433351931179485   1943.2081426424913   1943.079576487264
0.05499977448602865   1905.0371294383801   1904.8859511712594
0.05661211741704101   1868.7039634238056   1868.497315474254
0.05827172690053434   1834.0176193588663   1833.7199438574728
0.05997998857658587   1800.6804410627665   1800.255584196398
0.06173832870592997   1768.385579561167   1767.797361119735
0.0635482153607709   1736.8044507518466   1736.018639239756
0.06541115965050462   1705.5464093193955   1704.5345057003135
0.06732871698337338   1674.229115710601   1672.969238339045
0.06930248836510605   1642.3964181736496   1640.879522347079
0.07133412173562886   1609.5644193414084   1607.797836551441
0.07342531334496233   1575.2449432522205   1573.2580563006688
0.07557780916945323   1538.9191043264939   1536.773057925831
0.07779340636952398   1500.1404893551398   1497.928124801489
0.08007395479015682   1458.5855786419347   1456.4336383822076
0.08242135850536496   1414.06980752858   1412.1352293869043
0.08483757740794096   1366.7233953836324   1365.1894074217585
0.08732462884580919   1316.8578723471467   1315.9252179659925
0.08988458930634863   1265.1019435831033   1264.9735826884348
0.09251959615009227   1212.2081567189814   1213.075753722565
0.09523184939525078   1159.0907213237913   1161.1148053620732
0.09802361355455057   1106.671292706792   1109.9727381976654
0.10089721952591899   1055.8675500051397   1060.519761971635
0.10385506653859616   1007.5639033908637   1013.5765357047669
0.10689962415629803   962.5557412700762   969.870725825798
0.11003343433910281   921.4928670488387   929.9723222341581
0.11325911356578279   884.8669161464528   894.2938868811519
0.11657935501835284   852.7701993400427   862.8747648715087
0.11999693083066039   824.9977816008918   835.479642603408
0.12351469440289359   800.8147996450904   811.3875567058867
0.12713558278394044   779.2190861711152   789.6470317238321
0.13086261912358757   758.926822020366   769.0762149647733
0.13469891519660646   738.6334536813708   748.5001391923005
0.13864767400083483   717.1309446043156   726.8578285107221
0.14271219243142114   693.4767148503792   703.360103958779
0.14689586403346616   667.1506038093389   677.5956053111146
0.1512021818353596   638.135722285402   649.6044174620783
0.15563474126517718   606.976084057021   619.9334459865428
0.16019724315257297   574.6674426679361   589.4706252668055
0.1648934968186736   542.4779011371628   559.3214288999569
0.1697274232565544   511.785915576422   530.6443676553233
0.17470305840495237   483.90006584005306   504.4739090981827
0.17982455651794954   459.77688347686075   481.57980290706837
0.18509619363343993   439.6699891978988   462.0435062556437
0.19052237114327647   423.00229268982457   445.3267982534614
0.19610761946807834   408.5960821126613   430.4396218389796
0.20185660183976684   395.0717566730613   416.2579298678738
0.20777411819498756   381.1135760342519   401.7642788959427
0.21386510918267082   365.6453882083352   386.1717060383968
0.22013466028907505   348.1909615214859   369.18647424766556
0.22658800608375756   329.2136546725632   351.2821972825751
0.23323053459001789   309.9103458806579   333.35776151370357
0.2400677917834628   291.5999242456881   316.37547949516835
0.24710548622244882   275.30612513581764   301.0161060612269
0.25434949381426813   261.53498542534265   287.58356799467424
0.2618058627210567   250.0369523382247   275.84589554532744
0.2694808184095226   239.88348496999848   265.09491819214134
0.27738076884870827   229.92702569761556   254.55977546698975
0.2855123098601282   219.26151716305438   243.70912028851023
0.29388223062474755   207.63189630082576   232.37694263295123
0.3024975193514008   195.6175590538695   221.0719274745741
0.31136536911138296   184.12541425702287   210.27184868962092
0.3204931838440838   173.8540290684028   200.37068074142834
0.32988858453867975   165.02796145021125   191.47250339456153
0.3395594155970457   157.23174552581244   183.27783108628978
0.34951375138319807   149.72113178624463   175.383220893886
0.3597599029647371   141.98553941233345   167.49498146390286
0.37030642505191835   134.00256006283107   159.69747159239952
0.3811621231401457   126.20711706471647   152.17503846528643
0.3923360608618501   119.08223294594983   145.1401176685562
0.4038375675538918   112.7328960130253   138.6243661148399
0.41567624604680364   106.89871396167698   132.49135967676114
0.42786198068238046   101.20958405449488   126.5628582725197
0.4404049455663077   95.51940699429791   120.79879924789189
0.4533156130627191   89.99718825238038   115.27393463553847
0.4666047625377753   84.87336031621665   110.05837227160998
0.4802834893595659   80.18015261257996   105.14446491322818
0.49436321416184764   75.75999949480963   100.47176196116378
0.5088556923793517   71.46957086948811   95.98471381122245
0.5237730240626238   67.32613963858884   91.68935931836684
0.5391276639805903   63.43380347303749   87.61458888053255
0.5549324320192869   59.8111763778723   83.75234043529349
0.5712005238854289   56.38553528183502   80.07570587244221
0.5879455221237613   53.10353103030276   76.56566471723602
0.6051814074573895   49.98701327872884   73.22297322762618
0.622922570460556   47.06253658280913   70.04941624973992
0.6411838235736077   44.30736548561724   67.03105110954297
0.6599804134701901   41.69099050301079   64.15494360877362
0.6793280337869897   39.213708320544285   61.418975793619445
0.6992428382266549   36.881662192788866   58.818115582576375
0.7197414540448374   34.68215155918433   56.342236348912785
0.7408409959326054   32.60530588010141   53.98622809564156
0.7625590803058332   30.644609922136166   51.744691786452904
0.7849138400134885   28.79439564008206   49.61181704448041
0.8079239394770964   27.04919684848054   47.58209537604072
0.8316085902740278   25.403748432686523   45.65030509672408
0.8559875671776167   23.852985258523987   43.8114965089768
0.8810812246675007   22.392040401516788   42.06097782118443
0.9069105139239728   21.016229287678964   40.39428505631959
0.9334970003205227   19.720950391855666   38.807044994096636
0.960862881429187   18.50176660997469   37.29505616165293
0.9890310055537336   17.354466218288803   35.85435780523759
1.0180248908061487   16.275053182760985   34.4812157983198
1.047868744742366   15.259737254120758   33.17210877866032
1.0785874845736239   14.304924444790313   31.923715183204312
1.1102067579703248   13.407207901337411   30.732900880387472
1.1427529644757777   12.563366244656686   29.596633925434706
1.1762532775476793   11.770362451516023   28.51188549098013
1.210735667245765   11.025317892574408   27.475792504236907
1.246228923584555   10.32550258799267   26.48567288432903
1.2827626805706884   9.668328618904214   25.539012918110927
1.3203674409449337   9.051343749230675   24.633455598461055
1.3590746016495152   8.472225257523469   23.766789846023897
1.3989164800420282   7.928773715301754   22.936932651222545
1.4399263408778291   7.418903864662234   22.14181409294824
1.4821384240834183   6.940641039918815   21.37941356424437
1.525587973344019   6.492118971144724   20.647845393393983
1.5703112655292182   6.071574476320072   19.945351257471778
1.6163456409812174   5.677342295472272   19.270290951229715
1.6637295346910133   5.30785014516191   18.621133910682126
1.7125025083885144   4.961613986718916   17.996451423378282
1.7627052835733923   4.6372334039703   17.394892954172274
1.814379775514258   4.3333870653536355   16.815139313640156
1.8675691282445197   4.048828942591088   16.255950023161812
1.922317750584177   3.782384442105334   15.7161717563759
1.9786713532176083   3.5329466246399446   15.19473225490087
2.0366769868582977   3.2994726016942884   14.690634735557524
2.0963830815323896   3.0809801022023793   14.202952743116851
2.1578394870138577   2.8765441773885283   13.730824340543437
2.2210975144450407   2.685293434492971   13.273419336148516
2.286209979177315   2.5064072234736714   12.829936596033015
2.3532312448676476   2.339113668434474   12.399634845665163
2.4222172688678643   2.1826869787239054   11.981830487813319
2.4932256489445366   2.0364448539423115   11.57589382802083
2.5663156713684585   1.8997460236614878   11.181245574647395
2.641548360413907   1.7719879156796396   10.79735358517781
2.7189865293089923   1.6526046895362403   10.423748180065301
2.798694832679631   1.5410661247282436   10.060099235467682
2.8807398205309562   1.4368744380182168   9.70613304487019
2.9651899938111903   1.3395619360740316   9.361591660960965
3.05211586160442   1.24868931827265   9.02623182288848
3.1415899999999994   1.1638440660588938   8.699823975372366
