0.01   1355.7466708525697   1355.7038598370373
0.010293154462191829   1371.761777369585   1371.7184435224904
0.010594902878253955   1387.3122875128374   1387.2684333747707
0.010905497183778876   1402.3579126178838   1402.3135867696067
0.011225196699963396   1416.8574267990955   1416.8127161909292
0.011554268350120923   1430.7667994175092   1430.7217876491293
0.011892986882540897   1444.0410539724487   1443.9958087704417
0.012241635099881474   1456.6350446105262   1456.5896170085591
0.012600504095286909   1468.50248506252   1468.4569091910785
0.012969893495426888   1479.5961965192264   1479.5504894413405
0.013350111710660605   1489.8693134282416   1489.8234745920468
0.013741476192534558   1499.2745314882015   1499.2285509555763
0.014144313698828986   1507.7624456647477   1507.716328840161
0.01455896056637426   1515.2840640927247   1515.237836536314
0.014985762991865008   1521.7914142004993   1521.745118866234
0.01542507732090645   1527.2364007934198   1527.190064590622
0.015877270345534218   1531.5716692763106   1531.5252823332323
0.016342719610456153   1534.75180560122   1534.7053206591868
0.016821813728271667   1536.7327299054978   1536.6860665000986
0.017314952703931925   1537.4711974742504   1537.4242501030537
0.017822548268711737   1536.926652588958   1536.8792921095726
0.01834502422397195   1535.0617448304597   1535.0138207318266
0.018882816794999403   1531.8426674137786   1531.7940185171838
0.019436374995219892   1527.2394608802456   1527.1899203213713
0.02000616100108813   1521.2263528518924   1521.175749056772
0.020592650537967844   1513.7834750837596   1513.7316245339039
0.021196333277324068   1504.897454108533   1504.8441523680874
0.02181771324555934   1494.5599036350038   1494.5049267584152
0.022457309244835088   1482.7691051106021   1482.7122255127167
0.02311565528622961   1469.5350120995633   1469.4760556315812
0.023793301035594242   1454.8742925636523   1454.8131524227492
0.024490812272480036   1438.8091964238438   1438.7458344208485
0.025208771362518027   1421.3761655637268   1421.3106507704472
0.0259477777436476   1402.6237334211046   1402.556271044381
0.02670844842659881   1382.6045721029195   1382.535496974218
0.027491418510046592   1361.3825634653103   1361.312350875122
0.028297341710866907   1339.0440546466295   1338.973359900779
0.029126890909937666   1315.679666854645   1315.6093175403032
0.029980758713939952   1291.3825695398891   1291.313550749162
0.030859658033628758   1266.2659468689264   1266.1994090011767
0.031764322679055976   1240.4517720808376   1240.389024166029
0.03269550797224261   1214.0585516246686   1214.001038146207
0.033653991377811755   1187.2232004377474   1187.1724234206554
0.03464057315210884   1160.1142347375826   1160.0716440025224
0.03565607701135116   1132.8928954579862   1132.8598744377744
0.036701350819364466   1105.7057363440292   1105.6836074388664
0.03777726729548091   1078.6702974423583   1078.6603648563037
0.038884724743189276   1051.8881328761158   1051.8916935878685
0.04002464780014597   1025.454051505035   1025.472375276462
0.041197988210172884   999.5178268188866   999.5517162067911
0.04240572561788674   974.2863017544583   974.335646895697
0.04364886838662332   949.9487673920485   950.0126206302338
0.04492845444033957   926.6518385081852   926.7284553569367
0.04624555213019635   904.4431569287251   904.5298795558305
0.04760126112654554   883.3448580582102   883.438159682154
0.04899671333706607   863.3679801850622   863.4635550051643
0.05043307385181555   844.4515000796342   844.5444060882868
0.05191154191598653   826.5003872593338   826.5851367670759
0.053433351931179485   809.4211709906564   809.4917903019418
0.05499977448602865   793.0783528112197   793.1286086718935
0.05661211741704101   777.3188321464141   777.3423654846596
0.05827172690053434   761.9913814887851   761.9818363583834
0.05997998857658587   746.9135081254633   746.8650419323433
0.06173832870592997   731.9032892022552   731.810739836556
0.0635482153607709   716.757873037551   716.6174320074056
0.06541115965050462   701.2437079780047   701.0538003643684
0.06732871698337338   685.1363507082244   684.8979578337446
0.06930248836510605   668.1960928997377   667.9140168144911
0.07133412173562886   650.2084801740156   649.8914989930113
0.07342531334496233   631.0254373348738   630.6867481970644
0.07557780916945323   610.558501614994   610.2155285549927
0.07779340636952398   588.8571965776459   588.5310384943795
0.08007395479015682   566.0694220358587   565.7838698973421
0.08242135850536496   542.4698592355608   542.2484230379578
0.08483757740794096   518.4027667706133   518.2667719343365
0.08732462884580919   494.27521450644525   494.2427432275052
0.08988458930634863   470.49897904853214   470.583737612948
0.09251959615009227   447.4868775380933   447.6954723350446
0.09523184939525078   425.62807148374134   425.9587306226743
0.09802361355455057   405.28778992286544   405.7293974917052
0.10089721952591899   386.75567736165476   387.28715535267446
0.10385506653859616   370.25142798512195   370.84020302437233
0.10689962415629803   355.833803887873   356.44012399755945
0.11003343433910281   343.4027612220017   343.9836222744108
0.11325911356578279   332.65071648010235   333.1634834064075
0.11657935501835284   323.1336198155475   323.54041179492276
0.11999693083066039   314.2874308528447   314.5665578368945
0.12351469440289359   305.53660729932284   305.6850775024533
0.12713558278394044   296.33809601479425   296.3717628693361
0.13086261912358757   286.26608768531605   286.22515906714926
0.13469891519660646   275.0642352878035   275.009823223901
0.13864767400083483   262.701253053583   262.70412748610386
0.14271219243142114   249.39409489229925   249.52481482560367
0.14689586403346616   235.551862628678   235.87110346319932
0.1512021818353596   221.71286959770887   222.26070948181913
0.15563474126517718   208.47550326132256   209.26049229871424
0.16019724315257297   196.42216248608514   197.4182054216447
0.1648934968186736   185.98558140733556   187.1287100576045
0.1697274232565544   177.30355037612418   178.5087022195214
0.17470305840495237   170.15793454228984   171.3419371645572
0.17982455651794954   164.06401055289768   165.16209364954557
0.18509619363343993   158.44209926519764   159.42580111871058
0.19052237114327647   152.72432347598092   153.6083042381028
0.19610761946807834   146.42218698104344   147.26991013748946
0.20185660183976684   139.28852563439506   140.20393873953543
0.20777411819498756   131.47899932704954   132.5559843179259
0.21386510918267082   123.47449122723178   124.77313193324873
0.22013466028907505   115.82716976564345   117.35711645374576
0.22658800608375756   108.98711392063323   110.69865812581756
0.23323053459001789   103.20331836818697   105.01037182158346
0.2400677917834628   98.41157725761167   100.22125131941064
0.24710548622244882   94.25226305569913   95.99635993883936
0.25434949381426813   90.24288829614646   91.91551573254247
0.2618058627210567   85.98280806961792   87.64622522460488
0.2694808184095226   81.32700159002019   83.06096682629853
0.27738076884870827   76.47748395583827   78.35121875178356
0.2855123098601282   71.79686690433212   73.81782370059315
0.29388223062474755   67.58942350331982   69.71847579311232
0.3024975193514008   63.98233104296762   66.13733240055952
0.31136536911138296   60.83457171925878   62.95575644489908
0.3204931838440838   57.84901128729709   59.92764628329242
0.32988858453867975   54.79728819958276   56.87185303923217
0.3395594155970457   51.63840972707559   53.76234486931675
0.34951375138319807   48.52970684564023   50.728498361429246
0.3597599029647371   45.67318958579456   47.9234378792379
0.37030642505191835   43.133793477077795   45.38544187768055
0.3811621231401457   40.82455944474379   43.047686863728316
0.3923360608618501   38.59528853025489   40.797441810858494
0.4038375675538918   36.36951657116173   38.58020917440913
0.41567624604680364   34.199976013062816   36.435406042856805
0.42786198068238046   32.18047404887708   34.42871157983424
0.4404049455663077   30.336602521943103   32.573304751495165
0.4533156130627191   28.61347934089223   30.827694321867725
0.4666047625377753   26.949066677588842   29.150698297972625
0.4802834893595659   25.34038771284579   27.54133628427218
0.49436321416184764   23.8268347009915   26.022709031934458
0.5088556923793517   22.42172086702334   24.60136734865581
0.5237730240626238   21.099860620683575   23.259011026888267
0.5391276639805903   19.83698917066296   21.980259419170398
0.5549324320192869   18.637783889322698   20.767652896224345
0.5712005238854289   17.513721675016953   19.625412413635676
0.5879455221237613   16.458316391905022   18.548328062204977
0.6051814074573895   15.458883410827193   17.528073575996107
0.622922570460556   14.513623532939146   16.562428989989566
0.6411838235736077   13.625275977390013   15.651664073768508
0.6599804134701901   12.789259298281932   14.791842621959226
0.6793280337869897   12.001368280842385   13.979512170223941
0.6992428382266549   11.259196380005703   13.212388073976449
0.7197414540448374   10.560354540217844   12.48808991013632
0.7408409959326054   9.902552898924085   11.804339215303079
0.7625590803058332   9.283601799881271   11.158964399174549
0.7849138400134885   8.701409175665171   10.549897194565526
0.8079239394770964   8.153977837766542   9.975169079134822
0.8316085902740278   7.639402402548645   9.43290762322565
0.8559875671776167   7.155851843103772   8.921329648112245
0.8810812246675007   6.701564352892662   8.438736991576345
0.9069105139239728   6.27486861661451   7.983518268744604
0.9334970003205227   5.8741815907259785   7.554145604576744
0.960862881429187   5.498004346344883   7.149170991197109
0.9890310055537336   5.144918073063533   6.767222736113409
1.0180248908061487   4.813580239862679   6.407002006282702
1.047868744742366   4.50272125141552   6.067279426645441
1.0785874845736239   4.211143485812164   5.746891478480417
1.1102067579703248   3.9377156700029508   5.444737628791248
1.1427529644757777   3.6813678385529425   5.159777526545649
1.1762532775476793   3.441088382620821   4.891028053077457
1.210735667245765   3.215921229147467   4.637560479770568
1.246228923584555   3.0049631290640484   4.398497735061258
1.2827626805706884   2.8073610519962533   4.173011777607165
1.3203674409449337   2.6223092891321196   3.9603188726978535
1.3590746016495152   2.449046483781527   3.7596737693762625
1.3989164800420282   2.286854494443815   3.5703735812329023
1.4399263408778291   2.1350563617123353   3.391756593716225
1.4821384240834183   1.9930141413416382   3.2231999244367597
1.525587973344019   1.8601268368666724   3.064117307091393
1.5703112655292182   1.7358284282682135   2.913956993479539
1.6163456409812174   1.619585987313044   2.772199584538888
1.6637295346910133   1.510897763016072   2.6383521702889037
1.7125025083885144   1.4092915191154332   2.5119474580324925
1.7627052835733923   1.3143230620762607   2.392546678354034
1.814379775514258   1.2255746950285582   2.2797380004027823
1.8675691282445197   1.1426537421561949   2.173134844854556
1.922317750584177   1.0651911473700224   2.072374303270294
1.9786713532176083   0.9928401441104753   1.977115657201763
2.0366769868582977   0.9252749399427513   1.8870368952325927
2.0963830815323896   0.8621892950717452   1.8018241071993553
2.1578394870138577   0.803295657886551   1.721179999787857
2.2210975144450407   0.7483242005122306   1.6448272553972572
2.286209979177315   0.6970217823559898   1.5725070852398517
2.3532312448676476   0.6491509699567137   1.5039778887460573
2.4222172688678643   0.6044891105417128   1.43901401680092
2.4932256489445366   0.5628274585092284   1.3774046105274365
2.5663156713684585   0.5239705496528457   1.318950370420628
2.641548360413907   0.48773552450297086   1.2634611042199013
2.7189865293089923   0.453950974442543   1.2107590639989891
2.798694832679631   0.42245622242765296   1.1606785011366079
2.8807398205309562   0.39310069055498137   1.1130647768740773
2.9651899938111903   0.365743301707799   1.067773544383228
3.05211586160442   0.34025191369803154   1.0246699961802235
3.1415899999999994   0.3165027087821926   0.9836277734484093
