0.01   4487.845928239439   4487.613379908095
0.010293154462191829   4523.954170336648   4523.719176805823
0.010594902878253955   4557.6791433005965   4557.4417354336765
0.010905497183778876   4588.879216171579   4588.639348309329
0.011225196699963396   4617.409055537385   4617.166696919315
0.011554268350120923   4643.119677301481   4642.874914020271
0.011892986882540897   4665.864697270062   4665.6177400524275
0.012241635099881474   4685.498808351374   4685.249929330378
0.012600504095286909   4701.871141851633   4701.620422386767
0.012969893495426888   4714.833539352136   4714.5808061741745
0.013350111710660605   4724.243334483526   4723.988170199428
0.013741476192534558   4729.955469504129   4729.697437530158
0.014144313698828986   4731.824668148717   4731.563510510266
0.01455896056637426   4729.7143286937135   4729.449975052884
0.014985762991865008   4723.494625922371   4723.22708140982
0.01542507732090645   4713.037087137866   4712.766092869865
0.015877270345534218   4698.22383428094   4697.948808335837
0.016342719610456153   4678.950096977973   4678.670141761568
0.016821813728271667   4655.119004626174   4654.832908811344
0.017314952703931925   4626.645015883566   4626.351262964675
0.017822548268711737   4593.4598960488765   4593.156683351522
0.01834502422397195   4555.51310538209   4555.198429412275
0.018882816794999403   4512.771745453193   4512.443572763207
0.019436374995219892   4465.223257889627   4464.879566569933
0.02000616100108813   4412.877497546965   4412.516291503705
0.020592650537967844   4355.775320163491   4355.394590886518
0.021196333277324068   4293.984647469346   4293.58236641136
0.02181771324555934   4227.595789206329   4227.16993843435
0.022457309244835088   4156.734917699051   4156.283834413938
0.02311565528622961   4081.5744136086755   4081.0973771990707
0.023793301035594242   4002.3082047998555   4001.8054562130606
0.024490812272480036   3919.155219948191   3918.6279315834176
0.025208771362518027   3832.4018356089246   3831.8522365328804
0.0259477777436476   3742.366716508903   3741.7980792239005
0.02670844842659881   3649.3757455553277   3648.792281870699
0.027491418510046592   3553.8087386765264   3553.2159851949878
0.028297341710866907   3456.1147415046566   3455.5201140804456
0.029126890909937666   3356.734826404817   3356.1474042252858
0.029980758713939952   3256.114959125723   3255.54519025116
0.030859658033628758   3154.79720552059   3154.2565725907752
0.031764322679055976   3053.3250094472246   3052.82574909424
0.03269550797224261   2952.199862918851   2951.754715437173
0.033653991377811755   2851.9661265807345   2851.58786250589
0.03464057315210884   2753.2130159128114   2752.9139923360804
0.03565607701135116   2656.4645564874663   2656.256630616463
0.036701350819364466   2562.2057321085704   2562.0997905985146
0.03777726729548091   2470.97799196095   2470.9821906962925
0.038884724743189276   2383.273239465254   2383.392892525882
0.04002464780014597   2299.5031144431673   2299.7410284596085
0.041197988210172884   2220.0024613688674   2220.3572796501717
0.04240572561788674   2145.039389355774   2145.50432309693
0.04364886838662332   2074.829819903488   2075.393418493755
0.04492845444033957   2009.5463262657213   2010.1918102755574
0.04624555213019635   1949.3261659834445   1950.0275963338424
0.04760126112654554   1894.281421169176   1895.003848730039
0.04899671333706607   1844.443653814293   1845.1444191211642
0.05043307385181555   1799.308344803266   1799.9410236334797
0.05191154191598653   1758.1593929166004   1758.6755379318686
0.053433351931179485   1720.3491800126699   1720.6982877224257
0.05499977448602865   1685.3086827868967   1685.4383906084263
0.05661211741704101   1652.5266648572367   1652.3829125253549
0.05827172690053434   1621.456041359774   1620.9847739801062
0.05997998857658587   1591.2706407304934   1590.4246855399924
0.06173832870592997   1561.1144154258523   1559.8556803822253
0.0635482153607709   1530.0186265794334   1528.3262268878873
0.06541115965050462   1496.8766504568353   1494.7566484132585
0.06732871698337338   1460.676961598761   1458.164680064246
0.06930248836510605   1420.5331030099358   1417.7002445900412
0.07133412173562886   1375.7543214688317   1372.7077852309471
0.07342531334496233   1326.1412530205316   1323.0208362773515
0.07557780916945323   1271.8227321417735   1268.794492854356
0.07779340636952398   1213.4569536396575   1210.7013831851898
0.08007395479015682   1151.9994592588325   1149.700030512247
0.08242135850536496   1088.594602226378   1086.9232050948146
0.08483757740794096   1024.4656381869263   1023.5720552399325
0.08732462884580919   961.0597590755364   961.0587811781027
0.08988458930634863   899.821004699627   900.7824052169643
0.09251959615009227   842.2429390681843   844.1705581413876
0.09523184939525078   789.6896304771516   792.5093915559103
0.09802361355455057   743.380946266979   746.9329349963344
0.10089721952591899   704.0067120714572   708.0595179127668
0.10385506653859616   671.7788270560976   676.0349769295324
0.10689962415629803   646.2609424635797   650.3999793367594
0.11003343433910281   626.4752699956656   630.1865678052835
0.11325911356578279   610.9873967169584   613.9960983042583
0.11657935501835284   598.1062941259476   600.2026118796298
0.11999693083066039   585.9264143044963   587.0317525173689
0.12351469440289359   572.5853129006501   572.7658521810871
0.12713558278394044   556.4167055491628   555.8828057538246
0.13086261912358757   536.3181404379607   535.4440786613014
0.13469891519660646   511.86372918901924   511.13920114109027
0.13864767400083483   483.38727937257255   483.3270995964348
0.14271219243142114   451.94214688118524   453.0209277603493
0.14689586403346616   419.2635810087463   421.8266824328578
0.1512021818353596   387.5589194992295   391.7261683377378
0.15563474126517718   359.07179664065654   364.6788473268824
0.16019724315257297   335.3412348463766   341.99935443020513
0.1648934968186736   316.80672125734793   323.97285905606503
0.1697274232565544   303.0201568163247   310.12001744132266
0.17470305840495237   292.95767620426557   299.4928833761897
0.17982455651794954   285.08597158878507   290.72024369500366
0.18509619363343993   277.3605222921258   282.0493159448167
0.19052237114327647   267.7914225812794   271.83544426105743
0.19610761946807834   255.38560092413462   259.3489179127948
0.20185660183976684   240.34592003559055   244.88907924412484
0.20777411819498756   223.71820426259967   229.2916287351724
0.21386510918267082   207.09364324060792   213.8871310622875
0.22013466028907505   192.18743794879637   200.0402535954214
0.22658800608375756   180.10635507343898   188.51541348314902
0.23323053459001789   170.99224411405518   179.39319184990796
0.2400677917834628   164.12121195661908   172.01314058391264
0.24710548622244882   158.08248239617555   165.27703438141694
0.25434949381426813   151.4248545355674   158.1259588337711
0.2618058627210567   143.4724659297436   150.17129044642354
0.2694808184095226   134.4150437503955   141.53779062363316
0.27738076884870827   125.09126321775013   132.87601837316598
0.2855123098601282   116.63566229134452   124.95515913938897
0.29388223062474755   109.6999708735844   118.21297373696157
0.3024975193514008   104.14370452769892   112.41919932940577
0.31136536911138296   99.29112109243256   107.1762357093645
0.3204931838440838   94.31544651341436   101.9341160331091
0.32988858453867975   88.83774465345684   96.49439053036951
0.3395594155970457   83.13686574149538   91.03524385250991
0.34951375138319807   77.75622330682401   85.89630877987028
0.3597599029647371   73.09281143463866   81.29066206186118
0.37030642505191835   69.09915208924606   77.1302639524367
0.3811621231401457   65.38119718978425   73.21044819286256
0.3923360608618501   61.61081384306515   69.36361323327026
0.4038375675538918   57.795374300113906   65.59563082630686
0.41567624604680364   54.17047954615108   62.028101456758414
0.42786198068238046   50.916346098504256   58.736981508485805
0.4404049455663077   47.976971316588624   55.67637289507979
0.4533156130627191   45.16850186235301   52.76063506173561
0.4666047625377753   42.41159267880771   49.95866673607717
0.4802834893595659   39.77828033349789   47.29738594666489
0.49436321416184764   37.351179772477316   44.80431417419561
0.5088556923793517   35.10860506844944   42.46364014508012
0.5237730240626238   32.97544605591145   40.2405716846263
0.5391276639805903   30.933338567743828   38.12809387725906
0.5549324320192869   29.015485136064218   36.13482820283061
0.5712005238854289   27.23026084524471   34.257138743295954
0.5879455221237613   25.54890331570891   32.481849675338125
0.6051814074573895   23.955581303478642   30.80046932354314
0.622922570460556   22.457929858106485   29.21233883273023
0.6411838235736077   21.054940216965743   27.713310762689492
0.6599804134701901   19.73454337087955   26.295840902884013
0.6793280337869897   18.49280608431946   24.95640245311711
0.6992428382266549   17.325672824492813   23.6909540726986
0.7197414540448374   16.228981432914352   22.49537038344191
0.7408409959326054   15.198774773197927   21.365750161414578
0.7625590803058332   14.231292905854254   20.29840514354221
0.7849138400134885   13.322965330230302   19.28984925044687
0.8079239394770964   12.470403359581248   18.33678826637354
0.8316085902740278   11.670389208866437   17.436109334074978
0.8559875671776167   10.919846995601878   16.584867411560307
0.8810812246675007   10.21585637347753   15.780279802654888
0.9069105139239728   9.555659152614986   15.019720066485982
0.9334970003205227   8.936651103302049   14.300709641392869
0.960862881429187   8.356374038517295   13.62090985847852
0.9890310055537336   7.812508256296358   12.978114346722235
1.0180248908061487   7.3028655291673426   12.370239806825278
1.047868744742366   6.825384748625382   11.795293167082576
1.0785874845736239   6.378123859223026   11.251377927060812
1.1102067579703248   5.959251278048578   10.73671121269134
1.1427529644757777   5.567040076380873   10.24961733591052
1.1762532775476793   5.199862484343387   9.7885211890661
1.210735667245765   4.856184647981119   9.351942051851585
1.246228923584555   4.534561591342067   8.938487038396037
1.2827626805706884   4.233631340195999   8.546823485907264
1.3203674409449337   3.95211055965556   8.175674607846709
1.3590746016495152   3.6887917460665647   7.823843495499625
1.3989164800420282   3.442539103484936   7.490209289983416
1.4399263408778291   3.212284541387922   7.173722001795566
1.4821384240834183   2.997023876990478   6.873397704901386
1.525587973344019   2.7958132334713897   6.588313916177442
1.5703112655292182   2.607765664851485   6.317589222320082
1.6163456409812174   2.432047938259715   6.060369017652138
1.6637295346910133   2.2678773851008214   5.815852754212743
1.7125025083885144   2.114518991377256   5.583293352498207
1.7627052835733923   1.9712826515426063   5.361993275633676
1.814379775514258   1.837520568964493   5.151300916460521
1.8675691282445197   1.712624795995674   4.950607265635932
1.922317750584177   1.5960248628848983   4.75933495259115
1.9786713532176083   1.4871855088974923   4.576921524092826
2.0366769868582977   1.3856047369283082   4.402839032562793
2.0963830815323896   1.2908118681836176   4.236595915940615
2.1578394870138577   1.2023656776435931   4.077734247136952
2.2210975144450407   1.119852633771001   3.9258272130686738
2.286209979177315   1.042885237139068   3.780476802492716
2.3532312448676476   0.9711003847535968   3.641308365981482
2.4222172688678643   0.9041576593009677   3.507956392580066
2.4932256489445366   0.8417382457197541   3.380076229814854
2.5663156713684585   0.7835437181020636   3.2573477183931465
2.641548360413907   0.72929478132939   3.139473356905711
2.7189865293089923   0.6787300869597569   3.0261766199205904
2.798694832679631   0.6316051192663967   2.917200416777852
2.8807398205309562   0.5876911968580427   2.8123065277931465
2.9651899938111903   0.5467748184383391   2.7112803659662457
3.05211586160442   0.5086564214807593   2.6139252032806364
3.1415899999999994   0.4731492951186656   2.5200572530681074
