0.01   1428.4797877461992   1428.4368896728915
0.010293154462191829   1441.8372942169622   1441.7938994558824
0.010594902878253955   1454.5114097513108   1454.4675563684084
0.010905497183778876   1466.4558695532164   1466.4116182455957
0.011225196699963396   1477.6215776461186   1477.5769772008389
0.011554268350120923   1487.95859127447   1487.913664635681
0.011892986882540897   1497.4174155582832   1497.3721596925977
0.012241635099881474   1505.947588263082   1505.9019978175158
0.012600504095286909   1513.4974926503432   1513.451589935534
0.012969893495426888   1520.0165502616212   1519.970387657139
0.013350111710660605   1525.4546308665485   1525.4082811103472
0.013741476192534558   1529.7591206684058   1529.7126343940295
0.014144313698828986   1532.8783058689735   1532.8316999960205
0.01455896056637426   1534.7626798789643   1534.7159383489538
0.014985762991865008   1535.3628004655193   1535.3158939321077
0.01542507732090645   1534.6299641166534   1534.582867619967
0.015877270345534218   1532.518865820967   1532.471559635977
0.016342719610456153   1528.9869738457837   1528.939432340557
0.016821813728271667   1523.9928473315956   1523.945006525474
0.017314952703931925   1517.4992379756748   1517.4509906640278
0.017822548268711737   1509.4739593988754   1509.4251585653556
0.01834502422397195   1499.8888119917149   1499.8392941259099
0.018882816794999403   1488.7206313626896   1488.6702317545544
0.019436374995219892   1475.9527339993806   1475.9012884327858
0.02000616100108813   1461.5758083100536   1461.5231398887165
0.020592650537967844   1445.5887363359745   1445.5346280857125
0.021196333277324068   1427.9979232667358   1427.9421186143134
0.02181771324555934   1408.8181520487697   1408.7603666436605
0.022457309244835088   1388.0775518906212   1388.017530495814
0.02311565528622961   1365.814228387003   1365.751769885355
0.023793301035594242   1342.0737451846414   1342.0087033495583
0.024490812272480036   1316.9167178501846   1316.8490345443963
0.025208771362518027   1290.421305830097   1290.3510549642926
0.0259477777436476   1262.6716149903818   1262.5989971610975
0.02670844842659881   1233.760918150189   1233.686264891653
0.027491418510046592   1203.808900713061   1203.7327345452854
0.028297341710866907   1172.9429558186557   1172.865990875307
0.029126890909937666   1141.2907259857589   1141.2138430801717
0.029980758713939952   1109.0037482553942   1108.9279823775692
0.030859658033628758   1076.2540152047359   1076.180541150391
0.031764322679055976   1043.2053496394733   1043.135452857301
0.03269550797224261   1010.0232263416043   1009.958271361355
0.033653991377811755   976.9006727730617   976.8420673905129
0.03464057315210884   944.0212018555585   943.9703727638465
0.03565607701135116   911.5528072021172   911.5111821086874
0.036701350819364466   879.6927169965289   879.6617258437105
0.03777726729548091   848.6478643707181   848.628939631784
0.038884724743189276   818.5969475578243   818.5915153375018
0.04002464780014597   789.6849771715162   789.6940879522674
0.041197988210172884   762.0177915484545   762.041317847531
0.04240572561788674   735.6798337932278   735.716515497335
0.04364886838662332   710.7485213798382   710.7962020625836
0.04492845444033957   687.3706427042035   687.4270331030204
0.04624555213019635   665.7133822614056   665.7764236940438
0.04760126112654554   645.9151234279716   645.9829588594957
0.04899671333706607   627.953170772069   628.023602092336
0.05043307385181555   611.6423473108085   611.7122589608923
0.05191154191598653   596.8075463126119   596.8729342562688
0.053433351931179485   583.2871146156267   583.3427860846812
0.05499977448602865   570.9299052237973   570.9691250827872
0.05661211741704101   559.5919919140614   559.6066243661322
0.05827172690053434   549.0673579821323   549.0488183870206
0.05997998857658587   539.1170441731113   539.0569039394682
0.06173832870592997   529.4886267354264   529.3791999685603
0.0635482153607709   519.8577975112826   519.6938468450577
0.06541115965050462   509.9005504427098   509.67967014743095
0.06732871698337338   499.25617876036335   498.97968244852143
0.06930248836510605   487.56356030049335   487.2369020422495
0.07133412173562886   474.5294547891118   474.16184741087204
0.07342531334496233   459.9373980183746   459.54127542396026
0.07557780916945323   443.6876826508471   443.27795451360396
0.07779340636952398   425.81763470390774   425.41075974201726
0.08007395479015682   406.4983527420596   406.11292226545123
0.08242135850536496   386.03701038228564   385.69430794570746
0.08483757740794096   364.8245091528994   364.5455730206762
0.08732462884580919   343.3050682491069   343.1082687203601
0.08988458930634863   321.9709470256468   321.8713010363347
0.09251959615009227   301.3244219732936   301.3315852683964
0.09523184939525078   281.9085084061979   282.0215168888434
0.09802361355455057   264.1832288067405   264.3912143689518
0.10089721952591899   248.56058785348588   248.84274587524382
0.10385506653859616   235.29903216506204   235.62644640259896
0.10689962415629803   224.46415850442094   224.80037954651434
0.11003343433910281   215.932613984808   216.23791382682955
0.11325911356578279   209.38987346668705   209.6255125379117
0.11657935501835284   204.36416357214634   204.4952871397759
0.11999693083066039   200.28467328734277   200.2836153951669
0.12351469440289359   196.49258939959734   196.345048535867
0.12713558278394044   192.32776078969772   192.0375985815558
0.13086261912358757   187.19126206183807   186.7831042516084
0.13469891519660646   180.65852955438373   180.17523609592527
0.13864767400083483   172.55180289001308   172.0520064918623
0.14271219243142114   162.96693081256527   162.51810128999927
0.14689586403346616   152.2742800340128   151.94090927461497
0.1512021818353596   141.1022535015456   140.93214314610898
0.15563474126517718   130.25048722119348   130.26049377962974
0.16019724315257297   120.49953924718662   120.66829359575004
0.1648934968186736   112.39659727141725   112.67398455920726
0.1697274232565544   106.1330591437812   106.45373105650603
0.17470305840495237   101.58178892004456   101.8664931148063
0.17982455651794954   98.3877508957324   98.56505760557991
0.18509619363343993   95.98036850676012   96.00363212487402
0.19052237114327647   93.6070845879741   93.47223974057012
0.19610761946807834   90.55246258579888   90.30181713064665
0.20185660183976684   86.43162954062825   86.14684338653687
0.20777411819498756   81.28947743149645   81.0609155182924
0.21386510918267082   75.50374808641362   75.40729880787387
0.22013466028907505   69.69319258234283   69.76294111606686
0.22658800608375756   64.5145322261993   64.72603515335716
0.23323053459001789   60.395372277465654   60.68236104231696
0.2400677917834628   57.39979380787793   57.67430542606519
0.24710548622244882   55.245422125932464   55.427897905777925
0.25434949381426813   53.38638996193521   53.4527888341522
0.2618058627210567   51.261194191829226   51.24823093254578
0.2694808184095226   48.58754613751482   48.56896367274049
0.27738076884870827   45.43005036987289   45.48448233237288
0.2855123098601282   42.14377477315847   42.315628738324264
0.29388223062474755   39.19392919687105   39.46462730003748
0.3024975193514008   36.84755453690418   37.151940841047235
0.31136536911138296   35.05360432625478   35.32456415957602
0.3204931838440838   33.522728073676234   33.72710031313592
0.32988858453867975   31.903657539403405   32.06857121484397
0.3395594155970457   30.036868203584916   30.2205424300003
0.34951375138319807   28.04057664211313   28.285218042354213
0.3597599029647371   26.162725551294823   26.469593430090285
0.37030642505191835   24.585074614195616   24.912832664772115
0.3811621231401457   23.282932040510797   23.589308977432676
0.3923360608618501   22.07486728704956   22.35277694373398
0.4038375675538918   20.80873017466626   21.08579953854972
0.41567624604680364   19.4892493712076   19.79530168984496
0.42786198068238046   18.236264640342586   18.574067864632465
0.4404049455663077   17.13971650176498   17.486528043264116
0.4533156130627191   16.171185239166768   16.505563424291587
0.4666047625377753   15.2363938980259   15.563550624550086
0.4802834893595659   14.296723649982201   14.634622162488569
0.49436321416184764   13.39376181807738   13.747141161815303
0.5088556923793517   12.57474546036236   12.932969328659805
0.5237730240626238   11.827448491311113   12.181394021854137
0.5391276639805903   11.110507944360522   11.463685876767284
0.5549324320192869   10.415798486155325   10.775592112579853
0.5712005238854289   9.765441867312369   10.130037258025144
0.5879455221237613   9.166043470664953   9.52974237237464
0.6051814074573895   8.600682978858613   8.96353322026473
0.622922570460556   8.061121131480018   8.42573945917222
0.6411838235736077   7.554764658509375   7.920716848578237
0.6599804134701901   7.082510905195839   7.447478238908545
0.6793280337869897   6.638528011606711   7.0020544801242135
0.6992428382266549   6.220389159071153   6.582625257184944
0.7197414540448374   5.8268586510321825   6.187822331264256
0.7408409959326054   5.456744061894057   5.816337483213514
0.7625590803058332   5.10888198962515   5.466916241230514
0.7849138400134885   4.782140738215486   5.138357343940803
0.8079239394770964   4.475422510427085   4.829512005170192
0.8316085902740278   4.187665151115028   4.539283006614608
0.8559875671776167   3.9178298550005914   4.266617298296562
0.8810812246675007   3.664848470015852   4.010479558705951
0.9069105139239728   3.4276898257728425   3.7698810023358473
0.9334970003205227   3.2053854453874253   3.543889911325646
0.960862881429187   2.9970257146273256   3.3316285679409954
0.9890310055537336   2.8017562681820114   3.1322703212053296
1.0180248908061487   2.61877460354957   2.945036794724289
1.047868744742366   2.4473269119366297   2.7691952334985563
1.0785874845736239   2.2867091430306763   2.6040588291938023
1.1102067579703248   2.1362700049568715   2.448988528106662
1.1427529644757777   1.9953965706987002   2.3033825780077377
1.1762532775476793   1.8635101258834552   2.1666731225738305
1.210735667245765   1.740064477649103   2.038324523486963
1.246228923584555   1.624544329689501   1.9178317424738716
1.2827626805706884   1.5164637223029551   1.804718783504468
1.3203674409449337   1.4153645175609437   1.6985371948133097
1.3590746016495152   1.3208139156375474   1.5988646168478438
1.3989164800420282   1.2324028719387548   1.5053033998786003
1.4399263408778291   1.1497465988949802   1.4174793072003153
1.4821384240834183   1.0724833620477885   1.335040252746496
1.525587973344019   1.000273178357706   1.2576550928107195
1.5703112655292182   0.9327965822055307   1.1850124727971159
1.6163456409812174   0.869753455983484   1.1168197276009997
1.6637295346910133   0.8108619270410599   1.0528018436002868
1.7125025083885144   0.755857394711955   0.9927006155867204
1.7627052835733923   0.7044915004287781   0.9362736337516903
1.814379775514258   0.6565311079655637   0.8832932248001757
1.8675691282445197   0.611757417989726   0.8335456016012115
1.922317750584177   0.5699651328800182   0.786830061151983
1.9786713532176083   0.5309616666841462   0.7429582236716668
2.0366769868582977   0.49456639803688274   0.7017533112627055
2.0963830815323896   0.46060994623334256   0.6630493950082603
2.1578394870138577   0.42893339077005616   0.6266902919986128
2.2210975144450407   0.39938775110319497   0.5925293586568575
2.286209979177315   0.3718334630950245   0.5604291964243396
2.3532312448676476   0.34613980851818765   0.5302610815737122
2.4222172688678643   0.32218437685152684   0.501904426644144
2.4932256489445366   0.2998525581449275   0.47524627377979645
2.5663156713684585   0.27903706528224453   0.450180818262863
2.641548360413907   0.25963752785492994   0.4266084122013105
2.7189865293089923   0.24156018254935954   0.4044336369874721
2.798694832679631   0.2247173002539157   0.3835669712127676
2.8807398205309562   0.20902676792982006   0.36392498492379133
2.9651899938111903   0.19441174608199732   0.3454299044034828
3.05211586160442   0.1808003457505974   0.32800920935457484
3.1415899999999994   0.1681253240188172   0.3115952599873116
