0.01   26745.325893232617   26728.174110684173
0.010293154462191829   27024.88759036466   27006.113411447048
0.010594902878253955   27292.984802251063   27272.449780439936
0.010905497183778876   27548.72149028515   27526.273096702185
0.011225196699963396   27791.197667289278   27766.66916751189
0.011554268350120923   28019.497849029016   27992.708873445765
0.011892986882540897   28232.650588423196   28203.408912446237
0.012241635099881474   28429.67666523636   28397.77903347241
0.012600504095286909   28609.604308321883   28574.83679655455
0.012969893495426888   28771.432834949155   28733.567241684003
0.013350111710660605   28914.143757699178   28872.93477436618
0.013741476192534558   29036.740808752504   28991.92683744847
0.014144313698828986   29138.234074808846   29089.537036315498
0.01455896056637426   29217.602592407806   29164.725444551415
0.014985762991865008   29273.85411931089   29216.48175359353
0.01542507732090645   29306.039875314524   29243.840592205954
0.015877270345534218   29313.217081195562   29245.84002913781
0.016342719610456153   29294.472024359045   29221.54651387972
0.016821813728271667   29248.95980202947   29170.0980894954
0.017314952703931925   29175.89745704761   29090.695358527253
0.017822548268711737   29074.552142553977   28982.58671832405
0.01834502422397195   28944.27963858854   28845.11250585374
0.018882816794999403   28784.537642076884   28677.719604757778
0.019436374995219892   28594.89781297487   28479.974331759822
0.02000616100108813   28375.050215094714   28251.5669922007
0.020592650537967844   28124.807251250735   27992.315904801904
0.021196333277324068   27844.14967898224   27702.218279511544
0.02181771324555934   27533.26308391833   27381.490383070573
0.022457309244835088   27192.47172810564   27030.493392203367
0.02311565528622961   26822.259782150704   26649.756561072812
0.023793301035594242   26423.436874581894   26240.160236017095
0.024490812272480036   25997.014638882465   25802.798375401493
0.025208771362518027   25544.119015082826   25338.881002395432
0.0259477777436476   25066.18920335529   24849.952260249513
0.02670844842659881   24565.04948714306   24337.968292039397
0.027491418510046592   24042.596223241646   23804.953067613616
0.028297341710866907   23500.8665640085   23253.068053298644
0.029126890909937666   22942.48804721062   22685.080064891346
0.029980758713939952   22370.22681984069   22103.888209899236
0.030859658033628758   21786.77185499971   21512.298550230556
0.031764322679055976   21195.141519546094   20913.44828170709
0.03269550797224261   20598.69521163991   20310.816759321602
0.033653991377811755   20000.58552934691   19707.65410072183
0.03464057315210884   19403.97466406018   19107.18328914336
0.03565607701135116   18812.829558500474   18513.352070889632
0.036701350819364466   18230.9905767546   17929.952322587567
0.03777726729548091   17661.847027375778   17360.315160917784
0.038884724743189276   17108.105229100416   16807.076192322682
0.04002464780014597   16571.862270872694   16272.253289680817
0.041197988210172884   16054.904362377247   15757.552926046294
0.04240572561788674   15559.369194920022   15264.924162489586
0.04364886838662332   15089.157713741155   14797.726469142028
0.04492845444033957   14648.074975798552   14359.202239956932
0.04624555213019635   14239.039539755398   13951.780323609155
0.04760126112654554   13861.357264050226   13574.463165117217
0.04899671333706607   13512.756706772949   13224.77353313539
0.05043307385181555   13191.111881567538   12900.39561696053
0.05191154191598653   12894.040122836912   12598.762064959896
0.053433351931179485   12619.138014731408   12317.293179342056
0.05499977448602865   12363.866137690786   12053.327394560116
0.05661211741704101   12124.432738226811   11803.14477462008
0.05827172690053434   11896.919375356734   11562.959202701548
0.05997998857658587   11676.797837082417   11328.63560569729
0.06173832870592997   11458.737998465762   11095.556172246539
0.0635482153607709   11237.321194263282   10859.189935818622
0.06541115965050462   11006.051707100016   10614.534598829865
0.06732871698337338   10758.646705265843   10356.902755047406
0.06930248836510605   10489.317446977237   10082.258009222887
0.07133412173562886   10193.1207454032   9787.368121638548
0.07342531334496233   9867.23003269287   9471.136384631915
0.07557780916945323   9510.668505161144   9134.069177434609
0.07779340636952398   9125.58325043048   8778.995563821785
0.08007395479015682   8716.242366952147   8410.146403156863
0.08242135850536496   8289.356511292397   8033.2130718520375
0.08483757740794096   7852.735410476894   7654.491972642562
0.08732462884580919   7415.360570480376   7281.140358115533
0.08988458930634863   6986.782146234148   6920.01431931187
0.09251959615009227   6576.799311430329   6577.408992726891
0.09523184939525078   6194.5582052085065   6258.721145679423
0.09802361355455057   5848.74966121731   5968.586882053538
0.10089721952591899   5545.480561168376   5709.756799333877
0.10385506653859616   5288.4868809870395   5483.198507531807
0.10689962415629803   5077.058661546696   5286.734501953224
0.11003343433910281   4907.400731498456   5116.298894615041
0.11325911356578279   4771.4763054600935   4966.18140028893
0.11657935501835284   4659.075792062976   4829.601753726053
0.11999693083066039   4557.963893004695   4698.882094246359
0.12351469440289359   4455.209350978438   4567.302199754628
0.12713558278394044   4338.655273035411   4429.291326588509
0.13086261912358757   4198.443719481518   4280.918702003006
0.13469891519660646   4029.1235361070394   4121.360276804411
0.13864767400083483   3830.5200355273146   3952.014593858418
0.14271219243142114   3607.8809093906493   3776.5079046337446
0.14689586403346616   3371.3315827017022   3600.6239509181855
0.1512021818353596   3134.852094695312   3430.331332220762
0.15563474126517718   2913.9510225295844   3271.71660296376
0.16019724315257297   2721.888733354964   3128.4714717479546
0.1648934968186736   2566.0776027657375   3001.4211426101697
0.1697274232565544   2446.6868827559383   2889.5942126025193
0.17470305840495237   2357.892621541989   2789.7752341425876
0.17982455651794954   2289.6552810169346   2697.141171967123
0.18509619363343993   2228.5073866537996   2607.6306054989413
0.19052237114327647   2159.5583946048937   2517.0883430259714
0.19610761946807834   2071.6183942865473   2423.960862072584
0.20185660183976684   1961.9334480490836   2329.4260204646785
0.20777411819498756   1836.1828385310218   2234.3969652161804
0.21386510918267082   1705.4576339384244   2142.591712617919
0.22013466028907505   1583.0577724322925   2055.6918809197387
0.22658800608375756   1480.1726741536315   1976.0538435232252
0.23323053459001789   1401.064129593278   1902.4392793894651
0.2400677917834628   1342.4216658866283   1834.966888213175
0.24710548622244882   1294.790910341597   1770.5667165998814
0.25434949381426813   1245.9658071727442   1707.1981321052392
0.2618058627210567   1187.051521103332   1645.9276772754497
0.2694808184095226   1116.8894038286921   1585.4710586769643
0.27738076884870827   1041.1665694722021   1526.779379473467
0.2855123098601282   969.2493205372997   1470.7812684707794
0.29388223062474755   909.0867008275704   1418.4376458264205
0.3024975193514008   862.1436983828693   1368.8773302735265
0.31136536911138296   823.5980572689069   1321.975487512994
0.3204931838440838   785.8558910478044   1277.298920926196
0.32988858453867975   743.3763402682797   1233.3228219309335
0.3395594155970457   696.6261686068218   1191.0999561443864
0.34951375138319807   650.6659802759187   1150.5327769273936
0.3597599029647371   610.4633903929647   1112.3663447277215
0.37030642505191835   577.2422186807937   1075.7754766312314
0.3811621231401457   547.8214581354403   1041.0943492370545
0.3923360608618501   518.0104927391412   1007.8416936114826
0.4038375675538918   486.549384228651   975.4512655680068
0.41567624604680364   455.5888661057184   944.2779948803046
0.42786198068238046   427.85158812664207   914.7488078785022
0.4404049455663077   403.6326526531548   886.7550146213478
0.4533156130627191   380.9896125587456   859.8614941952931
0.4666047625377753   358.25966809131455   833.8266935350342
0.4802834893595659   335.9303500365837   808.6968428512617
0.49436321416184764   315.34145739075456   784.695257965542
0.5088556923793517   296.74289226176916   761.8376720138834
0.5237730240626238   279.16892424636876   739.8361777288428
0.5391276639805903   262.03901401289454   718.5054312134623
0.5549324320192869   245.77627655623874   698.0063772830081
0.5712005238854289   230.78475596143198   678.360848877592
0.5879455221237613   216.77458975945729   659.4528152294034
0.6051814074573895   203.37532608883066   641.1391750560126
0.622922570460556   190.7045136762894   623.4424064758995
0.6411838235736077   178.88399912461364   606.3950311357553
0.6599804134701901   167.7670207371879   589.9108678006734
0.6793280337869897   157.29746039265058   573.9439799726753
0.6992428382266549   147.44284500227806   558.4641196345889
0.7197414540448374   138.17180067460208   543.4430354996756
0.7408409959326054   129.45406946603038   528.8543469816981
0.7625590803058332   121.26051905435352   514.6734282734501
0.7849138400134885   113.56314280398276   500.87729286649767
0.8079239394770964   106.33457800914094   487.44313905900935
0.8316085902740278   99.54775895760402   474.34699307214385
0.8559875671776167   93.17696271347927   461.5663547972773
0.8810812246675007   87.19787836861735   449.08047046492015
0.9069105139239728   81.58753515790113   436.87023600107096
0.9334970003205227   76.3242338754155   424.91810833190067
0.960862881429187   71.38748146224803   413.2080237343331
0.9890310055537336   66.75793124047628   401.72534784173115
1.0180248908061487   62.4173832072041   390.4574182260222
1.047868744742366   58.34871090695879   379.3934301520629
1.0785874845736239   54.535733747991124   368.52366967820603
1.1102067579703248   50.96316696640457   357.839427150318
1.1427529644757777   47.61657719278853   347.33294836469594
1.1762532775476793   44.48233983275772   336.9973877692191
1.210735667245765   41.54759821706425   326.82676335690303
1.246228923584555   38.800222593061264   316.81613155797
1.2827626805706884   36.228758527276206   306.9632907746433
1.3203674409449337   33.8224034661745   297.26755452823215
1.3590746016495152   31.570982352547674   287.72853825840633
1.3989164800420282   29.464913976825954   278.3461228871723
1.4399263408778291   27.49517883696764   269.1204304645362
1.4821384240834183   25.65328855096196   260.051799965978
1.525587973344019   23.931256760640416   251.14076325592075
1.5703112655292182   22.321571116397923   242.38869659205008
1.6163456409812174   20.817166037328708   233.7998020040357
1.6637295346910133   19.411399143211305   225.37862484224067
1.7125025083885144   18.09802790345894   217.12923793542174
1.7627052835733923   16.8711870473627   209.05524934606518
1.814379775514258   15.725367139277349   201.1598112480781
1.8675691282445197   14.655394266908408   193.44562984442751
1.922317750584177   13.656410777433493   185.91498108417295
1.9786713532176083   12.723854980959828   178.57040319982565
2.0366769868582977   11.853442562864581   171.41526233297185
2.0963830815323896   11.041154751282757   164.45236293275946
2.1578394870138577   10.283223164244017   157.68379958075369
2.2210975144450407   9.576114930519052   151.11099606761164
2.286209979177315   8.916518641062858   144.73474494155522
2.3532312448676476   8.301331088588977   138.55524725496397
2.4222172688678643   7.7276449271419825   132.57216599258257
2.4932256489445366   7.1927406598019505   126.78497769594028
2.5663156713684585   6.694074297327785   121.19295374456475
2.641548360413907   6.2292622369713815   115.79483158243217
2.7189865293089923   5.796071505153263   110.5888449263022
2.798694832679631   5.392410750660317   105.57277039109016
2.8807398205309562   5.016321734975881   100.74397264211912
2.9651899938111903   4.665971295590966   96.09944790843927
3.05211586160442   4.339642243298137   91.63573250973292
3.1415899999999994   4.035715215788271   87.34793634994082
