0.01   1886.11708942327   1886.077170686739
0.010293154462191829   1912.6356219207437   1912.5956674783968
0.010594902878253955   1938.7077705250138   1938.6676897495688
0.010905497183778876   1964.2792966536729   1964.239121762733
0.011225196699963396   1989.294810374978   1989.2547007375588
0.011554268350120923   2013.6959257061726   2013.656077512645
0.011892986882540897   2037.4206600869788   2037.3811803418123
0.012241635099881474   2060.4059530777117   2060.366846213908
0.012600504095286909   2082.5875305435547   2082.548717763584
0.012969893495426888   2103.8982226082962   2103.8596544823326
0.013350111710660605   2124.269722853603   2124.23141556099
0.013741476192534558   2143.633397602012   2143.595433585029
0.014144313698828986   2161.918122941929   2161.880604547017
0.01455896056637426   2179.050357672349   2179.013356688739
0.014985762991865008   2194.9568647022443   2194.9204186973707
0.01542507732090645   2209.5644566089286   2209.5285586966884
0.015877270345534218   2222.7984464999263   2222.763010839697
0.016342719610456153   2234.5849286199523   2234.5497811295863
0.016821813728271667   2244.8516142916774   2244.8164934557417
0.017314952703931925   2253.526182637093   2253.490773060928
0.017822548268711737   2260.537039718798   2260.5010009453867
0.01834502422397195   2265.8154896131387   2265.7784582612876
0.018882816794999403   2269.296076745495   2269.2576612922708
0.019436374995219892   2270.916737544309   2270.8765009165045
0.02000616100108813   2270.6196566682083   2270.577115029601
0.020592650537967844   2268.35198668308   2268.3066090438037
0.021196333277324068   2264.0681763513658   2264.01935138589
0.02181771324555934   2257.729685287266   2257.6767016862714
0.022457309244835088   2249.3040751420904   2249.2461270455933
0.02311565528622961   2238.7685547229607   2238.704836833901
0.023793301035594242   2226.1140912674955   2226.043998828704
0.024490812272480036   2211.3394101041376   2211.2625651738585
0.025208771362518027   2194.451767967363   2194.3680202412374
0.0259477777436476   2175.4789418662576   2175.3883895162458
0.02670844842659881   2154.4622645419154   2154.3652596881348
0.027491418510046592   2131.4495729512696   2131.346713014161
0.028297341710866907   2106.507857132699   2106.4000903760843
0.029126890909937666   2079.7317126820285   2079.62051980587
0.029980758713939952   2051.221599024137   2051.108978281345
0.030859658033628758   2021.0855918845464   2020.9740340418737
0.031764322679055976   1989.4641149064735   1989.3566561868736
0.03269550797224261   1956.5092020099337   1956.4094095861158
0.033653991377811755   1922.3715705191942   1922.2834798875265
0.03464057315210884   1887.2307483558252   1887.158609040687
0.03565607701135116   1851.3030496510069   1851.2510188750819
0.036701350819364466   1814.7976986727203   1814.7698039507682
0.03777726729548091   1777.9131417997958   1777.9134186376202
0.038884724743189276   1740.8377973352117   1740.8710145576674
0.04002464780014597   1703.7484749006508   1703.8202845571825
0.041197988210172884   1666.8117784113688   1666.9285351917383
0.04240572561788674   1630.2375742843662   1630.4040010928015
0.04364886838662332   1594.2781579285934   1594.4950695887478
0.04492845444033957   1559.1668145072472   1559.431353666804
0.04624555213019635   1525.1054591533075   1525.4119040692974
0.04760126112654554   1492.2381938707633   1492.579986110409
0.04899671333706607   1460.685862842464   1461.0561223294333
0.05043307385181555   1430.5452006777766   1430.9366523028289
0.05191154191598653   1401.7835484059308   1402.1873824159086
0.053433351931179485   1374.30193931353   1374.7072637436188
0.05499977448602865   1347.9997283631376   1348.3937438540324
0.05661211741704101   1322.7088513290237   1323.077289665121
0.05827172690053434   1298.229691373691   1298.5571025860118
0.05997998857658587   1274.3627046901809   1274.632823595639
0.06173832870592997   1250.8589873138098   1251.0560918296776
0.0635482153607709   1227.4672328891038   1227.5766185703853
0.06541115965050462   1203.9125470359256   1203.9228627879882
0.06732871698337338   1179.8828603037637   1179.7892256708394
0.06930248836510605   1155.073625538058   1154.8786333513967
0.07133412173562886   1129.1456854451822   1128.8635222922637
0.07342531334496233   1101.7836482961661   1101.440574657368
0.07557780916945323   1072.7291681549023   1072.364339437499
0.07779340636952398   1041.7878820816293   1041.4528515662573
0.08007395479015682   1008.9350124464977   1008.6941220811118
0.08242135850536496   974.2780514619999   974.20667822152
0.08483757740794096   938.1239551131649   938.2984763420711
0.08732462884580919   900.9058605320822   901.397567365189
0.08988458930634863   863.1923399637774   864.0678861328412
0.09251959615009227   825.5907134607952   826.9092806095813
0.09523184939525078   788.7349067048345   790.5381269948507
0.09802361355455057   753.2314493269596   755.5387084027851
0.10089721952591899   719.6528447871187   722.4579079366739
0.10385506653859616   688.4837151531925   691.7513356167208
0.10689962415629803   660.1311079468275   663.7909172289075
0.11003343433910281   634.8079393990175   638.7629030844668
0.11325911356578279   612.5304506701193   616.6651464185811
0.11657935501835284   593.0001696055323   597.1970594826543
0.11999693083066039   575.6921449508187   579.8447027303838
0.12351469440289359   559.8240100153822   563.8577223677872
0.12713558278394044   544.5378268259929   548.4238632394772
0.13086261912358757   528.9619588404819   532.7299556168742
0.13469891519660646   512.3555745988714   516.0925690174682
0.13864767400083483   494.1908953135972   498.0448921720818
0.14271219243142114   474.2410351750874   478.4190314757512
0.14689586403346616   452.65693985730036   457.37429813392754
0.1512021818353596   429.930043960454   435.3773377121117
0.15563474126517718   406.8115217854934   413.1304731959997
0.16019724315257297   384.1930577841257   391.44888720415855
0.1648934968186736   362.9859635978683   371.1374281022815
0.1697274232565544   343.980488335782   352.87320948489656
0.17470305840495237   327.64819477624775   337.0487271902877
0.17982455651794954   313.956825143553   323.5958268253558
0.18509619363343993   302.3433485508937   311.9757553622606
0.19052237114327647   291.9188345406733   301.3944640009844
0.19610761946807834   281.7460338806101   291.0320889183863
0.20185660183976684   271.0012226835656   280.21160344793685
0.20777411819498756   259.10817435854216   268.463062530176
0.21386510918267082   245.97931914393445   255.7458857218326
0.22013466028907505   232.14475459713026   242.53107986583598
0.22658800608375756   218.4952973398515   229.58352672964133
0.23323053459001789   205.86891604751517   217.56540751680424
0.2400677917834628   194.82201296906308   206.91239807529453
0.24710548622244882   185.49834530876134   197.67492325292608
0.25434949381426813   177.52522195922694   189.5504149819595
0.2618058627210567   170.16989205245358   181.93954818336823
0.2694808184095226   162.68831671551658   174.2734340714292
0.27738076884870827   154.62924454236736   166.24264235931363
0.2855123098601282   146.04651561791545   157.92063326817404
0.29388223062474755   137.47211689267274   149.70618532544955
0.3024975193514008   129.5048613397505   142.03056843869473
0.31136536911138296   122.49870469824569   135.13605416688762
0.3204931838440838   116.42814265488005   128.9404886604568
0.32988858453867975   110.87859355327168   123.1879674443981
0.3395594155970457   105.36412155346   117.52063221645325
0.34951375138319807   99.66468467422662   111.82262196565287
0.3597599029647371   93.90893308146192   106.1832439950607
0.37030642505191835   88.4489247910339   100.83312595606391
0.3811621231401457   83.53280678429122   95.90726380706083
0.3923360608618501   79.11292543176143   91.35997168503823
0.4038375675538918   74.95076624568846   87.04385308474646
0.41567624604680364   70.8306097559057   82.83489426563118
0.42786198068238046   66.74831224346825   78.73746369815018
0.4404049455663077   62.86616308528191   74.84136342576681
0.4533156130627191   59.30041372870641   71.19637439089149
0.4666047625377753   56.007619909460615   67.77124897427754
0.4802834893595659   52.86019918961796   64.50063668411076
0.49436321416184764   49.80171739483036   61.35471008952522
0.5088556923793517   46.88146969908567   58.35555210097371
0.5237730240626238   44.16025587810861   55.52770998451451
0.5391276639805903   41.616221543711134   52.85247033676216
0.5549324320192869   39.19349053413419   50.304891132144846
0.5712005238854289   36.8770149182238   47.87524783185748
0.5879455221237613   34.692195235948816   45.57115565415124
0.6051814074573895   32.643653981337835   43.39016983757971
0.622922570460556   30.706768912969164   41.31858891198482
0.6411838235736077   28.86827229077713   39.34885745408468
0.6599804134701901   27.133892171622637   37.48072090101357
0.6793280337869897   25.50231891029467   35.71011355943617
0.6992428382266549   23.961397853729643   34.028734243103024
0.7197414540448374   22.507224882279136   32.43299587806795
0.7408409959326054   21.136327995007562   30.919638718636815
0.7625590803058332   19.844311314084326   29.484358132854222
0.7849138400134885   18.62697354413057   28.123056919290665
0.8079239394770964   17.480313223373958   26.83184973421167
0.8316085902740278   16.400520877621833   25.607052832909805
0.8559875671776167   15.383971637929434   24.445174530281733
0.8810812246675007   14.42722487549946   23.342913625317642
0.9069105139239728   13.527015588937344   22.29714962877174
0.9334970003205227   12.680238139762633   21.30492432849966
0.960862881429187   11.883939447175017   20.36343338412609
0.9890310055537336   11.135312843327911   19.470018801933016
1.0180248908061487   10.431692075010197   18.622161728799043
1.047868744742366   9.770545456476944   17.81747555650819
1.0785874845736239   9.149469394278459   17.05368212841226
1.1102067579703248   8.566180522099879   16.32855112376111
1.1427529644757777   8.018513581423212   15.639960524574606
1.1762532775476793   7.504417153153213   14.985912461358097
1.210735667245765   7.021948435034263   14.364525604605795
1.246228923584555   6.5692682024989   13.774028039472494
1.2827626805706884   6.144635950803278   13.212750593196388
1.3203674409449337   5.746405196768199   12.679118772296931
1.3590746016495152   5.373018518278533   12.171602150240483
1.3989164800420282   5.023003339978392   11.688714167993156
1.4399263408778291   4.6949683461964895   11.229060371055686
1.4821384240834183   4.387599476460641   10.791334580990675
1.525587973344019   4.099656057531829   10.374312775612134
1.5703112655292182   3.8299670977567515   9.976847427681966
1.6163456409812174   3.5774277392633866   9.597862265383231
1.6637295346910133   3.3409957051657555   9.236336598542135
1.7125025083885144   3.119687618360257   8.891268460522076
1.7627052835733923   2.912576538098035   8.561710109918211
1.814379775514258   2.718789166719805   8.246776566063598
1.8675691282445197   2.5375029865839247   7.945641034974678
1.922317750584177   2.367943531820514   7.657530701966091
1.9786713532176083   2.209381789892209   7.381722859279916
2.0366769868582977   2.061131706461736   7.117539703969029
2.0963830815323896   1.9225473602459302   6.8643077823458505
2.1578394870138577   1.7930208722477199   6.621360265417861
2.2210975144450407   1.6719808501060727   6.388076688131972
2.286209979177315   1.5588903520355706   6.1638813338416005
2.3532312448676476   1.4532449299683936   5.948239884244006
2.4222172688678643   1.354570774982311   5.740656356429388
2.4932256489445366   1.2624229603103283   5.54067029949677
2.5663156713684585   1.1763840318814216   5.347859958192621
2.641548360413907   1.0960630792904926   5.161856026714898
2.7189865293089923   1.0210932520661034   4.982319351570868
2.798694832679631   0.9511301091989275   4.808932904316648
2.8807398205309562   0.8858503432734665   4.641400310605317
2.9651899938111903   0.8249505697586074   4.479444486272225
3.05211586160442   0.7681461787230405   4.3228063713136295
3.1415899999999994   0.7151701557991116   4.171241665469712
