0.01   514.355507068334   514.34684103666
0.010293154462191829   519.0643428037113   519.055560761678
0.010594902878253955   523.5394471992918   523.5305830411351
0.010905497183778876   527.7658344275537   527.7569129810773
0.011225196699963396   531.7286076306565   531.7196391691382
0.011554268350120923   535.4129009960176   535.4038815105359
0.011892986882540897   538.8025729110966   538.7934943340127
0.012241635099881474   541.8806261240757   541.871484052788
0.012600504095286909   544.6303130187981   544.62110701089
0.012969893495426888   547.0350611006475   547.025795209501
0.013350111710660605   549.078288564246   549.0689724992676
0.013741476192534558   550.7438695160522   550.7345188710042
0.014144313698828986   552.0161684591607   552.0068034400716
0.01455896056637426   552.8789957385065   552.8696282032026
0.014985762991865008   553.3162425073546   553.3068684449026
0.01542507732090645   553.3127037381597   553.3033032539784
0.015877270345534218   552.8537603345703   552.8443105100799
0.016342719610456153   551.9250929976071   551.9155923809974
0.016821813728271667   550.513562042731   550.5040333098734
0.017314952703931925   548.6073161898472   548.5978004881116
0.017822548268711737   546.1952152710714   546.1857325261209
0.01834502422397195   543.2674157462702   543.2579474671235
0.018882816794999403   539.8158585832455   539.8063490703636
0.019436374995219892   535.8344180575295   535.8247975453601
0.02000616100108813   531.3190244312872   531.3092424504375
0.020592650537967844   526.2677190478671   526.257746866319
0.021196333277324068   520.6809327814589   520.6707608303225
0.02181771324555934   514.5624243802489   514.5520501960591
0.022457309244835088   507.91858036253495   507.90800450508414
0.02311565528622961   500.7581320567096   500.74735792135624
0.023793301035594242   493.09416940930697   493.08319829870425
0.024490812272480036   484.9443294949563   484.93315520615505
0.025208771362518027   476.3283214394312   476.3169306111661
0.0259477777436476   467.26909604874857   467.2574750444336
0.02670844842659881   457.797001860166   457.7851623695286
0.027491418510046592   447.9448980979704   447.93288177358266
0.028297341710866907   437.746703419274   437.73457949485714
0.029126890909937666   427.2436045952062   427.2314727993083
0.029980758713939952   416.48255286350974   416.4705450199352
0.030859658033628758   405.50948344198775   405.4977592912633
0.031764322679055976   394.3727550959928   394.3614908450222
0.03269550797224261   383.1308378831753   383.12020073005175
0.033653991377811755   371.8408069790333   371.83094997989724
0.03464057315210884   360.5563240043054   360.54738720455674
0.03565607701135116   349.3375714644968   349.32969883796596
0.036701350819364466   338.2466746747579   338.2400243109705
0.03777726729548091   327.3392120010807   327.33395325318656
0.038884724743189276   316.66958488515286   316.6658784411972
0.04002464780014597   306.29808156795195   306.29603841000636
0.041197988210172884   296.2786459892327   296.2783275269864
0.04240572561788674   286.65692724592407   286.6583496982607
0.04364886838662332   277.4671587415545   277.4702760930797
0.04492845444033957   268.73541206789156   268.7401118630885
0.04624555213019635   260.48306255603944   260.4891749598174
0.04760126112654554   252.73093061819836   252.7381916832362
0.04899671333706607   245.50256241272984   245.5105421935736
0.05043307385181555   238.81856561062907   238.8266778204551
0.05191154191598653   232.68131333393228   232.68885119116578
0.053433351931179485   227.02400908814332   227.03024595906817
0.05499977448602865   221.7669857344493   221.77119974085952
0.05661211741704101   216.83886136552715   216.84033050313926
0.05827172690053434   212.17969697407028   212.17768553398062
0.05997998857658587   207.7359009235141   207.72965770284463
0.06173832870592997   203.44562843165278   203.43441377479888
0.0635482153607709   199.2226233300966   199.20576966253307
0.06541115965050462   194.98172308632573   194.9586617252969
0.06732871698337338   190.62230725786176   190.5927641740142
0.06930248836510605   186.0367378134902   186.0008671491285
0.07133412173562886   181.1271458169077   181.08554469697
0.07342531334496233   175.805458584786   175.75919992006683
0.07557780916945323   170.00916998459465   169.95978329071156
0.07779340636952398   163.73136418599296   163.68085829205847
0.08007395479015682   156.9955449920293   156.94629100228005
0.08242135850536496   149.8775716765248   149.83201656140062
0.08483757740794096   142.4772685419307   142.4377860598484
0.08732462884580919   134.93160118304462   134.9004251503159
0.08988458930634863   127.38348090380725   127.36255210790624
0.09251959615009227   119.98307046856317   119.97369649230184
0.09523184939525078   112.87665218070427   112.87937909235053
0.09802361355455057   106.21195351982222   106.22642888695198
0.10089721952591899   100.12542452406318   100.15011356347745
0.10385506653859616   94.73325743249842   94.76538787086248
0.10689962415629803   90.09473220360317   90.13059786664849
0.11003343433910281   86.2256233881479   86.2607788385024
0.11325911356578279   83.0588304552965   83.08836316552531
0.11657935501835284   80.47964022167464   80.49849582230613
0.11999693083066039   78.31633840020069   78.32056386194645
0.12351469440289359   76.37856517357287   76.36570896284738
0.12713558278394044   74.46152016537859   74.43082964421721
0.13086261912358757   72.37534983465984   72.3283321399167
0.13469891519660646   69.96268216527751   69.90332611167041
0.13864767400083483   67.13259189342314   67.06670953837093
0.14271219243142114   63.87360096211674   63.80812973464871
0.14689586403346616   60.2522151187191   60.19442297330439
0.1512021818353596   56.40322927978612   56.35976384429022
0.15563474126517718   52.51800678188356   52.493210156700876
0.16019724315257297   48.822458590216634   48.81703138693117
0.1648934968186736   45.53311140999977   45.54373852523058
0.1697274232565544   42.7925595505028   42.812507937032805
0.17470305840495237   40.620528207805705   40.64061045227005
0.17982455651794954   38.935019173034455   38.94675443568677
0.18509619363343993   37.597330170907576   37.59357713603331
0.19052237114327647   36.43030188512117   36.40697458284929
0.19610761946807834   35.22508548107557   35.18354824258364
0.20185660183976684   33.797862574755705   33.74470672825755
0.20777411819498756   32.075652311996905   32.020499115629306
0.21386510918267082   30.119072477549338   30.071590982646498
0.22013466028907505   28.069294556785735   28.03637047153271
0.22658800608375756   26.09660663477842   26.079886951550414
0.23323053459001789   24.362276691229162   24.357540554511246
0.2400677917834628   22.95307733212724   22.952169104328224
0.24710548622244882   21.84803571895477   21.840752084715216
0.25434949381426813   20.94281348916688   20.922819228338938
0.2618058627210567   20.08407973647054   20.050488847446168
0.2694808184095226   19.134827992903965   19.093186139813334
0.27738076884870827   18.05522438806518   18.01420567103985
0.2855123098601282   16.898681232831436   16.865816615681734
0.29388223062474755   15.76502495814095   15.742789305031602
0.3024975193514008   14.760292959971625   14.745154042702847
0.31136536911138296   13.92800059623687   13.91269464094916
0.3204931838440838   13.226893326931448   13.205334029480792
0.32988858453867975   12.575900097851159   12.546988932933994
0.3395594155970457   11.900357907108614   11.867916388595248
0.34951375138319807   11.182740615131964   11.152933884787103
0.3597599029647371   10.468503403875555   10.444500198175279
0.37030642505191835   9.812973666145195   9.793375513731227
0.3811621231401457   9.241238218460795   9.221821614897328
0.3923360608618501   8.733165518526864   8.710651977805348
0.4038375675538918   8.245266193256656   8.220359912824335
0.41567624604680364   7.753785434173288   7.729615395118563
0.42786198068238046   7.270763471769775   7.249599950645667
0.4404049455663077   6.8211398735285185   6.802459877250693
0.4533156130627191   6.415319885491025   6.396778016920036
0.4666047625377753   6.040096385911112   6.02065632689134
0.4802834893595659   5.678250271055393   5.659055353270482
0.49436321416184764   5.327413614221998   5.309817864703107
0.5088556923793517   4.997206172666557   4.981210928057881
0.5237730240626238   4.692424529181723   4.677087869493303
0.5391276639805903   4.407508611840758   4.392406735381425
0.5549324320192869   4.1358011319104175   4.121550350921934
0.5712005238854289   3.877810178556311   3.864814168498754
0.5879455221237613   3.6365502874846234   3.6245284510538642
0.6051814074573895   3.410978413604163   3.399653610932176
0.622922570460556   3.197964459255434   3.18747779906362
0.6411838235736077   2.996824130873887   2.9873483252886204
0.6599804134701901   2.80814834740447   2.7996126573887237
0.6793280337869897   2.6311571862825094   2.6234687507344545
0.6992428382266549   2.464571129112311   2.4577705056524826
0.7197414540448374   2.3080437977047086   2.3021327005400645
0.7408409959326054   2.1610308111816825   2.1560033449195957
0.7625590803058332   2.0229863798027665   2.0188335802126764
0.7849138400134885   1.8933936140222218   1.8901034944218678
0.8079239394770964   1.7717631681269366   1.7693208194208692
0.8316085902740278   1.6576319351757234   1.6560196687479594
0.8559875671776167   1.5505617924766673   1.5497593163906762
0.8810812246675007   1.4501386206132318   1.4501231731482955
0.9069105139239728   1.3559714543360224   1.3567178629662369
0.9334970003205227   1.2676907312627854   1.2691716775059485
0.960862881429187   1.1849471370347326   1.1871334548987702
0.9890310055537336   1.1074106168237041   1.110271583485859
1.0180248908061487   1.0347694260209996   1.0382730421864363
1.047868744742366   0.966729219242647   0.9708424771522058
1.0785874845736239   0.9030120825612864   0.9077011686365264
1.1102067579703248   0.8433554895936657   0.8485858579906783
1.1427529644757777   0.7875118377037041   0.7932484509370364
1.1762532775476793   0.7352477527933776   0.7414553454175112
1.210735667245765   0.6863433376017422   0.692986653771483
1.246228923584555   0.6405914548220408   0.6476354609387139
1.2827626805706884   0.5977970437844928   0.60520711749195
1.3203674409449337   0.5577764461286687   0.5655185550819007
1.3590746016495152   0.5203567088075646   0.5283976083222623
1.3989164800420282   0.4853750980987029   0.493682454871978
1.4399263408778291   0.4526785714832313   0.4612210518035201
1.4821384240834183   0.42212323785300376   0.430870582049486
1.525587973344019   0.39357384499937925   0.4024969289912102
1.5703112655292182   0.3669032932166647   0.3759741780285342
1.6163456409812174   0.34199217358981143   0.35118421708152386
1.6637295346910133   0.3187283290480007   0.3280166418035829
1.7125025083885144   0.2970064411806175   0.30636793834807774
1.7627052835733923   0.2767276379950429   0.2861408932683059
1.814379775514258   0.2577991215905131   0.26724423938189495
1.8675691282445197   0.24013381564976077   0.24959231928825407
1.922317750584177   0.2236500318208591   0.23310476541074177
1.9786713532176083   0.20827115161836016   0.21770616180704566
2.0366769868582977   0.19392531076771283   0.2033255173089757
2.0963830815323896   0.18054513299039707   0.18989620912140567
2.1578394870138577   0.1680674747707166   0.17735588132057103
2.2210975144450407   0.15643317215567118   0.16564618236453793
2.286209979177315   0.14558680164467316   0.15471251659869223
2.3532312448676476   0.13547645455058724   0.14450381037257173
2.4222172688678643   0.12605352102589756   0.13497232999482772
2.4932256489445366   0.11727245789100944   0.12607386069018742
2.5663156713684585   0.10909062248412348   0.1177672365252442
2.641548360413907   0.10146812030029854   0.11001383985309832
2.7189865293089923   0.0943676347806829   0.10277745315969787
2.798694832679631   0.08775426671773696   0.09602412343175082
2.8807398205309562   0.08159538321471535   0.08972203280235079
2.9651899938111903   0.0758604783872599   0.08384136201416965
3.05211586160442   0.07052108099437512   0.0783539706434925
3.1415899999999994   0.06555060736161232   0.07323338635330535
