0.01   13990.55789643854   13984.22975051988
0.010293154462191829   14170.947294634505   14164.025312987784
0.010594902878253955   14347.333966646156   14339.762324831145
0.010905497183778876   14519.325549502732   14511.042884289202
0.011225196699963396   14686.518518496774   14677.458034975163
0.011554268350120923   14848.483712662306   14838.573779929307
0.011892986882540897   15004.782657530865   14993.94699201505
0.012241635099881474   15154.97258960178   15143.130233262315
0.012600504095286909   15298.594508591663   15285.658317800597
0.012969893495426888   15435.176928617288   15421.05236471228
0.013350111710660605   15564.248204629743   15548.83339855576
0.013741476192534558   15685.329201442726   15668.514770217853
0.014144313698828986   15797.91942850902   15779.587788363859
0.01455896056637426   15901.519233435993   15881.544720194619
0.014985762991865008   15995.634084839874   15973.883155630208
0.01542507732090645   16079.758998369833   16056.089198037342
0.015877270345534218   16153.388671100489   16127.648262717115
0.016342719610456153   16216.031415001858   16188.059940326246
0.016821813728271667   16267.201835009217   16236.829323922846
0.017314952703931925   16306.41414630043   16273.459082059888
0.017822548268711737   16333.20254999369   16297.472472514557
0.01834502422397195   16347.124740626385   16308.41715067784
0.018882816794999403   16347.753839017572   16305.856228306538
0.019436374995219892   16334.689052555286   16289.379790758489
0.02000616100108813   16307.564664011128   16258.61455983879
0.020592650537967844   16266.05684747052   16213.230145383304
0.021196333277324068   16209.888232182233   16152.943476286273
0.02181771324555934   16138.82612647515   16077.518170767788
0.022457309244835088   16052.691790850056   15986.774735629331
0.02311565528622961   15951.389956106646   15880.622913882438
0.023793301035594242   15834.886753020592   15759.037225424972
0.024490812272480036   15703.203045990702   15622.04942359832
0.025208771362518027   15556.471521406424   15469.809377375243
0.0259477777436476   15394.937297764474   15302.585517394138
0.02670844842659881   15218.898155401219   15120.700842180733
0.027491418510046592   15028.742327650923   14924.574150663093
0.028297341710866907   14825.048615496169   14714.829067381641
0.029126890909937666   14608.46324071858   14492.15929464841
0.029980758713939952   14379.675068474198   14257.300858016195
0.030859658033628758   14139.576395882108   14011.198909937042
0.031764322679055976   13889.204729744559   13754.946529783483
0.03269550797224261   13629.596643289397   13489.632471474202
0.033653991377811755   13361.892609136787   13216.450078472311
0.03464057315210884   13087.49319050791   12936.859176726437
0.03565607701135116   12807.7879998121   12652.30363511883
0.036701350819364466   12524.12870403023   12364.181937570744
0.03777726729548091   12238.050911243585   12074.065394377792
0.038884724743189276   11951.134592489649   11783.560210795196
0.04002464780014597   11664.848367457502   11494.154220934131
0.041197988210172884   11380.712830098024   11207.364935033907
0.04240572561788674   11100.420517372188   10924.848224678475
0.04364886838662332   10825.537724348134   10648.129002858805
0.04492845444033957   10557.428325715702   10378.52727601995
0.04624555213019635   10296.99839004989   10116.894080074708
0.04760126112654554   10044.923281430622   9863.847410916496
0.04899671333706607   9801.804116704734   9619.931999367307
0.05043307385181555   9568.478069023415   9385.848044388857
0.05191154191598653   9346.101421776795   9162.513113232817
0.053433351931179485   9135.737109692938   8950.762035217092
0.05499977448602865   8937.646619816423   8750.703458536354
0.05661211741704101   8749.92960496945   8560.47674242773
0.05827172690053434   8570.425506808258   8377.99569739559
0.05997998857658587   8397.210208706118   8201.411100123676
0.06173832870592997   8228.731832597705   8029.250908191649
0.0635482153607709   8063.594267012947   7860.19969161183
0.06541115965050462   7900.171248565805   7692.784647766666
0.06732871698337338   7736.40862256844   7525.222418058311
0.06930248836510605   7570.311428817753   7355.809936814485
0.07133412173562886   7399.517235607874   7182.668505751589
0.07342531334496233   7221.6196499366815   7003.948859158672
0.07557780916945323   7034.416862365959   6818.090218273826
0.07779340636952398   6835.91146932238   6623.855827872243
0.08007395479015682   6624.772011231784   6420.555281565849
0.08242135850536496   6400.861442849699   6208.514943667261
0.08483757740794096   6164.886227158777   5988.699966511988
0.08732462884580919   5919.291950779182   5763.4886819412695
0.08988458930634863   5667.161158167504   5535.634643120939
0.09251959615009227   5412.564244206782   5308.415430249624
0.09523184939525078   5159.6481244013285   5085.0293113865755
0.09802361355455057   4912.671484034856   4868.6039202535
0.10089721952591899   4675.622255863179   4661.8611748098
0.10385506653859616   4452.214284528118   4467.109369186462
0.10689962415629803   4245.794198975117   4286.29081022067
0.11003343433910281   4059.1194337920833   4120.898483084874
0.11325911356578279   3893.5245359567803   3971.0414365809247
0.11657935501835284   3749.230564155974   3835.9711929339956
0.11999693083066039   3623.9390044412385   3713.7750440714785
0.12351469440289359   3514.0190829549165   3601.840846786188
0.12713558278394044   3414.000661876927   3496.36400537126
0.13086261912358757   3318.0729556547076   3393.621313821837
0.13469891519660646   3220.4035410966626   3290.356614230768
0.13864767400083483   3116.109267926798   3184.25430092993
0.14271219243142114   3001.696237092336   3073.9870495494924
0.14689586403346616   2875.763100278291   2959.4309984659344
0.1512021818353596   2739.360356992745   2841.7203121275875
0.15563474126517718   2595.6644535178307   2722.9672340238094
0.16019724315257297   2449.487156198714   2605.868856316314
0.1648934968186736   2306.4546452553586   2492.9920719737984
0.1697274232565544   2172.404807162482   2386.8578476024095
0.17470305840495237   2052.538360473934   2289.2273555794754
0.17982455651794954   1950.10222048322   2200.5232066700296
0.18509619363343993   1864.8458130742165   2120.3954826735153
0.19052237114327647   1792.9879389976463   2046.2743525230344
0.19610761946807834   1728.9532700283216   1975.9369385606833
0.20185660183976684   1667.0611168353864   1907.4783897911868
0.20777411819498756   1602.1758107699902   1839.35381519255
0.21386510918267082   1530.436369474184   1770.7044977243527
0.22013466028907505   1451.0803865925766   1701.6063153115533
0.22658800608375756   1367.3609609359257   1633.8912264427715
0.23323053459001789   1284.6539404517002   1568.7432205428304
0.2400677917834628   1207.8833730006254   1507.1130698051334
0.24710548622244882   1140.4478273365698   1449.4916375931102
0.25434949381426813   1083.4653870149882   1395.7053173231686
0.2618058627210567   1034.779975377987   1345.1122442881108
0.2694808184095226   990.2704128323292   1296.6695017651807
0.27738076884870827   945.6233429185546   1249.7779259748932
0.2855123098601282   897.956608960032   1203.7802876359165
0.29388223062474755   847.4171982483936   1159.0430414399812
0.3024975193514008   796.9291759019176   1115.9607971868584
0.31136536911138296   749.7168067361368   1075.0788047517196
0.3204931838440838   707.8269964682354   1036.1321023066575
0.32988858453867975   671.3577991889821   999.2079657116943
0.3395594155970457   638.1368661080076   964.0467600740892
0.34951375138319807   605.5689209174191   930.0413279970222
0.3597599029647371   572.356260754891   897.4647879833394
0.37030642505191835   538.9628884093947   865.9475840789718
0.3811621231401457   507.16025273574746   835.8351043553339
0.3923360608618501   478.2627359780772   807.1863794322812
0.4038375675538918   452.12276226246325   779.7968244888044
0.41567624604680364   427.6420452231882   753.6229737530639
0.42786198068238046   403.7097743688727   728.3919087532003
0.4404049455663077   380.18788383762245   704.1924209716966
0.4533156130627191   357.78267540602013   681.0011571869187
0.4666047625377753   337.04851830749436   658.8301064246502
0.4802834893595659   317.8469028639512   637.6417657433551
0.49436321416184764   299.6088502916192   617.3002748804449
0.5088556923793517   282.04116770998087   597.7163891480744
0.5237730240626238   265.2904110922719   578.9072723721655
0.5391276639805903   249.61597287042565   560.8934650773666
0.5549324320192869   234.94079483520676   543.605077509851
0.5712005238854289   221.03383925135668   526.9746685560801
0.5879455221237613   207.798871201002   510.9702229823647
0.6051814074573895   195.31018491686962   495.57579891407306
0.622922570460556   183.58312015855495   480.7751410213792
0.6411838235736077   172.51988486506352   466.50886745954494
0.6599804134701901   162.05301418309233   452.74494412826965
0.6793280337869897   152.1832942081549   439.47628387867616
0.6992428382266549   142.89743271816806   426.6679036728337
0.7197414540448374   134.14550461430932   414.28737185322206
0.7408409959326054   125.89492374797993   402.30827679359857
0.7625590803058332   118.12612686580827   390.71529111915913
0.7849138400134885   110.81313377829645   379.4848361603163
0.8079239394770964   103.93083301048009   368.5944551448743
0.8316085902740278   97.45538704563494   358.02330443274116
0.8559875671776167   91.36417483779017   347.7520495873764
0.8810812246675007   85.63573646322557   337.7627701470837
0.9069105139239728   80.24971986024957   328.03887223507985
0.9334970003205227   75.18684417460979   318.5649592598937
0.960862881429187   70.42894015607828   309.3264366773996
0.9890310055537336   65.95881612536544   300.3096896990421
1.0180248908061487   61.76015724654973   291.50220990021984
1.047868744742366   57.817487563733664   282.89253400654775
1.0785874845736239   54.116133466974716   274.47018596677026
1.1102067579703248   50.642188246187665   266.22562294613834
1.1427529644757777   47.382477728372415   258.1501851044227
1.1762532775476793   44.32451585032352   250.2363517900844
1.210735667245765   41.45645669903523   242.478196397852
1.246228923584555   38.76709570359518   234.8705429050183
1.2827626805706884   36.245844307851804   227.40876891600627
1.3203674409449337   33.88269946353395   220.08877377832718
1.3590746016495152   31.668214388159626   212.90694772325512
1.3989164800420282   29.59347055334997   205.86014188998354
1.4399263408778291   27.65005084741587   198.9456808511707
1.4821384240834183   25.83001335470101   192.1624868160043
1.525587973344019   24.125866938654937   185.51101263770363
1.5703112655292182   22.530548542861656   178.99177901889576
1.6163456409812174   21.037400795374158   172.60528464354854
1.6637295346910133   19.64015059551277   166.35199744346644
1.7125025083885144   18.332888690061797   160.2323462072643
1.7627052835733923   17.11005020357747   154.24671255298983
1.814379775514258   15.966395641728239   148.3956284342504
1.8675691282445197   14.89699053442051   142.6810752445494
1.922317750584177   13.897191303306759   137.10539252736643
1.9786713532176083   12.962630913732978   131.67048346584093
2.0366769868582977   12.089203472000706   126.37782849117201
2.0963830815323896   11.273049592473772   121.22850408337634
2.1578394870138577   10.510542511125399   116.22320204886353
2.2210975144450407   9.798274911762194   111.36224936699445
2.286209979177315   9.133045548817863   106.64580637389373
2.3532312448676476   8.511846196332687   102.07416111872958
2.4222172688678643   7.931852987416588   97.64726559243842
2.4932256489445366   7.390416137360383   93.36466937653068
2.5663156713684585   6.885049745587814   89.22554967050579
2.641548360413907   6.413422155411077   85.2287408545264
2.7189865293089923   5.973346843963322   81.3727634481962
2.798694832679631   5.562773912378429   77.65585407976418
2.8807398205309562   5.179784465618558   74.07603932500523
2.9651899938111903   4.822582368596672   70.63115721439014
3.05211586160442   4.4894837188709396   67.3188239354662
3.1415899999999994   4.178910073203398   64.13645684542433
