0.01   16621.66751115833   16606.400075576483
0.010293154462191829   16854.344772606015   16837.587482153318
0.010594902878253955   17082.59062565793   17064.2055508264
0.010905497183778876   17305.89366593985   17285.73039613195
0.011225196699963396   17523.73251799222   17501.628016776063
0.011554268350120923   17735.563739189845   17711.341515667184
0.011892986882540897   17940.82026240107   17914.289460057735
0.012241635099881474   18138.92753890467   18109.882938891144
0.012600504095286909   18329.299327695637   18297.52083323642
0.012969893495426888   18511.32006931804   18476.570402382335
0.013350111710660605   18684.36586365064   18646.390240356366
0.013741476192534558   18847.811466456456   18806.337854642214
0.014144313698828986   19001.0138683528   18955.75128048828
0.01455896056637426   19143.31860369588   19093.955989793314
0.014985762991865008   19274.07757708014   19220.284595532856
0.01542507732090645   19392.643184671666   19334.069175819805
0.015877270345534218   19498.357735697966   19434.62791095628
0.016342719610456153   19590.57590460843   19521.291990911777
0.016821813728271667   19668.67017924959   19593.411834028415
0.017314952703931925   19732.022293064034   19650.346737788797
0.017822548268711737   19780.033485300864   19691.476569309874
0.01834502422397195   19812.135630759127   19716.214425137867
0.018882816794999403   19827.79739133455   19724.01143283928
0.019436374995219892   19826.529515394024   19714.361338374954
0.02000616100108813   19807.885763508548   19686.80432649103
0.020592650537967844   19771.47289482992   19640.93795880612
0.021196333277324068   19716.98313267173   19576.451459951637
0.02181771324555934   19644.174002598127   19493.104550567958
0.022457309244835088   19552.861429970104   19390.720363554705
0.02311565528622961   19442.980080872094   19269.251451296488
0.023793301035594242   19314.58873672194   19128.785386642303
0.024490812272480036   19167.80857086022   18969.476945003164
0.025208771362518027   19002.86416143021   18791.592752237833
0.0259477777436476   18820.189951742337   18595.62711142765
0.02670844842659881   18620.304560320186   18382.16409326404
0.027491418510046592   18403.789632177744   18151.853684641428
0.028297341710866907   18171.481209506885   17905.61423244801
0.029126890909937666   17924.396726747873   17644.553731865923
0.029980758713939952   17663.57361334025   17369.79797041935
0.030859658033628758   17390.173313914594   17082.603027515208
0.031764322679055976   17105.608406085834   16784.491906191306
0.03269550797224261   16811.299031239138   16476.989853410767
0.033653991377811755   16508.691660020046   16161.637287100131
0.03464057315210884   16199.687415692539   15840.401730528823
0.03565607701135116   15886.33581669417   15515.37963711642
0.036701350819364466   15570.56761068974   15188.538362549789
0.03777726729548091   15254.001143042433   14861.549265629548
0.038884724743189276   14937.86536302133   14535.722822776886
0.04002464780014597   14623.282732132924   14212.253424186974
0.041197988210172884   14311.547532890632   13892.455826424994
0.04240572561788674   14005.115472046555   13578.600643477235
0.04364886838662332   13706.62774407182   13273.08598613846
0.04492845444033957   13418.454012461105   12978.047631747486
0.04624555213019635   13141.793378389348   12694.497658885572
0.04760126112654554   12876.777132125315   12422.428600257692
0.04899671333706607   12623.468933645578   12161.775283171806
0.05043307385181555   12381.514444459612   11912.086182997906
0.05191154191598653   12149.68642932023   11672.098976837347
0.053433351931179485   11926.717926383684   11440.525799231093
0.05499977448602865   11711.155497193298   11215.940482366681
0.05661211741704101   11501.024149234725   10996.496870336192
0.05827172690053434   11294.386750170941   10780.405031688962
0.05997998857658587   11089.137162788935   10565.817057708373
0.06173832870592997   10882.949444166188   10350.795226701672
0.0635482153607709   10673.544421392591   10133.486451571598
0.06541115965050462   10458.161945101105   9911.808296580017
0.06732871698337338   10234.033887798814   9683.739570526988
0.06930248836510605   9998.431107209535   9447.481352633667
0.07133412173562886   9748.698155673255   9201.474793161153
0.07342531334496233   9482.891605601522   8944.781239492604
0.07557780916945323   9200.110810732956   8677.406984995992
0.07779340636952398   8900.56286554518   8400.105510676516
0.08007395479015682   8586.470063652761   8115.017037264203
0.08242135850536496   8261.06811215851   7824.9582357611025
0.08483757740794096   7929.158818286721   7533.9022745487255
0.08732462884580919   7595.939220609323   7245.8227965576025
0.08988458930634863   7267.017307765658   6964.594411846041
0.09251959615009227   6947.752463179327   6693.708571128759
0.09523184939525078   6643.13678892847   6436.21238780509
0.09802361355455057   6357.771005022642   6194.4739687433
0.10089721952591899   6095.504166461958   5970.273544717698
0.10385506653859616   5858.86976657715   5764.382141518434
0.10689962415629803   5649.130823702472   5576.749629276436
0.11003343433910281   5464.60644557585   5405.455739546952
0.11325911356578279   5301.788170253425   5247.651466550915
0.11657935501835284   5154.332269420232   5099.257466736337
0.11999693083066039   5014.937448240759   4955.961134883847
0.12351469440289359   4875.745303974744   4813.520777932969
0.12713558278394044   4729.784246236723   4668.8759657858045
0.13086261912358757   4571.668395131431   4520.032632979129
0.13469891519660646   4398.411002095895   4366.159864654753
0.13864767400083483   4210.179506530707   4208.080443718788
0.14271219243142114   4010.160546917133   4048.0633609650795
0.14689586403346616   3804.1644025091796   3889.395280600349
0.1512021818353596   3599.5332189120113   3735.349618135368
0.15563474126517718   3404.0342431418508   3588.9409885172686
0.16019724315257297   3224.9442595133582   3452.0048484107388
0.1648934968186736   3067.758804469314   3325.53645879991
0.1697274232565544   2934.3259481807304   3210.3175815890327
0.17470305840495237   2821.5086101625034   3102.9064997660744
0.17982455651794954   2722.2698337767406   3001.3783502304464
0.18509619363343993   2628.3770401728843   2903.1573516643753
0.19052237114327647   2532.424931352609   2806.1782263836667
0.19610761946807834   2428.6375381629346   2709.32054019833
0.20185660183976684   2314.263360922638   2612.068773589548
0.20777411819498756   2191.6022151921593   2516.050402436617
0.21386510918267082   2067.4824044397565   2423.268633354755
0.22013466028907505   1949.6176008486084   2334.5713497274314
0.22658800608375756   1843.6566562183127   2250.954477622517
0.23323053459001789   1752.249388922156   2172.4239884974613
0.2400677917834628   1674.1096456308762   2098.052256215622
0.24710548622244882   1604.0844039632082   2027.045443399317
0.25434949381426813   1535.7272063060107   1958.325621147289
0.2618058627210567   1464.1392317110165   1891.4790786291487
0.2694808184095226   1387.7397016225536   1826.2412374431563
0.27738076884870827   1309.6034150994124   1762.9359515535134
0.2855123098601282   1234.8729454241568   1702.4730090971557
0.29388223062474755   1167.2850305986135   1645.1528135789476
0.3024975193514008   1107.9425946834704   1590.0073840299874
0.31136536911138296   1054.7512528208506   1537.6732457440728
0.3204931838440838   1003.6460918534357   1487.1910756684442
0.32988858453867975   951.8467532764422   1438.6948358935092
0.3395594155970457   899.256061260012   1391.575921258864
0.34951375138319807   848.0641419722352   1346.4720163520171
0.3597599029647371   800.8435447722223   1303.4662040082012
0.37030642505191835   758.1532958783766   1262.1484104249323
0.3811621231401457   718.584013435696   1222.6481695975883
0.3923360608618501   680.2621370720193   1184.6407073608932
0.4038375675538918   642.3932437751099   1148.0746468839477
0.41567624604680364   605.7951492993298   1112.8457995899446
0.42786198068238046   571.6262050995156   1079.1117294798046
0.4404049455663077   540.0234551818172   1046.8262112926636
0.4533156130627191   510.2075618753085   1015.8017133190301
0.4666047625377753   481.44397024581644   985.8636690504945
0.4802834893595659   453.80746798432017   957.0528488272311
0.49436321416184764   427.757633374927   929.3669843273178
0.5088556923793517   403.3839278150478   902.775610968848
0.5237730240626238   380.3209969865012   877.1444444199465
0.5391276639805903   358.30636499434024   852.429253402601
0.5549324320192869   337.4156625024937   828.590051945132
0.5712005238854289   317.75425362956787   805.6119326802338
0.5879455221237613   299.20448009545447   783.4394599972364
0.6051814074573895   281.61319056746186   761.9940843312181
0.622922570460556   264.96441628637876   741.2485477591798
0.6411838235736077   249.26904175480362   721.1808147141705
0.6599804134701901   234.45329194724943   701.7499496616383
0.6793280337869897   220.45075521550467   682.8955308391623
0.6992428382266549   207.23501615237393   664.5992828275241
0.7197414540448374   194.7681942438609   646.8277240621653
0.7408409959326054   183.01071430019107   629.5471623539598
0.7625590803058332   171.92490924790286   612.7263091664571
0.7849138400134885   161.47493946222897   596.3361344281444
0.8079239394770964   151.6267148271531   580.3497336048744
0.8316085902740278   142.347819471917   564.742205800779
0.8559875671776167   133.6074848026411   549.4904283872655
0.8810812246675007   125.37670727255524   534.5724496466486
0.9069105139239728   117.6279585833549   519.9678744983952
0.9334970003205227   110.33502945017662   505.65801311307297
0.960862881429187   103.47297898248877   491.6257945281314
0.9890310055537336   97.01808515095269   477.85568602190773
1.0180248908061487   90.94779628756334   464.3336177601423
1.047868744742366   85.24068302267958   451.04693025561767
1.0785874845736239   79.87635909746076   437.98526700982256
1.1102067579703248   74.83543097538094   425.1408459419469
1.1427529644757777   70.0995084718759   412.50691810867306
1.1762532775476793   65.65116369074093   400.0775922308747
1.210735667245765   61.47388680810308   387.84778919405863
1.246228923584555   57.55204344324567   375.8131975091823
1.2827626805706884   53.870833592255984   363.97022953878127
1.3203674409449337   50.416251727191025   352.31640297988605
1.3590746016495152   47.175046735842166   340.852783061402
1.3989164800420282   44.13468748342924   329.5818435211647
1.4399263408778291   41.28332888940759   318.5060207519668
1.4821384240834183   38.60977810317798   307.6276920915041
1.525587973344019   36.103462068570394   296.9491605038817
1.5703112655292182   33.75439644521544   286.47263974855935
1.6163456409812174   31.553155811639282   276.2002559645353
1.6637295346910133   29.49084174498338   266.1355465115792
1.7125025083885144   27.5590539917902   256.28439961297784
1.7627052835733923   25.74987125424839   246.65221660836065
1.814379775514258   24.055826702401625   237.243613115735
1.8675691282445197   22.469883874184948   228.06244718127098
1.922317750584177   20.985413708245467   219.1118488255515
1.9786713532176083   19.596172666871617   210.39425075465806
2.0366769868582977   18.29628133847236   201.91151840832728
2.0963830815323896   17.08020043752229   193.66573864095582
2.1578394870138577   15.942715660332563   185.65868970187915
2.2210975144450407   14.878922631200842   177.89136437106671
2.286209979177315   13.88420958403933   170.36401604773806
2.3532312448676476   12.954240906912302   163.07620964436376
2.4222172688678643   12.084941538778951   156.02687200772806
2.4932256489445366   11.272482196867536   149.2143420461269
2.5663156713684585   10.513268980130992   142.63651502068473
2.641548360413907   9.8039331478625   136.29098450040155
2.7189865293089923   9.141309946885743   130.17487237587636
2.798694832679631   8.522425948343038   124.2848462369941
2.8807398205309562   7.944488254917885   118.61716756254897
2.9651899938111903   7.404874255420452   113.16773792667742
3.05211586160442   6.901121903791169   107.93214311350394
3.1415899999999994   6.43091874014621   102.90558777938709
