0.01   6262.14359169254   6261.679719530726
0.010293154462191829   6342.92851705458   6342.432522948488
0.010594902878253955   6421.886174395434   6421.355008851981
0.010905497183778876   6498.8323086433775   6498.262648570344
0.011225196699963396   6573.575735341909   6572.964000909249
0.011554268350120923   6645.922750742662   6645.265104566513
0.011892986882540897   6715.673400089756   6714.9656379230655
0.012241635099881474   6782.6193158673705   6781.856689046537
0.012600504095286909   6846.550442693595   6845.727638208784
0.012969893495426888   6907.254425545288   6906.36559567593
0.013350111710660605   6964.508623508654   6963.547559940503
0.013741476192534558   7018.087577153301   7017.047782714429
0.014144313698828986   7067.767212098478   7066.641907077747
0.01455896056637426   7113.319478539915   7112.101286736438
0.014985762991865008   7154.512554346834   7153.193151271585
0.01542507732090645   7191.118664565358   7189.688774458119
0.015877270345534218   7222.91289309263   7221.362300297946
0.016342719610456153   7249.667180211287   7247.984716464707
0.016821813728271667   7271.159143435746   7269.332720373227
0.017314952703931925   7287.175322208454   7285.191971791677
0.017822548268711737   7297.507825879876   7295.353573668305
0.01834502422397195   7301.956931889597   7299.616726395911
0.018882816794999403   7300.33634191873   7297.794139100079
0.019436374995219892   7292.475393972693   7289.714161354486
0.02000616100108813   7278.221417083725   7275.223013379764
0.020592650537967844   7257.439828584994   7254.18510335978
0.021196333277324068   7230.016543022865   7226.485564734256
0.02181771324555934   7195.86939675212   7192.042301027866
0.022457309244835088   7154.943685854963   7150.80119711828
0.02311565528622961   7107.207319112921   7102.730917125267
0.023793301035594242   7052.669275089115   7047.841645086472
0.024490812272480036   6991.391191206594   6986.19684363621
0.025208771362518027   6923.460004896474   6917.88543583947
0.0259477777436476   6848.994994279841   6843.029085131159
0.02670844842659881   6768.193765941323   6761.82955144997
0.027491418510046592   6681.292580183478   6674.527800876995
0.028297341710866907   6588.5464990563705   6581.38351070494
0.029126890909937666   6490.291431251703   6482.737865336719
0.029980758713939952   6386.947296027707   6379.016715170943
0.030859658033628758   6278.940835183857   6270.652394785342
0.031764322679055976   6166.72606573423   6158.104358524759
0.03269550797224261   6050.854633865692   6041.930221824466
0.033653991377811755   5931.887598946846   5922.696629085481
0.03464057315210884   5810.3778169502675   5800.961191434658
0.03565607701135116   5687.023501268611   5677.4235788750375
0.036701350819364466   5562.615724865488   5552.8737821416535
0.03777726729548091   5437.896765290967   5428.052683666314
0.038884724743189276   5313.503744050824   5303.59728021071
0.04002464780014597   5189.896397476204   5179.97058370818
0.041197988210172884   5067.4782648642295   5057.579407436069
0.04240572561788674   4946.667791596651   4936.842438241425
0.04364886838662332   4828.303291045151   4818.574903966918
0.04492845444033957   4713.391568397831   4703.749925278901
0.04624555213019635   4602.839580962775   4593.2436917972145
0.04760126112654554   4497.184317200832   4487.569552364317
0.04899671333706607   4396.431188597832   4386.718836229979
0.05043307385181555   4300.531359282934   4290.630530000037
0.05191154191598653   4209.355004780076   4199.1639104935675
0.053433351931179485   4122.460218269534   4111.868419935618
0.05499977448602865   4039.356423295213   4028.2459430255835
0.05661211741704101   3959.5310667267936   3947.779390825709
0.05827172690053434   3882.271741984387   3869.7619714585094
0.05997998857658587   3806.855335406643   3793.4789419227154
0.06173832870592997   3732.5311116263374   3718.198321302886
0.0635482153607709   3658.434173554976   3643.0953089865466
0.06541115965050462   3583.727573711916   3567.37718080451
0.06732871698337338   3507.41441012012   3490.126060710653
0.06930248836510605   3428.4371678322946   3410.38312748973
0.07133412173562886   3345.7846612713925   3327.2507892461117
0.07342531334496233   3258.4546533122625   3239.870354666129
0.07557780916945323   3165.659840545707   3147.5900585928352
0.07779340636952398   3067.0324882589975   3050.176952029856
0.08007395479015682   2962.5402136908815   2947.7021784813915
0.08242135850536496   2852.9098836751386   2840.933250107776
0.08483757740794096   2739.2233802366036   2730.949185656404
0.08732462884580919   2623.1372695825085   2619.3505471652657
0.08988458930634863   2506.4531455550973   2507.8334966391185
0.09251959615009227   2391.1498696376375   2398.1810156285737
0.09523184939525078   2279.119500401703   2292.065294029994
0.09802361355455057   2172.162899023278   2191.044865146944
0.10089721952591899   2071.9442021816913   2096.473010250858
0.10385506653859616   1979.9111105432223   2009.4742175464025
0.10689962415629803   1897.0444911936168   1930.758648593803
0.11003343433910281   1823.9012206680766   1860.6592853437521
0.11325911356578279   1760.0304855198005   1798.5651052367703
0.11657935501835284   1704.3247632492205   1743.313967196807
0.11999693083066039   1654.6624685728107   1693.0684113875502
0.12351469440289359   1608.5564383020214   1645.7257022018423
0.12713558278394044   1563.2457789957489   1598.9705980252209
0.13086261912358757   1516.2095589336768   1550.8546429293535
0.13469891519660646   1465.3861953861244   1499.9040066462346
0.13864767400083483   1409.5051898564416   1445.2831274262087
0.14271219243142114   1348.3447337327864   1387.0174427248003
0.14689586403346616   1282.7477206008834   1325.947266072006
0.1512021818353596   1214.5410642809845   1263.6016340756726
0.15563474126517718   1146.1611272427176   1201.9035130096945
0.16019724315257297   1080.3022890738741   1142.7613216774694
0.1648934968186736   1019.6028306750596   1087.992961945051
0.1697274232565544   966.2023102872771   1039.007936182327
0.17470305840495237   921.0426048445673   995.9248274181969
0.17982455651794954   883.357551793322   958.2931437356949
0.18509619363343993   850.9732175515236   924.3611722384451
0.19052237114327647   821.1609060610506   892.2220830915147
0.19610761946807834   791.303289810666   860.2908916462067
0.20185660183976684   759.173382555815   827.2886002965572
0.20777411819498756   723.447854412773   792.5969715003325
0.21386510918267082   684.5132163296464   756.6919312918361
0.22013466028907505   644.4420438087808   720.8799520375134
0.22658800608375756   605.8392840969793   686.6196761760785
0.23323053459001789   570.8191649468419   655.0348407324599
0.2400677917834628   540.614418027436   626.5476744399932
0.24710548622244882   515.1467028948947   600.8109603680228
0.25434949381426813   492.9436752496922   577.1227273468457
0.2618058627210567   471.8180801611004   554.3142923739895
0.2694808184095226   449.89318784797075   531.5443651664627
0.27738076884870827   426.30418948104654   508.7120231973671
0.2855123098601282   401.7447190282168   486.00145996962743
0.29388223062474755   377.860110344637   464.2133566165511
0.3024975193514008   356.06454592811883   443.8258777945115
0.31136536911138296   337.0182485234001   425.034549759451
0.3204931838440838   320.28159015415326   407.4062027079035
0.32988858453867975   304.5540500988902   390.6606621609648
0.3395594155970457   288.736494749989   374.3069292088767
0.34951375138319807   272.54016395277534   358.36933862252397
0.3597599029647371   256.53939147988734   343.00753922892943
0.37030642505191835   241.6503498266215   328.4618799137076
0.3811621231401457   228.2544159677083   314.7796624848716
0.3923360608618501   216.02659641657064   301.8210001662172
0.4038375675538918   204.33229880150523   289.4279641375941
0.41567624604680364   192.76857681271244   277.4812169172936
0.42786198068238046   181.491449943548   266.0203050957666
0.4404049455663077   170.90707938343994   255.1343865936115
0.4533156130627191   161.1654576967741   244.79915324479117
0.4666047625377753   152.06843073062177   234.96587423377682
0.4802834893595659   143.33170644279267   225.56360617364322
0.49436321416184764   134.91024154459342   216.5629467102739
0.5088556923793517   126.94624579567294   207.98637562334852
0.5237730240626238   119.51912316698441   199.8301555037301
0.5391276639805903   112.53345006517002   192.05315748062603
0.5549324320192869   105.8789159602352   184.62739323264128
0.5712005238854289   99.55514801496504   177.5365166357206
0.5879455221237613   93.6082931758282   170.77869166313414
0.6051814074573895   88.01823731455939   164.33747874542541
0.622922570460556   82.72928883239977   158.18599849507268
0.6411838235736077   77.72518455545594   152.3112498668175
0.6599804134701901   73.01341351349   146.70729070845323
0.6793280337869897   68.57603626392908   141.35954539373796
0.6992428382266549   64.39165990591864   136.24748719452765
0.7197414540448374   60.44781375389558   131.36465255864587
0.7408409959326054   56.73197548783369   126.6991272824231
0.7625590803058332   53.232120221088906   122.23920728471268
0.7849138400134885   49.93676332004543   117.97390189007236
0.8079239394770964   46.83494360254238   113.89288585097859
0.8316085902740278   43.916206440015515   109.98645488670361
0.8559875671776167   41.170586829708014   106.24548446176055
0.8810812246675007   38.58858258737883   102.66130877419396
0.9069105139239728   36.16108294243956   99.22520194482524
0.9334970003205227   33.87940784781041   95.9287529341325
0.960862881429187   31.735323005269176   92.7641023418667
0.9890310055537336   29.721020113785535   89.72390409004643
1.0180248908061487   27.82909764809023   86.80128911316595
1.047868744742366   26.052542303499   83.9898319386333
1.0785874845736239   24.3847111115023   81.28351912230778
1.1102067579703248   22.81931712639099   78.67653627697273
1.1427529644757777   21.35041545493213   76.16303808310097
1.1762532775476793   19.972380229350236   73.7375316177619
1.210735667245765   18.67988854711572   71.39491075928865
1.246228923584555   17.46790605068069   69.13042925286736
1.2827626805706884   16.331673052344097   66.9396760003053
1.3203674409449337   15.266691194347093   64.8185523637045
1.3590746016495152   14.268710420314434   62.76324401009891
1.3989164800420282   13.333713586574051   60.77009115302433
1.4399263408778291   12.457906284424512   58.83560906916043
1.4821384240834183   11.637708599301599   56.95657551575911
1.525587973344019   10.869744130408934   55.1300168595622
1.5703112655292182   10.150829406843549   53.35319230707423
1.6163456409812174   9.47796378099544   51.6235792999882
1.6637295346910133   8.848319783099285   49.938859954708356
1.7125025083885144   8.259233615207876   48.29694258982786
1.7627052835733923   7.708195450935496   46.69606362252665
1.814379775514258   7.192842379600132   45.13464649374494
1.8675691282445197   6.710950827567556   43.611244589303475
1.922317750584177   6.260428906991975   42.124533156878925
1.9786713532176083   5.8393091425062575   40.67330163277702
2.0366769868582977   5.445741560329998   39.25644633370668
2.0963830815323896   5.077987109528261   37.87296534978933
2.1578394870138577   4.734410609493268   36.522057483990025
2.2210975144450407   4.413474692674653   35.20315320161785
2.286209979177315   4.113735602306889   33.91573848020068
2.3532312448676476   3.833837910119508   32.65933590794544
2.4222172688678643   3.5725093955321627   31.433501275794217
2.4932256489445366   3.3285562007606893   30.237820287991532
2.5663156713684585   3.1008582484911766   29.071905388939104
2.641548360413907   2.888365119832661   27.935428750687038
2.7189865293089923   2.6900936076418827   26.828415982678244
2.798694832679631   2.5051224221062705   25.751034520262575
2.8807398205309562   2.3325873561922683   24.70338337041709
2.9651899938111903   2.1716779518466995   23.68549425148149
3.05211586160442   2.0216343561552335   22.697335126459407
3.1415899999999994   1.8817443453521256   21.738813761093056
