0.01   2354.51530669969   2354.4466764440017
0.010293154462191829   2386.1765443504364   2386.1084614405177
0.010594902878253955   2417.2368592740745   2417.169162469052
0.010905497183778876   2447.63205059991   2447.564213841952
0.011225196699963396   2477.2939120537894   2477.22551592414
0.011554268350120923   2506.1519766635633   2506.082915984086
0.011892986882540897   2534.1347880865733   2534.0652827361428
0.012241635099881474   2561.168127007867   2561.0985273038673
0.012600504095286909   2587.17451866614   2587.1050369807144
0.012969893495426888   2612.075825670196   2612.006511544651
0.013350111710660605   2635.7929737745053   2635.7237377513043
0.013741476192534558   2658.243789799981   2658.1745338552882
0.014144313698828986   2679.345446744891   2679.276101880311
0.01455896056637426   2699.015489887006   2698.9460146917654
0.014985762991865008   2717.1696596910433   2717.099987708929
0.01542507732090645   2733.722403980554   2733.6523940409925
0.015877270345534218   2748.589555820415   2748.5189889416065
0.016342719610456153   2761.687808165715   2761.616394020112
0.016821813728271667   2772.933100061377   2772.8604984420786
0.017314952703931925   2782.243516536107   2782.1693420470824
0.017822548268711737   2789.5402176667867   2789.4640359687523
0.01834502422397195   2794.746803357146   2794.6680756815895
0.018882816794999403   2797.7902418558892   2797.70829015865
0.019436374995219892   2798.602153775701   2798.5161630218445
0.02000616100108813   2797.1198050233115   2797.028852862017
0.020592650537967844   2793.2870904876518   2793.190204269021
0.021196333277324068   2787.0541718615937   2786.9503406892327
0.02181771324555934   2778.378573145648   2778.266764166974
0.022457309244835088   2767.2303219584983   2767.109559396359
0.02311565528622961   2753.589219673985   2753.458622603411
0.023793301035594242   2737.442879092087   2737.3016676106054
0.024490812272480036   2718.7944949011653   2718.642054241605
0.025208771362518027   2697.665906133145   2697.5018719727536
0.0259477777436476   2674.0874268222624   2673.9116885081303
0.02670844842659881   2648.101493142064   2647.91426305004
0.027491418510046592   2619.77946673853   2619.581628145682
0.028297341710866907   2589.2054038726938   2588.9985877013214
0.029126890909937666   2556.4700713990646   2556.2566134622616
0.029980758713939952   2521.6949500803385   2521.477816393818
0.030859658033628758   2485.029741752377   2484.8124506644463
0.031764322679055976   2446.6261134018273   2446.412681180744
0.03269550797224261   2406.6465401732025   2406.441501495292
0.033653991377811755   2365.286493092118   2365.095082443618
0.03464057315210884   2322.743552844659   2322.571672726369
0.03565607701135116   2279.2139755845546   2279.0680721133162
0.036701350819364466   2234.948335897112   2234.834808737354
0.03777726729548091   2190.2265588896894   2190.1513791740017
0.038884724743189276   2145.312250660725   2145.2809594606165
0.04002464780014597   2100.424142287471   2100.441996879082
0.041197988210172884   2055.7063596452467   2055.778626390085
0.04240572561788674   2011.2851157347802   2011.4170856766216
0.04364886838662332   1967.299724026831   1967.496314893037
0.04492845444033957   1924.0574645390163   1924.3202471730656
0.04624555213019635   1881.9244155569922   1882.2505024772347
0.04760126112654554   1841.2321656646573   1841.614640970146
0.04899671333706607   1802.1507138337313   1802.5792612661505
0.05043307385181555   1764.6357804559764   1765.0973418183871
0.05191154191598653   1728.6280893735045   1729.1071234840936
0.053433351931179485   1694.0419126556114   1694.5208554108322
0.05499977448602865   1660.693950320062   1661.1542794546222
0.05661211741704101   1628.3910307528504   1628.813546545599
0.05827172690053434   1596.9327112666292   1597.2980451729081
0.05997998857658587   1566.0578233851202   1566.348068787993
0.06173832870592997   1535.5070680492086   1535.7061182729558
0.0635482153607709   1505.014991211765   1505.1098995926359
0.06541115965050462   1474.2892261435609   1474.2726984978365
0.06732871698337338   1443.0502882486894   1442.9211403275963
0.06930248836510605   1410.969021100041   1410.7367062171134
0.07133412173562886   1377.706400451386   1377.3931164643693
0.07342531334496233   1342.9521131448555   1342.5954872006869
0.07557780916945323   1306.4214946648633   1306.0790748555419
0.07779340636952398   1267.92030987152   1267.667573150001
0.08007395479015682   1227.4296223286995   1227.357509241181
0.08242135850536496   1185.053160298402   1185.2640348020202
0.08483757740794096   1141.1708627063133   1141.7729197419408
0.08732462884580919   1096.2690961855806   1097.3701351317595
0.08988458930634863   1051.0089202809158   1052.7045235987239
0.09251959615009227   1006.0682543146739   1008.4363191384017
0.09523184939525078   962.1422556122615   965.2359475765704
0.09802361355455057   919.8669443461819   923.7099139561379
0.10089721952591899   879.816255932317   884.3971142336552
0.10385506653859616   842.485450273724   847.755850166898
0.10689962415629803   808.2783219160629   814.1550843232073
0.11003343433910281   777.3929655876209   783.7567246188943
0.11325911356578279   749.8590590378959   756.5584586318652
0.11657935501835284   725.3234155866763   732.2044397090996
0.11999693083066039   703.2111578621121   710.1361803320136
0.12351469440289359   682.6372263590287   689.5159699079579
0.12713558278394044   662.6584969435935   669.4631294306957
0.13086261912358757   642.3385820504377   649.1189435127288
0.13469891519660646   620.9279919738177   627.8144901765723
0.13864767400083483   597.9230203513343   605.1186921611184
0.14271219243142114   573.167547027872   580.9263027711796
0.14689586403346616   546.8914519513024   555.4728685539593
0.1512021818353596   519.6598101634986   529.2881468884459
0.15563474126517718   492.2920371350927   503.1227494640608
0.16019724315257297   465.6955153823649   477.77382902163276
0.1648934968186736   440.7509999177329   454.0054241858089
0.1697274232565544   418.2083442133077   432.44015628000886
0.17470305840495237   398.5322060304059   413.41976362243423
0.17982455651794954   381.67510068690643   396.876112876823
0.18509619363343993   367.00218691269447   382.21321558031434
0.19052237114327647   353.5331824747491   368.57786524540654
0.19610761946807834   340.3011257179524   355.1618643258891
0.20185660183976684   326.550680526075   341.363417610868
0.20777411819498756   311.7938780677682   326.8157084872762
0.21386510918267082   295.9712725259699   311.5090493081706
0.22013466028907505   279.6195098192331   295.91128023374034
0.22658800608375756   263.6535134344831   280.7626883755611
0.23323053459001789   248.88362993609488   266.675717724681
0.2400677917834628   235.76550802357113   253.9814917587293
0.24710548622244882   224.36922263506204   242.66648451614975
0.25434949381426813   214.31657786374288   232.43857671267733
0.2618058627210567   204.89818612919578   222.74462190475268
0.2694808184095226   195.45106850926263   213.12073017758888
0.27738076884870827   185.58120280181055   203.2847519377511
0.2855123098601282   175.37166145062665   193.3571420777976
0.29388223062474755   165.3257752196667   183.68281609650984
0.3024975193514008   155.98345654133746   174.6232332131411
0.31136536911138296   147.5968744350966   166.30984251433566
0.3204931838440838   140.10763322242158   158.6908568919739
0.32988858453867975   133.15224567292597   151.50884888425338
0.3395594155970457   126.31141681041572   144.516681286376
0.34951375138319807   119.42917566166953   137.61499926628656
0.3597599029647371   112.62906226514619   130.89799008257594
0.37030642505191835   106.1891631302021   124.52199465191799
0.3811621231401457   100.29732495764821   118.57816544235345
0.3923360608618501   94.88604267248458   113.00929481934267
0.4038375675538918   89.75976861576304   107.70756436858906
0.41567624604680364   84.7651189722098   102.58875444333171
0.42786198068238046   79.90421020908853   97.65871971984676
0.4404049455663077   75.29540074694111   92.97549920422962
0.4533156130627191   71.01127276160483   88.55779956521378
0.4666047625377753   67.00576996717345   84.37698971420589
0.4802834893595659   63.18921839186111   80.39230610543719
0.49436321416184764   59.52491052557247   76.58232942624285
0.5088556923793517   56.044318541618885   72.95658641236237
0.5237730240626238   52.778968126628946   69.52280003845563
0.5391276639805903   49.70695955780514   66.2641680127972
0.5549324320192869   46.79103983008454   63.164214553190256
0.5712005238854289   44.02076741363099   60.21408469296297
0.5879455221237613   41.40664872119084   57.41337862927351
0.6051814074573895   38.94560633662017   54.756094718370825
0.622922570460556   36.61994205349114   52.23128091832262
0.6411838235736077   34.41984021332592   49.83186040065319
0.6599804134701901   32.34448071931103   47.55397483673665
0.6793280337869897   30.389059794450862   45.392188795578114
0.6992428382266549   28.54378612197549   43.33839108837638
0.7197414540448374   26.80442986125757   41.389633649706035
0.7408409959326054   25.16519555713285   39.53943483620878
0.7625590803058332   23.620533065230266   37.78223927470218
0.7849138400134885   22.165451537052054   36.113412614153944
0.8079239394770964   20.795186936671733   34.52853899121792
0.8316085902740278   19.50519455124393   33.02341245813538
0.8559875671776167   18.291141525024493   31.59402858403118
0.8810812246675007   17.148899438777107   30.236576243471145
0.9069105139239728   16.07453407165048   28.947401552792357
0.9334970003205227   15.064285718843545   27.722873584155504
0.960862881429187   14.114576456043986   26.559506164454685
0.9890310055537336   13.22200927070308   25.454011900222543
1.0180248908061487   12.38336030211532   24.403290500137814
1.047868744742366   11.59557130428512   23.404417716911198
1.0785874845736239   10.85574234254959   22.454634961661768
1.1102067579703248   10.1611247245434   21.551338594052396
1.1427529644757777   9.509114197966184   20.69201658823999
1.1762532775476793   8.897244352413809   19.87422148365351
1.210735667245765   8.3231801851046   19.095649752341245
1.246228923584555   7.784711950721157   18.354139591630968
1.2827626805706884   7.279749240442928   17.6476614271513
1.3203674409449337   6.8063152814558645   16.97430910018229
1.3590746016495152   6.362541453238124   16.33229168680864
1.3989164800420282   5.946661803538866   15.7199130749604
1.4399263408778291   5.5570067608428095   15.135486979166657
1.4821384240834183   5.1919995193485   14.577395955721267
1.525587973344019   4.850152107226057   14.044129843270696
1.5703112655292182   4.53006083682564   13.534278122306626
1.6163456409812174   4.230401950954107   13.04652268123097
1.6637295346910133   3.9499274628018077   12.579631161048288
1.7125025083885144   3.6874611809100797   12.132450584876926
1.7627052835733923   3.4418946790468086   11.70387564964858
1.814379775514258   3.2121835569661417   11.292825255203661
1.8675691282445197   2.9973444797727793   10.898287169976951
1.922317750584177   2.7964519212495302   10.519318539553428
1.9786713532176083   2.6086350085898897   10.155040831203703
2.0366769868582977   2.4330745211414837   9.804635194150986
2.0963830815323896   2.2690000369883303   9.467338197764361
2.1578394870138577   2.115687152588298   9.142433171316103
2.2210975144450407   1.972454378022738   8.8292079494334
2.286209979177315   1.8386611514989952   8.526977825306535
2.3532312448676476   1.713705892918154   8.235108654594494
2.4222172688678643   1.5970237656393829   7.953013528194533
2.4932256489445366   1.4880845532973304   7.680149457069358
2.5663156713684585   1.386390650324566   7.416014326296186
2.641548360413907   1.2914751623941165   7.160144176141854
2.7189865293089923   1.20290051469026   6.912132194309206
2.798694832679631   1.1202571212730326   6.671650585452923
2.8807398205309562   1.0431607801601153   6.4383995347210625
2.9651899938111903   0.9712510616371285   6.212098168609022
3.05211586160442   0.90418992971463   5.992483363899289
3.1415899999999994   0.8416604360792236   5.779308628331406
