0.01   4407.7499186833875   4407.50711511165
0.010293154462191829   4476.002631408183   4475.738840739904
0.010594902878253955   4543.487702709079   4543.2007851433955
0.010905497183778876   4610.078959777727   4609.766833261857
0.011225196699963396   4675.644899079155   4675.305440156199
0.011554268350120923   4740.043685864176   4739.674333187965
0.011892986882540897   4803.12852043805   4802.726167641239
0.012241635099881474   4864.749164289178   4864.310160040607
0.012600504095286909   4924.747514210665   4924.26793085886
0.012969893495426888   4982.958863962117   4982.434721316393
0.013350111710660605   5039.216077627999   5038.643361492555
0.013741476192534558   5093.346927086635   5092.721444884687
0.014144313698828986   5145.169484971364   5144.48647327571
0.01455896056637426   5194.499432437059   5193.753490381861
0.014985762991865008   5241.151303072661   5240.336396910205
0.01542507732090645   5284.933192960937   5284.042725308047
0.015877270345534218   5325.650280426469   5324.677137877672
0.016342719610456153   5363.109264310962   5362.045832399155
0.016821813728271667   5397.1152464655015   5395.953249177207
0.017314952703931925   5427.469369536477   5426.1995677038985
0.017822548268711737   5453.976334672641   5452.588517171087
0.01834502422397195   5476.445598414455   5474.928622390367
0.018882816794999403   5494.688830432025   5493.030705607916
0.019436374995219892   5508.523715280953   5506.711676227955
0.02000616100108813   5517.776937990275   5515.79750546549
0.020592650537967844   5522.286105144052   5520.124918756239
0.021196333277324068   5521.901204741064   5519.542798996076
0.02181771324555934   5516.485084320951   5513.912972579395
0.022457309244835088   5505.917057121567   5503.114004943666
0.02311565528622961   5490.102262393703   5487.051090349958
0.023793301035594242   5468.964929377512   5465.6488309378265
0.024490812272480036   5442.44742273364   5438.850119185566
0.025208771362518027   5410.530400993852   5406.636630526993
0.0259477777436476   5373.231323985229   5369.02728706918
0.02670844842659881   5330.586427580172   5326.059906839535
0.027491418510046592   5282.665892020242   5277.806859381815
0.028297341710866907   5229.604718349611   5224.406921748816
0.029126890909937666   5171.56214857801   5166.023360367815
0.029980758713939952   5108.717334761872   5102.839314555354
0.030859658033628758   5041.329692572228   5035.118615086327
0.031764322679055976   4969.711009143485   4963.177614888178
0.03269550797224261   4894.178176745517   4887.337505746233
0.033653991377811755   4815.090499360904   4807.961865442782
0.03464057315210884   4732.889078228347   4725.49628423544
0.03565607701135116   4648.01520221258   4640.386162419348
0.036701350819364466   4560.91481235023   4553.081057571173
0.03777726729548091   4472.157091075089   4464.1530840494715
0.038884724743189276   4382.346681742874   4374.2092262581955
0.04002464780014597   4292.051554724593   4283.8192720608695
0.041197988210172884   4201.783167244193   4193.4931746261755
0.04240572561788674   4111.98858290133   4103.672062964481
0.04364886838662332   4023.0786388005777   4014.760773167306
0.04492845444033957   3935.480404575081   3927.179228852523
0.04624555213019635   3849.843359766478   3841.5624483808847
0.04760126112654554   3766.8440696232115   3758.57109180336
0.04899671333706607   3687.0794446604464   3678.7872505560213
0.05043307385181555   3610.820966162868   3602.466718520268
0.05191154191598653   3538.11149704467   3529.6363814127594
0.053433351931179485   3468.9702319893263   3460.300722573375
0.05499977448602865   3403.234925575589   3394.2859111237676
0.05661211741704101   3340.616808611207   3331.294017159982
0.05827172690053434   3280.811335485344   3271.012882504746
0.05997998857658587   3223.323590189922   3212.9465185451654
0.06173832870592997   3167.60334708204   3156.546550579536
0.0635482153607709   3113.041154275933   3101.2145097393554
0.06541115965050462   3058.8908835620346   3046.231667454793
0.06732871698337338   3004.4031354404747   2990.882063171744
0.06930248836510605   2948.6810491849988   2934.330179611696
0.07133412173562886   2890.8180192748764   2875.7400102897095
0.07342531334496233   2829.876397218486   2814.264346475411
0.07557780916945323   2764.9456979354154   2749.0936248368744
0.07779340636952398   2695.3015141527067   2679.62102376363
0.08007395479015682   2620.4221438499167   2605.449437819064
0.08242135850536496   2540.1909118827716   2526.557493021944
0.08483757740794096   2454.863218818873   2443.263531086886
0.08732462884580919   2365.1960481490087   2356.3459957473215
0.08988458930634863   2272.280221061481   2266.879177996248
0.09251959615009227   2177.5676362136624   2176.2463451988287
0.09523184939525078   2082.6672749038603   2085.940348524829
0.09802361355455057   1989.3265996380342   1997.5376037804122
0.10089721952591899   1899.2132567063022   1912.5017091890634
0.10385506653859616   1813.9943862977564   1832.2336232629327
0.10689962415629803   1735.0963028177837   1757.903405461345
0.11003343433910281   1663.7022450533218   1690.4408343255204
0.11325911356578279   1600.436908498946   1630.215312684457
0.11657935501835284   1545.394242455762   1577.1022117647394
0.11999693083066039   1497.8005266227626   1530.3359757427204
0.12351469440289359   1456.2774122725589   1488.655105053421
0.12713558278394044   1418.79659163275   1450.2373837133766
0.13086261912358757   1383.0175025858653   1413.1084139695777
0.13469891519660646   1346.5476950092789   1375.35896864044
0.13864767400083483   1307.2061132586698   1335.3467793895413
0.14271219243142114   1263.3713956432766   1291.8975287520745
0.14689586403346616   1214.248799704509   1244.54341749357
0.1512021818353596   1160.0539335123847   1193.6667592557444
0.15563474126517718   1102.048226123169   1140.4480597227343
0.16019724315257297   1042.3290027220448   1086.5271761863553
0.1648934968186736   983.5057322960755   1033.880685533557
0.1697274232565544   928.3262557912187   984.5008490603784
0.17470305840495237   879.1804518259479   939.9551807785617
0.17982455651794954   837.4899546072173   901.0170995009414
0.18509619363343993   803.2251250243683   867.4696660630209
0.19052237114327647   774.9110152173023   838.1233557071341
0.19610761946807834   750.1365650179305   811.1570373143207
0.20185660183976684   726.1469062126819   784.7807720391478
0.20777411819498756   700.3037866205214   757.4341242942678
0.21386510918267082   670.7204967492116   728.0277408298143
0.22013466028907505   637.0893502707213   696.6088077763004
0.22658800608375756   600.9301564811893   664.4155691689602
0.23323053459001789   564.8380729009186   632.8977477824604
0.2400677917834628   531.4476773535149   603.5613207358492
0.24710548622244882   502.6852207585618   577.1711180320708
0.25434949381426813   479.122318263944   554.012917218999
0.2618058627210567   459.659223316961   533.0917958224352
0.2694808184095226   442.0213555262174   513.4149829701347
0.27738076884870827   423.76143037075093   493.781095035849
0.2855123098601282   403.3090215955248   473.49781219385346
0.29388223062474755   380.82301585171996   452.7293062822604
0.3024975193514008   357.9687154027093   432.548089159934
0.31136536911138296   336.7877640809613   413.486439665877
0.3204931838440838   318.60071916653817   396.1095703273464
0.32988858453867975   303.3936311781643   380.19044284682946
0.3395594155970457   289.7588092073561   365.2172485506149
0.34951375138319807   276.0030293625432   350.56834272025606
0.3597599029647371   261.2562397678988   335.9199034465752
0.37030642505191835   245.9652053787476   321.6938148200232
0.3811621231401457   231.43551292647066   308.1146065505698
0.3923360608618501   218.62651976083959   295.4202126386552
0.4038375675538918   207.4457372997926   283.5466485853062
0.41567624604680364   196.98284793668893   272.20386982121585
0.42786198068238046   186.37127597436213   261.1714604738271
0.4404049455663077   175.58590697238986   250.4995852104645
0.4533156130627191   165.29274157825932   240.32851189239483
0.4666047625377753   156.01142191050138   230.7125677492801
0.4802834893595659   147.5965969051297   221.59994957137306
0.49436321416184764   139.5020247360914   212.87172883654358
0.5088556923793517   131.47341920974856   204.45532510197583
0.5237730240626238   123.75279464891754   196.408958656139
0.5391276639805903   116.63937557851565   188.78058204035884
0.5549324320192869   110.0603180829773   181.50837406607792
0.5712005238854289   103.75015017102352   174.55061053785423
0.5879455221237613   97.64622955104686   167.88400137153764
0.6051814074573895   91.89694903462406   161.52700403594955
0.622922570460556   86.54852273892855   155.479129124438
0.6411838235736077   81.48385882881583   149.69439001761387
0.6599804134701901   76.64170333643112   144.1581772134209
0.6793280337869897   72.074920006576   138.87480891913057
0.6992428382266549   67.79218248752443   133.8367740119641
0.7197414540448374   63.74420592977012   129.0119878328648
0.7408409959326054   59.9175537755808   124.40017422814952
0.7625590803058332   56.30305960516906   119.99252602297497
0.7849138400134885   52.89170597331216   115.77797603943431
0.8079239394770964   49.67454606316341   111.74613847433942
0.8316085902740278   46.642715849523896   107.88725805158708
0.8559875671776167   43.78685244464367   104.1920625638152
0.8810812246675007   41.097293076849894   100.6517365989125
0.9069105139239728   38.564845595295765   97.25800418779444
0.9334970003205227   36.180799829326176   94.00309747260293
0.960862881429187   33.93690356142377   90.8797223321037
0.9890310055537336   31.825339647021703   87.88102657098912
1.0180248908061487   29.838704237582757   85.00057041504557
1.047868744742366   27.970018496238993   82.2321201897296
1.0785874845736239   26.212767092289223   79.56926225324099
1.1102067579703248   24.560775600897028   77.00590245358434
1.1427529644757777   23.008173899143518   74.53636033755444
1.1762532775476793   21.549384126635612   72.15533990549804
1.210735667245765   20.179108889568358   69.8579027559422
1.246228923584555   18.89231972373226   67.63944340310881
1.2827626805706884   17.684244167836816   65.49564614675296
1.3203674409449337   16.550338169199218   63.42224936806869
1.3590746016495152   15.486287267010402   61.41514167100124
1.3989164800420282   14.488009762876235   59.470510487038865
1.4399263408778291   13.551645707724086   57.58482485552231
1.4821384240834183   12.673546086927306   55.754816851928155
1.525587973344019   11.85026244383764   53.97746448744284
1.5703112655292182   11.078536937018159   52.249976142543524
1.6163456409812174   10.355293581684707   50.5698014450386
1.6637295346910133   9.677629572516052   48.93463767511741
1.7125025083885144   9.042804916458863   47.34236765493489
1.7627052835733923   8.448233965244283   45.7910424161795
1.814379775514258   7.891477510560931   44.278870883409134
1.8675691282445197   7.370235225166694   42.80421019783777
1.922317750584177   6.882338439189686   41.36555661503059
1.9786713532176083   6.425742770826387   39.9615482277846
2.0366769868582977   5.998519215504338   38.59101667498673
2.0963830815323896   5.598850428650443   37.25292538647632
2.1578394870138577   5.225025999275305   35.94633030833781
2.2210975144450407   4.875436571859378   34.67037365567363
2.286209979177315   4.548568257839848   33.4242780074831
2.3532312448676476   4.242997328240687   32.20734062646692
2.4222172688678643   3.957385246849525   31.018936738527064
2.4932256489445366   3.6904761000385125   29.858794922598367
2.5663156713684585   3.4410917808071337   28.72700130670337
2.641548360413907   3.2081245897697723   27.62362072460891
2.7189865293089923   2.990533176317201   26.548674433471607
2.798694832679631   2.787338865948233   25.502141605362006
2.8807398205309562   2.597622166732371   24.48396086943763
2.9651899938111903   2.420519448084916   23.494031898492334
3.05211586160442   2.255217299379882   22.53216169317315
3.1415899999999994   2.100943670431786   21.597923932696585
