0.01   12327.995400698559   12320.548267919154
0.010293154462191829   12509.796227991767   12501.615451654327
0.010594902878253955   12689.035987573136   12680.050880988825
0.010905497183778876   12865.357339229115   12855.491387001197
0.011225196699963396   13038.393665932159   13027.564468910798
0.011554268350120923   13207.767287636625   13195.886210307357
0.011892986882540897   13373.076876227296   13360.047443963575
0.012241635099881474   13533.909071778999   13519.626431312357
0.012600504095286909   13689.843956697574   13674.194839968322
0.012969893495426888   13840.443455385659   13823.305863820187
0.013350111710660605   13985.251042145837   13966.493954190746
0.013741476192534558   14123.806195642454   14103.289682382108
0.014144313698828986   14255.641512291004   14233.21617087858
0.01455896056637426   14380.269713168815   14355.77398399675
0.014985762991865008   14497.199807027304   14470.459532680254
0.01542507732090645   14605.942764151938   14576.771488981234
0.015877270345534218   14705.998710231564   14674.19727704738
0.016342719610456153   14796.861069307677   14762.217459168938
0.016821813728271667   14878.031837015726   14840.32186013266
0.017314952703931925   14949.019626487581   14908.006627204919
0.017822548268711737   15009.332567229572   14964.765020723042
0.01834502422397195   15058.492973438635   15010.10500990457
0.018882816794999403   15096.042696872315   15043.555332888938
0.019436374995219892   15121.542789560588   15064.664091246377
0.02000616100108813   15134.577737445383   15073.003638676706
0.020592650537967844   15134.761031469698   15068.177297368207
0.021196333277324068   15121.744948375472   15049.829512161421
0.02181771324555934   15095.232115570934   15017.657785314681
0.022457309244835088   15054.965145323133   14971.402229607165
0.02311565528622961   15000.73216318103   14910.851582193143
0.023793301035594242   14932.410039907892   14835.889382193182
0.024490812272480036   14849.94435818562   14746.472436962795
0.025208771362518027   14753.326663674387   14642.606450307143
0.0259477777436476   14642.643394727897   14524.399801405527
0.02670844842659881   14518.113443649823   14392.104612850722
0.027491418510046592   14380.00734999326   14246.027486331262
0.028297341710866907   14228.660498600311   14086.54283026316
0.029126890909937666   14064.607896562724   13914.23476541812
0.029980758713939952   13888.4812983487   13729.787877638284
0.030859658033628758   13700.938191032279   13533.911998081185
0.031764322679055976   13502.777585335309   13327.466348557156
0.03269550797224261   13294.978994076522   13111.500695245151
0.033653991377811755   13078.527254390727   12887.066790765506
0.03464057315210884   12854.45881485949   12655.262465161186
0.03565607701135116   12624.128250148384   12417.49419910494
0.036701350819364466   12388.947288607937   12175.217802216626
0.03777726729548091   12150.260479218161   11929.815651029985
0.038884724743189276   11909.345719897558   11682.608818507177
0.04002464780014597   11667.411454262965   11434.854850018632
0.041197988210172884   11425.589030098343   11187.726629398383
0.04240572561788674   11185.064298679628   10942.423633130104
0.04364886838662332   10947.465486717536   10700.501134479773
0.04492845444033957   10714.420972109587   10463.494138049915
0.04624555213019635   10487.409371321191   10232.78829367575
0.04760126112654554   10267.576743529049   10009.415113864829
0.04899671333706607   10055.78435501316   9794.10519840131
0.05043307385181555   9852.803376992893   9587.505194973048
0.05191154191598653   9658.914506291967   9389.792553394896
0.053433351931179485   9473.539508960155   9200.322191150935
0.05499977448602865   9296.036638466912   9018.394995400427
0.05661211741704101   9125.551991557933   8843.129177866891
0.05827172690053434   8960.771386077226   8673.236930761544
0.05997998857658587   8800.394614664405   8507.455623906713
0.06173832870592997   8642.920814760571   8344.388207880525
0.0635482153607709   8486.634336683057   8182.492973221121
0.06541115965050462   8329.840102750597   8020.279977616004
0.06732871698337338   8170.50856700902   7856.0900303903
0.06930248836510605   8006.606804699946   7688.306401958001
0.07133412173562886   7835.976982029549   7515.308151489028
0.07342531334496233   7656.388344467074   7335.501508760409
0.07557780916945323   7465.931834856193   7147.665861571315
0.07779340636952398   7263.099241962198   6951.089754884115
0.08007395479015682   7047.106650603499   6745.579362272783
0.08242135850536496   6818.384766009347   6531.791585514922
0.08483757740794096   6578.2689780855735   6311.145775952829
0.08732462884580919   6329.4600782538   6086.328789203969
0.08988458930634863   6075.334769763877   5860.210051423554
0.09251959615009227   5819.98630169197   5635.749492981727
0.09523184939525078   5567.646488988943   5416.031786282143
0.09802361355455057   5322.491894754039   5204.089930394873
0.10089721952591899   5088.562751679513   5002.453523615052
0.10385506653859616   4869.390877570048   4813.177004364417
0.10689962415629803   4667.970212091573   4637.737014700215
0.11003343433910281   4486.4844098663   4477.0242530195255
0.11325911356578279   4325.517678852876   4330.756029277001
0.11657935501835284   4184.219391932093   4197.756305177717
0.11999693083066039   4059.5205902938965   4075.511854804899
0.12351469440289359   3946.8924233133343   3960.868825271144
0.12713558278394044   3840.6314619697   3850.2669788787653
0.13086261912358757   3734.74654088603   3740.3865421573473
0.13469891519660646   3623.774313349045   3628.5399377010203
0.13864767400083483   3503.3941847967085   3512.9553642590827
0.14271219243142114   3371.2134490949998   3392.8898446429953
0.14689586403346616   3227.14488240535   3268.799281117822
0.1512021818353596   3073.5482938081905   3142.462214873244
0.15563474126517718   2914.946120050893   3016.8074445516595
0.16019724315257297   2757.117374610302   2894.438909740287
0.1648934968186736   2606.2824620764186   2777.9593116960473
0.1697274232565544   2468.2692494358316   2669.501065648507
0.17470305840495237   2347.419921317271   2569.8168558550515
0.17982455651794954   2245.136313465898   2479.065144846228
0.18509619363343993   2159.0230552079447   2395.665125286207
0.19052237114327647   2083.6895057850375   2316.9562512744787
0.19610761946807834   2012.6624166724985   2240.7243099268226
0.20185660183976684   1939.908881595077   2165.0237287838277
0.20777411819498756   1860.6644047700158   2088.82351753191
0.21386510918267082   1772.726526618051   2012.7625250956278
0.22013466028907505   1677.9648189488353   1937.0175285361845
0.22658800608375756   1581.7946057757674   1863.1329322412223
0.23323053459001789   1490.4287640491812   1792.8992349110245
0.2400677917834628   1408.5914930371255   1726.779685254205
0.24710548622244882   1338.5441571552071   1664.980411082632
0.25434949381426813   1279.2341522007723   1606.8966641030431
0.2618058627210567   1226.4224242055984   1551.293786836959
0.2694808184095226   1174.7460401548553   1497.4733372275418
0.27738076884870827   1120.048986655395   1445.1453202381829
0.2855123098601282   1061.150545821911   1393.6412858030078
0.29388223062474755   1000.5658899207291   1343.7350288344057
0.3024975193514008   942.5727707024515   1296.1606137516396
0.31136536911138296   890.4575216038836   1250.8542517741469
0.3204931838440838   845.2147638548583   1207.6979323828232
0.32988858453867975   804.990898920497   1166.685853990628
0.3395594155970457   766.2932067242378   1127.2659125558082
0.34951375138319807   726.6794323615917   1088.9940472295884
0.3597599029647371   686.0625495942166   1052.128818835045
0.37030642505191835   646.4331909705894   1016.6827451889593
0.3811621231401457   610.0819983082212   982.8015820354659
0.3923360608618501   577.5373675572844   950.5289364593815
0.4038375675538918   547.5393018560188   919.6519549117565
0.41567624604680364   518.3482397285021   889.9248670196032
0.42786198068238046   489.2527790218768   861.2630218297459
0.4404049455663077   461.04176627711155   833.6824044932282
0.4533156130627191   434.82347240480584   807.304044755942
0.4666047625377753   410.7502757056752   782.0828498272028
0.4802834893595659   388.0688498615659   757.8886229526113
0.49436321416184764   366.0759252079279   734.5576411042524
0.5088556923793517   344.86082867901797   712.0831012025254
0.5237730240626238   324.913205804006   690.5197061152485
0.5391276639805903   306.33365343832673   669.844669720689
0.5549324320192869   288.7605435588058   649.9500864726365
0.5712005238854289   271.93289866761404   630.7421713447761
0.5879455221237613   255.95406525056364   612.2409895564876
0.6051814074573895   240.95474239879286   594.446733201939
0.622922570460556   226.82189729528886   577.2986188191945
0.6411838235736077   213.40228189564976   560.7178776389043
0.6599804134701901   200.6972229761615   544.7070588019471
0.6793280337869897   188.73733350606938   529.2531957290736
0.6992428382266549   177.45296279115558   514.2950956448475
0.7197414540448374   166.7888482903695   499.8231862654719
0.7408409959326054   156.72738598458233   485.80014665901876
0.7625590803058332   147.2384373427804   472.19833177451466
0.7849138400134885   138.29187503025793   458.9929854383459
0.8079239394770964   129.85898784480653   446.16106786132656
0.8316085902740278   121.91242556789562   433.68114913088607
0.8559875671776167   114.4261452292987   421.5333107975947
0.8810812246675007   107.37539677242248   409.69855971131165
0.9069105139239728   100.73673032510555   398.1578694412225
0.9334970003205227   94.4878343811328   386.89343328023494
0.960862881429187   88.60747000721936   375.88886477524017
0.9890310055537336   83.07542939213043   365.12911864668087
1.0180248908061487   77.87249523836756   354.60041760841017
1.047868744742366   72.98040104249252   344.29018441023715
1.0785874845736239   68.38179048289453   334.187026819049
1.1102067579703248   64.06015730237412   324.281299906668
1.1427529644757777   59.999821922070936   314.5647857296539
1.1762532775476793   56.18591586661348   305.0301046018673
1.210735667245765   52.60434588721633   295.67065832948884
1.246228923584555   49.24175879505223   286.4805882763322
1.2827626805706884   46.085507504980136   277.45473492983785
1.3203674409449337   43.12361827518659   268.5885996183786
1.3590746016495152   40.344757697077064   259.8790291825768
1.3989164800420282   37.738200303221134   251.3253334834299
1.4399263408778291   35.29380339557106   242.92734925516703
1.4821384240834183   33.00197948300832   234.685041053498
1.525587973344019   30.8536690393593   226.59848382392974
1.5703112655292182   28.840314365169245   218.66784576602674
1.6163456409812174   26.95383452586202   210.89337151644784
1.6637295346910133   25.18660099751123   203.27551388257518
1.7125025083885144   23.531410802302503   195.81667694479606
1.7627052835733923   21.981467038728784   188.5203188403919
1.814379775514258   20.530361235060415   181.38944548272306
1.8675691282445197   19.17205302174293   174.4265922760662
1.922317750584177   17.900850664638373   167.63383943037016
1.9786713532176083   16.711392503275178   161.01282807019638
2.0366769868582977   15.59862925775342   154.56477760487206
2.0963830815323896   14.557805270777557   148.2908311991345
2.1578394870138577   13.584440092704781   142.1925381084679
2.2210975144450407   12.674318470441879   136.27102232116718
2.286209979177315   11.823476489711549   130.52685763510644
2.3532312448676476   11.028187492404447   124.96010242029132
2.4222172688678643   10.284948716766431   119.57033430224334
2.4932256489445366   9.590468628089283   114.35668457100351
2.5663156713684585   8.941655434976298   109.31789807372611
2.641548360413907   8.33561126696188   104.4526505488518
2.7189865293089923   7.769617488989536   99.75941707763796
2.798694832679631   7.241119789892575   95.23626918613404
2.8807398205309562   6.7477188679386515   90.88090979063458
2.9651899938111903   6.287161674372365   86.6907114139777
3.05211586160442   5.857333099459866   82.66275289397574
3.1415899999999994   5.45624806372438   78.79385347838537
