0.01   10539.99792687069   10538.88014866017
0.010293154462191829   10642.001612706692   10640.81157251788
0.010594902878253955   10739.528954463185   10738.26277491419
0.010905497183778876   10832.277411091009   10830.930679865656
0.011225196699963396   10919.935080618901   10918.501235823314
0.011554268350120923   11002.191127502643   11000.661365114622
0.011892986882540897   11078.731721128535   11077.095608061873
0.012241635099881474   11149.231079420035   11147.478375792502
0.012600504095286909   11213.365313700464   11211.486340394162
0.012969893495426888   11270.815252690782   11268.80082081559
0.013350111710660605   11321.253575996825   11319.093519411592
0.013741476192534558   11364.351478149094   11362.033679681806
0.014144313698828986   11399.790390791874   11397.300793096063
0.01455896056637426   11427.256454441198   11424.57934029117
0.014985762991865008   11446.43289305153   11443.551480043168
0.01542507732090645   11457.016552043984   11453.913148694752
0.015877270345534218   11458.720635800732   11455.376662243387
0.016342719610456153   11451.263551742462   11447.658954820421
0.016821813728271667   11434.378033151077   11430.491045615641
0.017314952703931925   11407.821210279757   11403.628496678419
0.017822548268711737   11371.373980030105   11366.85047272112
0.01834502422397195   11324.840839394714   11319.959330676977
0.018882816794999403   11268.05681843747   11262.788137963691
0.019436374995219892   11200.891222005348   11195.204632058982
0.02000616100108813   11123.256362736189   11117.120714286155
0.020592650537967844   11035.104479240556   11028.488873489685
0.021196333277324068   10936.426114943504   10929.300210097732
0.02181771324555934   10827.271072148975   10819.605776706818
0.022457309244835088   10707.75768112748   10699.52600510231
0.02311565528622961   10578.045150205844   10569.222506468835
0.023793301035594242   10438.344741428225   10428.909813506774
0.024490812272480036   10288.978913303867   10278.91724036347
0.025208771362518027   10130.327646748205   10119.6327092253
0.0259477777436476   9962.803057115414   9951.47611593962
0.02670844842659881   9786.926785756657   9774.977837297067
0.027491418510046592   9603.336137738137   9590.784893788246
0.028297341710866907   9412.682951739733   9399.558265014282
0.029126890909937666   9215.666380134919   9202.006368446933
0.029980758713939952   9013.164414626548   8999.019223019437
0.030859658033628758   8806.081155737093   8791.512612203911
0.031764322679055976   8595.297411201558   8580.377536303244
0.03269550797224261   8381.823717500976   8366.632463080528
0.033653991377811755   8166.772258922697   8151.395322226336
0.03464057315210884   7951.186551810108   7935.714020877773
0.03565607701135116   7736.098383517013   7720.621892648508
0.036701350819364466   7522.67610289828   7507.282426474226
0.03777726729548091   7312.024762711399   7296.7944030569615
0.038884724743189276   7105.143493578401   7090.150112592822
0.04002464780014597   6903.028470100401   6888.330551011178
0.041197988210172884   6706.642182956686   6692.277663983569
0.04240572561788674   6516.831068712834   6502.819127190796
0.04364886838662332   6334.306031730487   6320.640020420121
0.04492845444033957   6159.611248707513   6146.237385992348
0.04624555213019635   5993.200823535328   5980.019281715339
0.04760126112654554   5835.439944640886   5822.309875284326
0.04899671333706607   5686.3923001695   5673.13772979787
0.05043307385181555   5545.943837169494   5532.358079855296
0.05191154191598653   5413.9627227597975   5399.811262604196
0.053433351931179485   5289.688037778108   5274.7246730965335
0.05499977448602865   5171.540885600357   5155.52849783724
0.05661211741704101   5058.008833771421   5040.721212362937
0.05827172690053434   4947.789297616849   4929.021769872063
0.05997998857658587   4839.80993599181   4819.3937926627395
0.06173832870592997   4733.065480182078   4710.871864194433
0.0635482153607709   4626.160965496156   4602.15807393212
0.06541115965050462   4517.457139489575   4491.750715585688
0.06732871698337338   4405.36490017288   4378.21724966721
0.06930248836510605   4288.089402474021   4260.00576404903
0.07133412173562886   4164.013183724412   4135.739954057038
0.07342531334496233   4032.0568639987023   4004.576228731966
0.07557780916945323   3891.60839084391   3866.1121064388726
0.07779340636952398   3743.0089692674032   3720.8240435298
0.08007395479015682   3587.628632403998   3570.1374633383098
0.08242135850536496   3427.334239769371   3415.8840456283097
0.08483757740794096   3264.594144324991   3260.398057444855
0.08732462884580919   3102.031806166069   3106.086817301529
0.08988458930634863   2942.454860360114   2955.455935622186
0.09251959615009227   2788.503636544561   2810.7733936216787
0.09523184939525078   2642.6303268898846   2674.064241100097
0.09802361355455057   2507.2140874432835   2547.213778708241
0.10089721952591899   2384.3070610779396   2431.773665285665
0.10385506653859616   2275.297151401558   2328.602318027346
0.10689962415629803   2180.828667117097   2237.949248852022
0.11003343433910281   2099.856283194135   2158.664723736257
0.11325911356578279   2030.5245613578245   2088.968431289246
0.11657935501835284   1969.5114618552439   2025.968187847131
0.11999693083066039   1913.1953892719941   1966.646220340834
0.12351469440289359   1857.7099560126526   1907.96656074003
0.12713558278394044   1799.6097461072725   1847.3774166180651
0.13086261912358757   1736.1035551976017   1782.93637103012
0.13469891519660646   1665.6229552522755   1713.6643303461683
0.13864767400083483   1588.0250575907328   1639.8292577757863
0.14271219243142114   1504.6397558071048   1562.8906319006742
0.14689586403346616   1417.975783854394   1484.7385416015804
0.1512021818353596   1331.2250984653008   1407.6177938234134
0.15563474126517718   1247.9918551765477   1334.0331242214586
0.16019724315257297   1172.0345898995322   1266.4618155026574
0.1648934968186736   1106.2672110421615   1206.4202792645044
0.1697274232565544   1051.578396608315   1154.2486266424805
0.17470305840495237   1006.5389141928918   1108.7427642034631
0.17982455651794954   968.1659865532322   1067.5405120259425
0.18509619363343993   933.1685304332864   1028.6850545649884
0.19052237114327647   898.2842948109845   990.2832096060282
0.19610761946807834   860.4085055145327   950.7054124484076
0.20185660183976684   817.815056926017   909.127033789743
0.20777411819498756   771.387168887675   866.4268872540265
0.21386510918267082   723.8080932986904   824.3287166913308
0.22013466028907505   678.0736679265993   784.167684719251
0.22658800608375756   636.7046958517655   747.0469606087229
0.23323053459001789   601.2717287688371   713.6381570264109
0.2400677917834628   571.5661646453962   683.4143654589952
0.24710548622244882   545.7556883124995   655.3629292537196
0.25434949381426813   521.3825925630356   628.457408893077
0.2618058627210567   496.1453770809036   601.9676360178985
0.2694808184095226   469.0594586275331   575.4031073409553
0.27738076884870827   441.0832428166265   549.4133672182047
0.2855123098601282   413.93312574507604   524.5724773901719
0.29388223062474755   389.1094478766621   501.19872170232827
0.3024975193514008   367.4283874343111   479.5368200496046
0.31136536911138296   348.32686301003065   459.27899934411124
0.3204931838440838   330.4228732612611   439.94173692611434
0.32988858453867975   312.607252380737   421.27541989458945
0.3395594155970457   294.5125358770629   403.16721414867266
0.34951375138319807   276.7479642532186   385.8244479754545
0.3597599029647371   260.22058190016867   369.3808236511058
0.37030642505191835   245.2555713109499   353.8717672264047
0.3811621231401457   231.5699396782454   339.17228271604375
0.3923360608618501   218.54648660685052   325.1516821480322
0.4038375675538918   205.7965320522627   311.69564395780696
0.41567624604680364   193.4565438498808   298.8429385131381
0.42786198068238046   181.87086655013516   286.6270461613177
0.4404049455663077   171.16357881001062   275.0383169856944
0.4533156130627191   161.15544946397588   264.0037000369912
0.4666047625377753   151.61315365083317   253.47715469602812
0.4802834893595659   142.47428266134443   243.42865238904358
0.49436321416184764   133.85372908824522   233.8586107149046
0.5088556923793517   125.79450452231286   224.7574116244429
0.5237730240626238   118.22175707820602   216.08586506071887
0.5391276639805903   111.04388104020205   207.8152343226222
0.5549324320192869   104.25135251461879   199.9308787427429
0.5712005238854289   97.86640049448584   192.4167348922126
0.5879455221237613   91.86670335849854   185.2554388043732
0.6051814074573895   86.20842113599979   178.4243132579388
0.622922570460556   80.87115028713515   171.90330631640313
0.6411838235736077   75.8516706625485   165.68152960771943
0.6599804134701901   71.13117430675933   159.74531580039334
0.6793280337869897   66.68843935077815   154.0764746673247
0.6992428382266549   62.508500433585354   148.6594972201967
0.7197414540448374   58.57844982609395   143.48294804950135
0.7408409959326054   54.88487629222342   138.53459493931683
0.7625590803058332   51.41426769519028   133.80155729562514
0.7849138400134885   48.153825155522455   129.27175961865814
0.8079239394770964   45.09144194325841   124.93390024274719
0.8316085902740278   42.21566869475569   120.7773965759218
0.8559875671776167   39.51568021854279   116.79233462102599
0.8810812246675007   36.981243826834614   112.96942241665958
0.9069105139239728   34.60270121749868   109.2998439174386
0.9334970003205227   32.37099550971549   105.77470857708903
0.960862881429187   30.277580602452783   102.38548572421954
0.9890310055537336   28.314365925411824   99.12422654158242
1.0180248908061487   26.473695384207115   95.98352263495578
1.047868744742366   24.748327086226343   92.95646753408631
1.0785874845736239   23.13141377482976   90.03662137263854
1.1102067579703248   21.61648396528279   87.21797844228577
1.1427529644757777   20.19741717841763   84.4948305762846
1.1762532775476793   18.86841383543725   81.86150801688046
1.210735667245765   17.6240005082479   79.31267639160569
1.246228923584555   16.459017907195648   76.84339043223896
1.2827626805706884   15.368604226481699   74.44906789882248
1.3203674409449337   14.348179272553601   72.12546564012573
1.3590746016495152   13.393429345853395   69.86865757973403
1.3989164800420282   12.500292854800774   67.6750144148369
1.4399263408778291   11.664947438282375   65.54118255672236
1.4821384240834183   10.883797358037688   63.46406512106933
1.525587973344019   10.153459429999598   61.44081029435633
1.5703112655292182   9.470751151064038   59.468796888414815
1.6163456409812174   8.832679605186266   57.545620373421976
1.6637295346910133   8.236430921796591   55.66907981880312
1.7125025083885144   7.679360263563721   53.83716564355829
1.7627052835733923   7.158982280972751   52.048054916230726
1.814379775514258   6.672961097842705   50.300276994034334
1.8675691282445197   6.219102003108804   48.59269136182356
1.922317750584177   5.7953446127888375   46.924264649454734
1.9786713532176083   5.3997551570494275   45.294052870281696
2.0366769868582977   5.030519114846494   43.70119527455778
2.0963830815323896   4.685934245690639   42.144908422018354
2.1578394870138577   4.364403999445427   40.62448045723458
2.2210975144450407   4.06443120174565   39.1392867444574
2.286209979177315   3.7846113517949496   37.68900004721503
2.3532312448676476   3.5236276721249387   36.273459872921
2.4222172688678643   3.2802465114959154   34.89249912074155
2.4932256489445366   3.05331232916085   33.54594006608093
2.5663156713684585   2.8417429547997757   32.233593302843595
2.641548360413907   2.6445251206972014   30.955256773559274
2.7189865293089923   2.4607102516568804   29.710714888702995
2.798694832679631   2.2894107562506694   28.49979397780604
2.8807398205309562   2.129797398386162   27.32261941977598
2.9651899938111903   1.9810944509450938   26.17935315467294
3.05211586160442   1.8425758306600466   25.070063468928048
3.1415899999999994   1.7135620738719346   23.99473038135547
