0.01   232.30229556990798   232.3022994952885
0.010293154462191829   233.6253824658749   233.62538433040606
0.010594902878253955   234.8051323545432   234.80513025232906
0.010905497183778876   235.83430082161493   235.83429429480347
0.011225196699963396   236.705820371863   236.70581072580188
0.011554268350120923   237.4128020224082   237.412792213047
0.011892986882540897   237.94792163202715   237.94791457353057
0.012241635099881474   238.3036837518968   238.30368114426633
0.012600504095286909   238.47294093702092   238.4729432276
0.012969893495426888   238.44868867650572   238.44869525049455
0.013350111710660605   238.22377717074025   238.22378680460474
0.013741476192534558   237.7914941221469   237.79150505320533
0.014144313698828986   237.14564529103757   237.14565535510047
0.01455896056637426   236.28010246156097   236.28011024449953
0.014985762991865008   235.18914333318193   235.18914877183494
0.01542507732090645   233.86781989437088   233.86782424389978
0.015877270345534218   232.3117402108565   232.3117445325106
0.016342719610456153   230.51691876495454   230.51692132209928
0.016821813728271667   228.48030817956578   228.48030426443947
0.017314952703931925   226.1998623449003   226.1998448625219
0.017822548268711737   223.67430745937756   223.67427009095042
0.01834502422397195   220.90340736950088   220.90334582732427
0.018882816794999403   217.88815828671076   217.88807023538666
0.019436374995219892   214.6310159608279   214.6308995628946
0.02000616100108813   211.13598384898935   211.13583587019568
0.020592650537967844   207.40836814547222   207.40818394609002
0.021196333277324068   203.4549882278624   203.45476231218268
0.02181771324555934   199.28505761381618   199.28478573811148
0.022457309244835088   194.9092816101646   194.9089613686868
0.02311565528622961   190.33949297776854   190.33912372635015
0.023793301035594242   185.59026890439594   185.5898521647866
0.024490812272480036   180.67879512380475   180.6783349495005
0.025208771362518027   175.6227921029433   175.62229483622355
0.0259477777436476   170.44143958146336   170.44091389308613
0.02670844842659881   165.15826655194962   165.15772433931997
0.027491418510046592   159.7971972293606   159.79665338828488
0.028297341710866907   154.38156152585077   154.38103345500514
0.029126890909937666   148.9385624731502   148.93807069746765
0.029980758713939952   143.4976387013292   143.49720714416856
0.030859658033628758   138.0858083730963   138.08546355548808
0.031764322679055976   132.73005460096945   132.72982443472642
0.03269550797224261   127.46166992135633   127.4615818704091
0.033653991377811755   122.30911022361641   122.30919076747828
0.03464057315210884   117.29722155844225   117.29749579151338
0.03565607701135116   112.45356284707037   112.45405196719761
0.036701350819364466   107.80524056089168   107.80596075390812
0.03777726729548091   103.3743092152062   103.3752724206375
0.038884724743189276   99.17892368777736   99.18013615823104
0.04002464780014597   95.23464123739272   95.23609976454271
0.041197988210172884   91.55351307950711   91.55520615669876
0.04240572561788674   88.14470841753676   88.14661677595582
0.04364886838662332   85.01663811183417   85.01872635268808
0.04492845444033957   82.17655635965744   82.17877041405895
0.04624555213019635   79.62967991320012   79.63194964800795
0.04760126112654554   77.3625174990693   77.36476173048999
0.04899671333706607   75.34277794988242   75.34490879678903
0.05043307385181555   73.54071269240532   73.54263559874457
0.05191154191598653   71.92829894107118   71.92991208146577
0.053433351931179485   70.47855109724388   70.4797447823885
0.05499977448602865   69.16574655417615   69.16640392621697
0.05661211741704101   67.952928860061   67.95293537718288
0.05827172690053434   66.7971083134211   66.79635820755024
0.05997998857658587   65.65286147825218   65.65126564147494
0.06173832870592997   64.46237171058972   64.45988003021318
0.0635482153607709   63.16892798373956   63.165535682962215
0.06541115965050462   61.7175605772564   61.7133227128879
0.06732871698337338   60.05836920216234   60.05340728984274
0.06930248836510605   58.15858715395121   58.153095004576564
0.07133412173562886   56.00382650197604   55.998070671207984
0.07342531334496233   53.60169365546363   53.59598634979492
0.07557780916945323   50.98396727935926   50.97863359674203
0.07779340636952398   48.19391652874074   48.1892894175978
0.08007395479015682   45.2847403977625   45.281156587152125
0.08242135850536496   42.32274344775316   42.320499544094574
0.08483757740794096   39.38160107362576   39.38092098690439
0.08732462884580919   36.54039678041581   36.541413691929506
0.08988458930634863   33.87540875516526   33.87814013705305
0.09251959615009227   31.463925825274387   31.4682050691602
0.09523184939525078   29.362640014053838   29.368150746641543
0.09802361355455057   27.60696400692198   27.613257930509523
0.10089721952591899   26.207582198944433   26.21411033256015
0.10385506653859616   25.14153207049348   25.147656334840818
0.10689962415629803   24.36595234696134   24.371022153468868
0.11003343433910281   23.815706055522437   23.819152636720244
0.11325911356578279   23.409999310882206   23.41137166071944
0.11657935501835284   23.057779333842156   23.056806406815596
0.11999693083066039   22.662162313709192   22.658874307008126
0.12351469440289359   22.13646933825917   22.131207067550445
0.12713558278394044   21.414650632253945   21.408040815780605
0.13086261912358757   20.464652176106757   20.457583900403236
0.13469891519660646   19.291849288612994   19.285340856173562
0.13864767400083483   17.94286729124567   17.937917755447216
0.14271219243142114   16.505740725707472   16.503166496581667
0.14689586403346616   15.09879867057793   15.098916417924414
0.1512021818353596   13.835028400672059   13.83758855959826
0.15563474126517718   12.790347702946024   12.794663832721227
0.16019724315257297   11.992861693457352   11.997922396633559
0.1648934968186736   11.43287885073225   11.437473561809748
0.1697274232565544   11.071597065479677   11.074646054664885
0.17470305840495237   10.83293997682385   10.833583237011918
0.17982455651794954   10.611899102324275   10.609941303750695
0.18509619363343993   10.308666768773845   10.304652336968726
0.19052237114327647   9.866334022614218   9.86133364445729
0.19610761946807834   9.27938338205569   9.274717596753392
0.20185660183976684   8.589090651284833   8.586052741245725
0.20777411819498756   7.876646498285336   7.875843600569598
0.21386510918267082   7.2329341661307485   7.234183696800223
0.22013466028907505   6.719789572120644   6.722209403073068
0.22658800608375756   6.355067455538113   6.357286328348982
0.23323053459001789   6.109619456509876   6.11050836834505
0.2400677917834628   5.914210030760978   5.913187141268795
0.24710548622244882   5.695736151657599   5.693097933888591
0.25434949381426813   5.411015906600231   5.407800348004718
0.2618058627210567   5.056898451188538   5.054295353989828
0.2694808184095226   4.673883327345204   4.672700471711011
0.27738076884870827   4.322385555497439   4.322516425058702
0.2855123098601282   4.041008731484649   4.041654134333966
0.29388223062474755   3.8317527270299347   3.8318831285975254
0.3024975193514008   3.6633645155482135   3.6623368340052207
0.31136536911138296   3.4908275171754353   3.4888766606822945
0.3204931838440838   3.289447303384734   3.287361535374714
0.32988858453867975   3.067018496693015   3.065530589048745
0.3395594155970457   2.8516009059508205   2.850879888978887
0.34951375138319807   2.668829989515199   2.6684022444560203
0.3597599029647371   2.5207952355210996   2.5200152340016087
0.37030642505191835   2.3884010225210073   2.3870153720346954
0.3811621231401457   2.2519630762696683   2.2502919733466467
0.3923360608618501   2.1076480337790993   2.106204333609317
0.4038375675538918   1.9676944543527264   1.9666144596427748
0.41567624604680364   1.8439626702060068   1.8429826881750588
0.42786198068238046   1.7363886251588594   1.7351770111924356
0.4404049455663077   1.6347337469106333   1.63327582415444
0.4533156130627191   1.5329222014982797   1.531480199559679
0.4666047625377753   1.4338413007049045   1.4325584051200728
0.4802834893595659   1.3432640779655476   1.3420232268408536
0.49436321416184764   1.2612898733771036   1.2599410173383474
0.5088556923793517   1.1836378272317112   1.1822001192579545
0.5237730240626238   1.1084319388262749   1.107020325177463
0.5391276639805903   1.0375432561963995   1.0361781125332366
0.5549324320192869   0.9722673331719396   0.970868097671341
0.5712005238854289   0.9111703014294142   0.909723758596587
0.5879455221237613   0.8530327312397945   0.8515851439649293
0.6051814074573895   0.7983207259424913   0.7968852493099341
0.622922570460556   0.7473812617010226   0.7459285569698679
0.6411838235736077   0.6995832360680427   0.6981137187420212
0.6599804134701901   0.6546530390888413   0.6531738708612937
0.6793280337869897   0.6124462109380707   0.6109627902124324
0.6992428382266549   0.5728224859352571   0.5713387607573853
0.7197414540448374   0.5356460140139834   0.5341647537292858
0.7408409959326054   0.5007855440256261   0.49930857288438196
0.7625590803058332   0.46811455951177555   0.46664295619514123
0.7849138400134885   0.43751073141021973   0.4360450518854425
0.8079239394770964   0.4088502639818759   0.40739121809145834
0.8316085902740278   0.3820123714753702   0.38056110693153117
0.8559875671776167   0.3568836444212319   0.355441643047678
0.8810812246675007   0.3333576562715957   0.3319266405072484
0.9069105139239728   0.311334532162879   0.30991638559700546
0.9334970003205227   0.29072054475042153   0.28931724504984474
0.960862881429187   0.27142775884470255   0.27004132233062955
0.9890310055537336   0.25337439997584865   0.2520068580531487
1.0180248908061487   0.23648443169936736   0.23513781181076562
1.047868744742366   0.22068623167745624   0.2193625139878583
1.0785874845736239   0.2059123027186902   0.20461338379818272
1.1102067579703248   0.1920990584407636   0.19082672280951712
1.1427529644757777   0.17918661820719173   0.17794251668262806
1.1762532775476793   0.1671186108350593   0.1659042447960767
1.210735667245765   0.15584189614109603   0.154658629863853
1.246228923584555   0.14530628803446527   0.14415539024164262
1.2827626805706884   0.1354646214425761   0.13434725048208157
1.3203674409449337   0.12627261586454   0.12518980118926681
1.3590746016495152   0.11768870765371464   0.1166413369338338
1.3989164800420282   0.10967389141939142   0.10866270241566482
1.4399263408778291   0.10219157009686969   0.10121714652592675
1.4821384240834183   0.09520741768404536   0.09427018548580517
1.525587973344019   0.08868926241930107   0.08778947753121742
1.5703112655292182   0.08260693885399219   0.08174469131268432
1.6163456409812174   0.0769321604754683   0.07610738552594179
1.6637295346910133   0.07163840839172134   0.07085089805047882
1.7125025083885144   0.06670082618336202   0.06595024103358815
1.7627052835733923   0.06209612060659402   0.06138200164315543
1.814379775514258   0.05780246753450461   0.057124244768038776
1.8675691282445197   0.05379941997908555   0.05315638609959381
1.922317750584177   0.050067827027724776   0.04945913454975546
1.9786713532176083   0.04658975817218613   0.04601444635613453
2.0366769868582977   0.04334842885460998   0.04280544787514182
2.0963830815323896   0.040328130246410174   0.039816362288869006
2.1578394870138577   0.03751416309852813   0.03703244070441135
2.2210975144450407   0.03489277529430702   0.034439897381612364
2.286209979177315   0.03245109676939818   0.032025848213340896
2.3532312448676476   0.030177084068573123   0.0297782535389339
2.4222172688678643   0.028059478608043437   0.027685865523794023
2.4932256489445366   0.02608775788845629   0.025738177754261026
2.5663156713684585   0.024252088897111734   0.023925377842396664
2.641548360413907   0.022543284345200726   0.022238302945925208
2.7189865293089923   0.020952761580554518   0.020668398034369075
2.798694832679631   0.01947250893705937   0.019207678526094854
2.8807398205309562   0.018095056641321616   0.017848696150983733
2.9651899938111903   0.016813428109681266   0.016584499166537783
3.05211586160442   0.015621106020603445   0.015408599330321118
3.1415899999999994   0.014512003279379434   0.014314941954270343
