0.01   14952.822834642082   14950.885549576484
0.010293154462191829   15073.243581771047   15071.183041032256
0.010594902878253955   15185.671610573432   15183.477690656666
0.010905497183778876   15289.639577890284   15287.300794771225
0.011225196699963396   15384.659733217037   15382.163684267125
0.011554268350120923   15470.242157377086   15467.575715395962
0.011892986882540897   15545.906364576116   15543.05571800543
0.012241635099881474   15611.163848305965   15608.11435186431
0.012600504095286909   15665.51456488885   15662.25053991542
0.012969893495426888   15708.474020132253   15704.97880714699
0.013350111710660605   15739.57081468085   15735.826628967592
0.013741476192534558   15758.323086118995   15754.31004718271
0.014144313698828986   15764.265508190554   15759.961438441826
0.01455896056637426   15756.961715478625   15752.34226261575
0.014985762991865008   15735.985335156944   15731.023778580326
0.01542507732090645   15700.922975980071   15695.590056488145
0.015877270345534218   15651.401299211431   15645.66544073777
0.016342719610456153   15587.086423721936   15580.91377157586
0.016821813728271667   15507.673018692776   15501.026889778494
0.017314952703931925   15412.904039551724   15405.745102111348
0.017822548268711737   15302.579068566713   15294.865766368976
0.01834502422397195   15176.557213530228   15168.246166172816
0.018882816794999403   15034.76036089911   15025.806821566675
0.019436374995219892   14877.176465906628   14867.534880282838
0.02000616100108813   14703.875698411823   14693.501002400772
0.020592650537967844   14515.037176683125   14503.887384446545
0.021196333277324068   14310.915975252668   14298.953011142492
0.02181771324555934   14091.843343033765   14079.03376148571
0.022457309244835088   13858.305068005391   13844.62383597223
0.02311565528622961   13610.9056307096   13596.338459962728
0.023793301035594242   13350.306192727936   13334.849423045405
0.024490812272480036   13077.298434284987   13060.961346910446
0.025208771362518027   12792.89154189799   12775.701512608659
0.0259477777436476   12498.139782536262   12480.141743530536
0.02670844842659881   12194.139476946733   12175.394831982383
0.027491418510046592   11882.25505522886   11862.844064374665
0.028297341710866907   11563.959555765416   11543.981141510656
0.029126890909937666   11240.675737771993   11220.244824374586
0.029980758713939952   10913.960237608095   10893.206081946715
0.030859658033628758   10585.62514234874   10564.690293373385
0.031764322679055976   10257.38053394457   10236.417945203477
0.03269550797224261   9930.850348122212   9910.019451983548
0.033653991377811755   9607.910654392146   9587.36782343744
0.03464057315210884   9290.401676063188   9270.295916390363
0.03565607701135116   8979.946222236484   8960.418248208167
0.036701350819364466   8678.154700594383   8659.324156964369
0.03777726729548091   8386.695131529834   8368.644562825335
0.038884724743189276   8107.010319284828   8089.788003186715
0.04002464780014597   7840.313027610903   7823.931349516429
0.041197988210172884   7587.597776323023   7572.006746345476
0.04240572561788674   7349.681101199682   7334.766122794176
0.04364886838662332   7127.229243547499   7112.818371613461
0.04492845444033957   6920.62038678466   6906.462380650413
0.04624555213019635   6729.9636604163015   6715.703268488417
0.04760126112654554   6555.3262653370575   6540.512185292825
0.04899671333706607   6396.113708173598   6380.228426231859
0.05043307385181555   6250.093570996913   6232.616320295
0.05191154191598653   6114.965188303984   6095.380469086284
0.053433351931179485   5988.657670378221   5966.455638996898
0.05499977448602865   5869.352081881942   5844.031849404806
0.05661211741704101   5755.370771909041   5726.443262255788
0.05827172690053434   5644.5398496563985   5611.59057792025
0.05997998857658587   5533.954780162636   5496.732317777742
0.06173832870592997   5420.76058584295   5379.200226881265
0.0635482153607709   5301.559409534125   5255.91988800479
0.06541115965050462   5172.941534883314   5123.854907954942
0.06732871698337338   5032.050275823661   4980.5694205643895
0.06930248836510605   4876.672507570757   4824.3157683434965
0.07133412173562886   4705.664948411324   4654.340117709138
0.07342531334496233   4519.642153026162   4471.540536533269
0.07557780916945323   4320.217032772604   4277.677107002686
0.07779340636952398   4110.688938145327   4076.0129819589106
0.08007395479015682   3894.7580229971536   3870.0815952459066
0.08242135850536496   3676.544698807584   3663.686571624954
0.08483757740794096   3460.3465229283283   3460.687985166284
0.08732462884580919   3250.915135459339   3265.2496909427987
0.08988458930634863   3052.931417276959   3081.295622948739
0.09251959615009227   2870.8694256674275   2912.415338122576
0.09523184939525078   2708.5904735323365   2761.4851971122916
0.09802361355455057   2568.985243093131   2630.5448466392572
0.10089721952591899   2452.638723315259   2519.5879940194573
0.10385506653859616   2358.7714264496585   2427.438819531451
0.10689962415629803   2284.006510756417   2350.8162714366836
0.11003343433910281   2223.9340635490007   2285.717709965087
0.11325911356578279   2172.7827218145844   2227.4066334774157
0.11657935501835284   2124.482932250547   2171.073454979721
0.11999693083066039   2072.856810775827   2112.0106850627835
0.12351469440289359   2012.5898719163465   2046.5377542393321
0.12713558278394044   1939.919332718776   1972.3107866580715
0.13086261912358757   1853.4491413625897   1888.7637202546807
0.13469891519660646   1754.2602346271983   1797.2168577507655
0.13864767400083483   1645.6121189559058   1700.5939935519875
0.14271219243142114   1532.6926165053455   1602.9961103795254
0.14689586403346616   1422.4460030800765   1508.9219817911544
0.1512021818353596   1322.1326576803947   1423.025927329838
0.15563474126517718   1237.166949652832   1348.504886941893
0.16019724315257297   1169.5287475350149   1285.933628622991
0.1648934968186736   1117.7402210333144   1233.7878826876672
0.1697274232565544   1078.3478676336313   1189.4897704750344
0.17470305840495237   1046.5388738207887   1149.7015382648583
0.17982455651794954   1016.0370563053482   1110.6940429465697
0.18509619363343993   980.3078647738738   1069.3678428821092
0.19052237114327647   935.6370774811971   1024.0432035635988
0.19610761946807834   882.511956031995   975.2725127659406
0.20185660183976684   824.3125160253969   925.2104479860334
0.20777411819498756   765.9492112531748   876.6889066609752
0.21386510918267082   712.834081799245   831.9099327037882
0.22013466028907505   668.7872278360377   792.4171167687692
0.22658800608375756   634.4635061629306   758.1471960890401
0.23323053459001789   607.6984663542216   727.5030060982873
0.2400677917834628   584.2245242643664   698.804575529145
0.24710548622244882   559.2644333049284   670.115007337624
0.25434949381426813   530.3693784966448   640.7025696463651
0.2618058627210567   498.118979147804   611.1936105841214
0.2694808184095226   464.988842755136   582.4906909415191
0.27738076884870827   434.44431159932003   555.5126300454153
0.2855123098601282   408.7933170100342   530.9263151408875
0.29388223062474755   387.71937419598953   508.400774787546
0.3024975193514008   369.17586396674153   487.11692696632167
0.31136536911138296   350.6182700689867   466.5861592951668
0.3204931838440838   330.66508855953356   446.3996866111
0.32988858453867975   310.06549014870046   426.8960946300088
0.3395594155970457   290.50117825371314   408.35465915725536
0.34951375138319807   273.2066320817443   390.9721483031951
0.3597599029647371   258.1563092936478   374.7063907520966
0.37030642505191835   244.1912202073183   359.17974400809175
0.3811621231401457   230.2466210931056   344.26331830353257
0.3923360608618501   216.2785372491673   329.94960584195775
0.4038375675538918   202.95122757102033   316.31148937968834
0.41567624604680364   190.84469968416693   303.431495094133
0.42786198068238046   179.8145521631712   291.2154214544873
0.4404049455663077   169.34457327247907   279.5603594190381
0.4533156130627191   159.1391423725145   268.4396606704879
0.4666047625377753   149.3945426018596   257.82581490091997
0.4802834893595659   140.34794851356565   247.7432325768613
0.49436321416184764   131.95644656271816   238.1688442358925
0.5088556923793517   123.99862196124067   229.03408720088973
0.5237730240626238   116.40200177631183   220.3075140511196
0.5391276639805903   109.25167904758602   212.00326996630918
0.5549324320192869   102.57177090564541   204.09960659520576
0.5712005238854289   96.28381354041622   196.56316662630533
0.5879455221237613   90.33250779325247   189.37288072944645
0.6051814074573895   84.72959101853212   182.5108282999223
0.622922570460556   79.47572647479495   175.9754773443523
0.6411838235736077   74.52791891343009   169.73099149703063
0.6599804134701901   69.86932763828975   163.76757195625603
0.6793280337869897   65.48890859704206   158.07383689964502
0.6992428382266549   61.372711556904655   152.6336668869772
0.7197414540448374   57.50550187582062   147.4326888717645
0.7408409959326054   53.87275576922206   142.45751076728104
0.7625590803058332   50.460769856810465   137.69559427052783
0.7849138400134885   47.25661596644113   133.13519462200128
0.8079239394770964   44.24809839132814   128.76530504773027
0.8316085902740278   41.42371346768093   124.57560549096449
0.8559875671776167   38.772616477589494   120.55638655314158
0.8810812246675007   36.28467684982387   116.6979718097475
0.9069105139239728   33.95040659497829   112.99080362913159
0.9334970003205227   31.760827685633693   109.42595576947284
0.960862881429187   29.70744464912788   105.99510749170797
0.9890310055537336   27.782221952025505   102.69050007026355
1.0180248908061487   25.97756218532261   99.5048969195178
1.047868744742366   24.286285042898186   96.43154700670392
1.0785874845736239   22.701604600227437   93.46411745363146
1.1102067579703248   21.217088527579264   90.59635542760009
1.1427529644757777   19.826656453172546   87.82224632870654
1.1762532775476793   18.524578012369332   85.13620634627551
1.210735667245765   17.305454290909022   82.53305612303475
1.246228923584555   16.164199948587232   80.00799388171006
1.2827626805706884   15.096026213706008   77.5565707558393
1.3203674409449337   14.096424712508561   75.17466810816875
1.3590746016495152   13.161152441983594   72.85847217268227
1.3989164800420282   12.286218679649176   70.60443347017477
1.4399263408778291   11.46786934437541   68.40926895438221
1.4821384240834183   10.70257306004967   66.26995601630838
1.525587973344019   9.987008771303538   64.18371685217168
1.5703112655292182   9.31805398749959   62.14800388474767
1.6163456409812174   8.692773626272707   60.16048614141926
1.6637295346910133   8.108409430265267   58.21903648556176
1.7125025083885144   7.562369393907246   56.3217931581565
1.7627052835733923   7.052217098059692   54.46732560509786
1.814379775514258   6.575664613114396   52.65438675082756
1.8675691282445197   6.130564356857693   50.88183982119538
1.922317750584177   5.7149009045036925   49.14865126250643
1.9786713532176083   5.326783245485283   47.45388392465694
2.0366769868582977   4.964437464903552   45.79669048450556
2.0963830815323896   4.626199826647807   44.176307689948025
2.1578394870138577   4.310509871552889   42.59217684774872
2.2210975144450407   4.015903943475057   41.04406790491754
2.286209979177315   3.7410102437785913   39.531794414740446
2.3532312448676476   3.4845434118965155   38.055169605104446
2.4222172688678643   3.245299292235942   36.6140045605634
2.4932256489445366   3.0221500020678413   35.20810649679695
2.5663156713684585   2.8140392842404367   33.837277129888435
2.641548360413907   2.619978149628284   32.50131592462469
2.7189865293089923   2.4390416409254976   31.200234965127674
2.798694832679631   2.270364997080427   29.934303132847763
2.8807398205309562   2.1131385827164695   28.70371640618719
2.9651899938111903   1.9666044336502737   27.508576790837573
3.05211586160442   1.8300531072065038   26.34889755016479
3.1415899999999994   1.702820712671723   25.22460846258787
