0.01   18037.41166274423   18027.861345207082
0.010293154462191829   18249.34662825479   18238.894016117116
0.010594902878253955   18455.255797734942   18443.819146729253
0.010905497183778876   18654.626976478234   18642.119321142603
0.011225196699963396   18846.917552426825   18833.24422494677
0.011554268350120923   19031.572966755815   19016.630837695833
0.011892986882540897   19208.035221582613   19191.712722159657
0.012241635099881474   19375.727173626627   19357.903928674168
0.012600504095286909   19534.053551052235   19514.60005713938
0.012969893495426888   19682.42036853243   19661.19818668743
0.013350111710660605   19820.22795942344   19797.089557131378
0.013741476192534558   19946.848622546415   19921.636205825296
0.014144313698828986   20061.655757856304   20034.201376870056
0.01455896056637426   20164.03230333806   20134.158184074706
0.014985762991865008   20253.35022303443   20220.866536610083
0.01542507732090645   20328.979732127573   20293.683178871324
0.015877270345534218   20390.31097341402   20351.985582087982
0.016342719610456153   20436.745633854753   20395.162912635857
0.016821813728271667   20467.68273613696   20422.60076754458
0.017314952703931925   20482.54828524331   20433.712790846163
0.017822548268711737   20480.8017995877   20427.947295541708
0.01834502422397195   20461.923006308265   20404.770691341484
0.018882816794999403   20425.42504549743   20363.682712810452
0.019436374995219892   20370.869373633916   20304.23367805441
0.02000616100108813   20297.871391507448   20226.030378234365
0.020592650537967844   20206.105489647336   20128.741352536712
0.021196333277324068   20095.306882289533   20012.098949199295
0.02181771324555934   19965.280926835338   19875.90936395066
0.022457309244835088   19815.937748341064   19720.090155684204
0.02311565528622961   19647.271253563667   19544.647248344965
0.023793301035594242   19459.348055594408   19349.66277362378
0.024490812272480036   19252.370132801043   19135.363910623975
0.025208771362518027   19026.6900495302   18902.139336099575
0.0259477777436476   18782.73281851975   18650.452916929717
0.02670844842659881   18521.031085539857   18380.882071657343
0.027491418510046592   18242.362628672254   18094.26805128413
0.028297341710866907   17947.603668890002   17791.55473259829
0.029126890909937666   17637.681192189448   17473.73590197373
0.029980758713939952   17313.766189318158   17142.060462398775
0.030859658033628758   16977.237296901614   16797.992900501893
0.031764322679055976   16629.472155916217   16442.990934778063
0.03269550797224261   16271.957473846824   16078.61889257644
0.033653991377811755   15906.532483647452   15706.798795697237
0.03464057315210884   15535.03302401948   15329.441288245565
0.03565607701135116   15159.22881372401   14948.38001234019
0.036701350819364466   14781.117483500453   14565.665879139453
0.03777726729548091   14402.78087425033   14183.42263928111
0.038884724743189276   14026.141591305755   13803.603466521958
0.04002464780014597   13653.16664156391   13428.175208254816
0.041197988210172884   13286.097139682302   13059.326308076692
0.04240572561788674   12927.005267581242   12699.067799185734
0.04364886838662332   12577.694346383265   12349.137672428833
0.04492845444033957   12239.404681861859   12010.68385082002
0.04624555213019635   11913.0464742439   11684.51556047981
0.04760126112654554   11599.41198470684   11371.32932758351
0.04899671333706607   11299.592724005777   11072.025012844855
0.05043307385181555   11015.194327114017   10787.868803665207
0.05191154191598653   10747.695544959151   10520.01450026362
0.053433351931179485   10497.684099169575   10268.808724361763
0.05499977448602865   10262.953840460914   10032.040189395098
0.05661211741704101   10040.842659104894   9807.095302726575
0.05827172690053434   9828.955077425857   9591.627005685335
0.05997998857658587   9625.285044592334   9383.677881281346
0.06173832870592997   9428.024632939438   9181.490851395509
0.0635482153607709   9235.102936931378   8983.14243506314
0.06541115965050462   9043.814104130424   8786.2594884662
0.06732871698337338   8851.513627453587   8588.56289677386
0.06930248836510605   8655.069843962516   8387.546596942146
0.07133412173562886   8451.202655724299   8180.689593426908
0.07342531334496233   8236.793171089708   7965.7620539252175
0.07557780916945323   8008.798399423349   7740.84597764061
0.07779340636952398   7764.950965625243   7504.646669535593
0.08007395479015682   7504.520668244971   7257.132988316417
0.08242135850536496   7227.792303289323   6999.041261173745
0.08483757740794096   6937.071464303918   6732.8040147234215
0.08732462884580919   6635.612952421194   6461.465664845395
0.08988458930634863   6328.268611842384   6189.021591720032
0.09251959615009227   6020.193065203697   5919.497040322009
0.09523184939525078   5716.86351506128   5656.908992842078
0.09802361355455057   5423.537037510771   5404.856020745761
0.10089721952591899   5145.294458974217   5166.514172774809
0.10385506653859616   4886.912761058472   4944.651392515221
0.10689962415629803   4652.522370594614   4741.521979468926
0.11003343433910281   4444.7069900098695   4557.887522283365
0.11325911356578279   4264.72630275355   4393.445485891941
0.11657935501835284   4110.806775721248   4246.304487431636
0.11999693083066039   3979.380491186109   4113.616233638909
0.12351469440289359   3864.2626208706474   3991.0823387130145
0.12713558278394044   3758.43597967705   3874.2367224972622
0.13086261912358757   3654.293543228388   3758.794138259726
0.13469891519660646   3544.86002052982   3641.2523394687696
0.13864767400083483   3424.4230762245484   3519.1909111184495
0.14271219243142114   3289.498515696537   3391.787582143948
0.14689586403346616   3139.597352418239   3259.574125056948
0.1512021818353596   2977.1680179580676   3124.4397065900275
0.15563474126517718   2807.261321533639   2989.488708186595
0.16019724315257297   2636.629938229059   2857.7373235467135
0.1648934968186736   2472.9640483460025   2732.5349391517316
0.1697274232565544   2323.8625688754646   2616.557171162826
0.17470305840495237   2195.1897111887424   2510.8891844609184
0.17982455651794954   2088.9012213429232   2415.919611989232
0.18509619363343993   2002.2572771609387   2329.4117167175013
0.19052237114327647   1929.3661752338464   2248.6161655028786
0.19610761946807834   1863.2081561318214   2171.1859473637687
0.20185660183976684   1796.5898270845048   2095.054570581696
0.20777411819498756   1722.9734478400696   2018.6635132252993
0.21386510918267082   1638.8584924174042   1941.6695110348444
0.22013466028907505   1545.952903319974   1864.9633652707546
0.22658800608375756   1450.0115081713516   1790.5021711044715
0.23323053459001789   1357.7237387213984   1719.5200873454357
0.2400677917834628   1274.841555112673   1653.0527085577992
0.24710548622244882   1204.8848035282344   1590.7302193692178
0.25434949381426813   1147.2720812859586   1532.7941218684862
0.2618058627210567   1097.9107851460217   1477.8512246107339
0.2694808184095226   1051.07441530516   1424.9740141237185
0.27738076884870827   1001.5522153574698   1373.2227150059146
0.2855123098601282   947.22482303527   1322.9339476558375
0.29388223062474755   890.2517327545396   1274.1189422893813
0.3024975193514008   834.7944640298186   1227.7197213115871
0.31136536911138296   784.6308476592344   1183.2697111835012
0.3204931838440838   741.6385575554375   1141.444226058687
0.32988858453867975   704.3913715508461   1101.6241000655768
0.3395594155970457   669.4783087927675   1063.5325464546972
0.34951375138319807   634.0689538635392   1026.7077805268539
0.3597599029647371   597.3614537352347   991.2570870256304
0.37030642505191835   561.0246921835044   957.1751372234104
0.3811621231401457   527.4303301848631   924.6774105710158
0.3923360608618501   497.50592886578863   893.815840998611
0.4038375675538918   470.44882604872817   864.3111552569995
0.41567624604680364   444.54325360830813   836.0479226393567
0.42786198068238046   418.7712686847865   808.7408800743244
0.4404049455663077   393.5880322637813   782.5414566659831
0.4533156130627191   370.0375413174147   757.5060252152563
0.4666047625377753   348.51424417532735   733.5955116549147
0.4802834893595659   328.4817215851647   710.6947056234472
0.49436321416184764   309.23175724578647   688.6971854351681
0.5088556923793517   290.63412972078095   667.4955887896423
0.5237730240626238   273.09604819818526   647.1576049439432
0.5391276639805903   256.7992315717157   627.6824737590866
0.5549324320192869   241.50981693324127   608.9700500836861
0.5712005238854289   226.94311299721122   590.9270194358461
0.5879455221237613   213.11097104822966   573.551054302398
0.6051814074573895   200.13386689058927   556.8446651035885
0.622922570460556   187.96150902979969   540.7599732530534
0.6411838235736077   176.457436480213   525.226061292059
0.6599804134701901   165.58271011181918   510.2276246166888
0.6793280337869897   155.36219791511286   495.75267294819344
0.6992428382266549   145.75290712497304   481.7585305160722
0.7197414540448374   136.699541210342   468.2042623443451
0.7408409959326054   128.17873177186763   455.0766796861542
0.7625590803058332   120.16254692820362   442.3505178108196
0.7849138400134885   112.6232352488471   430.00018356321283
0.8079239394770964   105.53440596669924   418.0019270319443
0.8316085902740278   98.87097479380724   406.3337245558862
0.8559875671776167   92.60911094264516   394.97517169735676
0.8810812246675007   86.72618540554159   383.9073851835686
0.9069105139239728   81.20071866409181   373.1129001375389
0.9334970003205227   76.01229648175901   362.57533615186765
0.960862881429187   71.1415355334235   352.27936894877956
0.9890310055537336   66.5700765840779   342.21092416753413
1.0180248908061487   62.280538464571414   332.35711973253603
1.047868744742366   58.256472127036766   322.7062022386709
1.0785874845736239   54.482316408026236   313.2474876447367
1.1102067579703248   50.94335546941808   303.9713057374764
1.1427529644757777   47.625677844030896   294.8691077679555
1.1762532775476793   44.516136916737764   285.9343271765114
1.210735667245765   41.60231342661439   277.1615629860074
1.246228923584555   38.872479400414704   268.5460342170569
1.2827626805706884   36.31556344759626   260.083543506793
1.3203674409449337   33.92111751634242   251.77044357706768
1.3590746016495152   31.679285070499954   243.60360450569138
1.3989164800420282   29.580770643831695   235.58038255089133
1.4399263408778291   27.616808684894217   227.69934394792264
1.4821384240834183   25.77913291164547   219.96144710066633
1.525587973344019   24.059955663043823   212.36801025513324
1.5703112655292182   22.451943379238855   204.92029741500286
1.6163456409812174   20.94819212123603   197.6195087732227
1.6637295346910133   19.542204260815545   190.46677153234427
1.7125025083885144   18.22786629581933   183.46313114111098
1.7627052835733923   16.999427686651302   176.60958036262954
1.814379775514258   15.851478879793998   169.90828297347088
1.8675691282445197   14.778932453840437   163.36262199172268
1.922317750584177   13.77700771452846   156.97553145038475
1.9786713532176083   12.841213485256228   150.74941043647377
2.0366769868582977   11.967331619819184   144.68614550045658
2.0963830815323896   11.151401375394242   138.78713381933605
2.1578394870138577   10.389704606704385   133.0533069485308
2.2210975144450407   9.678751493945033   127.48521052755898
2.286209979177315   9.015265315014194   122.08348289938006
2.3532312448676476   8.396171570653518   116.84855291635647
2.4222172688678643   7.818587495271917   111.78034604941719
2.4932256489445366   7.279810678757061   106.87831698678228
2.5663156713684585   6.777308306620657   102.14148542775281
2.641548360413907   6.308707002871183   97.56847127449537
2.7189865293089923   5.871783244731367   93.15752905654763
2.798694832679631   5.464455379464842   88.90658915310088
2.8807398205309562   5.084777498873971   84.81330916355276
2.9651899938111903   4.730927476741419   80.87507850471547
3.05211586160442   4.401198545787931   77.08904158396112
3.1415899999999994   4.093992386559395   73.4521273149647
