0.01   11552.119489078183   11551.426354253641
0.010293154462191829   11648.243159489504   11647.51309119992
0.010594902878253955   11738.481787715928   11737.71285625741
0.010905497183778876   11822.46506787616   11821.655428022723
0.011225196699963396   11899.811173906593   11898.957967787475
0.011554268350120923   11970.14168611855   11969.240933672518
0.011892986882540897   12033.079219045669   12032.125976033267
0.012241635099881474   12088.224948120516   12087.21422753309
0.012600504095286909   12135.179648048526   12134.106757555004
0.012969893495426888   12173.555249901441   12172.415795392923
0.013350111710660605   12202.960258501513   12201.749415901235
0.013741476192534558   12222.999959375418   12221.711651850777
0.014144313698828986   12233.297510222927   12231.924390489901
0.01455896056637426   12233.48941570454   12232.022973704901
0.014985762991865008   12223.205213414278   12221.636087837904
0.01542507732090645   12202.094546369972   12200.412651007857
0.015877270345534218   12169.836601448775   12168.031145139297
0.016342719610456153   12126.12555471107   12124.184217719854
0.016821813728271667   12070.677582679824   12068.585895872015
0.017314952703931925   12003.249181572732   12000.99065943429
0.017822548268711737   11923.636233155888   11921.192511283516
0.01834502422397195   11831.669722245308   11829.020650958264
0.018882816794999403   11727.22908977852   11724.352959252856
0.019436374995219892   11610.247924205554   11607.121831907547
0.02000616100108813   11480.72488352038   11477.325993582639
0.020592650537967844   11338.721429997615   11335.027802878254
0.021196333277324068   11184.358021436754   11180.34887288681
0.02181771324555934   11017.840287146748   11013.49683082201
0.022457309244835088   10839.479739700599   10834.78649183209
0.02311565528622961   10649.648693121275   10644.593694069195
0.023793301035594242   10448.789595101227   10443.36519282892
0.024490812272480036   10237.5030694028   10231.71074842293
0.025208771362518027   10016.474051716172   10010.32592682009
0.0259477777436476   9786.423224528009   9779.941301712375
0.02670844842659881   9548.214919046417   9541.431720713363
0.027491418510046592   9302.878479936366   9295.837900469756
0.028297341710866907   9051.444441876822   9044.20045199699
0.029126890909937666   8794.988362629085   8787.604505949375
0.029980758713939952   8534.840409206214   8527.392732750197
0.030859658033628758   8272.342430464338   8264.918556981665
0.031764322679055976   8008.761295120188   8001.4580160358255
0.03269550797224261   7745.505420875322   7738.425527259487
0.033653991377811755   7484.080891918865   7477.330313182365
0.03464057315210884   7225.847081025471   7219.533185723922
0.03565607701135116   6972.1457093200115   6966.372588784885
0.036701350819364466   6724.585128754435   6719.44245653313
0.03777726729548091   6484.636652850342   6480.198828833346
0.038884724743189276   6253.542528132042   6249.8698050270505
0.04002464780014597   6032.238715873982   6029.371481019453
0.041197988210172884   5821.421900762131   5819.378282290618
0.04240572561788674   5621.651656814718   5620.4307382926445
0.04364886838662332   5433.639327005826   5433.204076349534
0.04492845444033957   5258.5683403448165   5258.805809272977
0.04624555213019635   5097.520620559288   5098.246240639996
0.04760126112654554   4951.119470554473   4952.089818591104
0.04899671333706607   4818.241369800481   4819.180875764356
0.05043307385181555   4697.314507657664   4697.924314324988
0.05191154191598653   4586.925082886482   4586.884008923464
0.053433351931179485   4485.785874700325   4484.753160145097
0.05499977448602865   4392.723743528507   4390.3400832882135
0.05661211741704101   4306.432606770217   4302.330458003239
0.05827172690053434   4225.038559027269   4218.871496232142
0.05997998857658587   4146.658130468736   4138.1091896147245
0.06173832870592997   4069.003653382567   4057.8394213729925
0.0635482153607709   3989.4790938295696   3975.5967059457075
0.06541115965050462   3905.4928934511736   3888.9568483100534
0.06732871698337338   3814.2324496040383   3795.3610327971314
0.06930248836510605   3713.2209585587016   3692.587620645726
0.07133412173562886   3600.7507755866595   3579.178021264738
0.07342531334496233   3475.759421525909   3454.296003024467
0.07557780916945323   3338.410021287521   3318.3552432425495
0.07779340636952398   3189.6867466288677   3172.524532687293
0.08007395479015682   3031.8337694540614   3019.02984773947
0.08242135850536496   2867.6709440089403   2860.575290657047
0.08483757740794096   2700.63117557944   2700.4635019072402
0.08732462884580919   2534.309147424307   2542.0569500185143
0.08988458930634863   2372.5498226220957   2388.8031225232075
0.09251959615009227   2219.3405933634517   2244.2086846122206
0.09523184939525078   2078.4735606541585   2111.583675366178
0.09802361355455057   1953.0375900467286   1993.3872952191414
0.10089721952591899   1845.4523569348391   1891.3400686691168
0.10385506653859616   1756.443721472552   1805.8109825413028
0.10689962415629803   1685.543607698325   1736.170022844489
0.11003343433910281   1630.4626794919523   1680.0794889267092
0.11325911356578279   1587.9924226487108   1634.4487576787026
0.11657935501835284   1553.7725089760709   1595.4709449609977
0.11999693083066039   1522.9814563886582   1559.0711108076378
0.12351469440289359   1490.5421863869112   1521.0976635522884
0.12713558278394044   1451.7762559264831   1477.9408689569443
0.13086261912358757   1403.1597776759038   1427.1191233725444
0.13469891519660646   1342.8759620641922   1367.6434127493471
0.13864767400083483   1271.2290620896526   1300.1965159543943
0.14271219243142114   1190.5728339788873   1226.8561545147372
0.14689586403346616   1105.1728998765177   1151.0503645994343
0.1512021818353596   1020.7471670728793   1077.1654589184807
0.15563474126517718   943.4130376315019   1009.4851185191983
0.16019724315257297   877.8614686787577   951.2455351139646
0.1648934968186736   826.1415630548242   903.3083155195966
0.1697274232565544   787.750297797343   864.8416227875042
0.17470305840495237   760.3368345879525   833.9926998338005
0.17982455651794954   740.0185648513441   807.7785859500127
0.18509619363343993   721.4479349693578   782.5645123080141
0.19052237114327647   698.9962194490888   754.9567791883453
0.19610761946807834   669.056486647751   723.1421915435131
0.20185660183976684   631.24574783828   687.4367340509326
0.20777411819498756   587.9011686168545   649.327401603255
0.21386510918267082   543.2590193993807   611.5777976412932
0.22013466028907505   502.2660653759875   576.7420206505578
0.22658800608375756   468.6494232077292   546.729689100648
0.23323053459001789   443.51832165214023   521.6216793502144
0.2400677917834628   425.3615946788028   500.3526819224905
0.24710548622244882   410.5304255378784   480.9595169394153
0.25434949381426813   394.6773257315173   461.358171440248
0.2618058627210567   375.12135875813345   440.533215294043
0.2694808184095226   351.78103160901924   418.76723913575125
0.27738076884870827   326.78797981377693   397.1385859315336
0.2855123098601282   303.5165437023602   376.86168841076653
0.29388223062474755   284.43079021110225   358.8710312750813
0.3024975193514008   269.6832941530846   342.79234118491206
0.31136536911138296   257.506171661954   328.0186694360024
0.3204931838440838   245.31512913283956   313.6524243870758
0.32988858453867975   231.47771608806042   299.2925989537836
0.3395594155970457   216.4210907717323   285.04136557996503
0.34951375138319807   201.82299629185442   271.5126705232602
0.3597599029647371   189.20495958022522   259.0632297240793
0.37030642505191835   178.78005415482224   247.51932040567516
0.3811621231401457   169.42403820016455   236.61940704546925
0.3923360608618501   159.88265064062008   226.12925028976164
0.4038375675538918   149.90576470787047   215.923841980813
0.41567624604680364   140.20599676704717   206.18755089244186
0.42786198068238046   131.5640125895521   197.07814442186387
0.4404049455663077   123.97066520181987   188.52206853472364
0.4533156130627191   116.81635631766727   180.36777935105255
0.4666047625377753   109.67305922753646   172.54071397869322
0.4802834893595659   102.7259541444683   165.08011280677343
0.49436321416184764   96.34299320936174   158.02179825906404
0.5088556923793517   90.54689881866341   151.3637453754484
0.5237730240626238   85.05633698034964   145.01455265083905
0.5391276639805903   79.73897605460174   138.952300298241
0.5549324320192869   74.71945586794298   133.19641407026594
0.5712005238854289   70.08473131136769   127.74088764121709
0.5879455221237613   65.74376079834475   122.55706422380499
0.6051814074573895   61.60937879816161   117.61026002472816
0.622922570460556   57.710938839407504   112.90742675795303
0.6411838235736077   54.0778057837315   108.44956932467933
0.6599804134701901   50.66284272685897   104.2040857651218
0.6793280337869897   47.45039963822441   100.15836863331575
0.6992428382266549   44.43022953799808   96.30283935324044
0.7197414540448374   41.59241499904045   92.62838099755847
0.7408409959326054   38.92737803905229   89.1263175623242
0.7625590803058332   36.42588713944984   85.78839403947069
0.7849138400134885   34.07906000312111   82.60675307413472
0.8079239394770964   31.878160368093926   79.57338158802001
0.8316085902740278   29.814472084306328   76.6796736473767
0.8559875671776167   27.879733057081808   73.917472795684
0.8810812246675007   26.066162526073292   71.2791662477724
0.9069105139239728   24.36643384283958   68.75764486743441
0.9334970003205227   22.77364875127053   66.34626638798117
0.960862881429187   21.28131310629666   64.03882153450333
0.9890310055537336   19.88333415718285   61.829432223031944
1.0180248908061487   18.574029242541293   59.71240126402255
1.047868744742366   17.348045023377626   57.682378610324356
1.0785874845736239   16.200329074206238   55.73437412027242
1.1102067579703248   15.12611473944775   53.86373136534244
1.1427529644757777   14.120906613732041   52.0661035830528
1.1762532775476793   13.180466631300446   50.337431583311265
1.210735667245765   12.300797812683829   48.6738704404431
1.246228923584555   11.478122996071354   47.07160162003381
1.2827626805706884   10.708884874313165   45.527012434578914
1.3203674409449337   9.989737766904218   44.036746975703366
1.3590746016495152   9.317535810554531   42.5976879116002
1.3989164800420282   8.689321751393281   41.20693979554459
1.4399263408778291   8.102316312444131   39.86181374461267
1.4821384240834183   7.553908196158551   38.559806696494064
1.525587973344019   7.0416449626757425   37.29855189586754
1.5703112655292182   6.563223495895784   36.07583890086899
1.6163456409812174   6.116481181934878   34.88962220595095
1.6637295346910133   5.699387818143765   33.73801049956355
1.7125025083885144   5.310037952647831   32.619256666747866
1.7627052835733923   4.94664363337829   31.53174852282599
1.814379775514258   4.60752752847424   30.474007404022537
1.8675691282445197   4.2911162712679705   29.44474754149223
1.922317750584177   3.995934456856713   28.442827561158733
1.9786713532176083   3.7205989694896644   27.467193918197427
2.0366769868582977   3.463813491194203   26.516874672676963
2.0963830815323896   3.2243633140940555   25.590974289301062
2.1578394870138577   3.0011104429509285   24.688668713949113
2.2210975144450407   2.792988928674967   23.80920498881466
2.286209979177315   2.5989997929719277   22.951968908012407
2.3532312448676476   2.418207264533407   22.116458257136507
2.4222172688678643   2.249735654750728   21.30220636369261
2.4932256489445366   2.092765665194182   20.50877703789814
2.5663156713684585   1.9465308875199192   19.7357621445628
2.641548360413907   1.8103145108133614   18.982779272246713
2.7189865293089923   1.68344624875361   18.24947324676396
2.798694832679631   1.5653002225980441   17.535643215822454
2.8807398205309562   1.4552921430785   16.84124898250287
2.9651899938111903   1.3528755866977076   16.166231384571653
3.05211586160442   1.2575395858611529   15.510501916930929
3.1415899999999994   1.1688064321663811   14.873944256390475
