0.01   192.19882521472698   192.19881829621684
0.010293154462191829   193.63453701415287   193.63453030212688
0.010594902878253955   194.95663974154   194.95663518514107
0.010905497183778876   196.15843848354086   196.15843649528824
0.011225196699963396   197.233344895462   197.23334433478178
0.011554268350120923   198.17463906388022   198.1746384217218
0.011892986882540897   198.9754013483388   198.9754003944253
0.012241635099881474   199.62889745842793   199.6288973819303
0.012600504095286909   200.12848190529468   200.12848485722117
0.012969893495426888   200.467014420306   200.46702125230087
0.013350111710660605   200.63745762409584   200.63746719812644
0.013741476192534558   200.63315782637395   200.6331670971123
0.014144313698828986   200.44772881444166   200.44773487528795
0.01455896056637426   200.07510703831102   200.07510918391742
0.014985762991865008   199.50978206175452   199.5097818701103
0.01542507732090645   198.7466410358823   198.74664141248664
0.015877270345534218   197.7804982212314   197.78050021375935
0.016342719610456153   196.60676072359885   196.60676287840985
0.016821813728271667   195.22164514415186   195.22164365996716
0.017314952703931925   193.6221206845149   193.6221108016451
0.017822548268711737   191.80600176193937   191.8059787992432
0.01834502422397195   189.77209634557528   189.7720557600443
0.018882816794999403   187.5202982068579   187.52023579050118
0.019436374995219892   185.05168660320788   185.05159890434396
0.02000616100108813   182.36846622564983   182.36835060933677
0.020592650537967844   179.47405412324525   179.47390866087625
0.021196333277324068   176.3737634798385   176.37358598153827
0.02181771324555934   173.0744114313817   173.07419897350903
0.022457309244835088   169.58387206542577   169.58362109786322
0.02311565528622961   165.91202723854698   165.91173501470323
0.023793301035594242   162.07140483864114   162.07107174971884
0.024490812272480036   158.07536446171576   158.0749940259149
0.025208771362518027   153.93832598128776   153.93792452055663
0.0259477777436476   149.67844274111684   149.67801893791093
0.02670844842659881   145.31512056305544   145.31468507666506
0.027491418510046592   140.86749453068427   140.8670596744709
0.028297341710866907   136.3574352839563   136.3570155255584
0.029126890909937666   131.8099859769661   131.80959858677818
0.029980758713939952   127.24878318154683   127.24844771297813
0.030859658033628758   122.69705247818028   122.69679006021684
0.031764322679055976   118.18237748414347   118.18220972146399
0.03269550797224261   113.7311336971651   113.73108214073338
0.033653991377811755   109.36665596848155   109.36674177955032
0.03464057315210884   105.1142280036905   105.11447034488121
0.03565607701135116   101.0002691114364   101.0006839127155
0.036701350819364466   97.04706329244455   97.0476636160061
0.03777726729548091   93.2737167505477   93.27451219997786
0.038884724743189276   89.69831664947282   89.69931057786684
0.04002464780014597   86.33587409195144   86.33706405217494
0.041197988210172884   83.1983447010322   83.19972307857441
0.04240572561788674   80.29653614925523   80.29808414278504
0.04364886838662332   77.64007671109549   77.64176102774164
0.04492845444033957   75.23669409383226   75.23846892409261
0.04624555213019635   73.08275737172026   73.08456647110077
0.04760126112654554   71.1587576829223   71.16053611905178
0.04899671333706607   69.4459683681727   69.447642928308
0.05043307385181555   67.92361822799805   67.92510821678884
0.05191154191598653   66.56612656314435   66.56734491515091
0.053433351931179485   65.34930887805136   65.35016231630391
0.05499977448602865   64.2434134215097   64.24380680358243
0.05661211741704101   63.2139050700151   63.21374551032684
0.05827172690053434   62.22485781888173   62.22405874164517
0.05997998857658587   61.227595357843995   61.226093008140154
0.06173832870592997   60.172091423816006   60.169850833168844
0.0635482153607709   59.006350688458674   59.00337792392394
0.06541115965050462   57.67874758554251   57.67509904533632
0.06732871698337338   56.147956607168624   56.14374384718349
0.06930248836510605   54.38614273540273   54.38153680012412
0.07133412173562886   52.38288582786259   52.378109926505495
0.07342531334496233   50.15221700284547   50.147535560973104
0.07557780916945323   47.72141487594039   47.717111925592434
0.07779340636952398   45.13198619797644   45.12833951075553
0.08007395479015682   42.43800459351218   42.43528035427011
0.08242135850536496   39.70448387145691   39.70293224845438
0.08483757740794096   37.00208529461795   37.00188970929037
0.08732462884580919   34.40226572587618   34.403511536858005
0.08988458930634863   31.982871348585945   31.985519398230736
0.09251959615009227   29.808136470922314   29.81203560160146
0.09523184939525078   27.929939951921128   27.9348005622274
0.09802361355455057   26.37950401972325   26.384923290666723
0.10089721952591899   25.156679991057235   25.16216178271147
0.10385506653859616   24.240509633136853   24.24550729552563
0.10689962415629803   23.58346795081399   23.5874442305751
0.11003343433910281   23.121133384223366   23.12361134606281
0.11325911356578279   22.774652525600835   22.775272368211684
0.11657935501835284   22.45326573171008   22.451860786831677
0.11999693083066039   22.06619527954028   22.062845631954794
0.12351469440289359   21.531872839247075   21.526934790938625
0.12713558278394044   20.794465859805012   20.78853753956473
0.13086261912358757   19.830949511190124   19.824849084861743
0.13469891519660646   18.65654250659195   18.651205978333937
0.13864767400083483   17.327567244923507   17.32382396206057
0.14271219243142114   15.940005616726243   15.938427909375886
0.14689586403346616   14.609554930136762   14.61029547363956
0.1512021818353596   13.439706253617311   13.442453783960671
0.15563474126517718   12.494391497253625   12.498453353127227
0.16019724315257297   11.79150229187618   11.795919010155808
0.1648934968186736   11.314094707806456   11.317828460027455
0.1697274232565544   11.014107548742869   11.016218798176016
0.17470305840495237   10.808002994116457   10.807859511738243
0.17982455651794954   10.588010007661037   10.585602208582088
0.18509619363343993   10.263065885196143   10.25906149947661
0.19052237114327647   9.789369300043152   9.784823878537695
0.19610761946807834   9.174667122663932   9.170775872669362
0.20185660183976684   8.473677326858287   8.471501903841393
0.20777411819498756   7.775625056304921   7.775508050839582
0.21386510918267082   7.168275991204039   7.169855535225542
0.22013466028907505   6.70325659543012   6.705541322848239
0.22658800608375756   6.385538570697259   6.387305968803021
0.23323053459001789   6.171913177340317   6.172211428790541
0.2400677917834628   5.985557224242642   5.984076664496831
0.24710548622244882   5.7563691930053364   5.7536195443888385
0.25434949381426813   5.450255398581325   5.447269302198542
0.2618058627210567   5.077762079304605   5.0756906484128965
0.2694808184095226   4.691901270859313   4.691238033799102
0.27738076884870827   4.353999683557079   4.354399956446079
0.2855123098601282   4.094565985778151   4.095143463433473
0.29388223062474755   3.9045213592406203   3.9043569445988013
0.3024975193514008   3.7427221332387433   3.7414277535236993
0.31136536911138296   3.563523514993022   3.5614873048389946
0.3204931838440838   3.3503317742737684   3.34843919788496
0.32988858453867975   3.120443095862363   3.1192767648177253
0.3395594155970457   2.9072554213836246   2.906759964609979
0.34951375138319807   2.7330733710640858   2.732658104842935
0.3597599029647371   2.5918528837087687   2.590941633466937
0.37030642505191835   2.4592170947508776   2.4577408295353917
0.3811621231401457   2.3170613821835153   2.3154589631985947
0.3923360608618501   2.1674517122824835   2.1661836891046806
0.4038375675538918   2.026868119610231   2.025927524950544
0.41567624604680364   1.9056742244424796   1.9047119891223852
0.42786198068238046   1.7991601101349102   1.7979040611910837
0.4404049455663077   1.6951462441735192   1.6937000845870347
0.4533156130627191   1.5897545730971847   1.5884009796960605
0.4666047625377753   1.48885705601647   1.4876663718156136
0.4802834893595659   1.398141336950903   1.3969309054300418
0.49436321416184764   1.3154130054741602   1.314066779587204
0.5088556923793517   1.2355755110119684   1.2341713357329358
0.5237730240626238   1.1581107913268853   1.1567604688430235
0.5391276639805903   1.0858606224127023   1.0845392338348847
0.5549324320192869   1.0194083186188403   1.018028417397661
0.5712005238854289   0.9565797566541204   0.9551606157545093
0.5879455221237613   0.896543985225386   0.8951374245253477
0.6051814074573895   0.840368540112917   0.8389635857318168
0.622922570460556   0.787786814187461   0.7863716657712233
0.6411838235736077   0.7383363124910366   0.7369114012509871
0.6599804134701901   0.6918437826335758   0.6904100913053575
0.6793280337869897   0.6481464592012848   0.646705329026532
0.6992428382266549   0.6070892772137015   0.6056423302913321
0.7197414540448374   0.5685246155018544   0.5670736866537717
0.7408409959326054   0.5323120390807297   0.530859116381325
0.7625590803058332   0.49831798371133906   0.49686515565692807
0.7849138400134885   0.4664144374508598   0.4649638250020166
0.8079239394770964   0.4364791029029014   0.4350328077987062
0.8316085902740278   0.4083963271099359   0.4069564111608778
0.8559875671776167   0.3820568180351677   0.38062528652080296
0.8810812246675007   0.3573573266314842   0.3559361144646358
0.9069105139239728   0.33420034250458275   0.3327913028823591
0.9334970003205227   0.31249380289537815   0.31109869941191287
0.960862881429187   0.29215082400844034   0.290771409453526
0.9890310055537336   0.27308943799554136   0.2717275612102687
1.0180248908061487   0.2552323210612298   0.25388988045061545
1.047868744742366   0.23850655013252817   0.23718544216188017
1.0785874845736239   0.22284337233306858   0.22154544948515578
1.1102067579703248   0.20817798506345397   0.2069050220682163
1.1427529644757777   0.19444932629955466   0.19320299357820506
1.1762532775476793   0.18159986108731635   0.18038172362418012
1.210735667245765   0.16957536917810948   0.16838692166239666
1.246228923584555   0.15832480589227416   0.157167453341332
1.2827626805706884   0.14780013635700692   0.14667516924961102
1.3203674409449337   0.13795616922678694   0.1368647450858
1.3590746016495152   0.12875039876603203   0.12769352925175467
1.3989164800420282   0.12014285493317575   0.11912139761359636
1.4399263408778291   0.11209595827975066   0.11111061187373457
1.4821384240834183   0.10457437298923673   0.10362567393395583
1.525587973344019   0.09754489327427066   0.09663321737495313
1.5703112655292182   0.09097632803025325   0.09010189528693938
1.6163456409812174   0.08483938498465508   0.08400226602602753
1.6637295346910133   0.07910656102802543   0.07830668478926148
1.7125025083885144   0.07375203843973364   0.07298920077175342
1.7627052835733923   0.06875158689461604   0.0680254566091198
1.814379775514258   0.06408247234772609   0.06339256539959062
1.8675691282445197   0.059723368028085776   0.05906904557827436
1.922317750584177   0.05565427010041276   0.05503476318123931
1.9786713532176083   0.051856419426577725   0.051270851438303656
2.0366769868582977   0.04831222768706989   0.04775963445553207
2.0963830815323896   0.04500520761726459   0.04448455522701437
2.1578394870138577   0.04191990679419612   0.04143010731451674
2.2210975144450407   0.039041835630982305   0.03858175875440044
2.286209979177315   0.03635741061951965   0.03592589405995669
2.3532312448676476   0.03385391227725807   0.03344977366840011
2.4222172688678643   0.031519432809506   0.031141480180247063
2.4932256489445366   0.029342826101827525   0.02898986691185007
2.5663156713684585   0.027313660661341815   0.0269845095461217
2.641548360413907   0.025422175399847244   0.025115660746546527
2.7189865293089923   0.023659246475621152   0.023374213816011458
2.798694832679631   0.022016353853637958   0.02175166688797088
2.8807398205309562   0.020485525541503846   0.02024007115121186
2.9651899938111903   0.019059301630885043   0.018831994509844602
3.05211586160442   0.017730702847989624   0.017520489220024252
3.1415899999999994   0.01649320091874749   0.01629906145434328
