0.01   1235.342211642557   1235.3033762209714
0.010293154462191829   1249.5652337601657   1249.5259937979736
0.010594902878253955   1263.3632550369996   1263.323632606228
0.010905497183778876   1276.7003868736447   1276.6604002505778
0.011225196699963396   1289.540334761729   1289.4999988171899
0.011554268350120923   1301.844729083672   1301.8040664538278
0.011892986882540897   1313.5733858758556   1313.5324372737136
0.012241635099881474   1324.6859875915388   1324.6448126844766
0.012600504095286909   1335.141815863784   1335.1004805007685
0.012969893495426888   1344.8990462779384   1344.857585384721
0.013350111710660605   1353.9159677770165   1353.8743778651865
0.013741476192534558   1362.1511657960807   1362.1094090146764
0.014144313698828986   1369.5616072935431   1369.5196642684366
0.01455896056637426   1376.1037246970056   1376.0616271375945
0.014985762991865008   1381.734974719135   1381.6928064612832
0.01542507732090645   1386.4133281561321   1386.3711902910175
0.015877270345534218   1390.0968507335106   1390.0547959839546
0.016342719610456153   1392.7452106450953   1392.7032355436243
0.016821813728271667   1394.3198512473298   1394.277896306526
0.017314952703931925   1394.7829292051224   1394.7408828506038
0.017822548268711737   1394.0985362922297   1394.0562368858261
0.01834502422397195   1392.2336062236159   1392.1908444686417
0.018882816794999403   1389.1582113611942   1389.1147839349874
0.019436374995219892   1384.845842936122   1384.80161848079
0.02000616100108813   1379.273665317977   1379.228588631213
0.020592650537967844   1372.4233290506745   1372.377393767107
0.021196333277324068   1364.2829246642925   1364.2360629182774
0.02181771324555934   1354.8454455363108   1354.7975019068006
0.022457309244835088   1344.1086343806685   1344.0593745597434
0.02311565528622961   1332.0794618766392   1332.0286654059091
0.023793301035594242   1318.7733272578143   1318.720863231233
0.024490812272480036   1304.2102093625867   1304.1560368111295
0.025208771362518027   1288.4184684175937   1288.3626419234697
0.0259477777436476   1271.4410494519163   1271.3837373306635
0.02670844842659881   1253.326089690409   1253.2675713060362
0.027491418510046592   1234.1265906510666   1234.0672506276373
0.028297341710866907   1213.9148612693907   1213.855197770744
0.029126890909937666   1192.7739068867184   1192.7145305565416
0.029980758713939952   1170.7872726922913   1170.7288951334908
0.030859658033628758   1148.0485460108705   1147.991994281948
0.031764322679055976   1124.6675962117768   1124.6138447058433
0.03269550797224261   1100.752686759919   1100.7028427858793
0.033653991377811755   1076.4144298530562   1076.3696996953317
0.03464057315210884   1051.7968391723468   1051.758423742892
0.03565607701135116   1027.0492276029722   1027.0182822878076
0.036701350819364466   1002.3098734624838   1002.2875053553274
0.03777726729548091   977.6940234075672   977.6813025033038
0.038884724743189276   953.2930800284671   953.2910520969876
0.04002464780014597   929.1897014036768   929.1993859982745
0.041197988210172884   905.4816663091858   905.5039128161808
0.04240572561788674   882.3447166564357   882.3796734511246
0.04364886838662332   859.9574543320374   860.004514574595
0.04492845444033957   838.4753226640597   838.5332044698649
0.04624555213019635   817.9720693381635   818.0387923954854
0.04760126112654554   798.4609449720674   798.5338233190637
0.04899671333706607   779.9504489645079   780.0261579208506
0.05043307385181555   762.4130608727431   762.4877353964798
0.05191154191598653   745.7630943378779   745.832444421403
0.053433351931179485   729.9148689374775   729.9742201649913
0.05499977448602865   714.7653996092099   714.8097848399327
0.05661211741704101   700.176562216339   700.2008610454486
0.05827172690053434   686.0148228606208   686.0138144913574
0.05997998857658587   672.1300206470038   672.0987938123994
0.06173832870592997   658.3572732243427   658.2916142995306
0.0635482153607709   644.5330807733011   644.4296269493643
0.06541115965050462   630.4565666578611   630.3134825257399
0.06732871698337338   615.9292273723602   615.7464203742941
0.06930248836510605   600.748663003349   600.5288083576322
0.07133412173562886   584.7166723214696   584.4659702315653
0.07342531334496233   567.6838102327176   567.4119849956924
0.07557780916945323   549.5621810850994   549.2825098818969
0.07779340636952398   530.3461236821678   530.0746263883228
0.08007395479015682   510.1563437574228   509.91063649057025
0.08242135850536496   489.1901114563462   488.9884796303997
0.08483757740794096   467.7478868310573   467.60827867772446
0.08732462884580919   446.16630379301415   446.10439824378557
0.08988458930634863   424.8128873846222   424.8400443642373
0.09251959615009227   404.04894960912276   404.1715223517485
0.09523184939525078   384.21589501192364   384.434653799877
0.09802361355455057   365.64119977056464   365.94910396252556
0.10089721952591899   348.59800129796804   348.98039376269753
0.10385506653859616   333.28841974204664   333.7221260456879
0.10689962415629803   319.82448048844964   320.2791515142742
0.11003343433910281   308.1387976380357   308.5797517026616
0.11325911356578279   298.0352382991992   298.4270400432096
0.11657935501835284   289.1378139441452   289.449939090674
0.11999693083066039   280.98605966394433   281.197247090009
0.12351469440289359   273.07021661366315   273.1725209513088
0.12713558278394044   264.90447491174075   264.9069103713171
0.13086261912358757   256.0858612039052   256.0152125542088
0.13469891519660646   246.34167621956658   246.2408376279804
0.13864767400083483   235.5950740802922   235.5168832922439
0.14271219243142114   223.97339329180662   223.9740572195915
0.14689586403346616   211.78834396162136   211.91953016850832
0.1512021818353596   199.48309799868807   199.782094049317
0.15563474126517718   187.56549374005263   188.0483794631659
0.16019724315257297   176.54616696497249   177.19863172740835
0.1648934968186736   166.84657256296316   167.62584050068264
0.1697274232565544   158.67527374039545   159.52034956283882
0.17470305840495237   151.93043160519068   152.7679085704205
0.17982455651794954   146.23906007099023   147.01347704467804
0.18509619363343993   141.1080364497504   141.78912631713808
0.19052237114327647   136.04095037233418   136.63215284096813
0.19610761946807834   130.59169634686913   131.13224694567046
0.20185660183976684   124.47080667736024   125.03042814840109
0.20777411819498756   117.70500956406879   118.36357558113988
0.21386510918267082   110.64702833566346   111.46844970582106
0.22013466028907505   103.7762573175176   104.77699259015723
0.22658800608375756   97.5106393482244   98.66719048898814
0.23323053459001789   92.11984234504028   93.36897533441754
0.2400677917834628   87.63092661481426   88.8992795939893
0.24710548622244882   83.8005794820111   85.0288500670594
0.25434949381426813   80.2243614920978   81.3948007190401
0.2618058627210567   76.52947660145082   77.67176703339484
0.2694808184095226   72.51208789931867   73.69199731193174
0.27738076884870827   68.26360663418184   69.53894888306372
0.2855123098601282   64.07817392685325   65.47507929618901
0.29388223062474755   60.23918375413655   61.73261337815864
0.3024975193514008   56.90534411714245   58.44094976179424
0.31136536911138296   54.024802309274634   55.54717280735227
0.3204931838440838   51.36314895308357   52.85099411324345
0.32988858453867975   48.69566918767037   50.17191195050151
0.3395594155970457   45.93736659476771   47.443735874629176
0.34951375138319807   43.177615595858086   44.74161201753327
0.3597599029647371   40.59459525149445   42.20906647547276
0.37030642505191835   38.28343434663384   39.91323291496082
0.3811621231401457   36.2018776940676   37.81625499918873
0.3923360608618501   34.22913789532243   35.825336124120874
0.4038375675538918   32.272890762301934   33.87059200442625
0.41567624604680364   30.348585307678793   31.96614979928406
0.42786198068238046   28.535353815792416   30.169765781967875
0.4404049455663077   26.875116523631007   28.507843205531252
0.4533156130627191   25.338234543717956   26.955634257365084
0.4666047625377753   23.86608352984719   25.472602910500783
0.4802834893595659   22.441206506561077   24.047314836078428
0.49436321416184764   21.089829678994395   22.69578871375179
0.5088556923793517   19.833610051050048   21.43112748190792
0.5237730240626238   18.658104366083137   20.24156898644073
0.5391276639805903   17.53933035042915   19.11080163592438
0.5549324320192869   16.47410898277291   18.037079794301956
0.5712005238854289   15.472989068713234   17.024786128928344
0.5879455221237613   14.534929886104928   16.071967963571254
0.6051814074573895   13.648814725914951   15.170979506011522
0.622922570460556   12.810141320359826   14.318190904090727
0.6411838235736077   12.021129437449101   13.513905126680704
0.6599804134701901   11.279538595337469   12.755677804982216
0.6793280337869897   10.580983344661105   12.039682374415461
0.6992428382266549   9.92319392054495   11.364055723493758
0.7197414540448374   9.304024335219998   10.726680177922534
0.7408409959326054   8.721417016279476   10.125488410691753
0.7625590803058332   8.173405933495044   9.55851266551216
0.7849138400134885   7.658114051217259   9.023881175776719
0.8079239394770964   7.173750715052556   8.519814593965231
0.8316085902740278   6.718608989025885   8.044622445516287
0.8559875671776167   6.291058813745833   7.596699713674464
0.8810812246675007   5.889529619055397   7.174523718155471
0.9069105139239728   5.512526455592452   6.776650295153398
0.9334970003205227   5.158633807302283   6.401710308311133
0.960862881429187   4.826511831116412   6.048406402135954
0.9890310055537336   4.5148927399108905   5.715509831617913
1.0180248908061487   4.222577328440281   5.401857373077832
1.047868744742366   3.9484316580980257   5.106348332618444
1.0785874845736239   3.6913852423730726   4.827942513275589
1.1102067579703248   3.4504284390467896   4.565657739213047
1.1427529644757777   3.224606953111914   4.318565534001407
1.1762532775476793   3.0130189109132552   4.0857883936418204
1.210735667245765   2.8148123020472897   3.8664973108615985
1.246228923584555   2.6291825217562903   3.6599093863618943
1.2827626805706884   2.455370011737539   3.4652855274420262
1.3203674409449337   2.292657918864843   3.2819278790998943
1.3590746016495152   2.140369218692187   3.1091744173636022
1.3989164800420282   1.9978651887638594   2.946399202018409
1.4399263408778291   1.8645439680343827   2.793012903354451
1.4821384240834183   1.7398386102795613   2.6484607943042193
1.525587973344019   1.6232152196737277   2.512220806845259
1.5703112655292182   1.5141711738736217   2.383801687130187
1.6163456409812174   1.4122334313844225   2.2627412452383253
1.6637295346910133   1.3169568672633263   2.1486038490589747
1.7125025083885144   1.227922643474566   2.0409772010916574
1.7627052835733923   1.144736924067153   1.9394734997202914
1.814379775514258   1.0670295193919792   1.8437285619293682
1.8675691282445197   0.9944525591108921   1.7534003905620839
1.922317750584177   0.9266792326730683   1.6681678261693373
1.9786713532176083   0.863402594349129   1.587729278769021
2.0366769868582977   0.8043344240353317   1.511801334591073
2.0963830815323896   0.7492039921410703   1.4401120818874165
2.1578394870138577   0.6977570747918582   1.372400551210489
2.2210975144450407   0.6497552036538026   1.3084227996330287
2.286209979177315   0.6049747498310157   1.2479510803681424
2.3532312448676476   0.5632060462635394   1.1907726947313073
2.4222172688678643   0.5242525585966985   1.1366889301838403
2.4932256489445366   0.4879301020964465   1.0855140776769785
2.5663156713684585   0.4540661540601   1.0370739585780102
2.641548360413907   0.42249941742999114   0.991202082584161
2.7189865293089923   0.39307887278632087   0.9477417014116285
2.798694832679631   0.36566301291411024   0.906546697857705
2.8807398205309562   0.3401192779358542   0.8674808041886655
2.9651899938111903   0.31632352162760935   0.8304168777607271
3.05211586160442   0.2941595069582192   0.795236234043489
3.1415899999999994   0.27351842718694297   0.7618280259272128
