0.01   3045.945744794515   3045.8416710184347
0.010293154462191829   3092.858220988463   3092.74899315571
0.010594902878253955   3139.1571023971833   3139.042131902217
0.010905497183778876   3184.7509959997114   3184.629801013725
0.011225196699963396   3229.545661758515   3229.4178584088854
0.011554268350120923   3273.4398667572846   3273.305033163747
0.011892986882540897   3316.3277878710187   3316.18539189991
0.012241635099881474   3358.101548111018   3357.9509427386747
0.012600504095286909   3398.6495048249444   3398.4899130008657
0.012969893495426888   3437.855111792495   3437.685603632892
0.013350111710660605   3475.6001968380583   3475.4196842561155
0.013741476192534558   3511.7647092305338   3511.571958979225
0.014144313698828986   3546.2221497776845   3546.0158805426627
0.01455896056637426   3578.843435643882   3578.6223593563786
0.014985762991865008   3609.4995162198115   3609.2623399914805
0.01542507732090645   3638.0591196259293   3637.8044129953682
0.015877270345534218   3664.3884003436697   3664.1144181843783
0.016342719610456153   3688.354948143592   3688.059617609838
0.016821813728271667   3709.8277121941805   3709.50864886288
0.017314952703931925   3728.674047577029   3728.3286298813123
0.017822548268711737   3744.7636471825845   3744.389045387303
0.01834502422397195   3757.9706062328946   3757.563789167023
0.018882816794999403   3768.173150662826   3767.7307894311334
0.019436374995219892   3775.2544419986907   3774.7728144570947
0.02000616100108813   3779.1045047922858   3778.5795095194608
0.020592650537967844   3779.6221457827182   3779.049350471649
0.021196333277324068   3776.718350747325   3776.0931075909216
0.02181771324555934   3770.314289667503   3769.6317862506353
0.022457309244835088   3760.341883691022   3759.5971929825664
0.02311565528622961   3746.7531240604976   3745.941473288844
0.023793301035594242   3729.5186240992693   3728.635612096813
0.024490812272480036   3708.6209824353973   3707.6626161811337
0.025208771362518027   3684.0638630747912   3683.026703436658
0.0259477777436476   3655.8867473339697   3654.7682398467064
0.02670844842659881   3624.1446277844543   3622.9431584479694
0.027491418510046592   3588.90726698448   3587.62219535649
0.028297341710866907   3550.291963015013   3548.9240124673574
0.029126890909937666   3508.4473248389254   3506.9987835243946
0.029980758713939952   3463.529689260133   3462.0043434978447
0.030859658033628758   3415.726695680409   3414.129927712377
0.031764322679055976   3365.280518636112   3363.619565031983
0.03269550797224261   3312.439108448681   3310.722957708855
0.033653991377811755   3257.4586484710076   3255.697841916699
0.03464057315210884   3200.67264970738   3198.878806080548
0.03565607701135116   3142.4415804281343   3140.627097865613
0.036701350819364466   3083.1105630564425   3081.288476329818
0.03777726729548091   3023.0193470390527   3021.202997243424
0.038884724743189276   2962.507021373434   2960.709638255948
0.04002464780014597   2901.893153604704   2900.1277600264048
0.041197988210172884   2841.4948079298324   2839.7736567924394
0.04240572561788674   2781.717046835579   2780.0486523650097
0.04364886838662332   2722.9727037500415   2721.3610423811124
0.04492845444033957   2665.6396411118603   2664.084439873763
0.04624555213019635   2610.04987508571   2608.5443365741908
0.04760126112654554   2556.4900051218583   2555.0181385380342
0.04899671333706607   2505.2198101264094   2503.7569841818486
0.05043307385181555   2456.3909449017406   2454.904956417342
0.05191154191598653   2409.904984579984   2408.3577153750084
0.053433351931179485   2365.628329252144   2363.976337550868
0.05499977448602865   2323.38387080985   2321.5793967010636
0.05661211741704101   2282.856957242291   2280.8501297344724
0.05827172690053434   2243.7255366556415   2241.464966514495
0.05997998857658587   2205.6191032153965   2203.055034576659
0.06173832870592997   2168.086245263632   2165.175137351769
0.0635482153607709   2130.6813304857515   2127.3872323619153
0.06541115965050462   2092.8691852147895   2089.1720286028794
0.06732871698337338   2054.094932985347   2049.9942284061267
0.06930248836510605   2013.771110714155   2009.2933776255811
0.07133412173562886   1971.2619124419975   1966.4700780592418
0.07342531334496233   1925.9929859840724   1920.991900795793
0.07557780916945323   1877.4653718286108   1872.4164986394
0.07779340636952398   1825.332861171006   1820.4477666368161
0.08007395479015682   1769.5557740520726   1765.080379140751
0.08242135850536496   1710.3188941054266   1706.525473622143
0.08483757740794096   1648.1996217206954   1645.3850327166317
0.08732462884580919   1583.9773821109113   1582.4403362660164
0.08988458930634863   1518.6914558803735   1518.695804140911
0.09251959615009227   1453.455820476017   1455.2187109032916
0.09523184939525078   1389.42476113907   1393.107052555369
0.09802361355455057   1327.748723203621   1333.4207691857703
0.10089721952591899   1269.4730521585002   1277.1080286866825
0.10385506653859616   1215.5338367764225   1224.9990609277622
0.10689962415629803   1166.69268128649   1177.754354903329
0.11003343433910281   1123.3346110776945   1135.6520936845645
0.11325911356578279   1085.5006079943892   1098.6546071653552
0.11657935501835284   1052.6165002209887   1066.182308356116
0.11999693083066039   1023.6911729621783   1037.2827439059236
0.12351469440289359   997.2973646554742   1010.6182272432471
0.12713558278394044   971.8208414095283   984.747158276374
0.13086261912358757   945.6579926846533   958.2751767276512
0.13469891519660646   917.4020851645272   930.0017182911361
0.13864767400083483   886.0677719862783   899.137453446096
0.14271219243142114   851.2338806021289   865.3956875455008
0.14689586403346616   813.1644868287572   829.0808125153296
0.1512021818353596   772.8064591642453   791.1242053408062
0.15563474126517718   731.5930407738377   752.746970067826
0.16019724315257297   691.2310618790276   715.3376805499588
0.1648934968186736   653.4719593277515   680.3413832218477
0.1697274232565544   619.8355273819603   648.9317857813559
0.17470305840495237   591.2039387731274   621.6339402419436
0.17982455651794954   567.4660363229402   598.339212512062
0.18509619363343993   547.5276488888551   578.0346247783657
0.19052237114327647   529.7134362015082   559.3618320770323
0.19610761946807834   512.238820607186   540.9864729019502
0.20185660183976684   493.4964119708711   521.7089850561994
0.20777411819498756   472.3732190897098   500.8135164624443
0.21386510918267082   448.7558861801407   478.39104011916385
0.22013466028907505   423.7212646536825   455.23923197116045
0.22658800608375756   398.99712485281106   432.6079131753495
0.23323053459001789   376.2066692529552   411.6285423140281
0.2400677917834628   356.44416055066546   392.9203389493425
0.24710548622244882   339.9681092609569   376.60601466458377
0.25434949381426813   326.01185568125095   362.05115305642755
0.2618058627210567   313.1228334974426   348.29500281101025
0.2694808184095226   299.8372073760591   334.4654952596871
0.27738076884870827   285.27609237061387   320.03280390308635
0.2855123098601282   269.6217784896104   305.243053224712
0.29388223062474755   253.9412014284265   290.74179746954286
0.3024975193514008   239.42742109929827   277.18093316459164
0.31136536911138296   226.7903671291806   264.86744785938856
0.3204931838440838   215.94576023391235   253.71815037007178
0.32988858453867975   206.02926653841484   243.22441262941499
0.3395594155970457   196.0731828066585   232.8890529557543
0.34951375138319807   185.65170825527218   222.59124094860672
0.3597599029647371   175.06126558147724   212.45217171575123
0.37030642505191835   165.04052120807296   202.8397787012648
0.3811621231401457   156.08074268571045   193.91781173110985
0.3923360608618501   148.06914201129825   185.58881339465998
0.4038375675538918   140.5016783094159   177.64460199099528
0.41567624604680364   132.93882041491636   169.91035308047324
0.42786198068238046   125.3979524214025   162.40835222775226
0.4404049455663077   118.23218838687214   155.2690068150404
0.4533156130627191   111.68000238207374   148.54245522704426
0.4666047625377753   105.64025943401633   142.17744053244414
0.4802834893595659   99.83948118634137   136.08613749758322
0.49436321416184764   94.16989157841809   130.2286307178921
0.5088556923793517   88.7500478313949   124.63465161546647
0.5237730240626238   83.71040451656623   119.33579879368524
0.5391276639805903   78.99982316916044   114.29743270512613
0.5549324320192869   74.49731923420443   109.48516349168544
0.5712005238854289   70.17856381001273   104.8859142466063
0.5879455221237613   66.10479601864651   100.50833146465065
0.6051814074573895   62.28573289627391   96.3478016187599
0.622922570460556   58.66716873164683   92.38028319881441
0.6411838235736077   55.22387771554109   88.59414404602212
0.6599804134701901   51.97311978934014   84.989766862493
0.6793280337869897   48.91251457836717   81.55864235562736
0.6992428382266549   46.01737709721093   78.28687652978553
0.7197414540448374   43.28161547786474   75.16909039314213
0.7408409959326054   40.6985979313834   72.19877827874296
0.7625590803058332   38.26059334516991   69.3684050752465
0.7849138400134885   35.96019877943921   66.67084307887387
0.8079239394770964   33.79033208844567   64.09935094214418
0.8316085902740278   31.74422236379482   61.64755182385171
0.8559875671776167   29.815395484416275   59.30938482401719
0.8810812246675007   27.997641808233922   57.07894758698325
0.9069105139239728   26.28503157862062   54.95060936378531
0.9334970003205227   24.671917196537084   52.919063631028074
0.960862881429187   23.15292229724757   50.97930800695268
0.9890310055537336   21.722931044702744   49.12662535859904
1.0180248908061487   20.3770776806905   47.3565661657253
1.047868744742366   19.110736327485647   45.664928516760256
1.0785874845736239   17.919510681210173   44.04757405777843
1.1102067579703248   16.799224317938016   42.5003685527268
1.1427529644757777   15.745911938025708   41.0194231152249
1.1762532775476793   14.755810284965058   39.60109655588405
1.210735667245765   13.825349295307548   38.24197800610562
1.246228923584555   12.95114353082097   36.93887088635446
1.2827626805706884   12.129983891874009   35.688778106349936
1.3203674409449337   11.358829280271117   34.48885282071501
1.3590746016495152   10.634797428827799   33.336219750088084
1.3989164800420282   9.955159116261418   32.2281227448055
1.4399263408778291   9.31733170607507   31.161994710272303
1.4821384240834183   8.718872128489542   30.135444105303296
1.525587973344019   8.157470134790124   29.146242431653505
1.5703112655292182   7.63094181932647   28.192312747452995
1.6163456409812174   7.137223383826341   27.271718191158207
1.6637295346910133   6.6743643902378675   26.38261284703217
1.7125025083885144   6.240522014444574   25.523224127570202
1.7627052835733923   5.833956793358746   24.691901695072435
1.814379775514258   5.4530274057941694   23.88711328641731
1.8675691282445197   5.09618559521821   23.107436786045287
1.922317750584177   4.761971321396101   22.35155291832818
1.9786713532176083   4.449008133071778   21.618238500290392
2.0366769868582977   4.155998494676067   20.906350765730586
2.0963830815323896   3.8817185246767814   20.214780236596386
2.1578394870138577   3.6250152638576645   19.54248641346907
2.2210975144450407   3.384803364140523   18.888512394879005
2.286209979177315   3.1600613733956346   18.25197958109091
2.3532312448676476   2.94982820578083   17.632082717582534
2.4222172688678643   2.7531997902170042   17.02808526252994
2.4932256489445366   2.569325922776901   16.4393179477393
2.5663156713684585   2.3974084907495565   15.865286383398532
2.641548360413907   2.236698576497969   15.305683574845238
2.7189865293089923   2.0864918805634716   14.760228512094963
2.798694832679631   1.946126138763271   14.228653696215185
2.8807398205309562   1.8149787943695355   13.710704081301042
2.9651899938111903   1.6924647848474852   13.206136060962118
3.05211586160442   1.5780344386401355   12.714716497995166
3.1415899999999994   1.4711704021975538   12.236193280750658
