0.01   314.61407025969936   314.611151125827
0.010293154462191829   319.0691356613798   319.0661897774933
0.010594902878253955   323.4536770891965   323.4506989811209
0.010905497183778876   327.7583757363491   327.7553605224776
0.011225196699963396   331.9736664740177   331.9706101750267
0.011554268350120923   336.08977909513806   336.08667867484
0.011892986882540897   340.0967084772114   340.0935617923908
0.012241635099881474   343.98428280101325   343.98108862023844
0.012600504095286909   347.74218820486016   347.73894628726396
0.012969893495426888   351.35944117641407   351.35615308822565
0.013350111710660605   354.8243611172261   354.8210311239864
0.013741476192534558   358.1251711278441   358.12180632982495
0.014144313698828986   361.24997660020017   361.2465859255474
0.01455896056637426   364.18655497286676   364.1831451398378
0.014985762991865008   366.92265801215285   366.91923248042997
0.01542507732090645   369.44611321048734   369.44267210313666
0.015877270345534218   371.7444121586741   371.7409527797862
0.016342719610456153   373.8048399306625   373.8013572161453
0.016821813728271667   375.6149311445946   375.61141764889186
0.017314952703931925   377.1624050389905   377.15885200036223
0.017822548268711737   378.43496660656757   378.4313670213432
0.01834502422397195   379.420715607317   379.41706483231326
0.018882816794999403   380.10827839888566   380.10457386487644
0.019436374995219892   380.4866973258811   380.4829345086596
0.02000616100108813   380.5455820710523   380.54175186408474
0.020592650537967844   380.2753241628432   380.2714128783096
0.021196333277324068   379.66733590829426   379.6633247996743
0.02181771324555934   378.7143114135117   378.710175581553
0.022457309244835088   377.410003293424   377.40571173509863
0.02311565528622961   375.7493634554338   375.744880947025
0.023793301035594242   373.7294799653267   373.72478105243977
0.024490812272480036   371.34912129832907   371.344197209941
0.025208771362518027   368.608286324291   368.6031446242994
0.0259477777436476   365.509458710136   365.5041139657925
0.02670844842659881   362.05842693145587   362.0528855424699
0.027491418510046592   358.262321874444   358.256580943694
0.028297341710866907   354.1300103793811   354.124062182024
0.029126890909937666   349.67532961317596   349.6691873053573
0.029980758713939952   344.9144382926857   344.9081447256055
0.030859658033628758   339.86421936850303   339.85784499521765
0.031764322679055976   334.54546354187875   334.53909105283435
0.03269550797224261   328.9835770440976   328.9772826259089
0.033653991377811755   323.20405961821945   323.1979116387965
0.03464057315210884   317.23380513875355   317.22787000842294
0.03565607701135116   311.10739267278143   311.10176208821434
0.036701350819364466   304.86043467633715   304.8552312670198
0.03777726729548091   298.52687421641957   298.5222472820718
0.038884724743189276   292.14090054095266   292.13699657013797
0.04002464780014597   285.7367296993182   285.73366478001213
0.041197988210172884   279.3462989322117   279.34415948775137
0.04240572561788674   273.00189208959824   273.0007372094328
0.04364886838662332   266.7429883413576   266.74285255998666
0.04492845444033957   260.6077857727734   260.6086815983995
0.04624555213019635   254.63095843215393   254.63287605338087
0.04760126112654554   248.84409509392358   248.8469614482651
0.04899671333706607   243.2758676137509   243.27951773854699
0.05043307385181555   237.95196348512292   237.95614824808268
0.05191154191598653   232.88373571738163   232.888133527974
0.053433351931179485   228.0604353042575   228.06466534237777
0.05499977448602865   223.4697147413856   223.47334222514513
0.05661211741704101   219.09279229011682   219.0953346724134
0.05827172690053434   214.8989949458154   214.899929652161
0.05997998857658587   210.85799123448407   210.85676053643883
0.06173832870592997   206.93277950530543   206.92882086285303
0.0635482153607709   203.08022181533258   203.07299713702741
0.06541115965050462   199.25733324959597   199.24634486817385
0.06732871698337338   195.41208462130675   195.3969407046821
0.06930248836510605   191.49236882078586   191.47280486775972
0.07133412173562886   187.44102552532806   187.41696357253232
0.07342531334496233   183.19815277770456   183.16974975156518
0.07557780916945323   178.70968105130737   178.67739443255886
0.07779340636952398   173.92799713008077   173.8926836362894
0.08007395479015682   168.82246210030868   168.785331040564
0.08242135850536496   163.38858192658535   163.35111287964855
0.08483757740794096   157.64571360280786   157.60961673077958
0.08732462884580919   151.64710968443842   151.6143000851597
0.08988458930634863   145.46723529051695   145.43959953233906
0.09251959615009227   139.20202022843196   139.18114546035042
0.09523184939525078   132.95612824707916   132.9432386250379
0.09802361355455057   126.83641088289957   126.83230397122863
0.10089721952591899   120.95058315344771   120.95539293661767
0.10385506653859616   115.39468477465313   115.40784109851946
0.10689962415629803   110.25669476829036   110.2766987582443
0.11003343433910281   105.60522522333329   105.62970596754292
0.11325911356578279   101.4767525412282   101.50256834649325
0.11657935501835284   97.87161525365975   97.89506979170237
0.11999693083066039   94.73883808593196   94.7559865662165
0.12351469440289359   91.9838659242517   91.99108723889884
0.12713558278394044   89.4775305962936   89.4720694607016
0.13086261912358757   87.06996111215686   87.05042278845228
0.13469891519660646   84.61407075655521   84.5807975104475
0.13864767400083483   81.9794460155164   81.93477100595972
0.14271219243142114   79.07356392940959   79.02155701274592
0.14689586403346616   75.85648264646639   75.8025325269793
0.1512021818353596   72.34959311248274   72.29977431955761
0.15563474126517718   68.63677286887057   68.59691921385398
0.16019724315257297   64.84780909701657   64.82232969131715
0.1648934968186736   61.1379918008139   61.1290306078419
0.1697274232565544   57.6673866169191   57.67404542052264
0.17470305840495237   54.57469233657589   54.59263179899231
0.17982455651794954   51.94123041518597   51.963517904338495
0.18509619363343993   49.75847955504024   49.77705245451369
0.19052237114327647   47.92926912793217   47.93693897083054
0.19610761946807834   46.30414740553605   46.29640762760234
0.20185660183976684   44.72213671957826   44.69826070563737
0.20777411819498756   43.03578776885221   42.99924812825731
0.21386510918267082   41.14115626614212   41.10049568525618
0.22013466028907505   39.024661877798586   38.98935232881279
0.22658800608375756   36.78007336575042   36.75780196398055
0.23323053459001789   34.56030953681761   34.554872936821006
0.2400677917834628   32.511392152177784   32.52073755777234
0.24710548622244882   30.73435877929572   30.75203996283744
0.25434949381426813   29.25575904918103   29.272410933438415
0.2618058627210567   28.00954777042722   28.01704033142209
0.2694808184095226   26.867250091785273   26.862697063557764
0.27738076884870827   25.69667840826343   25.68337584655539
0.2855123098601282   24.41638349603899   24.402624530903854
0.29388223062474755   23.037778028667464   23.032194362541038
0.3024975193514008   21.654161410830934   21.662170310658443
0.31136536911138296   20.371557278658532   20.39123029121228
0.3204931838440838   19.25612733723466   19.280806181593587
0.32988858453867975   18.30343592337959   18.325448125661868
0.3395594155970457   17.438242303739667   17.45412569060442
0.34951375138319807   16.5739044012294   16.58627770968674
0.3597599029647371   15.669387744230361   15.684942681835782
0.37030642505191835   14.748347577074222   14.772662264296702
0.3811621231401457   13.875732230791296   13.908846030446137
0.3923360608618501   13.096699390777065   13.133830275943764
0.4038375675538918   12.403688500995212   12.440194279435566
0.41567624604680364   11.752674226388555   11.787498116953193
0.42786198068238046   11.103301127260925   11.139629172775889
0.4404049455663077   10.455136488909202   10.49672213043393
0.4533156130627191   9.838809774368087   9.886059035336059
0.4666047625377753   9.276533445510951   9.326549360212349
0.4802834893595659   8.760611834036418   8.810864345519857
0.49436321416184764   8.266716513512938   8.317741166711517
0.5088556923793517   7.784169021941312   7.838015167875104
0.5237730240626238   7.322851456168664   7.380163680199692
0.5391276639805903   6.8947733032145555   6.954135802600511
0.5549324320192869   6.496071662646289   6.556179551658734
0.5712005238854289   6.1158368360109305   6.177116324746943
0.5879455221237613   5.75135144941757   5.814660454051792
0.6051814074573895   5.407975529531118   5.473013417525387
0.622922570460556   5.086921180278103   5.1529181848435766
0.6411838235736077   4.783429088118746   4.8502905670834435
0.6599804134701901   4.49499458937877   4.5630556281343555
0.6793280337869897   4.223101605971404   4.2922316166400885
0.6992428382266549   3.9676443450671464   4.037503083681399
0.7197414540448374   3.7266314892704173   3.7971028371979716
0.7408409959326054   3.499281092675287   3.5703226487622515
0.7625590803058332   3.2849190464231794   3.3564884924055063
0.7849138400134885   3.082892398629602   3.15493535434236
0.8079239394770964   2.8925728896872256   2.965025169329581
0.8316085902740278   2.7133567572290755   2.78614640408087
0.8559875671776167   2.5446644633086026   2.6177135758670613
0.8810812246675007   2.3859403478479093   2.4591667120019274
0.9069105139239728   2.2366476145806247   2.3099677945136907
0.9334970003205227   2.0962611326208727   2.169595750884551
0.960862881429187   1.9642803234847104   2.0375543695714646
0.9890310055537336   1.8402306328706917   1.9133729217985647
1.0180248908061487   1.7236623187786007   1.7966050599822847
1.047868744742366   1.614149286846158   1.6868277463251282
1.0785874845736239   1.5112879716631225   1.5836402123259696
1.1102067579703248   1.4146964467519714   1.4866631406093886
1.1427529644757777   1.3240148067525532   1.3955391607346066
1.1762532775476793   1.2389029735488164   1.3099306719402064
1.210735667245765   1.1590387552900596   1.2295178991597868
1.246228923584555   1.0841170252672743   1.1539980960991245
1.2827626805706884   1.0138489387978844   1.083084780431936
1.3203674409449337   0.9479611768770757   1.0165069904379982
1.3590746016495152   0.8861952116587053   0.9540085623678825
1.3989164800420282   0.8283063479848213   0.8953473578274163
1.4399263408778291   0.7740629996802655   0.8402945729588914
1.4821384240834183   0.7232464707891821   0.7886342103138885
1.525587973344019   0.6756503413766347   0.7401624536482186
1.5703112655292182   0.6310798421327002   0.6946870555245664
1.6163456409812174   0.5893512561221669   0.6520267487822949
1.6637295346910133   0.5502913468502036   0.6120106815939946
1.7125025083885144   0.5137368015807845   0.5744781989158335
1.7627052835733923   0.47953367801995755   0.5392793339929859
1.814379775514258   0.44753695018062295   0.5062729513170107
1.8675691282445197   0.4176100464158385   0.4753258565906709
1.922317750584177   0.3896243941058964   0.4463124148106966
1.9786713532176083   0.3634589860537882   0.4191141802005436
2.0366769868582977   0.33899996776395525   0.3936195382756998
2.0963830815323896   0.3161402393551088   0.36972331892135
2.1578394870138577   0.2947790008023397   0.3473258382184224
2.2210975144450407   0.2748214391636369   0.3263328769610823
2.286209979177315   0.2561784740637955   0.30665599924291603
2.3532312448676476   0.23876643344890006   0.2882122329908345
2.4222172688678643   0.222506743775725   0.2709237479387011
2.4932256489445366   0.2073256365755468   0.2547175509047657
2.5663156713684585   0.1931538708616824   0.2395251978943961
2.641548360413907   0.17992653411542175   0.22528260032156766
2.7189865293089923   0.1675828543942536   0.21192984724703534
2.798694832679631   0.15606580538035378   0.19941077055669187
2.8807398205309562   0.14532186830449526   0.18767269467212006
2.9651899938111903   0.13530083051960654   0.17666622907649598
3.05211586160442   0.1259555944857762   0.1663450720583813
3.1415899999999994   0.11724199672057661   0.15666582518050673
