0.01   17714.269585623828   17705.52928118285
0.010293154462191829   17917.11296907137   17907.546232123426
0.010594902878253955   18113.851574678934   18103.383460772493
0.010905497183778876   18303.964682375074   18292.513964427275
0.011225196699963396   18486.92601991014   18474.40516334298
0.011554268350120923   18662.188388555864   18648.502769144554
0.011892986882540897   18829.186745604333   18814.23398188022
0.012241635099881474   18987.354860937157   18971.02489705869
0.012600504095286909   19136.117022758004   19118.291895329785
0.012969893495426888   19274.870272817687   19255.423213265072
0.013350111710660605   19403.011158440208   19381.806671414244
0.013741476192534558   19519.941176634227   19496.83520312482
0.014144313698828986   19625.04722791861   19599.885610040772
0.01455896056637426   19717.71388388178   19690.331685881094
0.014985762991865008   19797.34064559499   19767.562719045593
0.01542507732090645   19863.33111431733   19830.971420902082
0.015877270345534218   19915.083995338315   19879.943874754248
0.016342719610456153   19952.020265096588   19913.88912916723
0.016821813728271667   19973.586847581806   19932.242876633758
0.017314952703931925   19979.24422110453   19934.452850624024
0.017822548268711737   19968.481929759222   19919.996230291217
0.01834502422397195   19940.830231284504   19888.392592959186
0.018882816794999403   19895.863970966257   19839.207468066652
0.019436374995219892   19833.206486302348   19772.05631742176
0.02000616100108813   19752.533643851075   19686.609407304037
0.020592650537967844   19653.585234823364   19582.60364957196
0.021196333277324068   19536.192150084353   19459.87058880256
0.02181771324555934   19400.25514652007   19318.31461332117
0.022457309244835088   19245.742943168752   19157.911263632257
0.02311565528622961   19072.756820746912   18978.77720571581
0.023793301035594242   18881.519055819208   18781.15746129086
0.024490812272480036   18672.31736280028   18565.364969151837
0.025208771362518027   18445.5592955499   18331.839385224608
0.0259477777436476   18201.861033078385   18081.24293933729
0.02670844842659881   17941.912890614447   17814.314461991158
0.027491418510046592   17666.474576037257   17531.863090536546
0.028297341710866907   17376.581556656838   17234.982401467016
0.029126890909937666   17073.421976330832   16924.921700580184
0.029980758713939952   16758.19152077898   16602.93484224564
0.030859658033628758   16432.22961811686   16270.42486960666
0.031764322679055976   16097.108859053891   15929.03846952017
0.03269550797224261   15754.378654834403   15580.393417580106
0.033653991377811755   15405.621837168599   15226.130641995089
0.03464057315210884   15052.89917113551   14868.345369992852
0.03565607701135116   14698.347050634635   14509.194951441312
0.036701350819364466   14343.943699613184   14150.672125901487
0.03777726729548091   13991.33716008503   13794.451313955167
0.038884724743189276   13641.83369542942   13441.87935594755
0.04002464780014597   13296.614374923067   13094.170597885728
0.041197988210172884   12957.076753444706   12752.711268080455
0.04240572561788674   12625.734439493823   12419.857892116805
0.04364886838662332   12305.141911682826   12097.98252310578
0.04492845444033957   11997.522092532667   11789.137462073464
0.04624555213019635   11703.928580995062   11494.218085613076
0.04760126112654554   11424.549164450118   11213.267144090318
0.04899671333706607   11159.503729264152   10946.271413381777
0.05043307385181555   10908.397031111303   10692.7343836861
0.05191154191598653   10670.001975492614   10451.374395992341
0.053433351931179485   10443.091702859361   10220.920047086553
0.05499977448602865   10226.191741476747   9999.891653127177
0.05661211741704101   10017.32475375221   9786.372487302098
0.05827172690053434   9814.579232833874   9578.523179352784
0.05997998857658587   9615.806269291617   9374.362548753508
0.06173832870592997   9418.646786323554   9171.788248718705
0.0635482153607709   9220.761457196171   8968.75501061987
0.06541115965050462   9019.275633384957   8762.878789637994
0.06732871698337338   8811.348616508787   8551.85445739892
0.06930248836510605   8594.084761040698   8333.543763457175
0.07133412173562886   8364.64913161396   8106.019813691424
0.07342531334496233   8120.9042236533705   7867.972747369121
0.07557780916945323   7861.592849254113   7618.878107155366
0.07779340636952398   7586.633953241213   7359.153247887844
0.08007395479015682   7297.7536885904865   7090.711109281199
0.08242135850536496   6997.773700574937   6816.236936303436
0.08483757740794096   6690.992262290503   6539.488599715412
0.08732462884580919   6382.224702770107   6264.378100347024
0.08988458930634863   6076.72770808497   5994.898112267113
0.09251959615009227   5779.668944735534   5734.772969498259
0.09523184939525078   5495.931334251654   5487.350019134495
0.09802361355455057   5230.199038271277   5255.511528658291
0.10089721952591899   4986.37886160485   5041.502565725401
0.10385506653859616   4767.361146698774   4846.470214984839
0.10689962415629803   4574.747274595585   4670.672744684937
0.11003343433910281   4407.5720783275865   4512.707974362754
0.11325911356578279   4263.0296147308745   4370.0795548636415
0.11657935501835284   4135.742726717658   4238.790370417979
0.11999693083066039   4019.1243684724072   4114.414396746334
0.12351469440289359   3905.8814255276707   3992.4649684260435
0.12713558278394044   3789.0652225895064   3869.1840294280946
0.13086261912358757   3662.912520757055   3741.8561875791565
0.13469891519660646   3523.523264263778   3609.043532442063
0.13864767400083483   3369.7978827053757   3470.7407516789353
0.14271219243142114   3203.5572636231245   3328.7674661630476
0.14689586403346616   3029.2601914020097   3186.249332068729
0.1512021818353596   2853.246691892939   3046.3042700262063
0.15563474126517718   2682.778352136943   2912.5562621721974
0.16019724315257297   2525.159029240606   2787.549076418702
0.1648934968186736   2386.4181490761844   2673.229895029128
0.1697274232565544   2269.53756817094   2570.653383699394
0.17470305840495237   2173.0602297195087   2477.1460079959465
0.17982455651794954   2091.651623944427   2390.809890655053
0.18509619363343993   2018.2584338631123   2308.5463272982615
0.19052237114327647   1945.7799737187397   2228.0218242187525
0.19610761946807834   1867.8358298214557   2147.282045759603
0.20185660183976684   1780.2862357801625   2065.3738983903
0.20777411819498756   1683.5132070925656   1983.1516641945702
0.21386510918267082   1582.5609535326532   1903.1851820271738
0.22013466028907505   1484.287231882476   1826.363649027381
0.22658800608375756   1394.669269840343   1754.235499930704
0.23323053459001789   1317.5641165992279   1686.9309434831146
0.2400677917834628   1253.3587817563712   1624.519585065885
0.24710548622244882   1198.5728578690146   1565.692307723581
0.25434949381426813   1147.4219365047272   1509.1339549249483
0.2618058627210567   1094.5738001399232   1453.9381454522515
0.2694808184095226   1037.11324656374   1399.9518040101839
0.27738076884870827   976.3478172048949   1347.2523140425008
0.2855123098601282   916.4838954384859   1297.069849694598
0.29388223062474755   861.5757166337319   1249.1244098221953
0.3024975193514008   813.8924578741894   1203.8983372340394
0.31136536911138296   772.6926169078102   1161.1025967929359
0.3204931838440838   734.6236711911477   1120.040088752551
0.32988858453867975   696.4712778294582   1080.5778024832318
0.3395594155970457   657.0200467551364   1042.4336975901567
0.34951375138319807   617.5481172915061   1005.6646361959989
0.3597599029647371   580.604147408107   970.6847968451912
0.37030642505191835   547.5483860721515   937.413444855625
0.3811621231401457   517.7766825000441   905.6530330092334
0.3923360608618501   489.56132866200136   875.3123733383688
0.4038375675538918   461.58188950073475   846.0250536246957
0.41567624604680364   434.0593686419166   817.9151043883572
0.42786198068238046   408.12545075798823   791.0614911297369
0.4404049455663077   384.3798392391329   765.4256969497668
0.4533156130627191   362.39849303560453   740.8860747868301
0.4666047625377753   341.3430801377453   717.3343054482211
0.4802834893595659   320.9636991395428   694.6995716030259
0.49436321416184764   301.63562055659895   672.9718267507012
0.5088556923793517   283.66850712765   652.2066786615516
0.5237730240626238   266.85583007203223   632.2983729670723
0.5391276639805903   250.8546128134864   613.1300738280058
0.5549324320192869   235.6193259756081   594.7137361113863
0.5712005238854289   221.3008223529435   577.0160029144325
0.5879455221237613   207.88427904891967   560.0137288631304
0.6051814074573895   195.21069406517398   543.647226818985
0.622922570460556   183.2155848604653   527.8571155651155
0.6411838235736077   171.93077331752562   512.64556443403
0.6599804134701901   161.32425260313448   497.9896399916835
0.6793280337869897   151.33321486761395   483.8149663423838
0.6992428382266549   141.92523078280706   470.12145915282713
0.7197414540448374   133.0696096742616   456.8822072224501
0.7408409959326054   124.73692187987416   444.0682251297469
0.7625590803058332   116.89904723099488   431.6525655721734
0.7849138400134885   109.52913858940865   419.61018312482094
0.8079239394770964   102.60158444680309   407.9178098146979
0.8316085902740278   96.09197081836942   396.5538413644441
0.8559875671776167   89.97698341348162   385.49811320469456
0.8810812246675007   84.23415909560443   374.7313415432618
0.9069105139239728   78.84211638376965   364.23551328444114
0.9334970003205227   73.78060989636955   353.9940065657883
0.960862881429187   69.03047656848413   343.99151110177297
0.9890310055537336   64.57358391855331   334.2139547257048
1.0180248908061487   60.39278036000716   324.64843552490913
1.047868744742366   56.47184778488995   315.2831617981087
1.0785874845736239   52.79547563443989   306.107606211495
1.1102067579703248   49.34922360837181   297.1125654771822
1.1427529644757777   46.119442999013366   288.28974587313775
1.1762532775476793   43.09323484196969   279.63168040285206
1.210735667245765   40.25841333089595   271.1316858807408
1.246228923584555   37.60347066933558   262.78382192876023
1.2827626805706884   35.1175433299133   254.58285159567777
1.3203674409449337   32.790378561070966   246.52434747289857
1.3590746016495152   30.612293170789354   238.6060312915488
1.3989164800420282   28.57415175150758   230.826922795162
1.4399263408778291   26.667346136162525   223.18628097492677
1.4821384240834183   24.88376755297377   215.68356891867694
1.525587973344019   23.215779955096576   208.31843416314177
1.5703112655292182   21.65619460239053   201.09068929417347
1.6163456409812174   20.198245849132128   194.0002929464407
1.6637295346910133   18.83556736298482   187.047993506537
1.7125025083885144   17.562168860926782   180.2366684315019
1.7627052835733923   16.3724176469499   173.56930223461586
1.814379775514258   15.261019204243041   167.0485049331083
1.8675691282445197   14.22299821891842   160.67652023485567
1.922317750584177   13.253680568336383   154.4552345088026
1.9786713532176083   12.348676232449268   148.38618647518456
2.0366769868582977   11.503863001905964   142.47060248731907
2.0963830815323896   10.715368798287203   136.71010412722234
2.1578394870138577   9.9795575939904   131.10667979008477
2.2210975144450407   9.29301870598652   125.66180996192055
2.286209979177315   8.65255369411713   120.37644766718539
2.3532312448676476   8.055163808822847   115.25104995714398
2.4222172688678643   7.498038132180039   110.28560951194585
2.4932256489445366   6.978542377551968   105.47968616201562
2.5663156713684585   6.4942090538345605   100.83249384841453
2.641548360413907   6.04273121744444   96.34322780399461
2.7189865293089923   5.621948920337236   92.0108125685269
2.798694832679631   5.2298382657702325   87.83376859267334
2.8807398205309562   4.864503328645437   83.81024935466328
2.9651899938111903   4.52416852193204   79.93807782667896
3.05211586160442   4.207171381134236   76.21478161357378
3.1415899999999994   3.911955714415267   72.63762421998327
