0.01   7831.554176319063   7830.686680343495
0.010293154462191829   7936.141434587026   7935.2021765194495
0.010594902878253955   8038.405783369275   8037.389127539647
0.010905497183778876   8138.109564591271   8137.010410961898
0.011225196699963396   8234.998369842478   8233.81038491974
0.011554268350120923   8328.809879165725   8327.52485129097
0.011892986882540897   8419.278556471034   8417.886375552476
0.012241635099881474   8506.129018777421   8504.618643509186
0.012600504095286909   8589.075864934293   8587.436439357485
0.012969893495426888   8667.832398606173   8666.053360789962
0.013350111710660605   8742.107331145588   8740.17805776244
0.013741476192534558   8811.592923970706   8809.501261363934
0.014144313698828986   8875.979290040914   8873.711210655474
0.01455896056637426   8934.958960890142   8932.498598223883
0.014985762991865008   8988.217144881666   8985.547241756718
0.01542507732090645   9035.43555334913   9032.537847124837
0.015877270345534218   9076.303086089447   9073.158388958267
0.016342719610456153   9110.51105854582   9107.09906624234
0.016821813728271667   9137.744431953335   9134.04311804686
0.017314952703931925   9157.698266342224   9153.683880271074
0.017822548268711737   9170.081391409572   9165.728520326027
0.01834502422397195   9174.60861444554   9169.889680362121
0.018882816794999403   9171.007763486197   9165.892834968186
0.019436374995219892   9159.028125283563   9153.485125967538
0.02000616100108813   9138.440733173806   9132.435579896463
0.020592650537967844   9109.039001085173   9102.535691928668
0.021196333277324068   9070.644359892964   9063.605276605735
0.02181771324555934   9023.110632948728   9015.496992108778
0.022457309244835088   8966.335917075028   8958.108753883103
0.02311565528622961   8900.257044229122   8891.377844769855
0.023793301035594242   8824.84707791241   8815.278214103479
0.024490812272480036   8740.140565041633   8729.846673431073
0.025208771362518027   8646.240239320112   8635.189812605384
0.0259477777436476   8543.287011393033   8531.45277896599
0.02670844842659881   8431.476161663903   8418.836126313623
0.027491418510046592   8311.11723843776   8297.658181606075
0.028297341710866907   8182.570730250608   8168.289014281353
0.029126890909937666   8046.228311233317   8031.12976369245
0.029980758713939952   7902.601403066736   7886.703457375348
0.030859658033628758   7752.302935781671   7735.636212988528
0.031764322679055976   7595.95356666308   7578.560985870282
0.03269550797224261   7434.237801254752   7416.1742068799795
0.033653991377811755   7268.019827742009   7249.352797946666
0.03464057315210884   7098.168792119935   7078.977433298436
0.03565607701135116   6925.530794947506   6905.90408957811
0.036701350819364466   6751.079893462743   6731.115025825402
0.03777726729548091   6575.8378567445025   6555.638505535119
0.038884724743189276   6400.752301592795   6380.4269859121505
0.04002464780014597   6226.823217056249   6206.4788378454805
0.041197988210172884   6055.228563393512   6034.9592648185735
0.04240572561788674   5887.059443465312   5866.945753825125
0.04364886838662332   5723.266292479584   5703.375387136837
0.04492845444033957   5564.526182486519   5544.9093422056785
0.04624555213019635   5411.356400883484   5392.048758466497
0.04760126112654554   5264.210162857412   5245.231639340706
0.04899671333706607   5123.780077712865   5105.10810893881
0.05043307385181555   4991.118034236438   4972.64940358577
0.05191154191598653   4867.191799938221   4848.747020600547
0.053433351931179485   4752.483615366246   4733.824361520087
0.05499977448602865   4646.114549726245   4626.985192501469
0.05661211741704101   4546.999506204674   4527.135999028639
0.05827172690053434   4454.142320842251   4433.273091076923
0.05997998857658587   4366.621332741202   4344.4697654195
0.06173832870592997   4283.5812308517725   4259.866858865074
0.0635482153607709   4204.012214279699   4178.469306570131
0.06541115965050462   4126.575905249896   4098.986869545677
0.06732871698337338   4049.9466266429117   4020.151118068787
0.06930248836510605   3972.5042016290245   3940.4608977870766
0.07133412173562886   3892.5242558561963   3858.3440578890095
0.07342531334496233   3808.2456938796545   3772.2396000100985
0.07557780916945323   3717.7908368430403   3680.5443902013585
0.07779340636952398   3619.576185454329   3581.940871712606
0.08007395479015682   3512.5437552289877   3475.6316684958933
0.08242135850536496   3396.124368904948   3361.26954397063
0.08483757740794096   3270.7164356480384   3239.436489124577
0.08732462884580919   3137.303911426884   3111.215257961837
0.08988458930634863   2997.861591527434   2978.5316697322237
0.09251959615009227   2854.725020780711   2843.5656729833204
0.09523184939525078   2710.65019704054   2708.7842247997646
0.09802361355455057   2568.451147296177   2576.6444834874787
0.10089721952591899   2430.9820599026584   2449.581252573768
0.10385506653859616   2301.132695521064   2329.9322596232823
0.10689962415629803   2181.520776454377   2219.7533538615157
0.11003343433910281   2074.2965020180695   2120.5476788279343
0.11325911356578279   1981.0591791885588   2033.306450410556
0.11657935501835284   1902.0534271039842   1957.9255088580908
0.11999693083066039   1836.5962684026142   1893.5551096471306
0.12351469440289359   1782.4402282271667   1838.0873631496343
0.12713558278394044   1736.5878704501865   1788.9321140459883
0.13086261912358757   1695.254896916833   1743.075046249586
0.13469891519660646   1654.469465601591   1697.4746766468324
0.13864767400083483   1610.4209940304927   1649.3777848629743
0.14271219243142114   1559.9232409421143   1596.7457115584173
0.14689586403346616   1501.0266926394083   1538.4906169620122
0.1512021818353596   1433.308590478894   1474.6682400658872
0.15563474126517718   1358.0429010135308   1406.5740440494312
0.16019724315257297   1277.955982311147   1336.278889950619
0.1648934968186736   1196.8552052079442   1266.5481105235579
0.1697274232565544   1119.191023105116   1200.3151675593015
0.17470305840495237   1049.3343076398426   1140.0963873455787
0.17982455651794954   990.4099247993471   1087.6772115305137
0.18509619363343993   943.2306879278913   1043.01617322569
0.19052237114327647   906.2968487091716   1004.7424166674812
0.19610761946807834   876.6152253820056   970.9049288578348
0.20185660183976684   850.3960490444051   939.1858900086099
0.20777411819498756   823.3816166104309   907.1993531650356
0.21386510918267082   791.7130652314908   873.138783573274
0.22013466028907505   753.5974221314942   836.3694592720465
0.22658800608375756   710.1678952077932   798.0000076730117
0.23323053459001789   664.5628266208007   759.6224366070958
0.2400677917834628   620.5700524679348   723.0963314914716
0.24710548622244882   581.7148208572391   689.7034713003012
0.25434949381426813   549.9729714096374   660.225799294337
0.2618058627210567   525.0006924207917   634.071695118861
0.2694808184095226   504.414919959929   610.0372448380855
0.27738076884870827   484.8070862337672   586.7924388522132
0.2855123098601282   463.0673841106151   563.3352258212433
0.29388223062474755   438.11311397270237   539.3217151399892
0.3024975193514008   411.23564641143093   515.8001148106027
0.31136536911138296   384.87330760582074   493.06141172121886
0.3204931838440838   361.4703897791773   471.9379844129313
0.32988858453867975   342.1318218051531   452.637125894357
0.3395594155970457   325.89596179788373   434.56681165439073
0.34951375138319807   310.725634164866   417.35444744373166
0.3597599029647371   294.8237712946287   400.4849931656707
0.37030642505191835   277.74629039487684   383.9667305962458
0.3811621231401457   260.63452038762927   368.1036344821644
0.3923360608618501   244.9646023755312   353.103423423914
0.4038375675538918   231.36765304497442   338.9794421181956
0.41567624604680364   219.31353536822132   325.67045887865925
0.42786198068238046   207.65626798297419   312.8737828820513
0.4404049455663077   195.76530548285123   300.500390923532
0.4533156130627191   183.9864691294201   288.69467669335336
0.4666047625377753   173.03426774900643   277.45241572232146
0.4802834893595659   163.1989849497087   266.7823594065596
0.49436321416184764   154.0977275999443   256.6314602527069
0.5088556923793517   145.24769624439287   246.90616164027188
0.5237730240626238   136.58713885223068   237.55991764418368
0.5391276639805903   128.42717455125089   228.6695642166246
0.5549324320192869   120.91427649068078   220.20279225725068
0.5712005238854289   113.87909588066432   212.1287727186213
0.5879455221237613   107.12210158277418   204.40260280966638
0.6051814074573895   100.67416769050067   197.0053280039322
0.622922570460556   94.6432698956951   189.95627686926684
0.6411838235736077   88.99969937023494   183.22737287681235
0.6599804134701901   83.64602673259637   176.78599639293324
0.6793280337869897   78.56904316424952   170.6210223021602
0.6992428382266549   73.79928698187454   164.7313064062295
0.7197414540448374   69.32038392722065   159.0990151273008
0.7408409959326054   65.09568018945438   153.70534722206344
0.7625590803058332   61.11051106218579   148.53756898956306
0.7849138400134885   57.3535705174303   143.58377302645596
0.8079239394770964   53.813849918160344   138.8327698622943
0.8316085902740278   50.480655665584045   134.27404016739655
0.8559875671776167   47.34362337150437   129.89769045839262
0.8810812246675007   44.39272883876088   125.6944120250138
0.9069105139239728   41.61827152148238   121.6553972410892
0.9334970003205227   39.01049404390278   117.77155832616789
0.960862881429187   36.55976652230047   114.03372202342415
0.9890310055537336   34.256984632273344   110.43332254399905
1.0180248908061487   32.09355395147899   106.96238088565524
1.047868744742366   30.06136218744223   103.61346337132679
1.0785874845736239   28.15275289113273   100.37964361679242
1.1102067579703248   26.360500577226684   97.25446761213793
1.1427529644757777   24.67779850999508   94.23187847705312
1.1762532775476793   23.09829911308738   91.30593221283284
1.210735667245765   21.61602837853222   88.47098146174288
1.246228923584555   20.225329566589263   85.72179227463926
1.2827626805706884   18.920848448346113   83.05351750484901
1.3203674409449337   17.69751921519958   80.46167176575872
1.3590746016495152   16.550550882997456   77.9421083574696
1.3989164800420282   15.475414185561679   75.49099796593848
1.4399263408778291   14.467824142130228   73.10481074916139
1.4821384240834183   13.523718842349009   70.78030188462762
1.525587973344019   12.639263702029906   68.51448918290266
1.5703112655292182   11.810843203093807   66.30463595789055
1.6163456409812174   11.035049306539264   64.14823627014975
1.6637295346910133   10.30867041114488   62.04300107999641
1.7125025083885144   9.62868083700337   59.986845210537005
1.7627052835733923   8.992230817769087   57.97787766008517
1.814379775514258   8.396637257711813   56.01456906596537
1.8675691282445197   7.839374749406165   54.0958240463349
1.922317750584177   7.31806644192879   52.22066743542822
1.9786713532176083   6.830475832098053   50.388207757127006
2.0366769868582977   6.374499012591178   48.59763108536667
2.0963830815323896   5.948157308428032   46.84819510692688
2.1578394870138577   5.549590285278038   45.13922337475828
2.2210975144450407   5.177049030221801   43.470115080699806
2.286209979177315   4.828888601035656   41.84058053296184
2.3532312448676476   4.503562698485109   40.25055005737364
2.4222172688678643   4.199619283307673   38.69993350909889
2.4932256489445366   3.915695150176753   37.18861237649052
2.5663156713684585   3.6505107555643597   35.716439568841835
2.641548360413907   3.4028653274727465   34.28323929809704
2.7189865293089923   3.171632243059053   32.88880705406811
2.798694832679631   2.9557549620498382   31.532961993954974
2.8807398205309562   2.7542445055378195   30.215841134855797
2.9651899938111903   2.56617384133144   28.93763184405599
3.05211586160442   2.390673291945892   27.698405870997277
3.1415899999999994   2.226927184384514   26.4981261390583
