0.01   12459.496175360251   12456.480993475292
0.010293154462191829   12609.876873409206   12606.596681169394
0.010594902878253955   12755.738062024528   12752.169672086393
0.010905497183778876   12896.681993329621   12892.798289453089
0.011225196699963396   13032.304478123568   13028.074687709157
0.011554268350120923   13162.181891224007   13157.573632411342
0.011892986882540897   13285.882609403052   13280.862727317935
0.012241635099881474   13402.974131914501   13397.508751239022
0.012600504095286909   13513.009696689558   13507.06258088229
0.012969893495426888   13615.526545228533   13609.057076173454
0.013350111710660605   13710.06478206135   13703.027881645852
0.013741476192534558   13796.16513457381   13788.511547935961
0.014144313698828986   13873.35464935203   13865.031895634962
0.01455896056637426   13941.164921255195   13932.117687187314
0.014985762991865008   13999.139058538187   13989.309332210549
0.01542507732090645   14046.818220592613   14036.143923320973
0.015877270345534218   14083.746766880857   14072.160660575386
0.016342719610456153   14109.489086867594   14096.919067310433
0.016821813728271667   14123.627595520278   14109.99666651513
0.017314952703931925   14125.756233981701   14110.981807881273
0.017822548268711737   14115.496174899768   14099.490426844435
0.01834502422397195   14092.501691946265   14075.17220479011
0.018882816794999403   14056.464073989438   14037.714643774603
0.019436374995219892   14007.11441015723   13986.845897200801
0.02000616100108813   13944.226221643743   13922.3374288612
0.020592650537967844   13867.630915045524   13844.019676663363
0.021196333277324068   13777.231414771222   13751.795861354016
0.02181771324555934   13672.982392543548   13645.622017381238
0.022457309244835088   13554.8989824512   13525.516234127024
0.02311565528622961   13423.113943660159   13391.618798841919
0.023793301035594242   13277.837611988032   13244.149918837316
0.024490812272480036   13119.331450687238   13083.381777024126
0.025208771362518027   12947.984655496302   12909.717968146493
0.0259477777436476   12764.334571794892   12723.71454347368
0.02670844842659881   12568.960904159847   12525.970122819386
0.027491418510046592   12362.518452484686   12317.15946301206
0.028297341710866907   12145.884750170626   12098.185282092556
0.029126890909937666   11920.00029352349   11870.01356245329
0.029980758713939952   11685.813107768801   11633.616187599191
0.030859658033628758   11444.471086052521   11390.164007928453
0.031764322679055976   11197.285971694688   11140.990270135273
0.03269550797224261   10945.522735622717   10887.378824984578
0.033653991377811755   10690.475835721973   10630.640225068477
0.03464057315210884   10433.642278455683   10372.28443111404
0.03565607701135116   10176.467809139034   10113.767135968295
0.036701350819364466   9920.312432124238   9856.453891785664
0.03777726729548091   9666.734081876908   9601.885967916483
0.038884724743189276   9417.353191796365   9351.653491899866
0.04002464780014597   9173.631522423853   9107.188602355041
0.041197988210172884   8936.749904898194   8869.640985972392
0.04240572561788674   8707.490337197112   8639.757590924191
0.04364886838662332   8486.506394552382   8418.158595613599
0.04492845444033957   8274.441311084323   8205.445902674584
0.04624555213019635   8072.4217825135465   8002.627966614569
0.04760126112654554   7881.71408076522   7810.82476459898
0.04899671333706607   7703.397945433198   7630.983087103393
0.05043307385181555   7537.031530523522   7462.604400839912
0.05191154191598653   7380.730283156495   7303.821975450683
0.053433351931179485   7232.692339643806   7152.855102642673
0.05499977448602865   7091.340197494464   7008.152121229852
0.05661211741704101   6955.305714697952   6868.375882237702
0.05827172690053434   6823.268258323133   6732.244658566686
0.05997998857658587   6693.4398545827   6598.08257649495
0.06173832870592997   6563.8337565417205   6464.055680530563
0.0635482153607709   6432.388654948831   6328.304488303216
0.06541115965050462   6296.621364320071   6188.679703205652
0.06732871698337338   6154.1513517817575   6043.157042922405
0.06930248836510605   6002.562310784969   5889.814407305541
0.07133412173562886   5839.637079859818   5726.9604676238605
0.07342531334496233   5664.055085327693   5553.714972364296
0.07557780916945323   5475.367620819743   5369.969629531366
0.07779340636952398   5274.263442543823   5176.664330905081
0.08007395479015682   5062.6324545681655   4975.840647751354
0.08242135850536496   4843.335814441703   4770.209493295178
0.08483757740794096   4620.104948774817   4563.0641315955745
0.08732462884580919   4396.9646413967685   4357.83766228967
0.08988458930634863   4177.981294492764   4157.909528729391
0.09251959615009227   3967.204631830937   3966.4512429180204
0.09523184939525078   3768.4241206258303   3786.309674704246
0.09802361355455057   3585.2932101375827   3620.081770138628
0.10089721952591899   3420.6382684138275   3469.638255220871
0.10385506653859616   3276.233090946927   3335.7160712892073
0.10689962415629803   3152.457780622613   3218.041563751657
0.11003343433910281   3047.527713472548   3114.7899596438783
0.11325911356578279   2958.121218424867   3023.0786904305783
0.11657935501835284   2879.318838298826   2938.9590021523213
0.11999693083066039   2805.5134314260818   2858.3132049481937
0.12351469440289359   2730.9895181026855   2777.201678506024
0.12713558278394044   2650.5468203942555   2692.2770285398356
0.13086261912358757   2560.2668303494347   2601.3941787071894
0.13469891519660646   2458.0043471631784   2503.7853400903737
0.13864767400083483   2344.082276160805   2400.1750268428814
0.14271219243142114   2221.087874795672   2292.6927189600015
0.14689586403346616   2093.3796658456595   2184.3724512365047
0.1512021818353596   1966.4912273591033   2078.6207271157195
0.15563474126517718   1846.5783406531878   1979.1177516736238
0.16019724315257297   1739.3796083716118   1888.5871026191169
0.1648934968186736   1648.6502835728609   1808.5426905785737
0.1697274232565544   1574.819581365489   1738.729258163835
0.17470305840495237   1514.8760063913758   1676.71658770773
0.17982455651794954   1463.8138988847838   1619.6010783855688
0.18509619363343993   1416.0578599461242   1564.6131606476422
0.19052237114327647   1365.965291097774   1509.211066151643
0.19610761946807834   1308.8379100976676   1451.5698211443842
0.20185660183976684   1243.105849187672   1391.5408166011043
0.20777411819498756   1171.3567587705256   1330.6606682476388
0.21386510918267082   1098.6224165379692   1271.3604514852764
0.22013466028907505   1030.101732529335   1215.3742334978303
0.22658800608375756   970.019661336662   1164.0024838537418
0.23323053459001789   920.275296091951   1117.2711178944046
0.2400677917834628   879.4336174054092   1074.7484690391414
0.24710548622244882   843.6342182454099   1034.5606342560445
0.25434949381426813   808.2217964998558   995.4047968830545
0.2618058627210567   769.5510511912213   956.3795367875822
0.2694808184095226   727.0382946182959   917.6083818970621
0.27738076884870827   683.21138807047   879.9197686665867
0.2855123098601282   641.4907804453982   844.1325740475484
0.29388223062474755   604.6395135964685   810.434675109589
0.3024975193514008   573.4043286659168   779.1380318416414
0.31136536911138296   545.8916843373912   749.4085620768303
0.3204931838440838   519.2888052737601   720.9153852001654
0.32988858453867975   491.70198574133144   693.1537091723462
0.3395594155970457   463.1520335423275   666.3501149324672
0.34951375138319807   435.4406380117864   640.6233450523316
0.3597599029647371   410.2790329415698   616.2583961863342
0.37030642505191835   387.96588322279666   593.1977976632819
0.3811621231401457   367.4902645013385   571.2002813004374
0.3923360608618501   347.46404574478373   550.1497228146545
0.4038375675538918   327.4349767288135   529.8193065921382
0.41567624604680364   308.07633646400427   510.3687675473409
0.42786198068238046   290.1765395652221   491.8741153329579
0.4404049455663077   273.81832826127123   474.2658783931735
0.4533156130627191   258.4000707677848   457.4138122234933
0.4666047625377753   243.45290367891485   441.2626092014036
0.4802834893595659   229.05383511410486   425.7723552759315
0.49436321416184764   215.56577358046528   410.99188980704207
0.5088556923793517   203.02272644963625   396.89400299822563
0.5237730240626238   191.1686129828557   383.39325272548507
0.5391276639805903   179.8317201629899   370.43931739725366
0.5549324320192869   169.09255427215766   358.04852068066964
0.5712005238854289   159.02770185453758   346.1950530490842
0.5879455221237613   149.5521596384203   334.8409697128909
0.6051814074573895   140.56860320862003   323.9481147721893
0.622922570460556   132.07873495998777   313.4988714737557
0.6411838235736077   124.09518519598038   303.47979684101887
0.6599804134701901   116.57349116167748   293.86359607104635
0.6793280337869897   109.47538698425706   284.63331508493934
0.6992428382266549   102.78644102987589   275.7603526340828
0.7197414540448374   96.48510934876566   267.22472047053117
0.7408409959326054   90.55060156647153   259.0079181051904
0.7625590803058332   84.96311485279396   251.09261957739307
0.7849138400134885   79.70379652737205   243.4625934870555
0.8079239394770964   74.75470736598021   236.10262923341844
0.8316085902740278   70.09878565453273   228.99846893342854
0.8559875671776167   65.71980272432197   222.13639036210753
0.8810812246675007   61.60229939324502   215.50193586841323
0.9069105139239728   57.731592063102184   209.0811995113171
0.9334970003205227   54.09375228181101   202.86127006974684
0.960862881429187   50.67557296018209   196.83016451473617
0.9890310055537336   47.46453573551703   190.97676700527623
1.0180248908061487   44.44877947150044   185.29077292527955
1.047868744742366   41.61706988396305   179.76263659915506
1.0785874845736239   38.95877072951443   174.38342053915213
1.1102067579703248   36.46381588782907   169.14467075303426
1.1427529644757777   34.122681281705226   164.03857529699923
1.1762532775476793   31.92635873929275   159.0579496923281
1.210735667245765   29.866330994529214   154.1962001289556
1.246228923584555   27.934547682567782   149.44728926338962
1.2827626805706884   26.123402306629934   144.80570432133803
1.3203674409449337   24.425709925623657   140.26644593374755
1.3590746016495152   22.834682346284602   135.82531513826606
1.3989164800420282   21.34390955905684   131.47879519114096
1.4399263408778291   19.947344159856346   127.22371387649304
1.4821384240834183   18.63928264663803   123.05721292761152
1.525587973344019   17.414347434074198   118.97672911148415
1.5703112655292182   16.26746969305307   114.97997600806409
1.6163456409812174   15.193872985629262   111.06492640178443
1.6637295346910133   14.189057256649438   107.22994521759506
1.7125025083885144   13.24878205993596   103.4745217536179
1.7627052835733923   12.369054578963432   99.79855131601772
1.814379775514258   11.546117162730104   96.20193072522768
1.8675691282445197   10.776434372944392   92.68455252032882
1.922317750584177   10.056680676223554   89.24630026140747
1.9786713532176083   9.383728756293637   85.88704403841894
2.0366769868582977   8.754638417426879   82.60663680898037
2.0963830815323896   8.16664518156154   79.40518342702009
2.1578394870138577   7.6171492988660745   76.28340037330945
2.2210975144450407   7.103708617097483   73.24193017032475
2.286209979177315   6.624029881890218   70.2812267748218
2.3532312448676476   6.175960110830964   67.40156344932622
2.4222172688678643   5.757478434034912   64.60304083778985
2.4932256489445366   5.366688378385656   61.885595202334976
2.5663156713684585   5.0018106570815055   59.24901962221719
2.641548360413907   4.661178488175703   56.693323298754486
2.7189865293089923   4.343230609893681   54.21871128917301
2.798694832679631   4.04650221432983   51.82514761027278
2.8807398205309562   3.7696191862125628   49.51235007434293
2.9651899938111903   3.5112928069655576   47.279809965625645
3.05211586160442   3.2703147425715184   45.126811333512734
3.1415899999999994   3.0455523020222692   43.052449808414636
