0.01   12736.386286485334   12735.132807020167
0.010293154462191829   12844.85723702888   12843.53285446839
0.010594902878253955   12946.859315231946   12945.458372157704
0.010905497183778876   13041.99125874556   13040.507023479691
0.011225196699963396   13129.853890690327   13128.278607458073
0.011554268350120923   13210.030300816088   13208.355927903414
0.011892986882540897   13282.09373740591   13280.31250244123
0.012241635099881474   13345.62558931675   13343.730042960782
0.012600504095286909   13400.208297693804   13398.190828575685
0.012969893495426888   13445.413465988826   13443.265041167015
0.013350111710660605   13480.824133971642   13478.534133055204
0.013741476192534558   13506.037720910788   13503.59401696174
0.014144313698828986   13520.639661404104   13518.02907873453
0.01455896056637426   13524.219650249996   13521.428272083564
0.014985762991865008   13516.393001263727   13513.40625673278
0.01542507732090645   13496.791245674902   13493.593328341778
0.015877270345534218   13465.053027651633   13461.625678470818
0.016342719610456153   13420.84994609698   13417.172456204338
0.016821813728271667   13363.890046768747   13359.939434422451
0.017314952703931925   13293.902021549542   13289.65314418882
0.017822548268711737   13210.65072803128   13206.076491995145
0.01834502422397195   13113.950853413977   13109.022509523873
0.018882816794999403   13003.667895184528   12998.355281941498
0.019436374995219892   12879.719838954032   12873.991610280904
0.02000616100108813   12742.083149083903   12735.907161310033
0.020592650537967844   12590.800082809274   12584.144003468213
0.021196333277324068   12426.00367740508   12418.836512553564
0.02181771324555934   12247.899976003448   12240.192860111116
0.022457309244835088   12056.759121839072   12048.485749684678
0.02311565528622961   11852.964835349545   11844.104457789581
0.023793301035594242   11637.024006514375   11627.564913105702
0.024490812272480036   11409.499964478498   11399.439497754298
0.025208771362518027   11171.038560172172   11160.383700879898
0.0259477777436476   10922.4839171925   10911.254956871437
0.02670844842659881   10664.7505421677   10652.981292058956
0.027491418510046592   10398.775721918042   10386.512437802954
0.028297341710866907   10125.681567828298   10112.9854853321
0.029126890909937666   9846.754616669517   9833.704020533063
0.029980758713939952   9563.24740341953   9549.935354154411
0.030859658033628758   9276.455442566474   9262.98770327929
0.031764322679055976   8987.947125209075   8974.44116303137
0.03269550797224261   8699.253483530358   8685.83608930707
0.033653991377811755   8411.794266769455   8398.598743283921
0.03464057315210884   8127.154202071432   8114.3147976961045
0.03565607701135116   7846.992416675663   7834.639988681164
0.036701350819364466   7572.773457862112   7561.034372120915
0.03777726729548091   7305.884286109048   7294.873829356707
0.038884724743189276   7047.850951747678   7037.6567435467505
0.04002464780014597   6800.0270523236295   6790.709194651556
0.041197988210172884   6563.544464030366   6555.13755947336
0.04240572561788674   6339.327683938066   6331.824124298775
0.04364886838662332   6128.124068442218   6121.466343552297
0.04492845444033957   5930.537523654404   5924.625033449486
0.04624555213019635   5747.0270036838565   5741.704407793923
0.04760126112654554   5577.898812866177   5572.921771675236
0.04899671333706607   5423.392724891558   5418.431842037561
0.05043307385181555   5283.437439826162   5278.093776439095
0.05191154191598653   5156.402185862293   5150.256265554352
0.053433351931179485   5040.266455397273   5032.8936646318625
0.05499977448602865   4933.206887072695   4924.176650389248
0.05661211741704101   4833.6173235974165   4822.4941544993835
0.05827172690053434   4740.042815821562   4726.387248135134
0.05997998857658587   4650.833584066424   4634.22853652147
0.06173832870592997   4563.554669240626   4543.681699856709
0.0635482153607709   4475.751417430581   4452.409044360436
0.06541115965050462   4384.574292428131   4357.768871053912
0.06732871698337338   4286.8937088022985   4256.916346221663
0.06930248836510605   4179.903094820107   4147.349769374326
0.07133412173562886   4061.215187878057   4027.041971834097
0.07342531334496233   3929.0920659706785   3894.5896396161866
0.07557780916945323   3783.27715690455   3750.053958057657
0.07779340636952398   3624.399599995931   3594.295306718757
0.08007395479015682   3454.644468579298   3429.5509475444524
0.08242135850536496   3276.8651838424526   3258.604753250883
0.08483757740794096   3094.4315592673797   3084.6590596580404
0.08732462884580919   2910.8919596326114   2911.0016168013753
0.08988458930634863   2730.4163623069812   2741.3626277590624
0.09251959615009227   2557.124448521488   2579.3495017807827
0.09523184939525078   2395.2065857724765   2428.53873278652
0.09802361355455057   2248.453781225484   2291.922858895903
0.10089721952591899   2120.1052902222655   2171.8735973229227
0.10385506653859616   2011.7433049020508   2069.403695638542
0.10689962415629803   1923.6639503924484   1984.4355856527766
0.11003343433910281   1854.1116729527319   1915.0689300844913
0.11325911356578279   1800.064650860229   1858.3065043975735
0.11657935501835284   1757.12943102297   1810.3039861338343
0.11999693083066039   1720.3580958498808   1766.9318565517376
0.12351469440289359   1684.2794518017977   1723.8311844096693
0.12713558278394044   1643.6920944203857   1677.1015389771594
0.13086261912358757   1594.1610912447493   1623.634072902326
0.13469891519660646   1532.998462236601   1561.736215562932
0.13864767400083483   1459.5611832122195   1491.479981401498
0.14271219243142114   1375.2981279965813   1414.4743484392486
0.14689586403346616   1283.6400864697023   1333.3812256805677
0.1512021818353596   1189.923753078564   1252.3503792402828
0.15563474126517718   1100.600919439271   1175.8365684312369
0.16019724315257297   1021.7054788692149   1107.567638441384
0.1648934968186736   956.9755031181312   1049.7782507038157
0.1697274232565544   906.9487371427634   1002.1696418949359
0.17470305840495237   869.8540406933569   963.0492303978272
0.17982455651794954   842.4453876020552   930.1109988685333
0.18509619363343993   819.9950387495808   900.202359928486
0.19052237114327647   796.5086624500689   869.7011119992388
0.19610761946807834   766.8237803801162   836.0032807115281
0.20185660183976684   728.9655365181036   798.4814157604891
0.20777411819498756   684.2060137454738   758.1644293600727
0.21386510918267082   635.9513554586423   717.2396337861816
0.22013466028907505   588.9363587229113   678.1384254275908
0.22658800608375756   547.7939152860343   642.8836376950519
0.23323053459001789   515.031891440316   612.5970656697431
0.2400677917834628   490.4127327867227   586.4183793516798
0.24710548622244882   471.35207501612666   563.0464543111
0.25434949381426813   453.60254337611997   540.6082061176227
0.2618058627210567   433.4095551295924   517.8222677532264
0.2694808184095226   409.51644293328354   494.2004538607198
0.27738076884870827   382.95182866031126   470.4833362271904
0.2855123098601282   356.419749772586   447.52292783328664
0.29388223062474755   333.0007140093976   426.6083789516352
0.3024975193514008   313.9910508349605   407.4939655427064
0.31136536911138296   298.5391794346949   390.02724012082246
0.3204931838440838   284.5189195349587   373.5207466037269
0.32988858453867975   269.7448553328017   357.30597389545056
0.3395594155970457   253.62446650482516   341.3428239254613
0.34951375138319807   237.24820195222816   326.0072000670931
0.3597599029647371   222.13711336332216   311.54764857688224
0.37030642505191835   209.15736099078308   298.02238305628225
0.3811621231401457   197.86377327523155   285.3609352004985
0.3923360608618501   187.08115759193234   273.27904798852404
0.4038375675538918   176.08818956664453   261.63398183112065
0.41567624604680364   165.11223516159015   250.44067728303858
0.42786198068238046   154.86031276020447   239.8417113796574
0.4404049455663077   145.67866527399312   229.85850648344945
0.4533156130627191   137.28621124498187   220.39107048986253
0.4666047625377753   129.17308239375438   211.33626299332133
0.4802834893595659   121.2449051555703   202.68660374793052
0.49436321416184764   113.746953964682   194.45827423524756
0.5088556923793517   106.85381766177056   186.6649839074523
0.5237730240626238   100.43856626170316   179.26011503396015
0.5391276639805903   94.31052822053415   172.1912456243485
0.5549324320192869   88.4675642308556   165.45935848915147
0.5712005238854289   83.00029431944735   159.05613985112262
0.5879455221237613   77.90109774290104   152.9693296532702
0.6051814074573895   73.08403735022796   147.16582313450954
0.622922570460556   68.52519873256217   141.63163681159372
0.6411838235736077   64.24931581926262   136.36371325392915
0.6599804134701901   60.23633493549109   131.34426306210736
0.6793280337869897   56.45917137822657   126.55526362479056
0.6992428382266549   52.90768528996774   121.98842667686016
0.7197414540448374   49.56979459846761   117.63200076187948
0.7408409959326054   46.433493512030864   113.47421864182645
0.7625590803058332   43.48738265112183   109.50405670281627
0.7849138400134885   40.720643821836596   105.71118302560272
0.8079239394770964   38.12301541207011   102.08590940870465
0.8316085902740278   35.684768431632   98.61914702086261
0.8559875671776167   33.396672616525734   95.3022628922187
0.8810812246675007   31.249939956133574   92.12668678773531
0.9069105139239728   29.23624854871678   89.08427282820365
0.9334970003205227   27.347735580629255   86.16741228265549
0.960862881429187   25.576974248925957   83.36899471839469
0.9890310055537336   23.9169516811816   80.68237227380149
1.0180248908061487   22.361047823219412   78.10132680229327
1.047868744742366   20.90301569500173   75.61999184232823
1.0785874845736239   19.53696483462322   73.23250484655084
1.1102067579703248   18.25734027744313   70.93322655419361
1.1427529644757777   17.058903300638953   68.71690843042184
1.1762532775476793   15.936714863450982   66.57866590192157
1.210735667245765   14.886119817593762   64.5139527003961
1.246228923584555   13.902731849202553   62.51853734954485
1.2827626805706884   12.982418889730296   60.58847247625026
1.3203674409449337   12.121286481862434   58.719954583092836
1.3590746016495152   11.315666550385084   56.90935582117637
1.3989164800420282   10.562107747762953   55.15331220518603
1.4399263408778291   9.857363503667125   53.4487087931005
1.4821384240834183   9.198380611180996   51.79266359623529
1.525587973344019   8.582288395139482   50.18251276278968
1.5703112655292182   8.006388440472039   48.6157976126366
1.6163456409812174   7.468144953533732   47.090273195893225
1.6637295346910133   6.965175508179669   45.60389715746417
1.7125025083885144   6.495242150084684   44.15479188795694
1.7627052835733923   6.056243107356702   42.741233117308866
1.814379775514258   5.646204948754397   41.36164076359571
1.8675691282445197   5.2632751601110455   40.0145703421389
1.922317750584177   4.905715116934618   38.69870575489251
1.9786713532176083   4.571893225939634   37.41294093398598
2.0366769868582977   4.260278538677704   36.15643337795805
2.0963830815323896   3.969435239292666   34.92842984740181
2.1578394870138577   3.698017052381891   33.72824198028109
2.2210975144450407   3.444761913834817   32.55524189333391
2.286209979177315   3.2084869395854025   31.40885793932474
2.3532312448676476   2.988083676835054   30.288570647409003
2.4222172688678643   2.782513307844966   29.19396777194986
2.4932256489445366   2.5908019372142457   28.124844749442925
2.5663156713684585   2.4120375712334727   27.08103510921549
2.641548360413907   2.2453665056541414   26.062373007340703
2.7189865293089923   2.089989730569384   25.06869198442193
2.798694832679631   1.9451595473666852   24.09982378844747
2.8807398205309562   1.810176385944593   23.155597264103772
2.9651899938111903   1.6843860703586884   22.23588821864237
3.05211586160442   1.5671778837254766   21.34080467850733
3.1415899999999994   1.4579807372575653   20.470474865334587
