0.01   2874.2628392099873   2874.1651383549456
0.010293154462191829   2905.7721767041726   2905.673583378932
0.010594902878253955   2936.129506711997   2936.030315110653
0.010905497183778876   2965.241727448782   2965.1419840553776
0.011225196699963396   2993.015155616448   2992.9146555813027
0.011554268350120923   3019.35295410398   3019.2514389841904
0.011892986882540897   3044.1549152088965   3044.052310903137
0.012241635099881474   3067.321009932498   3067.217446614952
0.012600504095286909   3088.7502919063936   3088.6460551768087
0.012969893495426888   3108.3363722673166   3108.2316928693704
0.013350111710660605   3125.972757078616   3125.8677566192528
0.013741476192534558   3141.5546714627453   3141.449360235531
0.014144313698828986   3154.9751460733546   3154.8694351618224
0.01455896056637426   3166.1263623346003   3166.0200741946815
0.014985762991865008   3174.9040431123585   3174.7969115955957
0.01542507732090645   3181.2055534243327   3181.097269353586
0.015877270345534218   3184.9260987646544   3184.816431671425
0.016342719610456153   3185.9654233588376   3185.8542432208756
0.016821813728271667   3184.229330561909   3184.116585362763
0.017314952703931925   3179.62640186505   3179.5118748343225
0.017822548268711737   3172.0707007055225   3171.953870140826
0.01834502422397195   3161.485224236288   3161.3652682061534
0.018882816794999403   3147.8014730774516   3147.6773434269307
0.019436374995219892   3130.959168311837   3130.829721859457
0.02000616100108813   3110.9092377596307   3110.7732596866176
0.020592650537967844   3087.615303271871   3087.4715204903446
0.021196333277324068   3061.0570036438376   3060.9041109347086
0.02181771324555934   3031.2286716922345   3031.065350194782
0.022457309244835088   2998.138736354797   2997.963669470108
0.02311565528622961   2961.8179536146235   2961.629940574071
0.023793301035594242   2922.3217713781783   2922.119866320425
0.024490812272480036   2879.720086384926   2879.503607351016
0.025208771362518027   2834.102581635066   2833.8711794057667
0.0259477777436476   2785.5996178758805   2785.3535866259003
0.02670844842659881   2734.3599325031832   2734.1002619165574
0.027491418510046592   2680.5432331556553   2680.2715664091597
0.028297341710866907   2624.3515876781908   2624.070344401866
0.029126890909937666   2566.023070891796   2565.7355351458655
0.029980758713939952   2505.7971921192684   2505.5074177048264
0.030859658033628758   2443.93477177522   2443.64756702306
0.031764322679055976   2380.7604941583236   2380.481580775719
0.03269550797224261   2316.5982753311105   2316.334192024393
0.033653991377811755   2251.7605973011778   2251.518545771661
0.03464057315210884   2186.6057414467714   2186.3934243891854
0.03565607701135116   2121.5073817661973   2121.33285890569
0.036701350819364466   2056.8074687046933   2056.6790347551764
0.03777726729548091   1992.8641379176568   1992.789752012887
0.038884724743189276   1930.1000280254248   1930.0863135827396
0.04002464780014597   1868.9004489016695   1868.9527006808808
0.041197988210172884   1809.5956029802794   1809.717893820296
0.04240572561788674   1752.4260420419778   1752.620996464609
0.04364886838662332   1697.5757065640655   1697.8445210741247
0.04492845444033957   1645.2005328726946   1645.5431420543648
0.04624555213019635   1595.536882896627   1595.949620579343
0.04760126112654554   1548.9447988819568   1549.4171240958492
0.04899671333706607   1505.7493302913026   1506.2643969471023
0.05043307385181555   1466.1073405813115   1466.64337120612
0.05191154191598653   1429.7135041517788   1430.2464663761637
0.053433351931179485   1396.195405869449   1396.6995963860534
0.05499977448602865   1365.2125193280278   1365.6604189138777
0.05661211741704101   1336.4448791405614   1336.806557543511
0.05827172690053434   1309.5964311390928   1309.8395202916302
0.05997998857658587   1284.3147484156084   1284.40588217712
0.06173832870592997   1260.1245635341145   1260.031945127912
0.0635482153607709   1236.5542726610868   1236.2484416837185
0.06541115965050462   1213.0174697802145   1212.4759539752545
0.06732871698337338   1188.8830854775313   1188.0931403972745
0.06930248836510605   1163.5002833869933   1162.4620966897974
0.07133412173562886   1136.1654982679297   1134.897174664703
0.07342531334496233   1106.272339925546   1104.8119397947596
0.07557780916945323   1073.3854500553598   1071.7970980179168
0.07779340636952398   1037.2381584374884   1035.6089135701968
0.08007395479015682   997.8880949616367   996.3189519221601
0.08242135850536496   955.6026016093949   954.2032119453794
0.08483757740794096   910.9942204539059   909.8806181244187
0.08732462884580919   864.8168838262131   864.1032498313563
0.08988458930634863   817.9873348182842   817.7727696924553
0.09251959615009227   771.4661927660756   771.8291291979064
0.09523184939525078   726.2512190212423   727.2446260457342
0.09802361355455057   683.3858393712234   685.0186884632398
0.10089721952591899   643.8248859271382   646.0584147339193
0.10385506653859616   608.3836143826386   611.1306787568146
0.10689962415629803   577.6916614760382   580.8208937814311
0.11003343433910281   551.9326438907442   555.2683490249972
0.11325911356578279   530.9822706764578   534.3157503363014
0.11657935501835284   514.1938106207059   517.3237950299032
0.11999693083066039   500.66039017485025   503.40762834954626
0.12351469440289359   489.1751726903293   491.3992885745252
0.12713558278394044   478.4103897043322   480.0469945975251
0.13086261912358757   467.0196665115209   468.1026758846282
0.13469891519660646   453.78481867124765   454.4446510928645
0.13864767400083483   437.83904309744764   438.3071775972735
0.14271219243142114   418.7938884593322   419.3771629909367
0.14689586403346616   396.8389811632408   397.864142362429
0.1512021818353596   372.7054739843326   374.5037576927499
0.15563474126517718   347.585488363232   350.4020590837279
0.16019724315257297   322.9980944097419   326.9217286864544
0.1648934968186736   300.53681140974135   305.49601132057205
0.1697274232565544   281.44365344868476   287.19378832941413
0.17470305840495237   266.230372977   272.3978420883404
0.17982455651794954   254.6565010064469   260.8636264096763
0.18509619363343993   245.94778033069423   251.83105266897633
0.19052237114327647   238.95941753650249   244.2705369499388
0.19610761946807834   232.23873555565817   236.94324936005057
0.20185660183976684   224.30947931249815   228.5954369702165
0.20777411819498756   214.26446566992354   218.4979751491518
0.21386510918267082   202.1396582934658   206.76385823986286
0.22013466028907505   188.73279424260295   194.09780367897102
0.22658800608375756   175.26528749137807   181.51246464518897
0.23323053459001789   163.0356744204335   170.06707936593673
0.2400677917834628   152.99328327326833   160.46636408539928
0.24710548622244882   145.32158096015405   152.80744563421914
0.25434949381426813   139.47297969425205   146.61006537898783
0.2618058627210567   134.38310494211032   141.01318655235684
0.2694808184095226   128.87063252642864   135.1306742930433
0.27738076884870827   122.27853791654861   128.50810957736834
0.2855123098601282   114.73860011961031   121.27829500014072
0.29388223062474755   106.9392892051016   113.9769935223923
0.3024975193514008   99.79647070392237   107.26511434511335
0.31136536911138296   93.92199971305791   101.51937852420471
0.3204931838440838   89.24352641007064   96.67343386200021
0.32988858453867975   85.18344665594852   92.28731439980287
0.3395594155970457   81.03543175460236   87.9072409699427
0.34951375138319807   76.42449759778937   83.30217244789948
0.3597599029647371   71.56150610470019   78.63553643906536
0.37030642505191835   66.95285866959581   74.22953719733675
0.3811621231401457   62.97073535208195   70.28761256331363
0.3923360608618501   59.5971461406893   66.76579221984012
0.4038375675538918   56.47569715500848   63.4604223409873
0.41567624604680364   53.28093162988674   60.18274650353685
0.42786198068238046   50.003973271575205   56.94089249125857
0.4404049455663077   46.87519575263098   53.86491857947638
0.4533156130627191   44.0867720941065   51.03760783573133
0.4666047625377753   41.58983483085322   48.422973747838746
0.4802834893595659   39.20293072893622   45.93132494414068
0.49436321416184764   36.831138283549905   43.51559060730429
0.5088556923793517   34.553188462942444   41.21426366562065
0.5237730240626238   32.46304994674376   39.064588328806586
0.5391276639805903   30.54368601238354   37.04925614095878
0.5549324320192869   28.711839400029035   35.132407953148835
0.5712005238854289   26.94523523202726   33.30363328050376
0.5879455221237613   25.285092565519385   31.57631396467173
0.6051814074573895   23.74580286447969   29.9517501655777
0.622922570460556   22.295509133032244   28.41410479318857
0.6411838235736077   20.914740295663236   26.954335977145913
0.6599804134701901   19.61521075417612   25.574384308379106
0.6793280337869897   18.40154927742508   24.273065830650214
0.6992428382266549   17.25844276855942   23.04205916289842
0.7197414540448374   16.18152094147288   21.87736816798066
0.7408409959326054   15.167599261571382   20.775615804072704
0.7625590803058332   14.213576891355395   19.73357109608669
0.7849138400134885   13.316442251873076   18.74814573003841
0.8079239394770964   12.473277494404737   17.816390406597705
0.8316085902740278   11.681261972803831   16.93549099862172
0.8559875671776167   10.937659685128445   16.10275520397499
0.8810812246675007   10.239698480727316   15.315530708458745
0.9069105139239728   9.584671935773509   14.571258242795105
0.9334970003205227   8.970028431542026   13.867522253507515
0.960862881429187   8.393363488530326   13.202043697249907
0.9890310055537336   7.852411475943076   12.572672555868886
1.0180248908061487   7.345037782109341   11.977380732956986
1.047868744742366   6.869231420245402   11.41425531547393
1.0785874845736239   6.4231016179854485   10.881489278269536
1.1102067579703248   6.004886976230497   10.377362063890905
1.1427529644757777   5.612930941626878   9.90024765943143
1.1762532775476793   5.2456679383087375   9.448615785982371
1.210735667245765   4.90161893667328   9.021026196514226
1.246228923584555   4.579387206968362   8.616123302007736
1.2827626805706884   4.277654239366333   8.232631118268191
1.3203674409449337   3.995175827304867   7.86934851463829
1.3590746016495152   3.7307772736220945   7.525134583094871
1.3989164800420282   3.483347413382153   7.198879323472355
1.4399263408778291   3.2518389706718356   6.889534433148768
1.4821384240834183   3.035266099954177   6.596118447631654
1.525587973344019   2.8327010226825666   6.317712157785851
1.5703112655292182   2.643270830500528   6.053454361442562
1.6163456409812174   2.4661544480423996   5.802537923626345
1.6637295346910133   2.3005797487340276   5.564206085438256
1.7125025083885144   2.1458208713331284   5.337737869774219
1.7627052835733923   2.001195676368485   5.122431770985155
1.814379775514258   1.8660631432053787   4.917629270555119
1.8675691282445197   1.7398210188462355   4.722715758234482
1.922317750584177   1.6219036104220572   4.53711731039101
1.9786713532176083   1.5117796930758738   4.360297725416813
2.0366769868582977   1.408950527968109   4.19175579416678
2.0963830815323896   1.3129479813089362   4.031022538413502
2.1578394870138577   1.223332511397178   3.877643834773654
2.2210975144450407   1.139691436404714   3.7311724275770413
2.286209979177315   1.0616377587768258   3.5911907078434777
2.3532312448676476   0.9888086729279155   3.457310590826472
2.4222172688678643   0.9208641193973388   3.329171251818247
2.4932256489445366   0.8574854204870803   3.2064370554961363
2.5663156713684585   0.7983739931478173   3.088795660738804
2.641548360413907   0.7432501495922907   2.9759563586651367
2.7189865293089923   0.6918522816952093   2.86765023066694
2.798694832679631   0.6439356826493468   2.7636284667797724
2.8807398205309562   0.599271123757908   2.6636589892999285
2.9651899938111903   0.5576439077369196   2.567525170093797
3.05211586160442   0.5188529940609089   2.4750247426499965
3.1415899999999994   0.4827101732101069   2.385968799139742
