0.01   15107.245260830057   15104.630141717169
0.010293154462191829   15270.050240601231   15267.197005623828
0.010594902878253955   15426.621732920892   15423.509167590017
0.010905497183778876   15576.45227052519   15573.057255194957
0.011225196699963396   15719.031175776428   15715.32868433047
0.011554268350120923   15853.837472660132   15849.80056816294
0.011892986882540897   15980.317788785753   15975.917551958843
0.012241635099881474   16097.91366334297   16093.119228472633
0.012600504095286909   16206.069311677527   16200.847897328305
0.012969893495426888   16304.209932752887   16298.526188791875
0.013350111710660605   16391.749500744918   16385.56502752644
0.013741476192534558   16468.11311711348   16461.38657593172
0.014144313698828986   16532.726521622342   16525.413460219483
0.01455896056637426   16584.99571787131   16577.04787900843
0.014985762991865008   16624.341797605586   16615.70720440592
0.01542507732090645   16650.208244617603   16640.83139352732
0.015877270345534218   16662.03784226923   16651.859109804944
0.016342719610456153   16659.288355196077   16648.243822239605
0.016821813728271667   16641.454925391576   16629.476817376446
0.017314952703931925   16608.063874680185   16595.07984599201
0.017822548268711737   16558.665816902816   16544.59703291049
0.01834502422397195   16492.86032587386   16477.621891551567
0.018882816794999403   16410.303020341784   16393.804935380893
0.019436374995219892   16310.707872761755   16292.85683925849
0.02000616100108813   16193.852779445264   16174.553633255444
0.020592650537967844   16059.58502909725   16038.741851666611
0.021196333277324068   15907.845299809376   15885.36365262677
0.02181771324555934   15738.682061066624   15714.471844615418
0.022457309244835088   15552.222698603657   15526.199405382378
0.02311565528622961   15348.689420344299   15320.776222764118
0.023793301035594242   15128.484196017473   15098.618804865468
0.024490812272480036   14892.11786223452   14860.255192069859
0.025208771362518027   14640.172458864894   14606.285069835345
0.0259477777436476   14373.416343552093   14337.50125037991
0.02670844842659881   14092.820360225769   14054.906613863446
0.027491418510046592   13799.400839564936   13759.548322570037
0.028297341710866907   13494.275190957405   13452.574002822172
0.029126890909937666   13178.896204009157   13135.470460451295
0.029980758713939952   12854.783519510494   12809.789515864628
0.030859658033628758   12523.429757544558   12477.052299044659
0.031764322679055976   12186.547281343192   12139.002195883068
0.03269550797224261   11846.022185820551   11797.557597673465
0.033653991377811755   11503.629321838378   11454.520005886354
0.03464057315210884   11161.200411002135   11111.736597443032
0.03565607701135116   10821.037018057123   10771.50104563965
0.036701350819364466   10485.339541415759   10435.999568289953
0.03777726729548091   10156.05611411631   10107.164735900551
0.038884724743189276   9834.778045674977   9786.571395068375
0.04002464780014597   9522.797385702186   9475.494808571802
0.041197988210172884   9221.224407266307   9175.028570167231
0.04240572561788674   8931.460467739449   8886.516877558315
0.04364886838662332   8655.878956272614   8612.175988554085
0.04492845444033957   8396.714454401495   8354.084880573391
0.04624555213019635   8155.635182325969   8113.77684629145
0.04760126112654554   7932.415535401916   7890.923322888411
0.04899671333706607   7726.177298723331   7684.559889245974
0.05043307385181555   7536.057182009896   7493.744592335271
0.05191154191598653   7360.875966435121   7317.228139089654
0.053433351931179485   7199.402709204884   7153.7147526145345
0.05499977448602865   7050.267117790588   7001.784527415776
0.05661211741704101   6911.393496175045   6859.355250066531
0.05827172690053434   6780.676186859756   6724.32778086278
0.05997998857658587   6655.602940532835   6594.2785547662625
0.06173832870592997   6533.276613772668   6466.479771433451
0.0635482153607709   6410.674175345845   6338.146341705545
0.06541115965050462   6284.117616118641   6206.026131051171
0.06732871698337338   6150.021701881208   6066.998717824332
0.06930248836510605   6004.829358254601   5918.069932680937
0.07133412173562886   5845.370420557047   5756.650504597287
0.07342531334496233   5669.469588129975   5581.251328527605
0.07557780916945323   5475.883428811485   5391.266061291761
0.07779340636952398   5265.133925494058   5187.621967737594
0.08007395479015682   5038.94346843703   4972.215963362815
0.08242135850536496   4800.613467692232   4748.213038563484
0.08483757740794096   4554.2342345460675   4519.385292353007
0.08732462884580919   4304.739238008188   4290.2108371747545
0.08988458930634863   4057.580752735608   4065.3127127175017
0.09251959615009227   3818.3470534469443   3849.1880643996546
0.09523184939525078   3592.5681653263014   3646.0677921931056
0.09802361355455057   3385.545900406126   3459.854393699587
0.10089721952591899   3201.4598755690413   3293.3754583717005
0.10385506653859616   3043.310015640857   3148.400380155048
0.10689962415629803   2911.7291563647127   3024.556126601496
0.11003343433910281   2805.578140859215   2920.1766796943703
0.11325911356578279   2721.2123074745914   2832.11273990512
0.11657935501835284   2653.4210752633685   2756.0259426954826
0.11999693083066039   2595.6547296496447   2686.6490460823834
0.12351469440289359   2540.5158650743983   2618.653282956886
0.12713558278394044   2480.645992586669   2547.23605740391
0.13086261912358757   2409.489137318058   2468.517401926025
0.13469891519660646   2322.494587076438   2380.046953741764
0.13864767400083483   2217.9946756933095   2281.3137432214253
0.14271219243142114   2097.5115259792883   2174.2550881607
0.14689586403346616   1965.6604307776865   2062.7379610913285
0.1512021818353596   1829.67861732934   1951.0964396654629
0.15563474126517718   1698.4503142174992   1844.7566027680489
0.16019724315257297   1580.5992934848196   1748.5441911824641
0.1648934968186736   1482.1988258672714   1664.8264324851698
0.1697274232565544   1405.332276130583   1593.9412462582673
0.17470305840495237   1348.2039389846493   1534.5024817380395
0.17982455651794954   1306.0978871248699   1483.0109209024074
0.18509619363343993   1271.9912121954217   1435.3421856981402
0.19052237114327647   1237.2327173270355   1387.646053902726
0.19610761946807834   1193.8205652984968   1336.7504591625054
0.20185660183976684   1137.6252704892947   1281.171665461015
0.20777411819498756   1069.7589296760252   1222.2269352457324
0.21386510918267082   995.4535284067824   1163.4227446840912
0.22013466028907505   922.2665215330347   1106.8012778029743
0.22658800608375756   857.797501867525   1055.2026545531505
0.23323053459001789   806.772378663264   1009.5955441460698
0.2400677917834628   769.2293787122878   969.8952662173788
0.24710548622244882   741.0948796509608   933.2249749575814
0.25434949381426813   715.4961942332069   898.2333871877006
0.2618058627210567   685.7391881966435   863.2259602230554
0.2694808184095226   648.8543729787647   827.4298497790423
0.27738076884870827   606.4899103672484   791.2800531426075
0.2855123098601282   563.5914958959402   756.9106098264715
0.29388223062474755   525.8400250381629   724.6808895670206
0.3024975193514008   496.12956695450725   695.4295500782928
0.31136536911138296   473.11864851381057   668.1773176142462
0.3204931838440838   452.65224304999646   642.3787837714574
0.32988858453867975   430.3565039145172   617.260593763179
0.3395594155970457   404.70533782275214   592.2882536001387
0.34951375138319807   377.8183966820437   568.280375259593
0.3597599029647371   353.1529163215551   545.5986577262069
0.37030642505191835   332.7486627863526   524.3828815222631
0.3811621231401457   315.75409462087157   504.3990919883795
0.3923360608618501   299.49048648015986   485.26658760247426
0.4038375675538918   282.1187584061979   466.7799987274935
0.41567624604680364   264.15011509381156   448.9213170433962
0.42786198068238046   247.43177916398238   431.9667132091861
0.4404049455663077   233.0108464335182   415.9635666894429
0.4533156130627191   220.14306405943543   400.751652816349
0.4666047625377753   207.45083323612062   386.117295283476
0.4802834893595659   194.608788349262   372.0672122725852
0.49436321416184764   182.42179884481692   358.6174042691149
0.5088556923793517   171.4967430669758   345.900030297891
0.5237730240626238   161.46779899608575   333.78563206327084
0.5391276639805903   151.71052023688182   322.1382459423069
0.5549324320192869   142.24696590454636   310.96490544382334
0.5712005238854289   133.46824274376286   300.31338610513535
0.5879455221237613   125.3885165889323   290.16642287175927
0.6051814074573895   117.70372569034494   280.42897049867815
0.622922570460556   110.35080878214039   271.05477059717555
0.6411838235736077   103.48601720730328   262.12366436601894
0.6599804134701901   97.05238449494897   253.57260299448598
0.6793280337869897   90.99540519009662   245.36153620067563
0.6992428382266549   85.29523108060847   237.47394104212592
0.7197414540448374   79.93317981273498   229.89445340906843
0.7408409959326054   74.89132281636994   222.60853649582754
0.7625590803058332   70.15247607725773   215.60243168008543
0.7849138400134885   65.70017480158693   208.86301894652985
0.8079239394770964   61.51838785426641   202.37586172091528
0.8316085902740278   57.591599730060594   196.12551348287707
0.8559875671776167   53.90510607718797   190.09753249135096
0.8810812246675007   50.44498827865967   184.27849203772652
0.9069105139239728   47.1980759272532   178.6559088209126
0.9334970003205227   44.15191077821837   173.2181774151858
0.960862881429187   41.294712143797   167.95451025162464
0.9890310055537336   38.615345714840934   162.85484723968466
1.0180248908061487   36.10330514438644   157.90955544855495
1.047868744742366   33.748668991632556   153.1095660637003
1.0785874845736239   31.542062836058637   148.4464859201339
1.1102067579703248   29.4746322009575   143.91255557517283
1.1427529644757777   27.538016644451517   139.50060963145367
1.1762532775476793   25.724324921928588   135.2040401275245
1.210735667245765   24.0261111921585   131.0167626796195
1.246228923584555   22.436350001836345   126.93320487722524
1.2827626805706884   20.948409239331095   122.94832901453162
1.3203674409449337   19.556037612398484   119.05753879361305
1.3590746016495152   18.253346623671593   115.2566349094552
1.3989164800420282   17.03479110685581   111.54179185333606
1.4399263408778291   15.89515068923488   107.9095360259256
1.4821384240834183   14.829512145051137   104.35672500785165
1.525587973344019   13.833252601486013   100.88053102224772
1.5703112655292182   12.902023221834522   97.47874634947688
1.6163456409812174   12.031733856927096   94.14998646269149
1.6637295346910133   11.218539327426049   90.89306221461591
1.7125025083885144   10.458825765380384   87.70689783169074
1.7627052835733923   9.749197572042412   84.59052161417704
1.814379775514258   9.086465045260871   81.54305689229979
1.8675691282445197   8.467632646956307   78.56371322970719
1.922317750584177   7.889887782514928   75.65179969892971
1.9786713532176083   7.350588396108683   72.80714299506654
2.0366769868582977   6.847253738754046   70.02997711738772
2.0963830815323896   6.377557035947213   67.32047336879131
2.1578394870138577   5.9393164668635166   64.6787221653038
2.2210975144450407   5.530486558678466   62.104734048975125
2.286209979177315   5.1491500601793225   59.59844088322477
2.3532312448676476   4.79351027027957   57.159697225035366
2.4222172688678643   4.461884182826213   54.78835648289594
2.4932256489445366   4.152698115235676   52.48477448514214
2.5663156713684585   3.864478865303337   50.24940029176096
2.641548360413907   3.5958460734154176   48.08246315721453
2.7189865293089923   3.3455066832079514   45.983984620847714
2.798694832679631   3.112249717090678   43.95379276774789
2.8807398205309562   2.894941340377591   41.99153637532264
2.9651899938111903   2.692520199974962   40.09669886897423
3.05211586160442   2.5039906997860433   38.268505498653276
3.1415899999999994   2.3284136421206862   36.50567816154679
