0.01   10191.922702701933   10188.723872971963
0.010293154462191829   10337.661311298052   10334.16190361704
0.010594902878253955   10480.854793228187   10477.026655707303
0.010905497183778876   10621.202062744433   10617.015032644778
0.011225196699963396   10758.381063629342   10753.801962661617
0.011554268350120923   10892.060520628176   10887.052891288102
0.011892986882540897   11021.903332492297   11016.42741711414
0.012241635099881474   11147.557687694021   11141.570578106162
0.012600504095286909   11268.660050329314   11262.115829906565
0.012969893495426888   11384.843771265434   11377.693562795772
0.013350111710660605   11495.733046993948   11487.924545660759
0.013741476192534558   11600.933158002947   11592.409398304293
0.014144313698828986   11700.046828802158   11690.746054969833
0.01455896056637426   11792.676866855325   11782.532599647266
0.014985762991865008   11878.41466171222   11867.355539178918
0.01542507732090645   11956.848432232502   11944.798232758318
0.015877270345534218   12027.572732226956   12014.450594495536
0.016342719610456153   12090.181673806721   12075.901486207615
0.016821813728271667   12144.264697867507   12128.733916005236
0.017314952703931925   12189.422433147653   12172.54231405764
0.017822548268711737   12225.268729109752   12206.934605885828
0.01834502422397195   12251.423914314617   12231.524649012646
0.018882816794999403   12267.524281149726   12245.942488805815
0.019436374995219892   12273.228838134331   12249.841583993726
0.02000616100108813   12268.223158695824   12242.902075983515
0.020592650537967844   12252.22224482516   12224.833625330646
0.021196333277324068   12224.971762985564   12195.37753608574
0.02181771324555934   12186.255853315955   12154.315065010724
0.022457309244835088   12135.915429118379   12101.4868343041
0.02311565528622961   12073.833887946423   12036.77755039437
0.023793301035594242   11999.936176961854   11960.114914273467
0.024490812272480036   11914.232167398464   11871.51514657935
0.025208771362518027   11816.809126367427   11771.074981327856
0.0259477777436476   11707.795344676737   11658.93338138785
0.02670844842659881   11587.395461065367   11535.308376950408
0.027491418510046592   11455.949350330253   11400.558434939137
0.028297341710866907   11313.845586349267   11255.0919070051
0.029126890909937666   11161.517675647447   11099.362983116765
0.029980758713939952   10999.57765655842   10934.010713830445
0.030859658033628758   10828.741011868915   10759.780472330269
0.031764322679055976   10649.731200825181   10577.424358330654
0.03269550797224261   10463.362435451605   10387.785361446508
0.033653991377811755   10270.602807805719   10191.861329878644
0.03464057315210884   10072.412234684196   9990.639582908125
0.03565607701135116   9869.773642106225   9785.126666140774
0.036701350819364466   9663.986982730503   9576.636836817932
0.03777726729548091   9456.42111406678   9366.547621620966
0.038884724743189276   9248.351361911995   9156.140304654245
0.04002464780014597   9040.817515831293   8946.465772366504
0.041197988210172884   8834.596809919194   8738.31950444785
0.04240572561788674   8630.39329271078   8532.421080246859
0.04364886838662332   8429.059029292963   8329.617213727253
0.04492845444033957   8232.27075155429   8131.500274703806
0.04624555213019635   8041.792870805274   7939.7335767540735
0.04760126112654554   7859.18359412176   7755.78053790591
0.04899671333706607   7685.132716622297   7580.251723919666
0.05043307385181555   7519.608568432558   7413.050800017382
0.05191154191598653   7362.546315856043   7254.053249320583
0.053433351931179485   7213.620135636737   7102.888513175925
0.05499977448602865   7072.005698363228   6958.713086996931
0.05661211741704101   6936.87320256523   6820.683026793121
0.05827172690053434   6807.258422165573   6687.841371177495
0.05997998857658587   6681.865995483124   6558.941702932784
0.06173832870592997   6559.4321611071355   6432.775787652375
0.0635482153607709   6438.551687804563   6308.038609320784
0.06541115965050462   6317.663493141854   6183.31736342465
0.06732871698337338   6195.221266183239   6057.236562658671
0.06930248836510605   6069.309232521484   5928.1812221517175
0.07133412173562886   5938.008020228243   5794.566503180883
0.07342531334496233   5799.418184353897   5654.914554891433
0.07557780916945323   5651.704239126193   5507.879598923686
0.07779340636952398   5493.535018384385   5352.572559947295
0.08007395479015682   5324.279790406541   5188.747959501005
0.08242135850536496   5144.079924892127   5016.823150683101
0.08483757740794096   4954.380232001855   4838.378877443744
0.08732462884580919   4757.293541747032   4655.445719364072
0.08988458930634863   4555.893814559182   4470.686360131194
0.09251959615009227   4353.509633944319   4286.870077979225
0.09523184939525078   4153.709479973153   4106.866638393476
0.09802361355455057   3959.9538767721147   3933.3115224276144
0.10089721952591899   3775.502185631812   3768.559756342956
0.10385506653859616   3603.446002867633   3614.6775242488916
0.10689962415629803   3446.367217267227   3473.302932403732
0.11003343433910281   3305.997602492498   3345.218412966049
0.11325911356578279   3183.18495727932   3230.5387440806608
0.11657935501835284   3076.851897134442   3128.0396896789575
0.11999693083066039   2984.7121187253238   3035.6932014097474
0.12351469440289359   2902.730020466038   2950.335209060393
0.12713558278394044   2826.2257218937452   2868.6868366454255
0.13086261912358757   2750.176731877599   2787.540867140479
0.13469891519660646   2670.0045214852285   2704.021878673823
0.13864767400083483   2582.0898606647415   2616.2258107088396
0.14271219243142114   2484.2615462344706   2523.59022300224
0.14689586403346616   2376.3985937409957   2426.524862411311
0.1512021818353596   2260.35758744664   2326.3995708965326
0.15563474126517718   2139.6857166942054   2225.4941632083774
0.16019724315257297   2019.0213604845783   2126.70291840935
0.1648934968186736   1903.468305427768   2032.6264852357747
0.1697274232565544   1797.960942525999   1945.6672644653333
0.17470305840495237   1706.2578620742072   1867.2397689772924
0.17982455651794954   1629.6550146584966   1797.063320352015
0.18509619363343993   1566.2390126505509   1734.158453569567
0.19052237114327647   1511.7192753522174   1675.7941788914945
0.19610761946807834   1461.0550693209377   1619.650575993402
0.20185660183976684   1409.4178567185543   1563.7170976564057
0.20777411819498756   1352.6936467990959   1506.648109530388
0.21386510918267082   1288.7718358357326   1448.5358829349948
0.22013466028907505   1219.000435934037   1389.7971716860313
0.22658800608375756   1147.606713928671   1332.1577241750977
0.23323053459001789   1079.402148897874   1277.3970671637996
0.2400677917834628   1018.201871578341   1226.4283941225867
0.24710548622244882   966.0897359869737   1179.2436573692607
0.25434949381426813   922.4837607580619   1135.7762569490644
0.2618058627210567   884.2970802012035   1094.4913204666723
0.2694808184095226   847.3503647065618   1054.485115725621
0.27738076884870827   808.2660890382967   1015.2607581441081
0.2855123098601282   765.8164839112134   976.5510544758587
0.29388223062474755   721.7760459600731   938.8925710203977
0.3024975193514008   679.3088621249531   902.8021651830868
0.31136536911138296   640.963537343308   868.7080634433553
0.3204931838440838   607.7732145865093   836.5887676342165
0.32988858453867975   578.5391846614914   806.0786567509961
0.3395594155970457   550.7003144785381   776.8175769132644
0.34951375138319807   522.3518568567982   748.4327799904536
0.3597599029647371   493.185248345515   721.0495541214173
0.37030642505191835   464.5370900854273   694.7633130489529
0.3811621231401457   438.11933707732044   669.6929775624051
0.3923360608618501   414.4434684204326   645.8157226795296
0.4038375675538918   392.75134138937824   623.0918645456171
0.41567624604680364   371.7994951089955   601.2545001147589
0.42786198068238046   350.9641847949783   580.2392976121528
0.4404049455663077   330.69593124880026   560.0475824812942
0.4533156130627191   311.76991411637204   540.7744567409669
0.4666047625377753   294.3745567195719   522.385453500188
0.4802834893595659   278.0522535067508   504.8003313630342
0.49436321416184764   262.29792362093787   487.89754500751087
0.5088556923793517   247.09715333680768   471.64419618174435
0.5237730240626238   232.76382781722685   456.1001498744903
0.5391276639805903   219.39595346291753   441.22723707765016
0.5549324320192869   206.78455422411892   426.9669626086825
0.5712005238854289   194.7374220948854   413.2599802520155
0.5879455221237613   183.29081298336482   400.09616744949534
0.6051814074573895   172.52989302883944   387.4755452114841
0.622922570460556   162.3974404822544   375.36133433669266
0.6411838235736077   152.79197402999372   363.7016769894086
0.6599804134701901   143.69747181635228   352.4874222386293
0.6793280337869897   135.1302538292236   341.70721995330666
0.6992428382266549   127.05238740781606   331.3216768951183
0.7197414540448374   119.42335415313332   321.3296457881904
0.7408409959326054   112.22532410674805   311.69402210022116
0.7625590803058332   105.43694279126873   302.39239068221025
0.7849138400134885   99.03682392645877   293.40647164041366
0.8079239394770964   93.00455020339271   284.7191650841276
0.8316085902740278   87.32064044422903   276.3144733685366
0.8559875671776167   81.96651702607959   268.177429351188
0.8810812246675007   76.92447364474   260.29403014083846
0.9069105139239728   72.17763400118095   252.65090599890218
0.9334970003205227   67.70987471816143   245.23387085086745
0.960862881429187   63.50584452815631   238.02910649723816
0.9890310055537336   59.550958362130245   231.02382770434264
1.0180248908061487   55.8313648080992   224.2062192840836
1.047868744742366   52.33391448687437   217.5653766008467
1.0785874845736239   49.046129412216395   211.091250795228
1.1102067579703248   45.95617334229161   204.7745987918072
1.1427529644757777   43.05282447036435   198.6070231811054
1.1762532775476793   40.32544868599511   192.58100768724634
1.210735667245765   37.76396980232977   186.68970035612807
1.246228923584555   35.35884350756674   180.92685332029603
1.2827626805706884   33.10103264470658   175.28678900266763
1.3203674409449337   30.981983394185608   169.76436821754157
1.3590746016495152   28.99360234483061   164.35495993533576
1.3989164800420282   27.12823405857868   159.05446421502265
1.4399263408778291   25.378635155416095   153.85995920238466
1.4821384240834183   23.73795678120286   148.7693829967285
1.525587973344019   22.199729393189685   143.78091602178668
1.5703112655292182   20.75784377499401   138.89295006833714
1.6163456409812174   19.406532760007273   134.10407253684716
1.6637295346910133   18.140353750406955   129.41305104000594
1.7125025083885144   16.954172006751108   124.81881834342256
1.7627052835733923   15.843143962031666   120.32077393478755
1.814379775514258   14.802700085496408   115.9196745803151
1.8675691282445197   13.828533164346297   111.61648410373662
1.922317750584177   12.916585143390929   107.41200747146094
1.9786713532176083   12.063033741049837   103.30689311667011
2.0366769868582977   11.2642797086213   99.30163559128435
2.0963830815323896   10.51693470739979   95.39657853085725
2.1578394870138577   9.817809740273747   91.59192739782802
2.2210975144450407   9.163902541644493   87.88817131059936
2.286209979177315   8.552387074738533   84.28616829908754
2.3532312448676476   7.980606239916254   80.78651885559263
2.4222172688678643   7.446062517973492   77.3895331379177
2.4932256489445366   6.946408906013644   74.0952479536656
2.5663156713684585   6.47944033021138   70.90344378782578
2.641548360413907   6.043085513095682   67.81366178102212
2.7189865293089923   5.6353997474644295   64.82525866249256
2.798694832679631   5.254560848212717   61.93769501918452
2.8807398205309562   4.89885924024855   59.15033426688213
2.9651899938111903   4.566689299090325   56.46228166763292
3.05211586160442   4.256543415171565   53.872406514183204
3.1415899999999994   3.967006381907501   51.37936507458624
