0.01   1706.8056413638415   1706.7727357318056
0.010293154462191829   1732.7732177136897   1732.7399736400694
0.010594902878253955   1758.4012102735917   1758.3676822098555
0.010905497183778876   1783.6397777656039   1783.6061092930615
0.011225196699963396   1808.4359055696068   1808.4022408539147
0.011554268350120923   1832.7334377311076   1832.6998292266446
0.011892986882540897   1856.4749398012007   1856.4413391207047
0.012241635099881474   1879.6011959789016   1879.5674823583395
0.012600504095286909   1902.0496670981247   1902.0157556205766
0.012969893495426888   1923.756440813914   1923.7223075560657
0.013350111710660605   1944.6567144174455   1944.6223953209405
0.013741476192534558   1964.6826874898593   1964.648223861313
0.014144313698828986   1983.7643619176933   1983.729758800003
0.01455896056637426   2001.8315040918403   2001.796727852535
0.014985762991865008   2018.8128961297712   2018.777872586585
0.01542507732090645   2034.6351168927226   2034.5997288664842
0.015877270345534218   2049.2249652059586   2049.189051444832
0.016342719610456153   2062.509906353821   2062.47326274338
0.016821813728271667   2074.4162808334736   2074.37867670733
0.017314952703931925   2084.8707488358514   2084.831936336801
0.017822548268711737   2093.8019576589772   2093.7616720692745
0.01834502422397195   2101.1404797034393   2101.0983891988926
0.018882816794999403   2106.818868995498   2106.774486128726
0.019436374995219892   2110.7729029058173   2110.7255763419575
0.02000616100108813   2112.9423236329512   2112.891263376504
0.020592650537967844   2113.272332365705   2113.216760910374
0.021196333277324068   2111.713297054541   2111.6525117190545
0.02181771324555934   2108.220801649065   2108.1541774391812
0.022457309244835088   2102.759496304125   2102.6864309360076
0.02311565528622961   2095.3044476356063   2095.224290187438
0.023793301035594242   2085.837184277793   2085.749235566586
0.024490812272480036   2074.3483120139085   2074.2518884763344
0.025208771362518027   2060.8468927338085   2060.7415909622596
0.0259477777436476   2045.3517566892294   2045.2375232568115
0.02670844842659881   2027.8888315694155   2027.7659562414328
0.027491418510046592   2008.5055974885818   2008.3747249961448
0.028297341710866907   1987.269614717615   1987.131751013101
0.029126890909937666   1964.2537199405444   1964.1102133512338
0.029980758713939952   1939.5442154668815   1939.396792006942
0.030859658033628758   1913.26006727954   1913.1109869844972
0.031764322679055976   1885.5272238794437   1885.3792754740543
0.03269550797224261   1856.4742863557417   1856.3307344377445
0.033653991377811755   1826.2629081295663   1826.1273725826954
0.03464057315210884   1795.0747824905993   1794.9511430218886
0.03565607701135116   1763.0859135472917   1762.9782672916072
0.036701350819364466   1730.478253687435   1730.3908051890733
0.03777726729548091   1697.4548908512315   1697.3917593641177
0.038884724743189276   1664.2115640871682   1664.1767480768506
0.04002464780014597   1630.934302907284   1630.93162063369
0.041197988210172884   1597.8187076391334   1597.851332261009
0.04240572561788674   1565.057490647268   1565.1277549667807
0.04364886838662332   1532.8286653026323   1532.938120573244
0.04492845444033957   1501.3175542635863   1501.466263608767
0.04624555213019635   1470.7306065776336   1470.9159739742606
0.04760126112654554   1441.2601363092938   1441.4770185026555
0.04899671333706607   1413.0477739380274   1413.2887156893112
0.05043307385181555   1386.0875683216348   1386.3430333242595
0.05191154191598653   1360.3393671712709   1360.5979014176392
0.053433351931179485   1335.7447534057046   1335.993213690563
0.05499977448602865   1312.1655486384786   1312.389609284838
0.05661211741704101   1289.450909933976   1289.635244775812
0.05827172690053434   1267.4266615379483   1267.555503843758
0.05997998857658587   1245.8605485574237   1245.9187711056338
0.06173832870592997   1224.5220152515446   1224.4954276364779
0.0635482153607709   1203.140386210311   1203.0175659672418
0.06541115965050462   1181.4270735521131   1181.2005199934245
0.06732871698337338   1159.0798690766903   1158.7475647376612
0.06930248836510605   1135.7580553170949   1135.326277619411
0.07133412173562886   1111.1415100012712   1110.6258271879258
0.07342531334496233   1084.9263864763916   1084.3551331871977
0.07557780916945323   1056.865673282199   1056.2800686407857
0.07779340636952398   1026.8422899924465   1026.2971979841402
0.08007395479015682   994.8446842416797   994.406213367726
0.08242135850536496   961.0692285770663   960.8088263662136
0.08483757740794096   925.8334928699345   925.8251333520493
0.08732462884580919   889.6329247762498   889.9522381055045
0.08988458930634863   853.0315474221862   853.7477839052655
0.09251959615009227   816.6562845677882   817.8215343872837
0.09523184939525078   781.1478346549627   782.7937627801197
0.09802361355455057   747.1125402242297   749.250109060719
0.10089721952591899   715.111045397456   717.7242426569934
0.10385506653859616   685.6339419130488   688.6777028982392
0.10689962415629803   659.0180664021894   662.4170672039295
0.11003343433910281   635.4459683212116   639.0987713241552
0.11325911356578279   614.7980048363183   618.590066062061
0.11657935501835284   596.7225084501381   600.5385137244931
0.11999693083066039   580.5748320713193   584.31585350615
0.12351469440289359   565.5413508962424   569.1458491980017
0.12713558278394044   550.7315990389884   554.1910167108414
0.13086261912358757   535.2868421121697   538.6549130728778
0.13469891519660646   518.5064208812117   521.8963273337534
0.13864767400083483   499.9348969377333   503.51712041230974
0.14271219243142114   479.46004217396194   483.45642756112426
0.14689586403346616   457.361113128229   461.9903557934862
0.1512021818353596   434.2552340101681   439.7001930902626
0.15563474126517718   410.99885235206807   417.3806029802656
0.16019724315257297   388.5588556426464   395.90610718794534
0.1648934968186736   367.87684262109974   376.1122911273275
0.1697274232565544   349.6903732678001   358.6199543736425
0.17470305840495237   334.31446278421754   343.6729456486953
0.17982455651794954   321.50319402744725   331.021125557584
0.18509619363343993   310.51895337078855   319.9691172917035
0.19052237114327647   300.38179526728334   309.6476144352892
0.19610761946807834   290.112010138396   299.2251354350746
0.20185660183976684   278.8885365243261   288.0074752680079
0.20777411819498756   266.2596423837419   275.64550919029233
0.21386510918267082   252.39266822267837   262.34418606527635
0.22013466028907505   238.05437618652982   248.74592158582874
0.22658800608375756   224.23561534284642   235.67589572312838
0.23323053459001789   211.76937361403174   223.80057087023323
0.2400677917834628   201.125691583125   213.46210390667517
0.24710548622244882   192.24962878610694   204.58770679139224
0.25434949381426813   184.53838576499513   196.65638228612625
0.2618058627210567   177.12251769140852   188.98650174097546
0.2694808184095226   169.25244164733977   181.017835041023
0.27738076884870827   160.62125673863756   172.54188016260966
0.2855123098601282   151.54201687015336   163.84489093236365
0.29388223062474755   142.71193806183962   155.43038350091564
0.3024975193514008   134.7355285436287   147.730481127831
0.31136536911138296   127.87919814506675   140.90911768640376
0.3204931838440838   121.91543559525078   134.7654514445839
0.32988858453867975   116.26889625634644   128.90195821864629
0.3395594155970457   110.45885248045568   123.01334896249183
0.34951375138319807   104.38781168296758   117.03423170116008
0.3597599029647371   98.3567425329791   111.18700744881023
0.37030642505191835   92.7933178641676   105.7323456184989
0.3811621231401457   87.86630529301604   100.75725260245488
0.3923360608618501   83.40092197804753   96.13380518796404
0.4038375675538918   79.07613251607397   91.67482940917111
0.41567624604680364   74.71336602172023   87.27807342171205
0.42786198068238046   70.42030011890253   83.01483179698742
0.4404049455663077   66.4166869337633   79.00319704318251
0.4533156130627191   62.7757263309211   75.26219971407264
0.4666047625377753   59.37693854278618   71.72547220267892
0.4802834893595659   56.06902838152307   68.32001982979291
0.49436321416184764   52.84433361218144   65.03658129890678
0.5088556923793517   49.800358193406296   61.92271357992875
0.5237730240626238   46.98176055937789   58.991603163553215
0.5391276639805903   44.327300221529846   56.20755500486577
0.5549324320192869   41.77440566630709   53.54614831056674
0.5712005238854289   39.33667212731003   51.007627727524316
0.5879455221237613   37.050631243902565   48.60374382353878
0.6051814074573895   34.90328652637087   46.325333740888006
0.622922570460556   32.86057731635439   44.15500377928896
0.6411838235736077   30.920092699901293   42.08984212353461
0.6599804134701901   29.093970994111086   40.1315987753561
0.6793280337869897   27.372698610922626   38.272711655615375
0.6992428382266549   25.742545985282273   36.50563435498435
0.7197414540448374   24.203187568830828   34.827564317405376
0.7408409959326054   22.75093991273706   33.234416760192495
0.7625590803058332   21.381070332493945   31.721887011916177
0.7849138400134885   20.08909975727274   30.285880034843515
0.8079239394770964   18.870788888894925   28.922501420367812
0.8316085902740278   17.722159976855416   27.62804682344989
0.8559875671776167   16.63955080509088   26.39898982076011
0.8810812246675007   15.619489128229446   25.231979350613667
0.9069105139239728   14.65865982290252   24.123833000732237
0.9334970003205227   13.753899753284996   23.071529201876036
0.960862881429187   12.902192646498694   22.072199716612953
0.9890310055537336   12.100663993574223   21.12312241849027
1.0180248908061487   11.3465751031458   20.221710197864446
1.047868744742366   10.637306875794447   19.365450132933375
1.0785874845736239   9.970361407880722   18.551922704427085
1.1102067579703248   9.343367484070587   17.77884378807062
1.1427529644757777   8.75407528394312   17.0440579478211
1.1762532775476793   8.200350997065769   16.34553095250016
1.210735667245765   7.680171617510363   15.68134273711052
1.246228923584555   7.191619917301662   15.049680717618926
1.2827626805706884   6.732880085446422   14.448803587941278
1.3203674409449337   6.302233631767087   13.876995084059795
1.3590746016495152   5.898053571759341   13.33263326080621
1.3989164800420282   5.518799925079509   12.8141967997807
1.4399263408778291   5.163015605612385   12.320258197451905
1.4821384240834183   4.829322465509937   11.849477449918714
1.525587973344019   4.516417490459601   11.400596195713186
1.5703112655292182   4.2230690398524695   10.972427718498382
1.6163456409812174   3.9481124265410723   10.563809910014372
1.6637295346910133   3.690447262461341   10.173627033935176
1.7125025083885144   3.449034919205705   9.800835888663807
1.7627052835733923   3.2228953764329966   9.444460988030821
1.814379775514258   3.0111041993856427   9.103589718467193
1.8675691282445197   2.812789651270997   8.777367876620492
1.922317750584177   2.6271299330600666   8.464995340933823
1.9786713532176083   2.4533501491399767   8.165692231437609
2.0366769868582977   2.290719535728902   7.878670215370073
2.0963830815323896   2.1385499450203627   7.603189878291817
2.1578394870138577   1.9961936290891584   7.338564536777106
2.2210975144450407   1.8630410226012544   7.084156293874308
2.286209979177315   1.7385186359602738   6.839372431619526
2.3532312448676476   1.622087054197247   6.6036621086107345
2.4222172688678643   1.5132391960420886   6.3765156519406165
2.4932256489445366   1.411499499473305   6.157477113344207
2.5663156713684585   1.3164212411784808   5.946129661818423
2.641548360413907   1.2275842977175875   5.742084031562844
2.7189865293089923   1.1445936786249098   5.5449766154548845
2.798694832679631   1.0670781345571083   5.354467755486707
2.8807398205309562   0.9946888336076365   5.170240158958703
2.9651899938111903   0.9270980723174987   4.9919967868534645
3.05211586160442   0.8639961818141798   4.8194183794861365
3.1415899999999994   0.8050899380968415   4.652144519700855
