0.01   7413.114830812693   7412.714381859747
0.010293154462191829   7494.48838522538   7494.064921635509
0.010594902878253955   7573.102695191141   7572.654128835441
0.010905497183778876   7648.737420324194   7648.260981256632
0.011225196699963396   7721.167242692964   7720.659655836859
0.011554268350120923   7790.157299931294   7789.615244242305
0.011892986882540897   7855.471212092836   7854.89140009324
0.012241635099881474   7916.871742040118   7916.250887493596
0.012600504095286909   7974.110363110767   7973.444786690616
0.012969893495426888   8026.934039135179   8026.219460927297
0.013350111710660605   8075.092606258538   8074.324147788288
0.013741476192534558   8118.333931433894   8117.5062464846205
0.014144313698828986   8156.401302403165   8155.508790160209
0.01455896056637426   8189.043524898975   8188.080369700161
0.014985762991865008   8216.014841942737   8214.974905934609
0.01542507732090645   8237.065799901031   8235.941920138468
0.015877270345534218   8251.953098255222   8250.736863969025
0.016342719610456153   8260.445343438918   8259.127136992769
0.016821813728271667   8262.319265058046   8260.888448757818
0.017314952703931925   8257.360874552121   8255.806002352521
0.017822548268711737   8245.372982203182   8243.681879973241
0.01834502422397195   8226.177212602435   8224.337000261145
0.018882816794999403   8199.61568025378   8197.61264995252
0.019436374995219892   8165.552607057711   8163.37228478447
0.02000616100108813   8123.87663326598   8121.503920576778
0.020592650537967844   8074.512226936421   8071.931801786211
0.021196333277324068   8017.41794618412   8014.61459677578
0.02181771324555934   7952.5796506326615   7949.538420190223
0.022457309244835088   7880.02614342115   7876.733043531056
0.02311565528622961   7799.848820114079   7796.292263721857
0.023793301035594242   7712.170968675385   7708.342005242861
0.024490812272480036   7617.150140326317   7613.042593108912
0.025208771362518027   7515.032524480774   7510.643937306476
0.0259477777436476   7406.117394370309   7401.449409433748
0.02670844842659881   7290.724143236895   7285.782367436246
0.027491418510046592   7169.247389388479   7164.042489972274
0.028297341710866907   7042.182197132365   7036.731549474635
0.029126890909937666   6910.03389163532   6904.361221548899
0.029980758713939952   6773.335290326301   6767.470076727843
0.030859658033628758   6632.761435478657   6626.738200941242
0.031764322679055976   6489.01453076398   6482.872158146815
0.03269550797224261   6342.77234819058   6336.553425010239
0.033653991377811755   6194.783578494001   6188.533776314506
0.03464057315210884   6045.859967414406   6039.627429706522
0.03565607701135116   5896.762399545369   5890.597135256508
0.036701350819364466   5748.255962311574   5742.207269929806
0.03777726729548091   5601.250044363833   5595.3593959496375
0.038884724743189276   5456.613309985815   5450.913404628397
0.04002464780014597   5315.116951073235   5309.632313928708
0.041197988210172884   5177.304108552225   5172.050585252321
0.04240572561788674   5043.5523292618445   5038.537040434053
0.04364886838662332   4914.191269486853   4909.413411179791
0.04492845444033957   4789.681058210752   4785.1215383451645
0.04624555213019635   4670.809851386444   4666.408350264787
0.04760126112654554   4558.330545766233   4553.986236873259
0.04899671333706607   4452.716489561207   4448.2957784456285
0.05043307385181555   4353.31978443961   4348.680571880174
0.05191154191598653   4259.185064889039   4254.184557864507
0.053433351931179485   4169.437730688858   4163.933021189608
0.05499977448602865   4083.2995194354266   4077.1505098095995
0.05661211741704101   4000.0604384797216   3993.1309412346486
0.05827172690053434   3918.952996111108   3911.118132173846
0.05997998857658587   3838.958684145163   3830.124983432456
0.06173832870592997   3759.072680351879   3749.182121931316
0.0635482153607709   3678.143899790876   3667.2015593716765
0.06541115965050462   3594.9278577056766   3583.0234542882886
0.06732871698337338   3508.222490502343   3495.5434067698097
0.06930248836510605   3416.7782390226935   3403.6448411547376
0.07133412173562886   3319.545367396262   3306.4100748421088
0.07342531334496233   3215.8963360919474   3203.362043167188
0.07557780916945323   3105.5580575862664   3094.35793365425
0.07779340636952398   2989.075541075062   2980.0229068792996
0.08007395479015682   2867.440739289215   2861.3812413731166
0.08242135850536496   2742.3265447126046   2740.0588372633715
0.08483757740794096   2615.648492969929   2617.8813628803655
0.08732462884580919   2489.6027625286924   2496.913660768444
0.08988458930634863   2366.3395357305894   2379.1310031789358
0.09251959615009227   2247.968601113024   2266.395845061194
0.09523184939525078   2136.4829278994002   2160.409228810391
0.09802361355455057   2033.6839348791837   2062.670666374606
0.10089721952591899   1940.9219766837355   1974.2284254354784
0.10385506653859616   1859.1246284204612   1895.7190911773982
0.10689962415629803   1788.1959030952034   1826.8804433223306
0.11003343433910281   1727.2853779447216   1766.7917753103816
0.11325911356578279   1674.3789756650156   1713.5520692692533
0.11657935501835284   1626.9318019938648   1664.8691185156597
0.11999693083066039   1581.9012070425665   1618.1625961332531
0.12351469440289359   1536.3261014293096   1570.9906982594086
0.12713558278394044   1487.5580005983916   1521.252992845041
0.13086261912358757   1433.664043840909   1467.576493997268
0.13469891519660646   1373.7521608877366   1409.4280387551355
0.13864767400083483   1308.1184857785463   1347.2320616345105
0.14271219243142114   1238.2955095249545   1282.4630795596902
0.14689586403346616   1166.6979831139472   1217.0710219454222
0.1512021818353596   1096.2619102198453   1153.296886427809
0.15563474126517718   1030.0973992708948   1093.4167615289296
0.16019724315257297   971.0374565087631   1039.336129835837
0.1648934968186736   920.8535645608755   992.249294818368
0.1697274232565544   879.5390598172828   951.7372198945058
0.17470305840495237   845.3454809679062   916.3739940746668
0.17982455651794954   815.5227296230588   884.1416163206673
0.18509619363343993   787.0916344897404   852.9747134775529
0.19052237114327647   757.2139003044604   821.0848197996166
0.19610761946807834   723.6895583344063   787.2344678860198
0.20185660183976684   685.9576287905047   751.2994079280877
0.20777411819498756   645.5569919253236   714.3965912953151
0.21386510918267082   605.2156371105261   678.3367236335523
0.22013466028907505   567.6109866158204   644.5545210948111
0.22658800608375756   534.7392531131205   614.1002318435624
0.23323053459001789   507.35675664432364   587.186957692704
0.2400677917834628   484.50748876895676   563.0452161856111
0.24710548622244882   464.01167420128024   540.4729558974394
0.25434949381426813   443.4973887840048   518.2870905188239
0.2618058627210567   421.2663500758154   495.68565229368005
0.2694808184095226   397.2437651413681   472.84446811882236
0.27738076884870827   372.89504043787883   450.45719138880764
0.2855123098601282   350.0166521058909   429.387600263357
0.29388223062474755   329.89216906353903   409.92421933839637
0.3024975193514008   312.6997876361495   392.15959967381605
0.31136536911138296   297.3203636599936   375.4515581119432
0.3204931838440838   282.28495452924153   359.3586375196911
0.32988858453867975   266.74386658561673   343.51137757787325
0.3395594155970457   250.86934897454864   328.101148512713
0.34951375138319807   235.65197911249209   313.39907151276105
0.3597599029647371   221.9123396641737   299.6089033694368
0.37030642505191835   209.6746106641713   286.67105962042405
0.3811621231401457   198.33320712857835   274.3884770429903
0.3923360608618501   187.19796523743304   262.59991578887167
0.4038375675538918   176.1278660241658   251.2349058133947
0.41567624604680364   165.5247776918587   240.39087224328156
0.42786198068238046   155.76638413363435   230.14090192157698
0.4404049455663077   146.82311768822652   220.43963878898256
0.4533156130627191   138.35540659357815   211.1842599975511
0.4666047625377753   130.15206599931864   202.33074543286068
0.4802834893595659   122.29358265540394   193.8860639917221
0.49436321416184764   114.96137667067401   185.8658952602753
0.5088556923793517   108.13878959714276   178.2518658230705
0.5237730240626238   101.68040627418674   170.99240184819462
0.5391276639805903   95.51460186124883   164.06394425814796
0.5549324320192869   89.69434031557836   157.47213155864247
0.5712005238854289   84.24756240149325   151.20226928876585
0.5879455221237613   79.11883119423022   145.23058062897766
0.6051814074573895   74.26174847255793   139.5364441459403
0.622922570460556   69.68241010410884   134.11135381866958
0.6411838235736077   65.38206174985757   128.9461229465824
0.6599804134701901   61.33368180860657   124.02015153977712
0.6793280337869897   57.521442663148534   119.32404741829264
0.6992428382266549   53.93284411051114   114.84677507122824
0.7197414540448374   50.55602455318334   110.57650363736762
0.7408409959326054   47.379641417110925   106.50211465626128
0.7625590803058332   44.392857845275245   102.61315580214365
0.7849138400134885   41.585328907730954   98.899797226926
0.8079239394770964   38.947187384537685   95.35279099049414
0.8316085902740278   36.46901902642375   91.96339664692601
0.8559875671776167   34.14174549898358   88.7229611062797
0.8810812246675007   31.956682187995913   85.62309899387814
0.9069105139239728   29.905606786153147   82.6559614776385
0.9334970003205227   27.980738615495717   79.81420312430978
0.960862881429187   26.174717284531   77.09094634650208
0.9890310055537336   24.48058221270009   74.47974862346997
1.0180248908061487   22.891752998255235   71.97457226146797
1.047868744742366   21.40201500342134   69.56964666813217
1.0785874845736239   20.005512682258733   67.25913075103725
1.1102067579703248   18.696715256177818   65.03747318607198
1.1427529644757777   17.4703959511485   62.899506201132965
1.1762532775476793   16.32161714044625   60.84041785656711
1.210735667245765   15.245716073298231   58.855726633375944
1.246228923584555   14.23829117707457   56.941258116222876
1.2827626805706884   13.295188867795469   55.093121854520504
1.3203674409449337   12.412487927750508   53.30758761518608
1.3590746016495152   11.58648679081517   51.581024614138094
1.3989164800420282   10.813697289964226   49.91005319873157
1.4399263408778291   10.090833786095015   48.29154249178786
1.4821384240834183   9.414802329564816   46.72259365134236
1.525587973344019   8.782690333008738   45.20052446444191
1.5703112655292182   8.191756736405313   43.72285514340538
1.6163456409812174   7.63942257725978   42.28729900290917
1.6637295346910133   7.123261411065823   40.89178977590274
1.7125025083885144   6.64099133973345   39.534448602849785
1.7627052835733923   6.190467510032868   38.21354293135148
1.814379775514258   5.7696744235381505   36.92747683622845
1.8675691282445197   5.376718629070423   35.67478245796818
1.922317750584177   5.009821790649877   34.45411196347441
1.9786713532176083   4.667314114435916   33.26422997630182
2.0366769868582977   4.347627763075081   32.10403501826399
2.0963830815323896   4.0492900586925265   30.972632355551426
2.1578394870138577   3.7709192755579246   29.86922711159703
2.2210975144450407   3.5112196788905705   28.79308786193615
2.286209979177315   3.2689764359255875   27.743542177773467
2.3532312448676476   3.043050808511071   26.719972350759956
2.4222172688678643   2.832375613099283   25.721811285915276
2.4932256489445366   2.6359509530540586   24.7485415382167
2.5663156713684585   2.452841215302481   23.79986629862266
2.641548360413907   2.282171448229364   22.87576867311826
2.7189865293089923   2.1231219501525627   21.976221402554767
2.798694832679631   1.9749248312445478   21.101161861203547
2.8807398205309562   1.8368609222704182   20.250493532222826
2.9651899938111903   1.7082568528439375   19.424087510586254
3.05211586160442   1.5884822910950682   18.621784027968154
3.1415899999999994   1.4769469460422944   17.84338068635096
