0.01   10337.361937343574   10336.633019806268
0.010293154462191829   10435.565968028623   10434.792342664876
0.010594902878253955   10528.479284442747   10527.658204931526
0.010905497183778876   10615.738770226599   10614.86782022467
0.011225196699963396   10696.958899535235   10696.034983090418
0.011554268350120923   10771.749323097953   10770.768330087418
0.011892986882540897   10839.723721404145   10838.680525799096
0.012241635099881474   10900.487251404298   10899.375942184552
0.012600504095286909   10953.636427602425   10952.45058192607
0.012969893495426888   10998.777044037844   10997.50976495279
0.013350111710660605   11035.520881070994   11034.164783498558
0.013741476192534558   11063.467674465463   11062.014740396737
0.014144313698828986   11082.227592727613   11080.669167196118
0.01455896056637426   11091.430165235164   11089.75697252993
0.014985762991865008   11090.711505982603   11088.913006389734
0.01542507732090645   11079.718461587618   11077.782270018279
0.015877270345534218   11058.126599053421   11056.038555453584
0.016342719610456153   11025.640009764098   11023.38433044916
0.016821813728271667   10981.98530957462   10979.544837443525
0.017314952703931925   10926.925446500652   10924.281837820761
0.017822548268711737   10860.265832806319   10857.399730264871
0.01834502422397195   10781.860863389988   10778.751905814492
0.018882816794999403   10691.615652622595   10688.242556564926
0.019436374995219892   10589.485536619595   10585.826353524171
0.02000616100108813   10475.491969113238   10471.525038748838
0.020592650537967844   10349.746888086383   10345.452901556559
0.021196333277324068   10212.421111432372   10207.783577626631
0.02181771324555934   10063.745154527167   10058.75066971342
0.022457309244835088   9904.079767517529   9898.71966342182
0.02311565528622961   9733.881668365724   9728.15294445081
0.023793301035594242   9553.65010490112   9547.555281263541
0.024490812272480036   9363.99037936965   9357.538921552414
0.025208771362518027   9165.684199047742   9158.895666733333
0.0259477777436476   8959.545942369672   8952.449617216638
0.02670844842659881   8746.422372278663   8739.056449619968
0.027491418510046592   8527.387496205638   8519.799423408935
0.028297341710866907   8303.604081767624   8295.849995346007
0.029126890909937666   8076.188827095453   8068.332171675792
0.029980758713939952   7846.343894231291   7838.454621599287
0.030859658033628758   7615.444529290346   7607.598696753757
0.031764322679055976   7384.78302291287   7377.061398780879
0.03269550797224261   7155.59702084665   7148.082530272059
0.033653991377811755   6929.416342414668   6922.184851762656
0.03464057315210884   6707.774674765488   6700.891665692831
0.03565607701135116   6492.016742458761   6485.537996031982
0.036701350819364466   6283.225644895516   6277.195909364827
0.03777726729548091   6082.207273016666   6076.658240513691
0.038884724743189276   5889.633201280508   5884.584824413882
0.04002464780014597   5706.199542266811   5701.654113288057
0.041197988210172884   5533.248424189408   5529.150992489734
0.04240572561788674   5372.2004260597305   5368.431331421938
0.04364886838662332   5224.212753098927   5220.5961109716445
0.04492845444033957   5089.049885370677   5085.374147451603
0.04624555213019635   4965.49950296362   4961.531946476485
0.04760126112654554   4852.436116969048   4847.923765887798
0.04899671333706607   4748.773870828082   4743.440328500544
0.05043307385181555   4653.469859553304   4647.012986193472
0.05191154191598653   4565.488696246868   4557.584660100641
0.053433351931179485   4483.290236474096   4473.6184968725665
0.05499977448602865   4405.18292625822   4393.437655565153
0.05661211741704101   4329.301688976953   4315.214711640454
0.05827172690053434   4253.328139039752   4236.714395537615
0.05997998857658587   4174.948053881179   4155.721638122003
0.06173832870592997   4091.474299647032   4069.7127701515287
0.0635482153607709   4000.2594023052256   3976.228401782506
0.06541115965050462   3899.065113789431   3873.2671777702676
0.06732871698337338   3786.1053509655076   3759.29979833756
0.06930248836510605   3660.5178728500982   3633.6883535888214
0.07133412173562886   3522.3522748221253   3496.6600394203283
0.07342531334496233   3372.812378019595   3349.523355896668
0.07557780916945323   3214.054932643658   3194.464427727556
0.07779340636952398   3049.0160477027193   3034.3651448302626
0.08007395479015682   2881.0307960708114   2872.432438692231
0.08242135850536496   2713.8377417876254   2712.166211895707
0.08483757740794096   2551.294117150189   2557.087435601104
0.08732462884580919   2397.480903187358   2410.820786707869
0.08988458930634863   2255.9745893265217   2276.4848288531152
0.09251959615009227   2130.1070448184546   2156.8831241028474
0.09523184939525078   2022.0077859911585   2053.6671488029933
0.09802361355455057   1932.570283158822   1967.2534605484127
0.10089721952591899   1860.990315910116   1896.6490111913595
0.10385506653859616   1805.1099340007315   1839.7146903406938
0.10689962415629803   1761.2941396066058   1793.0012905448698
0.11003343433910281   1725.142926832526   1752.5305452756315
0.11325911356578279   1691.5439841637908   1714.0019889488292
0.11657935501835284   1655.308168960868   1673.1055235239899
0.11999693083066039   1611.7252954290857   1626.1018290050442
0.12351469440289359   1557.3249189862047   1570.5553095753446
0.12713558278394044   1490.604003670023   1505.5078502625636
0.13086261912358757   1412.2175712369867   1431.9054236101447
0.13469891519660646   1324.9654548551277   1352.4458533821642
0.13864767400083483   1233.567376326211   1270.826823670405
0.14271219243142114   1144.1491155509575   1191.857084356459
0.14689586403346616   1062.9443942929795   1120.080785651557
0.1512021818353596   994.6061846290612   1058.6126594692928
0.15563474126517718   941.0279201712459   1008.538911546147
0.16019724315257297   901.3362606822042   968.7009729753747
0.1648934968186736   872.65265219275   936.4322851253471
0.1697274232565544   850.5069979407949   908.7323284934557
0.17470305840495237   829.0514707769177   881.4296364615661
0.17982455651794954   802.4489604537061   850.8338423063826
0.18509619363343993   767.2665842671913   814.9756810505984
0.19052237114327647   723.671639809679   774.5732940487691
0.19610761946807834   674.7741675959563   731.8420009560666
0.20185660183976684   625.4346473370587   689.8316698079801
0.20777411819498756   580.9699250282558   651.7118337597743
0.21386510918267082   545.0930213709396   619.0495030016041
0.22013466028907505   518.4889246983287   592.2473700041202
0.22658800608375756   498.9554419389008   569.353084353633
0.23323053459001789   482.14576505197095   548.1629272586147
0.2400677917834628   463.3341449624945   526.3421847692375
0.24710548622244882   439.9758965153129   502.6801285424531
0.25434949381426813   412.5724137932082   477.8237685995751
0.2618058627210567   383.9760607665077   453.2453323315683
0.2694808184095226   358.0164598821462   430.51981471708734
0.27738076884870827   337.1122665560628   410.5202910675746
0.2855123098601282   320.9278587648436   392.8849553416993
0.29388223062474755   307.08127798545286   376.4936779094552
0.3024975193514008   292.61930471960477   360.25386031705074
0.31136536911138296   276.06003312102223   343.854853755979
0.3204931838440838   258.33472890013894   327.611851774757
0.32988858453867975   241.56440882432713   312.2191579068524
0.3395594155970457   227.33187032925971   298.1136958574052
0.34951375138319807   215.51445799202142   285.1894446002563
0.3597599029647371   204.58003504145827   272.8481593998551
0.37030642505191835   193.16902964254047   260.84784344160056
0.3811621231401457   181.27856116831705   249.17637266859077
0.3923360608618501   169.92752372765432   238.0674733735266
0.4038375675538918   159.9419541281137   227.67852170100738
0.41567624604680364   151.09573806001217   217.9225145090823
0.42786198068238046   142.5798787980347   208.58811022870177
0.4404049455663077   134.01256046860155   199.59115257703215
0.4533156130627191   125.75574348270187   191.03396654366603
0.4666047625377753   118.23713582341622   182.95211760067787
0.4802834893595659   111.36900328545055   175.30345544846782
0.49436321416184764   104.77889725133748   168.00479956677273
0.5088556923793517   98.38149005526994   161.01825947459878
0.5237730240626238   92.3763107486166   154.38933246515523
0.5391276639805903   86.83088013416582   148.10683312364628
0.5549324320192869   81.59655308978039   142.12426493687104
0.5712005238854289   76.59263201665088   136.41561048683081
0.5879455221237613   71.88778473108064   130.9843147936183
0.6051814074573895   67.4865247877082   125.82928985319165
0.622922570460556   63.33955602125633   120.91994634124431
0.6411838235736077   59.4314411482425   116.24250663524606
0.6599804134701901   55.75035573206165   111.78546684411266
0.6793280337869897   52.28486570143306   107.53791660636425
0.6992428382266549   49.023934282147465   103.48950848302488
0.7197414540448374   45.95692632987328   99.63042890068478
0.7408409959326054   43.07361031101256   95.95137057107988
0.7625590803058332   40.364053284301676   92.44327182704333
0.7849138400134885   37.81835266295171   89.0966459263041
0.8079239394770964   35.42703238561469   85.90237602818976
0.8316085902740278   33.18113683461877   82.85192892629672
0.8559875671776167   31.072203950725182   79.93731375972911
0.8810812246675007   29.092239635706697   77.15104391597573
0.9069105139239728   27.23369338686018   74.48610185998294
0.9334970003205227   25.48943516056475   71.93590620044642
0.960862881429187   23.852749855471817   69.49413160022152
0.9890310055537336   22.31733373117193   67.15449335580333
1.0180248908061487   20.877232367221335   64.91107358028268
1.047868744742366   19.52681699445641   62.7583500458152
1.0785874845736239   18.260768549336827   60.69116745503545
1.1102067579703248   17.074062369466105   58.704711060952945
1.1427529644757777   15.961953515056955   56.794482426366535
1.1762532775476793   14.919962624768722   54.95627439884756
1.210735667245765   13.943858291015271   53.18599511008995
1.246228923584555   13.029643372940171   51.47959019178167
1.2827626805706884   12.173549749192285   49.833271937563794
1.3203674409449337   11.372026734280508   48.24352129000877
1.3590746016495152   10.62172942869399   46.70706901004518
1.3989164800420282   9.91950762754677   45.22087841421575
1.4399263408778291   9.262395265715089   43.78212953042483
1.4821384240834183   8.647600357317966   42.38820320171676
1.525587973344019   8.072495037359797   41.03663976125691
1.5703112655292182   7.534606636996353   39.72513153326862
1.6163456409812174   7.031609544649531   38.45154192928105
1.6637295346910133   6.561317007652707   37.2138957249161
1.7125025083885144   6.12167333259484   36.01036881971839
1.7627052835733923   5.710746487266685   34.839278741025566
1.814379775514258   5.326721086196633   33.69907581680761
1.8675691282445197   4.967891617709781   32.58833960392856
1.922317750584177   4.632654972111711   31.5058174587999
1.9786713532176083   4.319505369705817   30.450390711270295
2.0366769868582977   4.027029643001396   29.421032773496947
2.0963830815323896   3.7539018149359977   28.416802875084123
2.1578394870138577   3.498877961439736   27.43684066329856
2.2210975144450407   3.2607913589378783   26.480361069945527
2.286209979177315   3.0385479022663677   25.546649418262735
2.3532312448676476   2.8311220882812114   24.635099996262387
2.4222172688678643   2.6375544180955095   23.745433927192515
2.4932256489445366   2.456945868321127   22.877488606804665
2.5663156713684585   2.2884534645911323   22.031096051474893
2.641548360413907   2.131286971375144   21.206082233182592
2.7189865293089923   1.9847057645240842   20.402266766074316
2.798694832679631   1.848015875541908   19.61946263106435
2.8807398205309562   1.720567199228862   18.85747593842637
2.9651899938111903   1.6017495069928003   18.11605949707062
3.05211586160442   1.4909867760334774   17.3947929553376
3.1415899999999994   1.3877399257956293   16.693242821966585
