0.01   24896.609386363187   24889.62685407267
0.010293154462191829   25105.321594474743   25097.710213961138
0.010594902878253955   25301.492309283934   25293.20315471049
0.010905497183778876   25484.302618462487   25475.280392365505
0.011225196699963396   25652.938678565784   25643.121620297996
0.011554268350120923   25806.57702626736   25795.89734103012
0.011892986882540897   25944.347891358673   25932.732939561152
0.012241635099881474   26065.386203629012   26052.75893923227
0.012600504095286909   26168.843107530003   26155.122251561337
0.012969893495426888   26253.84589049322   26238.944815820716
0.013350111710660605   26319.519716459392   26303.34590304613
0.013741476192534558   26365.023762557732   26347.47924516025
0.014144313698828986   26389.527268378846   26370.507831304145
0.01455896056637426   26392.18526522413   26371.57838647109
0.014985762991865008   26372.198279622306   26349.883573281404
0.01542507732090645   26328.818542981982   26304.668112491974
0.015877270345534218   26261.311053848913   26235.18679623458
0.016342719610456153   26168.991600128964   26140.74484213812
0.016821813728271667   26051.25631493866   26020.729203504565
0.017314952703931925   25907.568481682185   25874.594744368056
0.017822548268711737   25737.45922081958   25701.864866863118
0.01834502422397195   25540.56056689045   25502.165830715752
0.018882816794999403   25316.61552553842   25275.236725057726
0.019436374995219892   25065.48948573589   25020.93991157909
0.02000616100108813   24787.170020568672   24739.262108469007
0.020592650537967844   24481.77283315807   24430.321358858015
0.021196333277324068   24149.60685508632   24094.440409510073
0.02181771324555934   23791.165491145966   23732.136430216975
0.022457309244835088   23407.06869550876   23344.05513362248
0.02311565528622961   22998.130992322946   22931.042614696544
0.023793301035594242   22565.47991073459   22494.27072485661
0.024490812272480036   22110.374551414923   22035.04441958552
0.025208771362518027   21634.19309322808   21554.788742598386
0.0259477777436476   21138.705017022297   21055.340027701368
0.02670844842659881   20625.903863282612   20538.766751462823
0.027491418510046592   20097.799430857336   20007.147236095276
0.028297341710866907   19556.682555915766   19462.841040564952
0.029126890909937666   19005.307124937954   18908.675181871513
0.029980758713939952   18446.362961573053   18347.402915016984
0.030859658033628758   17882.501321360203   17781.729396833027
0.031764322679055976   17316.826798663606   17214.812499113275
0.03269550797224261   16752.432041183707   16649.78928475298
0.033653991377811755   16192.146850120842   16089.520324524041
0.03464057315210884   15639.177847449933   15537.203881259711
0.03565607701135116   15097.150738347038   14996.417399798363
0.036701350819364466   14569.268292372992   14470.31222996215
0.03777726729548091   14058.205367613795   13961.509325849873
0.038884724743189276   13565.92625591786   13471.90953104394
0.04002464780014597   13093.990135727054   13003.010445398671
0.041197988210172884   12643.758580407235   12556.105736347
0.04240572561788674   12217.798767521545   12133.505728132483
0.04364886838662332   11819.443989311332   11738.161506904169
0.04492845444033957   11451.53872746267   11372.580259897126
0.04624555213019635   11114.847188304204   11037.278720231729
0.04760126112654554   10807.021619060593   10729.775994059317
0.04899671333706607   10525.639109032734   10447.535379770849
0.05043307385181555   10268.375150913604   10188.115378301896
0.05191154191598653   10032.863175118355   9949.020266507081
0.053433351931179485   9816.89040700224   9727.916276418438
0.05499977448602865   9617.463598120048   9521.79589212702
0.05661211741704101   9430.84646564514   9327.012787178925
0.05827172690053434   9253.269441154207   9139.942525144623
0.05997998857658587   9079.872045273692   8956.125493098509
0.06173832870592997   8905.671851112675   8771.068042544972
0.0635482153607709   8725.045667038203   8579.91687027009
0.06541115965050462   8531.945881732361   8377.626160235968
0.06732871698337338   8320.93254690487   8159.887178564861
0.06930248836510605   8087.321165290652   7923.33453413601
0.07133412173562886   7827.861436870657   7665.920769066399
0.07342531334496233   7541.4439311315655   7387.579253908961
0.07557780916945323   7228.954290644681   7089.797215613819
0.07779340636952398   6893.965317757577   6776.157601828881
0.08007395479015682   6541.669058745614   6451.649257670759
0.08242135850536496   6178.782796848086   6122.626341733071
0.08483757740794096   5812.927595628393   5795.425221895252
0.08732462884580919   5452.167217108136   5476.215456020286
0.08988458930634863   5105.473746516412   5171.765949863566
0.09251959615009227   4780.906738861921   4888.048522950516
0.09523184939525078   4486.389558330819   4630.14999447342
0.09802361355455057   4228.054755968603   4401.739892913929
0.10089721952591899   4009.371265815145   4204.252351562014
0.10385506653859616   3831.064908738059   4037.073764889301
0.10689962415629803   3690.1539870125007   3896.663679700879
0.11003343433910281   3580.9207530323342   3777.9242460620567
0.11325911356578279   3495.225486278575   3674.506028809751
0.11657935501835284   3422.9880194265284   3579.328011408719
0.11999693083066039   3353.343374333544   3485.34386797898
0.12351469440289359   3275.292731738549   3386.034115125054
0.12713558278394044   3179.4904909966162   3276.3966789345764
0.13086261912358757   3059.6898787707437   3153.8659938862734
0.13469891519660646   2913.8880769332545   3018.8644324054153
0.13864767400083483   2744.856505472161   2874.581277458222
0.14271219243142114   2559.9127008187174   2725.3572242102405
0.14689586403346616   2370.255955151057   2577.5314218133503
0.1512021818353596   2189.205637671061   2438.441105453989
0.15563474126517718   2029.1407575114113   2313.3202517383506
0.16019724315257297   1897.975101765096   2204.5892056463804
0.1648934968186736   1797.621563431651   2112.660084835564
0.1697274232565544   1724.9655939577126   2033.7766718089167
0.17470305840495237   1673.103510831347   1963.9002779831283
0.17982455651794954   1631.6021047742881   1898.6481869340914
0.18509619363343993   1587.6975730285906   1833.2485926563065
0.19052237114327647   1530.3591647906478   1764.3424175268765
0.19610761946807834   1454.7229448818875   1690.5089552050226
0.20185660183976684   1363.0383066348008   1614.3173172141185
0.20777411819498756   1263.011650931375   1538.598427303322
0.21386510918267082   1165.4640925255874   1466.5053119070315
0.22013466028907505   1080.9652665774092   1401.00922519507
0.22658800608375756   1015.3414357922327   1341.9405010564365
0.23323053459001789   968.1449828295072   1289.6828319788792
0.2400677917834628   933.260981817971   1241.2122654758539
0.24710548622244882   900.8891571876239   1194.5611617246088
0.25434949381426813   862.2136668801998   1148.1721686184846
0.2618058627210567   813.8487824088166   1101.3740970881179
0.2694808184095226   758.3428382395549   1055.4675049755035
0.27738076884870827   702.6998235544451   1011.5351978867726
0.2855123098601282   654.5207188254443   970.3302469844297
0.29388223062474755   617.0896937274192   933.0098889443262
0.3024975193514008   588.2628412529747   897.1674625541407
0.31136536911138296   562.3554637643983   863.2902701860049
0.3204931838440838   533.7015173731896   830.7964543859628
0.32988858453867975   500.7665601612721   798.6684310815641
0.3395594155970457   466.55083704560263   767.9058850854315
0.34951375138319807   435.4835083556066   738.8279932537095
0.3597599029647371   409.9821712676923   711.6305203223526
0.37030642505191835   388.6647962324911   685.6548972621297
0.3811621231401457   368.07974987630274   660.8872478229055
0.3923360608618501   346.1039278512862   637.0351346250071
0.4038375675538918   323.54371554253294   613.9305325712634
0.41567624604680364   302.7289780015301   592.03997254161
0.42786198068238046   284.7838278578833   571.4312060720516
0.4404049455663077   268.69892751279156   551.7977469852383
0.4533156130627191   252.7969725543366   532.9341608436526
0.4666047625377753   236.81650941300038   514.7430892563036
0.4802834893595659   221.74021950637572   497.3631911288625
0.49436321416184764   208.2259074241491   480.871402587762
0.5088556923793517   195.77628921058394   465.1642331794119
0.5237730240626238   183.68707928216082   450.0152787258801
0.5391276639805903   172.0276227746931   435.4720126788543
0.5549324320192869   161.23163549391188   421.59477286938943
0.5712005238854289   151.2790845453209   408.358709158966
0.5879455221237613   141.82205860037553   395.62179775105835
0.6051814074573895   132.81705576672184   383.37884509085177
0.622922570460556   124.39222674311749   371.65477893610023
0.6411838235736077   116.49410711097477   360.39525739229896
0.6599804134701901   109.08403152453391   349.5668299111719
0.6793280337869897   102.13104625224821   339.1451236140624
0.6992428382266549   95.6063257900005   329.10733270720175
0.7197414540448374   89.48301146968826   319.4321100956223
0.7408409959326054   83.73606330867834   310.0994676213816
0.7625590803058332   78.34212394401266   301.0906841803292
0.7849138400134885   73.27948476742495   292.388056889291
0.8079239394770964   68.52884204192198   283.9731624330258
0.8316085902740278   64.07254476642467   275.82768764782173
0.8559875671776167   59.89380237025652   267.93460897782
0.8810812246675007   55.976645421997745   260.27812549275467
0.9069105139239728   52.30589789107952   252.8435787809998
0.9334970003205227   48.86714917461058   245.61737968925254
0.960862881429187   45.64672603309837   238.5869412305321
0.9890310055537336   42.63163005709522   231.74058229409607
1.0180248908061487   39.80934151955187   225.0672878908319
1.047868744742366   37.16797851983799   218.55681740386837
1.0785874845736239   34.69636035441499   212.1997517610772
1.1102067579703248   32.383968445968534   205.9874471061608
1.1427529644757777   30.220909070018603   199.9119916268629
1.1762532775476793   28.19787805279519   193.96616541433428
1.210735667245765   26.306127344232134   188.1434029956774
1.246228923584555   24.537442117210013   182.4379088433928
1.2827626805706884   22.884131809798134   176.84502983759313
1.3203674409449337   21.338968775338255   171.36071587514027
1.3590746016495152   19.895153880391117   165.98134012621162
1.3989164800420282   18.546293013741447   160.7036752805113
1.4399263408778291   17.286374735464854   155.5248706220925
1.4821384240834183   16.109749022010348   150.442429815895
1.525587973344019   15.011107052689695   145.45419100346905
1.5703112655292182   13.985458821614747   140.55880156809528
1.6163456409812174   13.028111824867947   135.75628569230548
1.6637295346910133   12.134661785687003   131.04687676488345
1.7125025083885144   11.300977044828361   126.43082157510561
1.7627052835733923   10.52318256337635   121.9083726515319
1.814379775514258   9.797644798164784   117.47978082344369
1.8675691282445197   9.120957407097826   113.14528802123928
1.922317750584177   8.489927725962287   108.90513064479939
1.9786713532176083   7.9015631239738555   104.7600778999186
2.0366769868582977   7.3530588412616895   100.71159181096499
2.0963830815323896   6.841788115193487   96.76095460865001
2.1578394870138577   6.365291481841365   92.90920109917755
2.2210975144450407   5.921266567658077   89.15712706219593
2.286209979177315   5.507558470362691   85.50529804131219
2.3532312448676476   5.122150697515898   81.9540584735888
2.4222172688678643   4.763156747509985   78.50356791465622
2.4932256489445366   4.428814255613221   75.15433926135609
2.5663156713684585   4.117476555426073   71.90711227154083
2.641548360413907   3.827603067864562   68.7622807504832
2.7189865293089923   3.5577527068045462   65.71989363514274
2.798694832679631   3.306577762183489   62.779680356558
2.8807398205309562   3.0728181339925382   59.94107590237982
2.9651899938111903   2.855295899042867   57.20324543777814
3.05211586160442   2.6529094962305355   54.56505823286249
3.1415899999999994   2.464622628660058   52.02464097353508
