0.01   27216.44248347619   27202.918890182307
0.010293154462191829   27476.111105757755   27461.343198729242
0.010594902878253955   27722.571840506607   27706.456799333722
0.010905497183778876   27954.88244208433   27937.30668578621
0.011225196699963396   28172.102481306403   28152.941676825274
0.011554268350120923   28373.274537752783   28352.39415918916
0.011892986882540897   28557.388432357086   28534.645031189295
0.012241635099881474   28723.43694651163   28698.678756737478
0.012600504095286909   28870.425545029353   28843.492645888316
0.012969893495426888   28997.328802960434   28968.04992510119
0.013350111710660605   29103.11860402342   29071.309667279627
0.013741476192534558   29186.800066989443   29152.264993532834
0.014144313698828986   29247.382427679488   29209.91280578051
0.01455896056637426   29283.858211771087   29243.232129010594
0.014985762991865008   29295.267431849385   29251.250650572347
0.01542507732090645   29280.702282409566   29233.048718732836
0.015877270345534218   29239.267618305697   29187.71424064139
0.016342719610456153   29170.124674611496   29114.39109042247
0.016821813728271667   29072.519903850545   29012.310861328995
0.017314952703931925   28945.77082658571   28880.778395750727
0.017822548268711737   28789.270498718113   28719.176480780086
0.01834502422397195   28602.521611138014   28527.001016246657
0.018882816794999403   28385.14989013379   28303.873750074927
0.019436374995219892   28136.922795731774   28049.55843360136
0.02000616100108813   27857.743332180788   27763.957931951314
0.020592650537967844   27547.656796271956   27447.12303098136
0.021196333277324068   27206.930788420203   27099.345195799706
0.02181771324555934   26836.037381587415   26721.13515654197
0.022457309244835088   26435.589332816326   26313.14802439923
0.02311565528622961   26006.430583890982   25876.27882788728
0.023793301035594242   25549.76356785078   25411.79705460309
0.024490812272480036   25066.935464213097   24921.119390180265
0.025208771362518027   24559.435802996177   24405.80777364312
0.0259477777436476   24029.214669628072   23867.913055438567
0.02670844842659881   23478.46423860293   23309.738192257722
0.027491418510046592   22909.399577471373   22733.601069509667
0.028297341710866907   22324.58722096289   22142.173037408207
0.029126890909937666   21727.109359477832   21538.647084855063
0.029980758713939952   21119.974051618763   20926.128440465614
0.030859658033628758   20506.170183556867   20307.68977604488
0.031764322679055976   19889.21762978252   19686.930829312016
0.03269550797224261   19272.607646423017   19067.408413957077
0.033653991377811755   18659.55306501347   18452.381253946733
0.03464057315210884   18053.737932085045   17845.522016273244
0.03565607701135116   17459.283668314194   17250.88565933095
0.036701350819364466   16879.84544229446   16672.05466782489
0.03777726729548091   16318.480258133894   16112.007735724495
0.038884724743189276   15777.417878346167   15572.883286929624
0.04002464780014597   15258.451436557902   15056.384538602635
0.041197988210172884   14763.189339454766   14564.015489457383
0.04240572561788674   14294.666928918155   14098.428415603314
0.04364886838662332   13856.721478930584   13662.90849515916
0.04492845444033957   13452.655695880245   13260.26321662546
0.04624555213019635   13083.198066960165   12890.871614108159
0.04760126112654554   12745.493721447225   12551.717242048708
0.04899671333706607   12436.651317514761   12239.772222836235
0.05043307385181555   12153.91900682474   11952.143473700573
0.05191154191598653   11894.562725474436   11685.943143104641
0.053433351931179485   11656.012143257334   11438.460711469443
0.05499977448602865   11434.725545512903   11206.181870381823
0.05661211741704101   11226.34027873904   10984.922601218503
0.05827172690053434   11026.407402098448   10770.504051222084
0.05997998857658587   10829.19216154543   10557.840022906
0.06173832870592997   10628.8459123615   10341.853405563239
0.0635482153607709   10418.76286905002   10117.12679301904
0.06541115965050462   10191.941325268279   9878.152730991169
0.06732871698337338   9942.198745937036   9620.39197416743
0.06930248836510605   9664.380864770872   9340.515592448637
0.07133412173562886   9355.14661524615   9036.799871849118
0.07342531334496233   9013.749043231004   8709.826056020773
0.07557780916945323   8641.852744605772   8361.905532604951
0.07779340636952398   8244.213490613707   7997.564200166657
0.08007395479015682   7827.424765530707   7622.8851259349785
0.08242135850536496   7399.696389138175   7245.340363910857
0.08483757740794096   6970.222536530943   6872.105371691733
0.08732462884580919   6548.598407900937   6509.9839801348535
0.08988458930634863   6145.390835549595   6166.336264955345
0.09251959615009227   5769.997264667913   5847.552863568001
0.09523184939525078   5431.478114600161   5558.825086948591
0.09802361355455057   5136.621552370287   5303.649550816728
0.10089721952591899   4888.85527527402   5082.806167117455
0.10385506653859616   4688.207139112083   4894.818890153792
0.10689962415629803   4530.339801974554   4735.240236605028
0.11003343433910281   4407.61489760446   4597.842493449553
0.11325911356578279   4309.723038587767   4475.160155498154
0.11657935501835284   4224.211033756864   4359.327954290739
0.11999693083066039   4137.983000154641   4242.821703596408
0.12351469440289359   4038.2207410620717   4118.94052853427
0.12713558278394044   3914.5854404358615   3982.8105704155696
0.13086261912358757   3760.9135729986197   3832.946450500299
0.13469891519660646   3576.3269413323487   3671.196976707231
0.13864767400083483   3365.6126855034518   3501.170954564858
0.14271219243142114   3138.789283849167   3328.217519274534
0.14689586403346616   2910.1063003688546   3159.4537133107324
0.1512021818353596   2695.615185516146   3002.358339111444
0.15563474126517718   2509.296818533819   2861.8905124806397
0.16019724315257297   2359.0879877444577   2738.952890121407
0.1648934968186736   2245.5655626624875   2633.3770364550637
0.1697274232565544   2163.537691612909   2540.960295144262
0.17470305840495237   2103.5107336121628   2456.4342715894204
0.17982455651794954   2052.016577145615   2375.6209096890207
0.18509619363343993   1993.6398301376844   2293.89194286591
0.19052237114327647   1916.4765681335527   2208.259789397578
0.19610761946807834   1816.973134093392   2118.609148007769
0.20185660183976684   1699.969979726091   2028.510191731053
0.20777411819498756   1576.123775943363   1940.0175156350315
0.21386510918267082   1458.8435920224667   1856.5286888228052
0.22013466028907505   1359.905180726573   1780.3219709375899
0.22658800608375756   1284.4618358110438   1711.035682828421
0.23323053459001789   1230.0204372251064   1648.3958878376882
0.2400677917834628   1187.6718189348687   1589.3326728504817
0.24710548622244882   1145.1724133160956   1531.8508934472552
0.25434949381426813   1093.1250002776078   1474.5186712036507
0.2618058627210567   1029.501845260582   1417.9341066656148
0.2694808184095226   959.1183022231792   1363.0007892025476
0.27738076884870827   891.1897687623241   1310.3465917814872
0.2855123098601282   834.0722887122351   1261.2311298316977
0.29388223062474755   789.9549828898217   1215.8278150427718
0.3024975193514008   754.7559112211932   1172.3636285563218
0.31136536911138296   721.1036142815939   1130.4962239090614
0.3204931838440838   683.0414784278757   1090.7004129650213
0.32988858453867975   640.3593586235116   1051.357962540318
0.3395594155970457   597.624085682812   1013.8181019735964
0.34951375138319807   559.9024317780664   978.1562168231407
0.3597599029647371   528.9594645544582   944.8798613976371
0.37030642505191835   502.10862972963736   912.9205171044407
0.3811621231401457   475.20943559667313   882.1410539458368
0.3923360608618501   446.6156714491721   852.6401766941497
0.4038375675538918   418.06804977599205   824.1065884143974
0.41567624604680364   392.2953879791978   797.05329415379
0.42786198068238046   369.91949198187507   771.4207980116037
0.4404049455663077   349.2723997590192   746.8757752002012
0.4533156130627191   328.6021825146423   723.2710037236669
0.4666047625377753   308.134654671249   700.4597460602191
0.4802834893595659   289.13162406341024   678.6413742125495
0.49436321416184764   272.0150709269972   657.9210616310146
0.5088556923793517   255.9602357637416   638.0641911365263
0.5237730240626238   240.31737471043394   618.8260497329193
0.5391276639805903   225.38988652141538   600.3672069897199
0.5549324320192869   211.60781816404088   582.7012003049293
0.5712005238854289   198.77809608393574   565.766621801845
0.5879455221237613   186.52700557034697   549.4114314144027
0.6051814074573895   174.91675931833404   533.6511204919337
0.622922570460556   164.05566472917474   518.5096741601329
0.6411838235736077   153.84839644752702   503.9065283704839
0.6599804134701901   144.25014439517852   489.80588662048405
0.6793280337869897   135.22570423179877   476.1786487742787
0.6992428382266549   126.74187656965759   462.99760810470974
0.7197414540448374   118.7673519668505   450.23732557444146
0.7408409959326054   111.27260270933942   437.87401424849935
0.7625590803058332   104.22978096393025   425.8854329413659
0.7849138400134885   97.61267686093024   414.25054505418836
0.8079239394770964   91.39707654896836   402.9472813120778
0.8316085902740278   85.56031411800043   391.9537594746042
0.8559875671776167   80.08086179739655   381.2496970070135
0.8810812246675007   74.93828090165677   370.8163319783078
0.9069105139239728   70.11317787829462   360.63633352350837
0.9334970003205227   65.58716119834983   350.6937198365487
0.960862881429187   61.34279916090317   340.9737828886392
0.9890310055537336   57.36355247264355   331.4630702911764
1.0180248908061487   53.63362254550866   322.14955773658556
1.047868744742366   50.138044122842395   313.022367587249
1.0785874845736239   46.86270257903252   304.0715996458735
1.1102067579703248   43.79428902028467   295.2882816488509
1.1427529644757777   40.92025744160812   286.6643228369339
1.1762532775476793   38.228783942978666   278.192470036424
1.210735667245765   35.70872792104815   269.86626591075554
1.246228923584555   33.34960146110534   261.68042406863594
1.2827626805706884   31.14154713784383   253.63175066860677
1.3203674409449337   29.07528281662026   245.71781102156768
1.3590746016495152   27.142065614073527   237.93655785250232
1.3989164800420282   25.333662961107557   230.28630641563416
1.4399263408778291   23.642325038662126   222.76570992195457
1.4821384240834183   22.06075853456966   215.37373523195967
1.525587973344019   20.58210165213865   208.10964398440208
1.5703112655292182   19.199897095916132   200.97391627581493
1.6163456409812174   17.908066992513685   193.96914278132297
1.6637295346910133   16.70089893654363   187.09797516698114
1.7125025083885144   15.573026227673497   180.36283224258528
1.7627052835733923   14.519408119640541   173.76589897282275
1.814379775514258   13.535311110548626   167.30912610422448
1.8675691282445197   12.616291225922932   160.9942304026989
1.922317750584177   11.75817720844789   154.82271551497504
1.9786713532176083   10.957053064706347   148.79670751011025
2.0366769868582977   10.209243033529553   142.91909893098045
2.0963830815323896   9.511299842671075   137.19232298626855
2.1578394870138577   8.859991309158094   131.61828514183563
2.2210975144450407   8.252287510980171   126.19838866876596
2.286209979177315   7.685348679983399   120.93356075403527
2.3532312448676476   7.156513778614237   115.82427899148644
2.4222172688678643   6.663289921537055   110.8706274406159
2.4932256489445366   6.203345383887194   106.07281359365737
2.5663156713684585   5.774498486920292   101.43102353282846
2.641548360413907   5.374705226040387   96.94494780902491
2.7189865293089923   5.00205092641893   92.61380483652971
2.798694832679631   4.654742475187912   88.43638108430454
2.8807398205309562   4.3311009867771855   84.41107028183603
2.9651899938111903   4.029554879877157   80.53591145940486
3.05211586160442   3.7486322121002233   76.80852349435357
3.1415899999999994   3.4869456354499047   73.22530677441519
