0.01   14957.95626087984   14949.3564619141
0.010293154462191829   15152.534282025657   15143.098238886912
0.010594902878253955   15343.094445291263   15332.743094144425
0.010905497183778876   15529.212100040266   15517.860488005543
0.011225196699963396   15710.45418331783   15698.01135759436
0.011554268350120923   15886.364765683133   15872.732442492761
0.011892986882540897   16056.47099820078   16041.54266204129
0.012241635099881474   16220.295043307246   16203.955954519979
0.012600504095286909   16377.346110648254   16359.472715514983
0.012969893495426888   16527.109461841246   16507.567995221416
0.013350111710660605   16669.066210248122   16647.71263023585
0.013741476192534558   16802.69567459265   16779.375770519997
0.014144313698828986   16927.457702348922   16902.0064160192
0.01455896056637426   17042.80457003531   17015.045854745396
0.014985762991865008   17148.194512472226   17117.941781125828
0.01542507732090645   17243.0825333343   17210.137352727772
0.015877270345534218   17326.913560175442   17291.06297567831
0.016342719610456153   17399.143894127013   17360.160856743885
0.016821813728271667   17459.243742871404   17416.88775311143
0.017314952703931925   17506.68521671967   17460.70148831753
0.017822548268711737   17540.955720812337   17491.075659919767
0.01834502422397195   17561.568499392633   17507.51115018551
0.018882816794999403   17568.063149883936   17509.53540157441
0.019436374995219892   17560.007861752678   17496.70428140604
0.02000616100108813   17537.006737759064   17468.61154497587
0.020592650537967844   17498.707177482815   17424.89675427564
0.021196333277324068   17444.81833138385   17365.264573164375
0.02181771324555934   17375.101169686415   17289.474466783635
0.022457309244835088   17289.366615422678   17197.338872221273
0.02311565528622961   17187.516488509795   17088.767543624126
0.023793301035594242   17069.548974803933   16963.77331600886
0.024490812272480036   16935.517325968616   16822.42715089812
0.025208771362518027   16785.557481626427   16664.88796497328
0.0259477777436476   16619.972382593813   16491.493753545546
0.02670844842659881   16439.14150394659   16302.663211693827
0.027491418510046592   16243.498558003423   16098.871293368358
0.028297341710866907   16033.669721274931   15880.79675130625
0.029126890909937666   15810.444775409014   15649.290638691551
0.029980758713939952   15574.64076529258   15405.230162321186
0.030859658033628758   15327.171151425337   15149.591589434373
0.031764322679055976   15069.193795085062   14883.606210432534
0.03269550797224261   14801.89756784119   14608.533876308522
0.033653991377811755   14526.474936883298   14325.632305716177
0.03464057315210884   14244.425162194066   14036.458786333074
0.03565607701135116   13957.417987981371   13742.732908204225
0.036701350819364466   13667.040632793201   13446.083911467573
0.03777726729548091   13374.787761917873   13148.045534709925
0.038884724743189276   13082.058168154099   12850.058817151985
0.04002464780014597   12790.153707097166   12553.461044001624
0.041197988210172884   12500.33946106556   12259.537446347902
0.04240572561788674   12214.34680306549   11969.963855197351
0.04364886838662332   11934.065392044658   11686.535280186146
0.04492845444033957   11661.212275498974   11410.875419642998
0.04624555213019635   11397.177253094023   11144.25617256912
0.04760126112654554   11142.914491062562   10887.470245755138
0.04899671333706607   10899.246916708647   10641.184315350989
0.05043307385181555   10666.681986383666   10405.769657503
0.05191154191598653   10444.671916991598   10180.595828275846
0.053433351931179485   10232.429433936708   9964.812163453267
0.05499977448602865   10029.08182155517   9757.502190306464
0.05661211741704101   9833.195668026985   9557.255771764589
0.05827172690053434   9643.263175507638   9362.608480291092
0.05997998857658587   9457.688255955574   9172.051483419446
0.06173832870592997   9274.542866404123   8983.840464155246
0.0635482153607709   9091.94820854328   8796.299592465195
0.06541115965050462   8907.733574391872   8607.608140627859
0.06732871698337338   8719.596447487218   8415.905942350166
0.06930248836510605   8525.224492289262   8219.390637489698
0.07133412173562886   8322.114052725476   8016.21605869887
0.07342531334496233   8108.056912910196   7804.861339402964
0.07557780916945323   7881.312574454352   7584.4815731812705
0.07779340636952398   7640.7366858051255   7354.70579003999
0.08007395479015682   7386.597475119878   7116.144133459831
0.08242135850536496   7120.044898630975   6870.042251232931
0.08483757740794096   6843.835229039448   6619.040785497119
0.08732462884580919   6561.433357297508   6366.196965958283
0.08988458930634863   6277.269992808631   6114.927059261823
0.09251959615009227   5995.893935473303   5868.6105243340835
0.09523184939525078   5721.915842343841   5630.587329440167
0.09802361355455057   5459.745157000619   5403.663383952349
0.10089721952591899   5213.367926513071   5190.12350608321
0.10385506653859616   4986.120644434186   4991.786526237115
0.10689962415629803   4780.644185607698   4809.970043311288
0.11003343433910281   4597.8828018602035   4644.497613937372
0.11325911356578279   4437.408900613032   4494.201062398005
0.11657935501835284   4296.247890677639   4356.676343278992
0.11999693083066039   4169.9860263426335   4228.7719129668
0.12351469440289359   4052.5426329424813   4106.438631946558
0.12713558278394044   3937.515450767152   3986.031406283962
0.13086261912358757   3818.7534651599194   3864.4673686039355
0.13469891519660646   3691.2536345321537   3739.3098623433734
0.13864767400083483   3551.8746867308555   3609.6428050272557
0.14271219243142114   3399.7927895360767   3475.8905966120647
0.14689586403346616   3236.9359668352786   3339.2892569392393
0.1512021818353596   3067.6243782318766   3202.85802706105
0.15563474126517718   2897.7366878456605   3069.5913613941134
0.16019724315257297   2733.8492996506975   2941.956135319927
0.1648934968186736   2582.375421758297   2822.6725359203115
0.1697274232565544   2448.4767976565768   2712.914188631864
0.17470305840495237   2334.5013171216233   2612.9241518956574
0.17982455651794954   2238.8896363623408   2521.5710805948574
0.18509619363343993   2156.5826269630697   2436.0326683101102
0.19052237114327647   2080.84432275716   2353.6855324851826
0.19610761946807834   2005.0760890858967   2272.774104375798
0.20185660183976684   1923.7813721901373   2192.0688471783265
0.20777411819498756   1833.7332839815492   2110.8622133202307
0.21386510918267082   1735.7143525166127   2029.79652744374
0.22013466028907505   1634.659613771723   1950.7314324024273
0.22658800608375756   1537.1294818439483   1875.0781202590392
0.23323053459001789   1448.5899208142139   1804.0476320584728
0.2400677917834628   1372.1771843324989   1737.5751372292946
0.24710548622244882   1307.7568388508364   1674.9945390526482
0.25434949381426813   1251.6259945339414   1615.7381785434554
0.2618058627210567   1198.250708990832   1558.6289971436481
0.2694808184095226   1142.760597898181   1502.8814459441119
0.27738076884870827   1082.9844705821815   1448.778720495786
0.2855123098601282   1020.4842150253687   1395.8020129603244
0.29388223062474755   959.5841290699279   1345.1967751398786
0.3024975193514008   904.114735146833   1297.119247929691
0.31136536911138296   855.8115381388939   1251.3306112657674
0.3204931838440838   813.5387273746303   1207.9846566933638
0.32988858453867975   773.8686062434812   1166.215438074891
0.3395594155970457   733.7849476934102   1126.1599742694398
0.34951375138319807   692.5058314953245   1087.2340966774705
0.3597599029647371   651.6006513546104   1049.9133295711374
0.37030642505191835   613.5821382783159   1014.2881161201803
0.3811621231401457   579.5690044677218   980.36347170479
0.3923360608618501   548.6612239598973   947.8788804176014
0.4038375675538918   519.0575183264749   916.7767502863506
0.41567624604680364   489.6174889962013   886.7349646772484
0.42786198068238046   460.7925048930646   857.8355165528966
0.4404049455663077   433.77599394015897   830.2294899020224
0.4533156130627191   409.03840242805256   803.7898575299183
0.4666047625377753   385.9922203002813   778.5032440672504
0.4802834893595659   363.7911426712409   754.1834870502288
0.49436321416184764   342.30623677245364   730.7332176062456
0.5088556923793517   321.9920201475467   708.22826043669
0.5237730240626238   303.1144326114284   686.6824825592967
0.5391276639805903   285.38139667842944   665.9693828600816
0.5549324320192869   268.4494454183124   646.0255059103785
0.5712005238854289   252.33314882860898   626.7870955447787
0.5879455221237613   237.19993399690398   608.2922218457124
0.6051814074573895   222.99696388363225   590.4952976584975
0.622922570460556   209.5477329861253   573.3094938384473
0.6411838235736077   196.8112999219367   556.7051584452395
0.6599804134701901   184.8290801959786   540.687503635718
0.6793280337869897   173.55439060998017   525.2043538999147
0.6992428382266549   162.91223570149666   510.2290729170683
0.7197414540448374   152.88333118111106   495.7302734621965
0.7408409959326054   143.43871672027996   481.67623003748537
0.7625590803058332   134.54668480668937   468.0405396321985
0.7849138400134885   126.17708865603389   454.79864231334983
0.8079239394770964   118.30127616003094   441.9277048785381
0.8316085902740278   110.89202581289841   429.4065139958281
0.8559875671776167   103.9234960362726   417.2152582288173
0.8810812246675007   97.3712692558432   405.3342750552451
0.9069105139239728   91.21221561145352   393.7446227501815
0.9334970003205227   85.42435614446826   382.4288591095863
0.960862881429187   79.98681463348576   371.37096880875373
0.9890310055537336   74.87977185003272   360.55628413147645
1.0180248908061487   70.08442098287583   349.9714114649379
1.047868744742366   65.58292420355515   339.60416460576585
1.0785874845736239   61.35835699014895   329.4439232817795
1.1102067579703248   57.394654851751525   319.48205103475357
1.1427529644757777   53.67660632224841   309.71090115581575
1.1762532775476793   50.189817786486955   300.1236237893007
1.210735667245765   46.920674702063494   290.7141224620085
1.246228923584555   43.85630427538582   281.47701220480224
1.2827626805706884   40.98453956642909   272.4075790312653
1.3203674409449337   38.293884738953096   263.5019158696471
1.3590746016495152   35.773479750503455   254.7584673379965
1.3989164800420282   33.413070330484075   246.17700124675005
1.4399263408778291   31.202979148637237   237.75742616120283
1.4821384240834183   29.134076479773547   229.4997583014105
1.525587973344019   27.19775210664294   221.40410412198398
1.5703112655292182   25.38588844738412   213.47064324075845
1.6163456409812174   23.690834859102118   205.6996169373373
1.6637295346910133   22.105380953544426   198.09232550410007
1.7125025083885144   20.62273145418817   190.6521099765842
1.7627052835733923   19.236488863158822   183.38212331025852
1.814379775514258   17.94063258355318   176.28502042772502
1.8675691282445197   16.72949834610716   169.3629747811893
1.922317750584177   15.597758636168379   162.61769576311056
1.9786713532176083   14.540404081458297   156.05044684597806
2.0366769868582977   13.552725332883107   149.6621484822269
2.0963830815323896   12.630292836872503   143.4540995492264
2.1578394870138577   11.768943793254683   137.42750175811346
2.2210975144450407   10.964769482417609   131.58298239723644
2.286209979177315   10.214100658129135   125.92062546457387
2.3532312448676476   9.513493687829158   120.44000857675357
2.4222172688678643   8.859717434506177   115.1402395838856
2.4932256489445366   8.249740864039014   110.01999353712084
2.5663156713684585   7.68072425780797   105.07768121846058
2.641548360413907   7.150010166331376   100.31159568604552
2.7189865293089923   6.6551062780922505   95.71966120248
2.798694832679631   6.1936750191381735   91.29943385861677
2.8807398205309562   5.7635245661042   87.04814016527858
2.9651899938111903   5.362600330846182   82.96271410702711
3.05211586160442   4.988976895962824   79.03983256000434
3.1415899999999994   4.64084858204229   75.2758428530398
