0.01   4007.2506726776887   4007.030111591365
0.010293154462191829   4027.799515121903   4027.5774651079846
0.010594902878253955   4045.822139943907   4045.5986104218746
0.010905497183778876   4061.1987345519915   4060.973680337787
0.011225196699963396   4073.8066669580166   4073.5800816944243
0.011554268350120923   4083.5195655279863   4083.2915981305896
0.011892986882540897   4090.2156362245214   4089.9865994377947
0.012241635099881474   4093.77655296831   4093.5468687652187
0.012600504095286909   4094.080820916936   4093.8507947421167
0.012969893495426888   4091.011985198246   4090.7817473345435
0.013350111710660605   4084.461417703917   4084.230931350467
0.013741476192534558   4074.3183707723374   4074.0875714645467
0.014144313698828986   4060.472866516682   4060.24177970846
0.01455896056637426   4042.826322250055   4042.595066356319
0.014985762991865008   4021.2889422264116   4021.057639981066
0.01542507732090645   3995.7741776369267   3995.542723101127
0.015877270345534218   3966.2090268252196   3965.977053915589
0.016342719610456153   3932.53597738891   3932.3028744431763
0.016821813728271667   3894.7052625516603   3894.470224821255
0.017314952703931925   3852.680424601228   3852.4424912544864
0.017822548268711737   3806.4450946181964   3806.203165007648
0.01834502422397195   3756.0018456540433   3755.754710606855
0.018882816794999403   3701.371419406799   3701.1178041325384
0.019436374995219892   3642.5970568134862   3642.3356426607884
0.02000616100108813   3579.7464014791285   3579.475857105172
0.020592650537967844   3512.9167875713415   3512.6358567803736
0.021196333277324068   3442.2311839332606   3441.938726996948
0.02181771324555934   3367.8360066699834   3367.5310173384114
0.022457309244835088   3289.9158423831814   3289.597599973962
0.02311565528622961   3208.6944599980566   3208.362694560908
0.023793301035594242   3124.4141227237374   3124.0690001017283
0.024490812272480036   3037.345394605935   3036.987606364233
0.025208771362518027   2947.8213923427425   2947.452587466142
0.0259477777436476   2856.1924592793143   2855.8152494907345
0.02670844842659881   2762.8137673555775   2762.4316058612308
0.027491418510046592   2668.10362772442   2667.720921329974
0.028297341710866907   2572.5203108993633   2572.142446831548
0.029126890909937666   2476.500200396047   2476.1333402510827
0.029980758713939952   2380.498157860886   2380.149109970488
0.030859658033628758   2285.0494867729963   2284.7257042941396
0.031764322679055976   2190.6533164693337   2190.362703346724
0.03269550797224261   2097.763886679484   2097.514571450658
0.033653991377811755   2006.9001292263886   2006.7001342457686
0.03464057315210884   1918.5715015325602   1918.4285454144872
0.03565607701135116   1833.202903912792   1833.1243310937177
0.036701350819364466   1751.2104770466533   1751.2025894316305
0.03777726729548091   1673.0482212122968   1673.1153026963602
0.038884724743189276   1599.0840764514166   1599.2286404391593
0.04002464780014597   1529.5995302948509   1529.8224162357433
0.041197988210172884   1464.8107511133837   1465.1098787423848
0.04240572561788674   1404.874357068674   1405.2447224956068
0.04364886838662332   1349.8969818711362   1350.3311965457976
0.04492845444033957   1299.9612310606185   1300.4476890464737
0.04624555213019635   1255.1389877811625   1255.659772745987
0.04760126112654554   1215.4865478641398   1216.0181087128335
0.04899671333706607   1180.8600358797103   1181.3747216675927
0.05043307385181555   1150.6052235340321   1151.07416431699
0.05191154191598653   1124.0564932766895   1124.4498307836536
0.053433351931179485   1100.645408335993   1100.9317021705108
0.05499977448602865   1079.928699690598   1080.0737343983617
0.05661211741704101   1061.5131855357902   1061.4797867249117
0.05827172690053434   1044.8249290855688   1044.575922835148
0.05997998857658587   1029.005993310905   1028.5088441733997
0.06173832870592997   1013.1954985227557   1012.4237843360735
0.0635482153607709   996.3604838061998   995.3005493811264
0.06541115965050462   977.4338621760811   976.0883599338339
0.06732871698337338   955.4606633626387   953.8514696532284
0.06930248836510605   929.6295334911645   927.8006653037409
0.07133412173562886   899.3905825562615   897.4073604016809
0.07342531334496233   864.6306271039462   862.578156794419
0.07557780916945323   825.5310703891504   823.5087337869023
0.07779340636952398   782.7354663809596   780.8488445917466
0.08007395479015682   737.0519259313232   735.4067949832936
0.08242135850536496   689.4270160618024   688.125358428135
0.08483757740794096   640.9656237950123   640.0974365500391
0.08732462884580919   593.0261244425415   592.6601561100669
0.08988458930634863   547.0123603509508   547.1845173000645
0.09251959615009227   504.3013550912124   505.006304305166
0.09523184939525078   466.1611491842203   467.34023280798004
0.09802361355455057   433.5527468007838   435.1014989098533
0.10089721952591899   406.8969881101308   408.6730356402146
0.10385506653859616   386.2778722898228   388.10850482098755
0.10689962415629803   371.17660681455266   372.8723823659054
0.11003343433910281   360.83359636925184   362.19900107523495
0.11325911356578279   354.07952869507915   354.947820924983
0.11657935501835284   349.5580481279781   349.8037426888553
0.11999693083066039   345.6696141778353   345.2271454533393
0.12351469440289359   340.79544151112344   339.68428343188657
0.12713558278394044   333.47000368045735   331.80687970671147
0.13086261912358757   322.6380482813411   320.62694422835244
0.13469891519660646   307.7841141231504   305.69726010467383
0.13864767400083483   289.04938629808856   287.20415940946816
0.14271219243142114   267.33368676782214   266.04952344519137
0.14689586403346616   244.35026896695115   243.83580712668618
0.1512021818353596   222.18123467084212   222.4979067645222
0.15563474126517718   202.64930838710774   203.70672012236625
0.16019724315257297   186.85398946035636   188.42780196725002
0.1648934968186736   175.13002331857044   176.9258524685347
0.1697274232565544   167.32673420625068   169.00628977402016
0.17470305840495237   162.73574675156596   163.97421733890806
0.17982455651794954   159.95389990442266   160.53795638206245
0.18509619363343993   157.16998827581054   157.08235665657693
0.19052237114327647   152.83937175137777   152.25676357820305
0.19610761946807834   146.13202784736583   145.37770564230865
0.20185660183976684   136.99238547813653   136.44358171994853
0.20777411819498756   126.19879937473446   126.17914408537112
0.21386510918267082   115.19901489842788   115.86534695053538
0.22013466028907505   105.45591328572446   106.71623531240841
0.22658800608375756   97.90584942081773   99.50159347714666
0.23323053459001789   92.77540969770303   94.33805972260481
0.2400677917834628   89.46009056859269   90.69435222565674
0.24710548622244882   86.77903128508548   87.56741826990698
0.25434949381426813   83.62425928714114   84.07316156907669
0.2618058627210567   79.3347246257864   79.70974823785407
0.2694808184095226   73.91400987797681   74.53089938044852
0.27738076884870827   68.12315914859096   69.14656193278583
0.2855123098601282   62.91321182356162   64.29491032945835
0.29388223062474755   58.836922114435446   60.35085451425855
0.3024975193514008   55.88125429496698   57.28282237567242
0.31136536911138296   53.48367983045001   54.64214569187476
0.3204931838440838   50.94427622620509   51.93718714249387
0.32988858453867975   47.93767180408287   48.944922847043756
0.3395594155970457   44.61809539547601   45.80114531164625
0.34951375138319807   41.449865525508805   42.82605943701006
0.3597599029647371   38.80805535514528   40.25552067947386
0.37030642505191835   36.67958307319827   38.053720553218426
0.3811621231401457   34.75114287398507   36.01748078178015
0.3923360608618501   32.73921311328614   33.97631129545635
0.4038375675538918   30.611126031384273   31.911632863213065
0.41567624604680364   28.567909051026554   29.9489976621944
0.42786198068238046   26.77801925158225   28.179902682934085
0.4404049455663077   25.217025630518954   26.57926957321576
0.4533156130627191   23.73058434798931   25.057549625895785
0.4666047625377753   22.239091818532213   23.575690114499647
0.4802834893595659   20.79614543429103   22.162149937857194
0.49436321416184764   19.48340678657894   20.854440239418047
0.5088556923793517   18.292300162334378   19.643895250047997
0.5237730240626238   17.15957493744142   18.4962554307995
0.5391276639805903   16.064664877624477   17.402879582684587
0.5549324320192869   15.036210662989761   16.375549521854044
0.5712005238854289   14.088738906569766   15.416585319111164
0.5879455221237613   13.200342723530355   14.514606181255756
0.6051814074573895   12.355873889835207   13.661613279875148
0.622922570460556   11.562308649827646   12.859523189989382
0.6411838235736077   10.823143895539278   12.10729304577967
0.6599804134701901   10.130413992965064   11.400171819529682
0.6793280337869897   9.479124507577358   10.734706014006058
0.6992428382266549   8.867214609844202   10.108596565340992
0.7197414540448374   8.292712673565584   9.519664299628731
0.7408409959326054   7.7536978277274144   8.965831517933994
0.7625590803058332   7.248304498668562   8.445119381952445
0.7849138400134885   6.774726073368371   7.955645126421149
0.8079239394770964   6.331216505151366   7.495618675286568
0.8316085902740278   5.91602044058368   7.063313092249958
0.8559875671776167   5.527359219664587   6.657054546783966
0.8810812246675007   5.163556539391984   6.2752643035582265
0.9069105139239728   4.823042682320621   5.916457393816344
0.9334970003205227   4.504347570906525   5.579237336127407
0.960862881429187   4.206094291789307   5.26229112357276
0.9890310055537336   3.9269930568234135   4.964384466926102
1.0180248908061487   3.665840846164759   4.684359689374972
1.047868744742366   3.4215301077046782   4.421138020326325
1.0785874845736239   3.1930229724882717   4.173706332622203
1.1102067579703248   2.979341372697738   3.94111082058436
1.1427529644757777   2.7795639406787673   3.722453792612797
1.1762532775476793   2.592823040826552   3.5168906084037794
1.210735667245765   2.418301930904912   3.32362675723823
1.246228923584555   2.255231773674671   3.1419148372476164
1.2827626805706884   2.1028861218959753   2.971049344657291
1.3203674409449337   1.9605804903883326   2.8103657506154085
1.3590746016495152   1.8276724784599727   2.6592402270578006
1.3989164800420282   1.703559341943133   2.5170872666991153
1.4399263408778291   1.587675651507468   2.383357393837214
1.4821384240834183   1.4794910815916815   2.257535003085186
1.525587973344019   1.378508326391586   2.1391362957079583
1.5703112655292182   1.2842613573616883   2.027705600424156
1.6163456409812174   1.1963136364104086   1.9228128368219757
1.6637295346910133   1.1142559401197891   1.8240549529810142
1.7125025083885144   1.0377046905535554   1.7310545002474365
1.7627052835733923   0.9663004209838508   1.6434579913318659
1.814379775514258   0.899706327879159   1.5609343630161308
1.8675691282445197   0.8376069047144747   1.4831735369846923
1.922317750584177   0.7797066386567035   1.4098838367482798
1.9786713532176083   0.7257287518427668   1.3407868447761178
2.0366769868582977   0.675414118466531   1.275621137089598
2.0963830815323896   0.6285202029621121   1.214142733832735
2.1578394870138577   0.584820039199291   1.1561238703759493
2.2210975144450407   0.5441012693225609   1.1013518589687379
2.286209979177315   0.5061652389876222   1.0496280341045574
2.3532312448676476   0.470826136608868   1.0007665561498236
2.4222172688678643   0.4379100815111859   0.9545908013056063
2.4932256489445366   0.4072544422796594   0.9109339215087751
2.5663156713684585   0.378707228513439   0.8696404205223075
2.641548360413907   0.3521264175408061   0.830565367135909
2.7189865293089923   0.3273793199903573   0.7935736178579642
2.798694832679631   0.3043419842975677   0.758539100832032
2.8807398205309562   0.2828986388781661   0.7253441343674909
2.9651899938111903   0.26294126007260193   0.6938768033406177
3.05211586160442   0.2443691198082684   0.6640292074285085
3.1415899999999994   0.2270881400955247   0.6357007227403922
