0.01   6073.775710713703   6073.474949592259
0.010293154462191829   6127.778582629143   6127.471932074554
0.010594902878253955   6179.0308853661045   6178.720173694828
0.010905497183778876   6227.35785062264   6227.044640001351
0.011225196699963396   6272.579128912093   6272.26363324058
0.011554268350120923   6314.515701806373   6314.1967267689315
0.011892986882540897   6352.987240110942   6352.662798388981
0.012241635099881474   6387.808039792119   6387.476867536023
0.012600504095286909   6418.7947598847695   6418.456558289267
0.012969893495426888   6445.767299987151   6445.422645536847
0.013350111710660605   6468.539515916157   6468.188798913633
0.013741476192534558   6486.92504912553   6486.567868186435
0.014144313698828986   6500.744558492707   6500.37970919707
0.01455896056637426   6509.82147711556   6509.447264640993
0.014985762991865008   6513.978195804029   6513.593037728809
0.01542507732090645   6513.046461563836   6512.648963817455
0.015877270345534218   6506.868396910952   6506.457291200754
0.016342719610456153   6495.288733401657   6494.862353436554
0.016821813728271667   6478.161871045611   6477.717925084564
0.017314952703931925   6455.357889870259   6454.893480952623
0.017822548268711737   6426.7607391496   6426.272443761472
0.01834502422397195   6392.267837443559   6391.751817614425
0.018882816794999403   6351.795954269834   6351.248000466727
0.019436374995219892   6305.283330092622   6304.698929413335
0.02000616100108813   6252.693098780694   6252.067639626211
0.020592650537967844   6194.012425477889   6193.341298773857
0.021196333277324068   6129.252640116761   6128.531284679726
0.02181771324555934   6058.461130243131   6057.6851509484
0.022457309244835088   5981.7242733714975   5980.88957476371
0.02311565528622961   5899.153446320663   5898.256274080573
0.023793301035594242   5810.892959135665   5809.930236677582
0.024490812272480036   5717.151651788471   5716.122394880073
0.025208771362518027   5618.170297205144   5617.075925686204
0.0259477777436476   5514.20995881201   5513.054166820768
0.02670844842659881   5405.600013775283   5404.388907905434
0.027491418510046592   5292.733720829759   5291.475918649966
0.028297341710866907   5176.011526862898   5174.71791534921
0.029126890909937666   5055.865619555611   5054.54946838153
0.029980758713939952   4932.833306321313   4931.511358520362
0.030859658033628758   4807.460764612216   4806.153085242311
0.031764322679055976   4680.279539457755   4679.008984425899
0.03269550797224261   4551.905855080931   4550.697253229959
0.033653991377811755   4423.008511368128   4421.887951112336
0.03464057315210884   4294.2091146714265   4293.203542418795
0.03565607701135116   4166.126358300017   4165.262798179574
0.036701350819364466   4039.46275689879   4038.766819729236
0.03777726729548091   3914.87256038834   3914.3681843735408
0.038884724743189276   3792.9420734201617   3792.651290656542
0.04002464780014597   3674.272340745417   3674.2118846194026
0.041197988210172884   3559.4448908199115   3559.624416826819
0.04240572561788674   3448.9618463564643   3449.3847997753423
0.04364886838662332   3343.238207877979   3343.9002993522076
0.04492845444033957   3242.5928706496707   3243.4775185901353
0.04624555213019635   3147.287506052527   3148.3666568019285
0.04760126112654554   3057.528430088515   3058.7634349173313
0.04899671333706607   2973.381360473474   2974.7181564004595
0.05043307385181555   2894.8353789371513   2896.2027301650455
0.05191154191598653   2821.860195747993   2823.17152571737
0.053433351931179485   2754.0043466097786   2755.165947483583
0.05499977448602865   2690.3370315518887   2691.257077519541
0.05661211741704101   2629.9768894933386   2630.565765074055
0.05827172690053434   2572.159122257698   2572.330295048756
0.05997998857658587   2516.23578125178   2515.9070359694015
0.06173832870592997   2461.591184387099   2460.6859237859294
0.0635482153607709   2407.3551994940703   2405.8171798062413
0.06541115965050462   2352.520123816091   2350.3230910976063
0.06732871698337338   2296.0870777614914   2293.2427246658463
0.06930248836510605   2236.900691629603   2233.485336113355
0.07133412173562886   2173.9075513339535   2170.063811959945
0.07342531334496233   2106.3201350229347   2102.2639947389284
0.07557780916945323   2033.5981541507456   2029.6161935527334
0.07779340636952398   1955.775292400673   1952.209361867097
0.08007395479015682   1873.4572886442224   1870.6868859180597
0.08242135850536496   1787.593858194796   1786.0096891643745
0.08483757740794096   1699.5093376307523   1699.4857828662348
0.08732462884580919   1610.6934003531107   1612.560389403423
0.08988458930634863   1522.7911743373272   1526.8080994743784
0.09251959615009227   1437.405941450896   1443.738237440819
0.09523184939525078   1356.0605375909522   1364.764392994075
0.09802361355455057   1280.283284696562   1291.2793917780807
0.10089721952591899   1211.4212123894868   1224.4855529674232
0.10385506653859616   1150.5208831312686   1165.2536491058113
0.10689962415629803   1098.1622862925822   1114.0273927671449
0.11003343433910281   1054.0332019777   1070.4183795143163
0.11325911356578279   1017.3113945092579   1033.5860119143993
0.11657935501835284   986.2935287526421   1001.9154456445604
0.11999693083066039   959.0089309345216   973.5767282936862
0.12351469440289359   933.2178249095583   946.5381762985594
0.12713558278394044   906.7659969149897   918.9213192381353
0.13086261912358757   877.7477233398328   889.115466458158
0.13469891519660646   844.8172500146983   856.0104518615151
0.13864767400083483   807.4284141366822   819.2616070307755
0.14271219243142114   765.8961427814058   779.2971974578187
0.14689586403346616   721.3509946081376   737.1376424309232
0.1512021818353596   675.4870324701511   694.2514867339992
0.15563474126517718   630.4206634967948   652.4259672534495
0.16019724315257297   588.5227188484271   613.5804016222869
0.1648934968186736   551.8910947532454   579.3114471699071
0.1697274232565544   521.5607702814838   550.3427402217587
0.17470305840495237   497.2301561945756   526.2824790934826
0.17982455651794954   477.5709905223968   505.9230999577697
0.18509619363343993   460.8366172863859   487.8492253514044
0.19052237114327647   445.07686166060074   470.54913604381903
0.19610761946807834   428.1822343369107   452.47624277977036
0.20185660183976684   408.6026350599596   432.5763099208663
0.20777411819498756   386.16636236461096   410.8399684346956
0.21386510918267082   362.05873672643065   388.34746976272356
0.22013466028907505   337.958159050806   366.1985332589023
0.22658800608375756   315.56702608634697   345.5712256905905
0.23323053459001789   296.2547084449825   327.3434554918958
0.2400677917834628   280.4368717782368   311.6244131540095
0.24710548622244882   267.44506370580535   297.89676763895903
0.25434949381426813   255.9586368831792   285.2531520726255
0.2618058627210567   244.41828769613704   272.77053366685163
0.2694808184095226   231.76052175139785   259.7961282991442
0.27738076884870827   218.0715577079904   246.56121997422787
0.2855123098601282   204.1868084766252   233.49842167708275
0.29388223062474755   191.12592755788683   221.18807617436912
0.3024975193514008   179.72461062923895   210.04758272817526
0.31136536911138296   170.0369693891694   200.034160874367
0.3204931838440838   161.39451818207337   190.70841985389424
0.32988858453867975   153.00015210633526   181.75141882844602
0.3395594155970457   144.33357449147627   172.85590291713012
0.34951375138319807   135.5088191628023   164.17886429744297
0.3597599029647371   127.07826370399479   155.92870031276232
0.37030642505191835   119.44733774014647   148.23952462586664
0.3811621231401457   112.64924074458142   141.10645836973495
0.3923360608618501   106.36258201777063   134.37343321385598
0.4038375675538918   100.22474887207053   127.9009928147446
0.41567624604680364   94.16526939219882   121.6695576829643
0.42786198068238046   88.3778678152282   115.74987329769466
0.4404049455663077   83.03913335675543   110.17880165309472
0.4533156130627191   78.13466455956122   104.92726007859672
0.4666047625377753   73.50789390205654   99.9423803820884
0.4802834893595659   69.05141752982702   95.19083177193873
0.49436321416184764   64.80359510008343   90.67313284120405
0.5088556923793517   60.83421180668949   86.4003345747581
0.5237730240626238   57.13695909666208   82.35912052685747
0.5391276639805903   53.64722541394148   78.52270149506965
0.5549324320192869   50.33183330659093   74.88002540510946
0.5712005238854289   47.207663894530405   71.42534969352023
0.5879455221237613   44.28230277791097   68.1533099152612
0.6051814074573895   41.53220875330799   65.0511141692534
0.622922570460556   38.93600110715103   62.10612198535389
0.6411838235736077   36.493098666414134   59.31349731336341
0.6599804134701901   34.19967850297867   56.66635217607194
0.6793280337869897   32.04457710772456   54.15555331523607
0.6992428382266549   30.016269496139902   51.772696536828015
0.7197414540448374   28.110518179217863   49.512146456665
0.7408409959326054   26.32123101518097   47.36764203583762
0.7625590803058332   24.64149974954467   45.33277617482404
0.7849138400134885   23.064816021145305   43.401514462043814
0.8079239394770964   21.585051808769013   41.568174290170234
0.8316085902740278   20.196437165275935   39.82740354660832
0.8559875671776167   18.893539282295112   38.17416063293981
0.8810812246675007   17.67125254793802   36.6036834355734
0.9069105139239728   16.524853189493243   35.111375499240786
0.9334970003205227   15.449918270313242   33.692859694605254
0.960862881429187   14.44225845347743   32.344027082006036
0.9890310055537336   13.497907208752476   31.061019772804187
1.0180248908061487   12.6131108473499   29.840214379456597
1.047868744742366   11.784318847418543   28.678206629607008
1.0785874845736239   11.00817289042686   27.571786679409627
1.1102067579703248   10.281480421890477   26.51780720540362
1.1427529644757777   9.601217596051013   25.513232956658655
1.1762532775476793   8.964535740597913   24.555226449320458
1.210735667245765   8.368752180425531   23.641135521257276
1.246228923584555   7.811341203837742   22.768479980275302
1.2827626805706884   7.289925474897997   21.93493930357923
1.3203674409449337   6.802267995925111   21.138336696491745
1.3590746016495152   6.346266384749728   20.376549339684527
1.3989164800420282   5.919944576534984   19.647522186609613
1.4399263408778291   5.521443678792144   18.949338733880893
1.4821384240834183   5.149015434683244   18.280213352700567
1.525587973344019   4.801016085877561   17.638481607129687
1.5703112655292182   4.475900542030404   17.022591373784877
1.6163456409812174   4.172216827183777   16.431093298991506
1.6637295346910133   3.888600378241038   15.862595010339415
1.7125025083885144   3.6237691546529995   15.315755544136573
1.7627052835733923   3.3765194972771   14.789326259333626
1.814379775514258   3.1457216366992027   14.282146623768607
1.8675691282445197   2.9303154085166043   13.793137892810583
1.922317750584177   2.7293061980239517   13.321297307449376
1.9786713532176083   2.541761098345357   12.865692595244132
2.0366769868582977   2.366805043974267   12.425448907312756
2.0963830815323896   2.2036173590704085   11.999742005409303
2.1578394870138577   2.0514289033755215   11.587806503306979
2.2210975144450407   1.9095190148470726   11.188932832267664
2.286209979177315   1.77721259338842   10.802463479183352
2.3532312448676476   1.653877349419699   10.427789505823837
2.4222172688678643   1.5389212069334823   10.064347413908353
2.4932256489445366   1.4317896759411983   9.711625555339811
2.5663156713684585   1.331963460112062   9.369167727289652
2.641548360413907   1.238956650574716   9.036552817177931
2.7189865293089923   1.1523146973163405   8.713390537340485
2.798694832679631   1.0716124592803038   8.399319406807997
2.8807398205309562   0.9964523701452972   8.094004852525657
2.9651899938111903   0.9264627142213807   7.797137514396526
3.05211586160442   0.86129627323274   7.5084613552020185
3.1415899999999994   0.8006290666399039   7.227807784268477
