0.01   1330.8959130556502   1330.864930829244
0.010293154462191829   1348.873455720126   1348.8422070915756
0.010594902878253955   1366.5108286681768   1366.4792628448183
0.010905497183778876   1383.7700223824977   1383.7382214329537
0.011225196699963396   1400.612278433287   1400.5804590434527
0.011554268350120923   1416.9966301593859   1416.9650216524678
0.011892986882540897   1432.8798107086402   1432.8485172648384
0.012241635099881474   1448.2179403384446   1448.1869280605742
0.012600504095286909   1462.9662399403553   1462.935372301524
0.012969893495426888   1477.0777568715368   1477.0469484781677
0.013350111710660605   1490.5048907053872   1490.4741471156756
0.013741476192534558   1503.199894505541   1503.1693118864696
0.014144313698828986   1515.1133615724584   1515.0830632854374
0.01455896056637426   1526.194629116849   1526.1647096106885
0.014985762991865008   1536.3934305055786   1536.363952262172
0.01542507732090645   1545.6594756434517   1545.6304685883379
0.015877270345534218   1553.9413323576093   1553.9127945399625
0.016342719610456153   1561.1883125027477   1561.1602096776442
0.016821813728271667   1567.350978191856   1567.3232442927172
0.017314952703931925   1572.3799035163315   1572.3524523292044
0.017822548268711737   1576.226488729677   1576.1992220538364
0.01834502422397195   1578.844357206909   1578.8171653273785
0.018882816794999403   1580.189506932094   1580.1622640852709
0.019436374995219892   1580.2203907670598   1580.192944393743
0.02000616100108813   1578.8986145960678   1578.870784565537
0.020592650537967844   1576.1894794683253   1576.1610577715212
0.021196333277324068   1572.0635762714169   1572.0343160051964
0.02181771324555934   1566.4963963596604   1566.4660069953356
0.022457309244835088   1559.4678707905982   1559.4360209243441
0.02311565528622961   1550.9651552187893   1550.9315155364673
0.023793301035594242   1540.984779532839   1540.9490961411757
0.024490812272480036   1529.5286278384044   1529.4907297079508
0.025208771362518027   1516.6050244827204   1516.564830965136
0.0259477777436476   1502.2370972727088   1502.1946721794018
0.02670844842659881   1486.4566852614657   1486.4122549375654
0.027491418510046592   1469.300279305376   1469.254225723553
0.028297341710866907   1450.8191099026872   1450.7719818767914
0.029126890909937666   1431.0825305149078   1431.0350603262434
0.029980758713939952   1410.1633947453581   1410.116485889409
0.030859658033628758   1388.1407719865529   1388.0955020382728
0.031764322679055976   1365.116884443347   1365.074582612453
0.03269550797224261   1341.2002392692004   1341.1624914400634
0.033653991377811755   1316.4984700084776   1316.4670878308666
0.03464057315210884   1291.1418389179073   1291.118767593366
0.03565607701135116   1265.2832640515874   1265.2704896384635
0.036701350819364466   1239.069430053858   1239.0689600964854
0.03777726729548091   1212.6395805358018   1212.6534248380265
0.038884724743189276   1186.127511193989   1186.1576487103384
0.04002464780014597   1159.6586713067709   1159.7070379069908
0.041197988210172884   1133.3514938696162   1133.4199555906748
0.04240572561788674   1107.3566992598803   1107.4466344787895
0.04364886838662332   1081.8483749718878   1081.9603543046685
0.04492845444033957   1056.9858778731489   1057.119733403861
0.04624555213019635   1032.9060332448696   1033.06078019742
0.04760126112654554   1009.7100803232343   1009.883525984205
0.04899671333706607   987.4847364318881   987.6735095676826
0.05043307385181555   966.2961707701076   966.4958319742404
0.05191154191598653   946.1160471274675   946.3211631447583
0.053433351931179485   926.8773729421099   927.0815859205371
0.05499977448602865   908.5103523191852   908.7064927827201
0.05661211741704101   890.8952218465223   891.0757121566332
0.05827172690053434   873.8949067037601   874.0519555544433
0.05997998857658587   857.3698658979498   857.4956249698802
0.06173832870592997   841.1446004802436   841.2316917540418
0.0635482153607709   825.0441247727081   825.0857958645861
0.06541115965050462   808.8729142243598   808.8638713387522
0.06732871698337338   792.4127126160813   792.350028509031
0.06930248836510605   775.4483019813991   775.3318594732948
0.07133412173562886   757.7388664973948   757.5728369610963
0.07342531334496233   739.0626857354443   738.8558205534023
0.07557780916945323   719.2352514732022   719.0022619542436
0.07779340636952398   698.1176105657918   697.8792545646992
0.08007395479015682   675.6903589861374   675.4732728780459
0.08242135850536496   652.0207580961234   651.8563643647069
0.08483757740794096   627.3200960008456   627.2408406635749
0.08732462884580919   601.8811251843307   601.9181901249785
0.08988458930634863   576.0953908883888   576.2774559061846
0.09251959615009227   550.3791339687059   550.7304973999225
0.09523184939525078   525.1693520690271   525.7061078696051
0.09802361355455057   500.8880920467416   501.6161466950797
0.10089721952591899   477.93255344159707   478.8464684637091
0.10385506653859616   456.64266612137743   457.7244417430759
0.10689962415629803   437.306001412292   438.5235514457358
0.11003343433910281   420.0721535351759   421.38108107860444
0.11325911356578279   404.962733003293   406.3084153080695
0.11657935501835284   391.7744638703432   393.100700440953
0.11999693083066039   380.1556630032059   381.4108000948129
0.12351469440289359   369.5728991548297   370.7184027332746
0.12713558278394044   359.43850746696285   360.4567061111809
0.13086261912358757   349.1509488973602   350.0521641178192
0.13469891519660646   338.18977692507406   339.01098948286875
0.13864767400083483   326.17819092751813   326.98579129931574
0.14271219243142114   312.94029390959054   313.82865891174606
0.14689586403346616   298.55957797133215   299.6274793588824
0.1512021818353596   283.35837462936485   284.6973973294259
0.15563474126517718   267.84199808108997   269.52439538917224
0.16019724315257297   252.62003533012236   254.6824428526398
0.1648934968186736   238.32536279602334   240.75842604182998
0.1697274232565544   225.51489447249958   228.2570386984199
0.17470305840495237   214.5292217029599   217.48172657161894
0.17982455651794954   205.36415288728134   208.4080176291375
0.18509619363343993   197.65324068692817   200.6771783982785
0.19052237114327647   190.8026549676474   193.73748350977615
0.19610761946807834   184.17192235985127   187.00538934277333
0.20185660183976684   177.181797624855   179.96855006490267
0.20777411819498756   169.41249505929957   172.25808962271313
0.21386510918267082   160.7779984140314   163.81180167049064
0.22013466028907505   151.61937337308166   154.95157112895595
0.22658800608375756   142.53532823489584   146.2159258543064
0.23323053459001789   134.10585419540155   138.1010831848055
0.2400677917834628   126.73403445099761   130.94913346413384
0.24710548622244882   120.54415981646518   124.83289600227307
0.25434949381426813   115.30254627673263   119.55111964203746
0.2618058627210567   110.51803426273317   114.66819470655209
0.2694808184095226   105.67266859391555   109.75092007072061
0.27738076884870827   100.43467861423542   104.54715915493661
0.2855123098601282   94.81369745758019   99.06803777811602
0.29388223062474755   89.16056208693077   93.61357830703008
0.3024975193514008   83.88811129647522   88.51221150638736
0.31136536911138296   79.25899384274445   83.96768524639427
0.3204931838440838   75.27809991054798   79.95313568113146
0.32988858453867975   71.67243338415237   76.26530586118227
0.3395594155970457   68.1042902970918   72.63724790822472
0.34951375138319807   64.40361965592743   68.94749413311489
0.3597599029647371   60.64206909322781   65.26030929131672
0.37030642505191835   57.05904026552465   61.752669207408545
0.3811621231401457   53.83663998222394   58.546924055243444
0.3923360608618501   50.95770721153192   55.62203242226401
0.4038375675538918   48.26326011415391   52.863691008600554
0.41567624604680364   45.59681141516904   50.16439292034212
0.42786198068238046   42.9439114084963   47.518915488546135
0.4404049455663077   40.41314262512767   45.00008933177543
0.4533156130627191   38.09190345444068   42.65753216342301
0.4666047625377753   35.95850278490495   40.472925822893416
0.4802834893595659   33.92487233058384   38.390815483154086
0.49436321416184764   31.94588003541359   36.38319785704362
0.5088556923793517   30.05218042147275   34.467600054420124
0.5237730240626238   28.288972742458398   32.66850542191043
0.5391276639805903   26.645517597697985   30.974946849798265
0.5549324320192869   25.082554269668073   29.36433010182995
0.5712005238854289   23.586730395150546   27.828426374365847
0.5879455221237613   22.175528768827988   26.374666592614194
0.6051814074573895   20.854485167683457   25.003628354307068
0.622922570460556   19.607162079375243   23.704632780961393
0.6411838235736077   18.42311513653592   22.47127406324907
0.6599804134701901   17.306273635910674   21.304133603002455
0.6793280337869897   16.256760834878964   20.201152135122975
0.6992428382266549   15.266460122759263   19.15641892665619
0.7197414540448374   14.332481468670371   18.167494090549596
0.7408409959326054   13.452337443534889   17.231982817103212
0.7625590803058332   12.62320618119499   16.347059850495096
0.7849138400134885   11.842389056015572   15.510036079421289
0.8079239394770964   11.107309320198596   14.718355897083017
0.8316085902740278   10.41550825544839   13.969591611797942
0.8559875671776167   9.76463964574425   13.261439856494512
0.8810812246675007   9.15245430965735   12.591729565590517
0.9069105139239728   8.576806667309947   11.95840585068436
0.9334970003205227   8.035658614448419   11.35951634119381
0.960862881429187   7.527075037205844   10.793206878425531
0.9890310055537336   7.049219390654684   10.257717373091793
1.0180248908061487   6.600349410284646   9.751377758285514
1.047868744742366   6.17881295813073   9.272604008390761
1.0785874845736239   5.783044241509126   8.819887968635857
1.1102067579703248   5.411560111012933   8.391788086074618
1.1427529644757777   5.062955753877651   7.986939679877243
1.1762532775476793   4.735901019396424   7.6040529033189515
1.210735667245765   4.429136948583691   7.241908882429248
1.246228923584555   4.141472428109339   6.899356027770118
1.2827626805706884   3.8717809668782786   6.575306514221678
1.3203674409449337   3.6189975302825577   6.268731220100458
1.3590746016495152   3.382114965206732   5.978640072268519
1.3989164800420282   3.160181579007926   5.704089635324109
1.4399263408778291   2.9522988525724436   5.444192774091636
1.4821384240834183   2.7576187629139577   5.198115386575245
1.525587973344019   2.5753412122554926   4.965073147916571
1.5703112655292182   2.40471156809239   4.74432845741008
1.6163456409812174   2.2450183106716124   4.535187566228877
1.6637295346910133   2.095590643240014   4.336992498925802
1.7125025083885144   1.9557961694988877   4.149111013109689
1.7627052835733923   1.825039234104074   3.9709481635176087
1.814379775514258   1.7027590168624045   3.8019462492569187
1.8675691282445197   1.5884276484164506   3.641582322324738
1.922317750584177   1.4815484163985886   3.4893658725292704
1.9786713532176083   1.3816540585599857   3.3448366756896237
2.0366769868582977   1.2883051143711473   3.207561283457593
2.0963830815323896   1.2010880610971943   3.0771110745518717
2.1578394870138577   1.119614040440636   2.9530696342378158
2.2210975144450407   1.0435177667513382   2.835049095685556
2.286209979177315   0.9724561870038533   2.7226883914321216
2.3532312448676476   0.9061072036328012   2.6156512132952168
2.4222172688678643   0.8441684650969344   2.51362414219744
2.4932256489445366   0.786356221028715   2.4163149325372753
2.5663156713684585   0.7324044275379311   2.3234503815961185
2.641548360413907   0.682064068376597   2.234773739168089
2.7189865293089923   0.6351015600743085   2.1500450667556503
2.798694832679631   0.5912977252902264   2.069040388788522
2.8807398205309562   0.5504469625333861   1.9915505280253074
2.9651899938111903   0.5123564590338039   1.9173800344998093
3.05211586160442   0.47684544489608044   1.8463461998550397
3.1415899999999994   0.44374442353157273   1.7782773737080646
