0.01   4335.978940107894   4335.701512445799
0.010293154462191829   4401.490568934872   4401.192109628055
0.010594902878253955   4466.220179299377   4465.897858096541
0.010905497183778876   4530.047265765343   4529.698323474809
0.011225196699963396   4592.847360780403   4592.469252653702
0.011554268350120923   4654.492759894882   4654.08314561732
0.011892986882540897   4714.847903017003   4714.404188733242
0.012241635099881474   4773.770534100458   4773.289494096119
0.012600504095286909   4831.115806103602   4830.593552331172
0.012969893495426888   4886.734728040316   4886.166831967441
0.013350111710660605   4940.471132035748   4939.852987056091
0.013741476192534558   4992.1664090178565   4991.493300780662
0.014144313698828986   5041.6602752649005   5040.927359686874
0.01455896056637426   5088.785556517869   5087.98748657076
0.014985762991865008   5133.370998130622   5132.50168920717
0.01542507732090645   5175.245582711118   5174.2982083817005
0.015877270345534218   5214.236508274245   5213.203560679576
0.016342719610456153   5250.166946124066   5249.040362502858
0.016821813728271667   5282.861694462697   5281.632892012174
0.017314952703931925   5312.148124889373   5310.807981686227
0.017822548268711737   5337.853015017559   5336.391538639194
0.01834502422397195   5359.805824357406   5358.21201189658
0.018882816794999403   5377.841817547624   5376.103694017414
0.019436374995219892   5391.8024402630635   5389.907104724525
0.02000616100108813   5401.535955755531   5399.4696362045115
0.020592650537967844   5406.899427856209   5404.647553496306
0.021196333277324068   5407.760882095503   5405.308192950081
0.02181771324555934   5404.0053513006   5401.336142335993
0.022457309244835088   5395.532014557911   5392.630294364944
0.02311565528622961   5382.253221657012   5379.10283134358
0.023793301035594242   5364.1059971578825   5360.690940578094
0.024490812272480036   5341.055254024019   5337.360077797073
0.025208771362518027   5313.081488926827   5309.091415836768
0.0259477777436476   5280.187869758434   5275.88912090675
0.02670844842659881   5242.42608803461   5237.806898311352
0.027491418510046592   5199.871573314091   5194.922507382596
0.028297341710866907   5152.615718923794   5147.329741085918
0.029126890909937666   5100.804483432786   5095.177637994133
0.029980758713939952   5044.634857110612   5038.666864009184
0.030859658033628758   4984.31434167056   4978.008517221695
0.031764322679055976   4920.0787984762865   4913.442059035143
0.03269550797224261   4852.23886498601   4845.282009499672
0.033653991377811755   4781.119693985432   4773.857251264167
0.03464057315210884   4707.049997579202   4699.499925115895
0.03565607701135116   4630.444628518755   4622.627677712189
0.036701350819364466   4551.774762254531   4543.71390272054
0.03777726729548091   4471.494296513596   4463.214391286317
0.038884724743189276   4390.039121190294   4381.566395431996
0.04002464780014597   4307.829994750997   4299.191187498208
0.041197988210172884   4225.265057042739   4216.487109836653
0.04240572561788674   4142.731214433827   4133.8405335633515
0.04364886838662332   4060.727025238644   4051.7436729166216
0.04492845444033957   3979.7958174877995   3970.730456754839
0.04624555213019635   3900.439582730535   3891.293978260172
0.04760126112654554   3823.087534132926   3813.8519469973835
0.04899671333706607   3748.06952976704   3738.7172568325173
0.05043307385181555   3675.679610825086   3666.167463024745
0.05191154191598653   3606.1191947844513   3596.3897083267284
0.053433351931179485   3539.253874766132   3529.241367371
0.05499977448602865   3474.8625123279794   3464.495203633828
0.05661211741704101   3412.6989802092335   3401.9009780568463
0.05827172690053434   3352.344337314956   3341.043391852914
0.05997998857658587   3293.3492223043872   3281.4790517361334
0.06173832870592997   3235.240192452936   3222.745404181372
0.0635482153607709   3177.4430276164953   3164.2910973466146
0.06541115965050462   3119.3964195041412   3105.579766744881
0.06732871698337338   3060.467518531472   3046.018759129012
0.06930248836510605   2999.9875461222928   2984.989901237991
0.07133412173562886   2937.2867270820357   2921.884700200038
0.07342531334496233   2871.6359258020116   2856.0598929949942
0.07557780916945323   2802.389067980497   2786.9560563823748
0.07779340636952398   2729.0426457098274   2714.169359257428
0.08007395479015682   2651.262733072776   2637.456308198538
0.08242135850536496   2569.1321762965586   2556.972851277649
0.08483757740794096   2482.999561449072   2473.1162178648024
0.08732462884580919   2393.716702055602   2386.742609520053
0.08988458930634863   2302.3636726325835   2298.8976927918043
0.09251959615009227   2210.3334973683754   2210.8736239454715
0.09523184939525078   2119.061221176245   2123.9775710134513
0.09802361355455057   2030.0042546254012   2039.5126739867712
0.10089721952591899   1944.5327144983778   1958.6513914697844
0.10385506653859616   1863.8793968912225   1882.4121509288439
0.10689962415629803   1789.0614618356242   1811.6079806223552
0.11003343433910281   1720.8768054330092   1746.845105423198
0.11325911356578279   1659.614757279481   1688.2134402599352
0.11657935501835284   1605.140245318257   1635.4211538739341
0.11999693083066039   1556.5239183492986   1587.6027198431755
0.12351469440289359   1512.3707802387223   1543.5219736355634
0.12713558278394044   1470.7489791930786   1501.4857689695737
0.13086261912358757   1429.6309427536805   1459.829953912881
0.13469891519660646   1387.0902781095645   1417.0588969946593
0.13864767400083483   1341.6069895215026   1372.0296092766732
0.14271219243142114   1292.2793337279722   1324.1682193812987
0.14689586403346616   1238.9522215073105   1273.5330963107283
0.1512021818353596   1182.3352128535344   1220.8208960024544
0.15563474126517718   1123.888000879545   1167.2144568480176
0.16019724315257297   1065.5347970598027   1114.2239901955843
0.1648934968186736   1009.3681932674621   1063.437193649616
0.1697274232565544   957.362809013839   1016.1844937700898
0.17470305840495237   911.0665951562793   973.339488748377
0.17982455651794954   871.1589814853965   935.3812702354007
0.18509619363343993   837.0863836399432   901.5922342342084
0.19052237114327647   807.1409026913694   870.6940445238167
0.19610761946807834   779.0586380084084   841.2131042340638
0.20185660183976684   750.7088999914257   811.760696002375
0.20777411819498756   720.4623730564115   781.4008538394254
0.21386510918267082   687.4626830556482   749.7243037784035
0.22013466028907505   652.0743774845445   717.132562187083
0.22658800608375756   615.9661472119578   684.7470859740191
0.23323053459001789   581.3248723690682   653.8070229960135
0.2400677917834628   549.8811131726616   625.2249125849266
0.24710548622244882   522.487183903171   599.19234059193
0.25434949381426813   498.94984624378475   575.6417182282124
0.2618058627210567   477.9777320537351   553.6607724927791
0.2694808184095226   457.73565678148327   532.3413731657989
0.27738076884870827   436.7267126305587   511.07843674980427
0.2855123098601282   414.38384932632744   489.68148738177604
0.29388223062474755   391.35751001377275   468.5191047034781
0.3024975193514008   369.1280923972256   448.2121129090789
0.31136536911138296   348.87575823102117   429.2510041775793
0.3204931838440838   331.0326527608392   411.58373542460737
0.32988858453867975   315.1161065819743   395.09042707669533
0.3395594155970457   299.9788201468353   379.2350690594626
0.34951375138319807   284.6809094015302   363.7643733128665
0.3597599029647371   269.0924538404768   348.6049160677283
0.37030642505191835   253.79928242461793   334.0602138759231
0.3811621231401457   239.6026042233196   320.27720341507313
0.3923360608618501   226.793146949422   307.2594667882106
0.4038375675538918   214.9917117775274   294.9147603426273
0.41567624604680364   203.60735078638842   283.05387631332115
0.42786198068238046   192.331055033874   271.595585017553
0.4404049455663077   181.3648897856304   260.61424066293335
0.4533156130627191   171.09584107125335   250.16510265359463
0.4666047625377753   161.62773675273598   240.2383237300999
0.4802834893595659   152.73033762352978   230.77143264182237
0.49436321416184764   144.14380640857505   221.6979170690119
0.5088556923793517   135.86139684868158   213.0033759777854
0.5237730240626238   128.03669268369998   204.7116860441265
0.5391276639805903   120.73280577573692   196.81504310254283
0.5549324320192869   113.83488601870881   189.27547887756614
0.5712005238854289   107.24231832476178   182.06267005043534
0.5879455221237613   100.97267554089427   175.17040250132644
0.6051814074573895   95.07432027334369   168.59742686680764
0.622922570460556   89.51748205300764   162.32411239418806
0.6411838235736077   84.2454522117118   156.32445126803393
0.6599804134701901   79.25068068867355   150.59201162399484
0.6793280337869897   74.54308317986285   145.11946334256274
0.6992428382266549   70.10238973034781   139.89115780380575
0.7197414540448374   65.9031032229599   134.88896628411305
0.7408409959326054   61.93883882692376   130.1051400393453
0.7625590803058332   58.199931545768365   125.53155037544548
0.7849138400134885   54.67431003403681   121.15698650584478
0.8079239394770964   51.35049531716985   116.97089181481515
0.8316085902740278   48.217591966088136   112.96334496324216
0.8559875671776167   45.26525989051097   109.1250176859173
0.8810812246675007   42.48370558239155   105.44708873162288
0.9069105139239728   39.86378774968524   101.92085062492025
0.9334970003205227   37.39687825215056   98.53792920928491
0.960862881429187   35.07474988994176   95.29048279709865
0.9890310055537336   32.889561657221414   92.17116701417781
1.0180248908061487   30.83384496611326   89.17310039494555
1.047868744742366   28.900490018174935   86.28983263569793
1.0785874845736239   27.082732078148027   83.51531074280844
1.1102067579703248   25.374122269102536   80.8435796665809
1.1427529644757777   23.76851085831134   78.26864583101982
1.1762532775476793   22.260062105099863   75.78489246952549
1.210735667245765   20.84324277050509   73.38709142422566
1.246228923584555   19.51280850546768   71.07037613308647
1.2827626805706884   18.26379070123175   68.83021682716452
1.3203674409449337   17.091483797503663   66.66239773296418
1.3590746016495152   15.991433220909922   64.56295172809038
1.3989164800420282   14.959424230130956   62.52796836296044
1.4399263408778291   13.991469743424595   60.55375672331583
1.4821384240834183   13.083799128702138   58.63690490692699
1.525587973344019   12.23284775003566   56.77426201611545
1.5703112655292182   11.435246922832553   54.962921516176465
1.6163456409812174   10.68781426880065   53.20020585416177
1.6637295346910133   9.987544378832728   51.483656235663496
1.7125025083885144   9.331598282368242   49.81110366424471
1.7627052835733923   8.71729553022329   48.18064167004454
1.814379775514258   8.142107981176498   46.5905223071953
1.8675691282445197   7.603651959438734   45.03914267371271
1.922317750584177   7.099680683701265   43.525036028354805
1.9786713532176083   6.628077042113818   42.04686338203424
2.0366769868582977   6.1868467007283545   40.603405540987296
2.0963830815323896   5.774110847801224   39.19360168238865
2.1578394870138577   5.388098842163817   37.81662593115314
2.2210975144450407   5.027144362990077   36.471749930060604
2.286209979177315   4.689680068234571   35.1583088962231
2.3532312448676476   4.374232084589146   33.87569681453035
2.4222172688678643   4.079414777091212   32.6233617933026
2.4932256489445366   3.8039257861445117   31.400801572740967
2.5663156713684585   3.546541574422888   30.207594982326007
2.641548360413907   3.306115290891587   29.043741286820875
2.7189865293089923   3.0815707297272095   27.909443216129663
2.798694832679631   2.87189650385565   26.80484207748162
2.8807398205309562   2.676142403385102   25.730016499354075
2.9651899938111903   2.493415961735961   24.68498525283425
3.05211586160442   2.322879193074736   23.66971012081323
3.1415899999999994   2.1637454517917667   22.684097831009517
