0.01   13768.209541133125   13766.971665754236
0.010293154462191829   13893.508253845068   13892.185693831692
0.010594902878253955   14011.699368903382   14010.286887024335
0.010905497183778876   14122.292062807099   14120.783168796246
0.011225196699963396   14224.792526549812   14223.179075668308
0.011554268350120923   14318.710029428257   14316.982274661586
0.011892986882540897   14403.530730368753   14401.678413890962
0.012241635099881474   14478.724634243017   14476.737931116924
0.012600504095286909   14543.772264978152   14541.641871244337
0.012969893495426888   14598.155629409037   14595.872134750198
0.013350111710660605   14641.339788824724   14638.89189055357
0.013741476192534558   14672.804438887066   14670.178683764936
0.014144313698828986   14692.049335912763   14689.230218246483
0.01455896056637426   14698.562841149087   14695.533241503534
0.014985762991865008   14691.841989104332   14688.583493573362
0.01542507732090645   14671.4191205781   14667.912151397753
0.015877270345534218   14636.849063111373   14633.072204291473
0.016342719610456153   14587.698833590057   14583.627490566414
0.016821813728271667   14523.58163458336   14519.188118823988
0.017314952703931925   14444.161253813321   14439.415029255686
0.017822548268711737   14349.135338286564   14344.003025755566
0.01834502422397195   14238.255421997237   14232.701067654214
0.018882816794999403   14111.341749987834   14105.32728688552
0.019436374995219892   13968.288087161965   13961.773843592991
0.02000616100108813   13809.065554198332   13802.010805789389
0.020592650537967844   13633.724872546803   13626.088435930436
0.021196333277324068   13442.409710599964   13434.151251478073
0.02181771324555934   13235.394725217728   13226.47835888035
0.022457309244835088   13013.04914535935   13003.444663679515
0.02311565528622961   12775.827409760062   12765.510800021239
0.023793301035594242   12524.35523063471   12513.313036727617
0.024490812272480036   12259.411846844496   12247.64471743422
0.025208771362518027   11981.83865039598   11969.360820148371
0.0259477777436476   11692.604086120615   11679.444821174275
0.02670844842659881   11392.933736571229   11379.142783574227
0.027491418510046592   11084.10432851968   11069.751018850511
0.028297341710866907   10767.418099231638   10752.589395841958
0.029126890909937666   10444.474797420131   10429.277957542547
0.029980758713939952   10117.013178728566   10101.5757071162
0.030859658033628758   9786.683272471437   9771.149123916279
0.031764322679055976   9455.223888969027   9439.750673547693
0.03269550797224261   9124.624092908214   9109.38126522421
0.033653991377811755   8796.72744363759   8781.892690285793
0.03464057315210884   8473.26156690545   8459.015486534261
0.03565607701135116   8156.356393421831   8142.866292238447
0.036701350819364466   7848.121040116571   7835.534809894896
0.03777726729548091   7550.347333055813   7538.7945894763125
0.038884724743189276   7264.46947488685   7254.057457014511
0.04002464780014597   6991.574300524278   6982.3824729503
0.041197988210172884   6732.526475645949   6724.609903188239
0.04240572561788674   6488.217436997692   6481.594258417183
0.04364886838662332   6260.403755268564   6254.980238441991
0.04492845444033957   6050.8675644042705   6046.430151385934
0.04624555213019635   5860.984710468639   5857.218739240793
0.04760126112654554   5690.222167425201   5686.747164988209
0.04899671333706607   5536.887096121315   5533.27849268586
0.05043307385181555   5399.445681247575   5395.235893637566
0.05191154191598653   5276.419265164586   5271.087939167253
0.053433351931179485   5166.402825814563   5159.369898167942
0.05499977448602865   5067.999238111307   5058.6320341686915
0.05661211741704101   4979.074295956927   4966.73171752263
0.05827172690053434   4897.31348317271   4881.363629574748
0.05997998857658587   4820.079730972003   4799.947568760363
0.06173832870592997   4744.035230977736   4719.289382335836
0.0635482153607709   4665.816421450911   4636.206906135453
0.06541115965050462   4581.496938769804   4547.099933892684
0.06732871698337338   4487.199216084149   4448.468248244759
0.06930248836510605   4379.511123828149   4337.343703897357
0.07133412173562886   4255.604088105072   4211.356630668597
0.07342531334496233   4114.077008732635   4069.501168660312
0.07557780916945323   3954.858714436998   3912.0144556692862
0.07779340636952398   3779.2237302834055   3740.433064694787
0.08007395479015682   3589.571409749906   3557.3173949319466
0.08242135850536496   3389.656200598028   3366.2863619909413
0.08483757740794096   3183.929048245963   3171.481453428005
0.08732462884580919   2977.441685501407   2977.6110204501674
0.08988458930634863   2775.5695122099987   2789.483413513455
0.09251959615009227   2584.1080839107713   2612.015987235838
0.09523184939525078   2408.183575083726   2449.421333030266
0.09802361355455057   2252.60054427809   2305.4644248188106
0.10089721952591899   2120.427407691864   2182.3655058802124
0.10385506653859616   2013.1698547521257   2080.8816590414954
0.10689962415629803   1930.075099264169   1999.86087509544
0.11003343433910281   1868.8077210460663   1936.8094565172487
0.11325911356578279   1825.0947613600233   1887.8012313628005
0.11657935501835284   1793.6059467899288   1848.1668273594607
0.11999693083066039   1767.831438139653   1812.4890849156293
0.12351469440289359   1740.7611056254239   1775.3274331374523
0.12713558278394044   1705.6449248666038   1731.7156900089399
0.13086261912358757   1656.9690501045923   1677.8321631458805
0.13469891519660646   1591.5331570926778   1611.9953841207716
0.13864767400083483   1508.9296496486236   1534.6228948761684
0.14271219243142114   1411.852128454899   1448.225602503127
0.14689586403346616   1306.0962183253869   1357.3589063758423
0.1512021818353596   1199.9344339771435   1268.0096040364901
0.15563474126517718   1102.1001206121093   1186.124362938011
0.16019724315257297   1019.342325585158   1115.6289041710224
0.1648934968186736   955.0086384345656   1058.0093403470717
0.1697274232565544   909.1797140408119   1012.8596246951852
0.17470305840495237   879.35887312695   977.925268640402
0.17982455651794954   860.4594594714307   949.4390210307153
0.18509619363343993   844.8771636933917   922.7018654552105
0.19052237114327647   824.452087614196   892.982263041963
0.19610761946807834   793.5331081951894   857.8422139699323
0.20185660183976684   750.5717644770177   817.2956938635282
0.20777411819498756   698.1112598334121   772.7493932497687
0.21386510918267082   642.0548833455221   727.9855955225031
0.22013466028907505   589.842130891301   686.3957894138814
0.22658800608375756   547.3318596434672   650.713311796142
0.23323053459001789   516.8534071786717   621.0577668634171
0.2400677917834628   496.87406645023185   596.7705066823299
0.24710548622244882   482.35112914104974   574.8266028039511
0.25434949381426813   466.90042071248934   552.5306261694464
0.2618058627210567   446.0319482056291   529.1788827335308
0.2694808184095226   418.7346302046494   504.0891582401365
0.27738076884870827   387.7906240357189   478.6835935936035
0.2855123098601282   358.37703319709726   454.8004108912703
0.29388223062474755   334.58852235552683   433.55416338404393
0.3024975193514008   317.30189005215584   414.7871358501433
0.31136536911138296   304.2515598838177   397.67676453459325
0.3204931838440838   291.40845615188334   381.21038124848116
0.32988858453867975   275.88200608110355   364.46927873987374
0.3395594155970457   257.81133387623606   347.8979906198885
0.34951375138319807   239.65888396392745   331.9927666020827
0.3597599029647371   224.12814660763462   317.3944297301668
0.37030642505191835   211.95484829222835   303.80975391943554
0.3811621231401457   201.57513722291523   291.0721727992639
0.3923360608618501   190.8531046127128   278.83844774674793
0.4038375675538918   179.0492665788108   266.8587783860061
0.41567624604680364   167.1973212012637   255.35929147285606
0.42786198068238046   156.72557665201836   244.6020086244724
0.4404049455663077   147.8879755275662   234.53823359820646
0.4533156130627191   139.71180494696415   224.92962116544885
0.4666047625377753   131.3507688734414   215.69515612333092
0.4802834893595659   122.98224078181639   206.8356080176537
0.49436321416184764   115.3069303292702   198.44976875856494
0.5088556923793517   108.49884367911896   190.55836062309362
0.5237730240626238   102.0949014576938   183.032088381267
0.5391276639805903   95.78272084372715   175.8048079264568
0.5549324320192869   89.7592908477008   168.93270627298284
0.5712005238854289   84.25145506496185   162.42126898328794
0.5879455221237613   79.13377791350239   156.22899391955949
0.6051814074573895   74.21820732143652   150.31299963064512
0.622922570460556   69.55875562980633   144.65578243809213
0.6411838235736077   65.20835883332425   139.28862762047578
0.6599804134701901   61.126024321062886   134.1681499230778
0.6793280337869897   57.293889419790695   129.28158167325606
0.6992428382266549   53.69556254353686   124.61701861718564
0.7197414540448374   50.31588120057594   120.16321852160202
0.7408409959326054   47.140808261303874   115.90956173782925
0.7625590803058332   44.15733764722226   111.8460142577189
0.7849138400134885   41.353493503391036   107.96300180419388
0.8079239394770964   38.718995173010235   104.25053975889388
0.8316085902740278   36.244603809948075   100.69872044512329
0.8559875671776167   33.92149430784863   97.29828704824976
0.8810812246675007   31.741238557169275   94.04059387630885
0.9069105139239728   29.695796102580776   90.9175620157117
0.9334970003205227   27.77750413772078   87.92163857091495
0.960862881429187   25.979058434790126   85.04574349120051
0.9890310055537336   24.2933676878028   82.28297584038758
1.0180248908061487   22.713606253206525   79.62666033625146
1.047868744742366   21.233342294435996   77.0705711163193
1.0785874845736239   19.846520315866343   74.60890736638622
1.1102067579703248   18.547440007505013   72.23626300499232
1.1427529644757777   17.33073622806342   69.94759887312996
1.1762532775476793   16.191360623558722   67.73821281410535
1.210735667245765   15.124581720594556   65.60356801513957
1.246228923584555   14.125966295667828   63.53925758146556
1.2827626805706884   13.191337725328978   61.54118123462497
1.3203674409449337   12.316760838771408   59.60553661107288
1.3590746016495152   11.49852909330883   57.72879933820905
1.3989164800420282   10.733152344105623   55.90770471956387
1.4399263408778291   10.017345144731316   54.13923085878975
1.4821384240834183   9.34801187818639   52.4205819287069
1.525587973344019   8.72223454918141   50.74917304312545
1.5703112655292182   8.137270127966815   49.122619080537895
1.6163456409812174   7.590541362671797   47.5387225384903
1.6637295346910133   7.079627280007538   45.99546200279472
1.7125025083885144   6.602254192408836   44.490981386982526
1.7627052835733923   6.156287188176038   43.02357997510844
1.814379775514258   5.7397225415315845   41.59176700720118
1.8675691282445197   5.350680665114429   40.19434612504212
1.922317750584177   4.987397638515919   38.83024536004644
1.9786713532176083   4.648218245347973   37.49848070515685
2.0366769868582977   4.331589611287306   36.19815042576174
2.0963830815323896   4.036055188916896   34.928429610719746
2.1578394870138577   3.7602490723581954   33.68856494271423
2.2210975144450407   3.5028902264551625   32.47791429228841
2.286209979177315   3.2627764210546633   31.29606433036655
2.3532312448676476   3.038780980886494   30.142669249728275
2.4222172688678643   2.829848627083876   29.017399689093992
2.4932256489445366   2.634991119013348   27.919940616851225
2.5663156713684585   2.4532831499133954   26.849989299154384
2.641548360413907   2.283858482441967   25.807253352726445
2.7189865293089923   2.125906598108823   24.79149612282415
2.798694832679631   1.9786705507051279   23.802759051621294
2.8807398205309562   1.8414422398694805   22.841138144415982
2.9651899938111903   1.7135587286543894   21.90666785637101
3.05211586160442   1.5943994971337252   20.99932412542936
3.1415899999999994   1.4833838533074717   20.119027647604284
