0.01   204.53746923591177   204.5372399510152
0.010293154462191829   207.1017715459821   207.10154608753683
0.010594902878253955   209.5994022476168   209.5991784916118
0.010905497183778876   212.02430812706427   212.0240805537081
0.011225196699963396   214.36989660546718   214.3696603037517
0.011554268350120923   216.6293923735984   216.6291440901146
0.011892986882540897   218.79597259046264   218.79571086930287
0.012241635099881474   220.86286594920935   220.8625921615615
0.012600504095286909   222.8233675844575   222.82308684233712
0.012969893495426888   224.67079945645511   224.67052075400633
0.013350111710660605   226.39826759790364   226.3980011953171
0.013741476192534558   227.9981850888539   227.99793474458514
0.014144313698828986   229.4629098894312   229.4626712723073
0.01455896056637426   230.7849146306733   230.78467583636038
0.014985762991865008   231.95684622359872   231.9565960669989
0.01542507732090645   232.9715567880794   232.9712903426524
0.015877270345534218   233.82212695384325   233.82184576854473
0.016342719610456153   234.50165706309596   234.50136635911545
0.016821813728271667   235.00302105303294   235.0027235449708
0.017314952703931925   235.31937364714588   235.3190687078666
0.017822548268711737   235.44427102719234   235.44395507480672
0.01834502422397195   235.371748445373   235.37141829900918
0.018882816794999403   235.096351509435   235.09600605344687
0.019436374995219892   234.61316734778495   234.6128074901325
0.02000616100108813   233.9178818187831   233.9175067527243
0.020592650537967844   233.0068308315421   233.00643204813812
0.021196333277324068   231.87702543406493   231.87658633268973
0.02181771324555934   230.52629617544704   230.52579419822925
0.022457309244835088   228.95385352328412   228.95327167346395
0.02311565528622961   227.15989991412135   227.15923086987175
0.023793301035594242   225.14543597811627   225.14468174861446
0.024490812272480036   222.91311015089002   222.91227715054967
0.025208771362518027   220.46738819222193   220.46648137392722
0.0259477777436476   217.8135094003217   217.81253194861227
0.02670844842659881   214.95792962309443   214.9568841138811
0.027491418510046592   211.9100376072225   211.90893075085054
0.028297341710866907   208.68031329499922   208.67915696042854
0.029126890909937666   205.27973366246   205.2785444523857
0.029980758713939952   201.72211439619574   201.72091213343342
0.030859658033628758   198.02370661187442   198.02251294413728
0.031764322679055976   194.2006603340192   194.1994984023363
0.03269550797224261   190.27021084001342   190.26910657277477
0.033653991377811755   186.25349824711031   186.25248500326356
0.03464057315210884   182.1715966229915   182.17071535109497
0.03565607701135116   178.04474493480512   178.0440422092594
0.036701350819364466   173.8955531287629   173.89506634489706
0.03777726729548091   169.74761237592267   169.74736031277098
0.038884724743189276   165.62274441524738   165.62272866870126
0.04002464780014597   161.54252752078727   161.54274963893843
0.041197988210172884   157.5303578037288   157.53085621818448
0.04240572561788674   153.60791149202552   153.60876331390511
0.04364886838662332   149.7942936525313   149.79559578930005
0.04492845444033957   146.10321766120666   146.10494300122
0.04624555213019635   142.54500473346596   142.54693663376622
0.04760126112654554   139.12872100075722   139.13047249870183
0.04899671333706607   135.86337480875633   135.86456651457272
0.05043307385181555   132.75879950147018   132.7593498977533
0.05191154191598653   129.82392013213226   129.8240492595474
0.053433351931179485   127.05992385541676   127.06004275760193
0.05499977448602865   124.43873496936745   124.4390690947756
0.05661211741704101   121.92666332894883   121.92717121318167
0.05827172690053434   119.49355711849297   119.49397263526174
0.05997998857658587   117.11591985580645   117.11586389795559
0.06173832870592997   114.77320725753667   114.77222371348851
0.0635482153607709   112.44206429498153   112.4396892900885
0.06541115965050462   110.0911503815751   110.08705445210019
0.06732871698337338   107.68993508378453   107.68394240180442
0.06930248836510605   105.20318236221819   105.1953543188588
0.07133412173562886   102.5941658538278   102.5848479318962
0.07342531334496233   99.83176081069949   99.82149139413748
0.07557780916945323   96.89179175776194   96.88114903525546
0.07779340636952398   93.7602195335708   93.74976705182065
0.08007395479015682   90.44520981719512   90.43538580621522
0.08242135850536496   86.9666129493437   86.95772070169684
0.08483757740794096   83.36917117663114   83.36143544556397
0.08732462884580919   79.70531569125261   79.69894115691612
0.08988458930634863   76.03693552557243   76.03228771678573
0.09251959615009227   72.42470575757928   72.42228187854066
0.09523184939525078   68.92862229922612   68.92886086789464
0.09802361355455057   65.60413063319527   65.60721647035491
0.10089721952591899   62.503510958445744   62.509132246639155
0.10385506653859616   59.67077687470932   59.678159609718136
0.10689962415629803   57.14071253384829   57.14870036661118
0.11003343433910281   54.92170256334872   54.92906235244419
0.11325911356578279   53.002072231883   53.0076888028336
0.11657935501835284   51.33411951859858   51.337130550353834
0.11999693083066039   49.850998830861734   49.850825377747576
0.12351469440289359   48.467200056688014   48.46345466945649
0.12713558278394044   47.096980296768805   47.08951128334457
0.13086261912358757   45.66093593390944   45.649956473352134
0.13469891519660646   44.09825282652228   44.08446073712905
0.13864767400083483   42.37251197069475   42.35708850703702
0.14271219243142114   40.482065487279584   40.46650159322071
0.14689586403346616   38.45966541260131   38.44556463520254
0.1512021818353596   36.36440393622283   36.35331910527314
0.15563474126517718   34.27211090006017   34.26533087037685
0.16019724315257297   32.266502638489264   32.264368203867114
0.1648934968186736   30.430348034134447   30.431934855889285
0.1697274232565544   28.828429561841244   28.831794430504704
0.17470305840495237   27.484413000900705   27.48737252179083
0.17982455651794954   26.36554040669095   26.366474277787603
0.18509619363343993   25.39940965520124   25.396941066692687
0.19052237114327647   24.504090710496108   24.497138485928264
0.19610761946807834   23.602478611850653   23.59105271548659
0.20185660183976684   22.626845572746426   22.612606992324007
0.20777411819498756   21.539652200357157   21.52509056301025
0.21386510918267082   20.360607839135724   20.34781909139734
0.22013466028907505   19.157524695969272   19.147820827371238
0.22658800608375756   18.00593933659561   17.999789798445192
0.23323053459001789   16.96605087025847   16.96261317025593
0.2400677917834628   16.07064151296665   16.06790129592287
0.24710548622244882   15.31348288792977   15.309095536944616
0.25434949381426813   14.647107496346653   14.63969218851696
0.2618058627210567   14.009551522705426   13.998850528950527
0.2694808184095226   13.347222484083112   13.33465877054587
0.27738076884870827   12.638251918803697   12.625821373417441
0.2855123098601282   11.907988704770577   11.89727316602649
0.29388223062474755   11.202903589936245   11.194436225647097
0.3024975193514008   10.559932550677479   10.552976691027245
0.31136536911138296   9.996185964214288   9.988960513235225
0.3204931838440838   9.496109476543316   9.487367285567247
0.32988858453867975   9.022886766054924   9.012374859602536
0.3395594155970457   8.548803212523763   8.537467269376188
0.34951375138319807   8.067436368364165   8.056603371949723
0.3597599029647371   7.595781113669557   7.586154571290846
0.37030642505191835   7.157816395964274   7.149006431860785
0.3811621231401457   6.7610915729620755   6.7522082800036065
0.3923360608618501   6.396226520612362   6.386594490524859
0.4038375675538918   6.046799230379162   6.0366054992092595
0.41567624604680364   5.70346890649021   5.6934132043035195
0.42786198068238046   5.37102799863493   5.361576308414456
0.4404049455663077   5.0592252702803595   5.050245834557852
0.4533156130627191   4.770675636699621   4.76168935960991
0.4666047625377753   4.5000229520861925   4.490858536920165
0.4802834893595659   4.240749003852362   4.231652144744295
0.49436321416184764   3.992026594463346   3.9832968689826758
0.5088556923793517   3.757206435554366   3.7488292700511185
0.5237730240626238   3.5374432003778358   3.529244116005229
0.5391276639805903   3.330336733664532   3.322252354461125
0.5549324320192869   3.1334465474900046   3.125620810358315
0.5712005238854289   2.9467905579820863   2.9393043668831944
0.5879455221237613   2.771107577622717   2.763913169526751
0.6051814074573895   2.6056947259616643   2.5987533911754603
0.622922570460556   2.4492989061174244   2.4426497859717204
0.6411838235736077   2.301496830452381   2.295182046793893
0.6599804134701901   2.162264294491527   2.1562709458843625
0.6793280337869897   2.031082199262652   2.025404171526087
0.6992428382266549   1.9073993731193184   1.9020493231341227
0.7197414540448374   1.7907338158253743   1.7857309967855266
0.7408409959326054   1.6808629035623395   1.676203288981809
0.7625590803058332   1.5774264938818294   1.5731059353401442
0.7849138400134885   1.480064878561583   1.476081271042381
0.8079239394770964   1.3884375884380329   1.3847901891544085
0.8316085902740278   1.3022224030881697   1.2989112652197317
0.8559875671776167   1.2211144101091016   1.2181399175515972
0.8810812246675007   1.1448251115386097   1.1421876021216417
0.9069105139239728   1.0730817313931806   1.0707811786071983
0.9334970003205227   1.0056291611739894   1.003664595056238
0.960862881429187   0.9422280676790347   0.9405971905407421
0.9890310055537336   0.8826511679348802   0.8813503788393885
1.0180248908061487   0.8266826267711826   0.8257070780715308
1.047868744742366   0.774117582745573   0.7734612508366635
1.0785874845736239   0.7247616856269675   0.7244174525536453
1.1102067579703248   0.6784306458474834   0.6783903888396192
1.1427529644757777   0.6349496651373047   0.6352043512159563
1.1762532775476793   0.5941523497850605   0.5946921313019481
1.210735667245765   0.5558810123577473   0.5566953240987282
1.246228923584555   0.5199866341263524   0.5210642909565452
1.2827626805706884   0.48632843309570123   0.48765772622960035
1.3203674409449337   0.45477344934561953   0.456342240182626
1.3590746016495152   0.42519614833252817   0.42699195899841536
1.3989164800420282   0.39747804161427924   0.3994881414530205
1.4399263408778291   0.3715073443982969   0.37371878812228215
1.4821384240834183   0.34717865514653723   0.34957825942367926
1.525587973344019   0.3243925693729053   0.32696700590449596
1.5703112655292182   0.3030553569435969   0.30579125625717896
1.6163456409812174   0.283078664168686   0.285962707771079
1.6637295346910133   0.26437922960744237   0.26739823126244167
1.7125025083885144   0.24687861309768608   0.25001958997532175
1.7627052835733923   0.23050293644552697   0.23375317565716366
1.814379775514258   0.2151826056799429   0.21852986310498487
1.8675691282445197   0.2008520816292587   0.20428475251998807
1.922317750584177   0.18744970068875647   0.19095678995409393
1.9786713532176083   0.17491746259983265   0.17848854936228872
2.0366769868582977   0.1632008263524126   0.16682603371562477
2.0963830815323896   0.1522485164535267   0.15591848556636445
2.1578394870138577   0.14201233910894467   0.1457182067407418
2.2210975144450407   0.1324470042257369   0.13618037722369106
2.286209979177315   0.12350993300368956   0.1272628205487813
2.3532312448676476   0.11516112534195405   0.11892591158643118
2.4222172688678643   0.10736303020406725   0.11113247893348259
2.4932256489445366   0.10008040318307994   0.10384766066810795
2.5663156713684585   0.09328017163376759   0.09703876748714982
2.641548360413907   0.08693130718725312   0.09067515337085426
2.7189865293089923   0.08100470528073922   0.08472809341114115
2.798694832679631   0.0754730864257782   0.07917069368093968
2.8807398205309562   0.07031092091420524   0.07397783675619257
2.9651899938111903   0.06549427350371964   0.06912598960585874
3.05211586160442   0.06100069664839785   0.0645930880931373
3.1415899999999994   0.056809143197055594   0.06035845046587379
