0.01   2471.729987591598   2471.6311705608837
0.010293154462191829   2498.5502052681154   2498.450804831236
0.010594902878253955   2524.450851869146   2524.3509565110353
0.010905497183778876   2549.359318065996   2549.2590473178975
0.011225196699963396   2573.2022986016136   2573.1018035500815
0.011554268350120923   2595.905865792142   2595.805317016135
0.011892986882540897   2617.393659231873   2617.2931757552933
0.012241635099881474   2637.5887069368305   2637.488329432658
0.012600504095286909   2656.414449942373   2656.314140394942
0.012969893495426888   2673.792040347367   2673.691748470203
0.013350111710660605   2689.64013295131   2689.539874751658
0.013741476192534558   2703.8785392984155   2703.7784030641988
0.014144313698828986   2716.4280299922316   2716.328148408555
0.01455896056637426   2727.2084388788   2727.108874195407
0.014985762991865008   2736.1413444842974   2736.042058760199
0.01542507732090645   2743.151090919454   2743.051947497741
0.015877270345534218   2748.162465652288   2748.0632752243655
0.016342719610456153   2751.101592843084   2751.0021534830225
0.016821813728271667   2751.898841576066   2751.798940987951
0.017314952703931925   2750.4889108567804   2750.38830710546
0.017822548268711737   2746.8104303552386   2746.7087959568926
0.01834502422397195   2740.807637614985   2740.704551811952
0.018882816794999403   2732.4312631012567   2732.326217531763
0.019436374995219892   2721.6403946243495   2721.5328252605436
0.02000616100108813   2708.402350048587   2708.291659073524
0.020592650537967844   2692.6921718123845   2692.5777327303645
0.021196333277324068   2674.496067619335   2674.3772585992742
0.02181771324555934   2653.814828890872   2653.69109453063
0.022457309244835088   2630.658402890277   2630.5292637983
0.02311565528622961   2605.0471477076453   2604.912221838694
0.023793301035594242   2577.0240928562384   2576.8832429732815
0.024490812272480036   2546.646698088305   2546.5000915429473
0.025208771362518027   2513.9802830502335   2513.8283808158253
0.0259477777436476   2479.112124599131   2478.9557544674985
0.02670844842659881   2442.157325534396   2441.9977899148867
0.027491418510046592   2403.2371195811834   2403.076171157147
0.028297341710866907   2362.483304848465   2362.323118321185
0.029126890909937666   2320.066756959725   2319.9099436615024
0.029980758713939952   2276.169413995487   2276.018991347326
0.030859658033628758   2230.971636239573   2230.8309780602926
0.031764322679055976   2184.6831094946683   2184.555968721039
0.03269550797224261   2137.5421862872076   2137.4327191128773
0.033653991377811755   2089.77759875582   2089.6903046038337
0.03464057315210884   2041.6177810582053   2041.5573182723965
0.03565607701135116   1993.3222567653982   1993.2929406779779
0.036701350819364466   1945.1422381780628   1945.1479402951163
0.03777726729548091   1897.3110563201549   1897.355214764049
0.038884724743189276   1850.0768358255152   1850.1622982270321
0.04002464780014597   1803.6927738398315   1803.8217018223966
0.041197988210172884   1758.3877632784122   1758.5617002134682
0.04240572561788674   1714.3495122512913   1714.568649828436
0.04364886838662332   1671.6989353192644   1671.9601058376968
0.04492845444033957   1630.5347766554237   1630.831443400537
0.04624555213019635   1590.9464272512366   1591.2691722099614
0.04760126112654554   1553.0454783626992   1553.3837645956235
0.04899671333706607   1516.9503714638347   1517.29354736791
0.05043307385181555   1482.761364534718   1483.0986743398892
0.05191154191598653   1450.3653406332237   1450.6850638595026
0.053433351931179485   1419.3901003547041   1419.67848722898
0.05499977448602865   1389.474988038962   1389.716376024369
0.05661211741704101   1360.3184286265498   1360.4960300102318
0.05827172690053434   1331.6844941021739   1331.781357613928
0.05997998857658587   1303.3530215258945   1303.3524120770905
0.06173832870592997   1275.035930332459   1274.9244866672211
0.0635482153607709   1246.4066229906373   1246.1765280093466
0.06541115965050462   1217.141577169269   1216.791869951586
0.06732871698337338   1186.8587619372117   1186.4002105374661
0.06930248836510605   1155.2043777257657   1154.6598136953278
0.07133412173562886   1121.889173342714   1121.2943873115628
0.07342531334496233   1086.6911803241842   1086.0945054920921
0.07557780916945323   1049.5631044127817   1049.0220545065768
0.07779340636952398   1010.6437108226008   1010.221244328408
0.08007395479015682   970.2477676062268   970.0089352728551
0.08242135850536496   928.9085508885181   928.9169900795705
0.08483757740794096   887.2287442140436   887.5423951316952
0.08732462884580919   845.8810782191891   846.5476941240694
0.08988458930634863   805.5141143981995   806.5671929396298
0.09251959615009227   766.7387785687285   768.194038957598
0.09523184939525078   730.1236985447595   731.9716883931395
0.09802361355455057   696.1666345455951   698.3702546613488
0.10089721952591899   665.2803558410828   667.7735355172126
0.10385506653859616   637.730661408001   640.4229008244494
0.10689962415629803   613.4882006751865   616.2688039475727
0.11003343433910281   592.3110622891404   595.0616114441002
0.11325911356578279   573.5649675626332   576.1866430929391
0.11657935501835284   556.4655215574792   558.8894618741917
0.11999693083066039   540.0745231814886   542.2730998942694
0.12351469440289359   523.509145873992   525.5035441603784
0.12713558278394044   506.005140959451   507.87048818477797
0.13086261912358757   487.0377017470138   488.90687830574836
0.13469891519660646   466.39468080110146   468.44051853415556
0.13864767400083483   444.2116916812811   446.6206702206606
0.14271219243142114   420.98770305929725   423.9314010078351
0.14689586403346616   397.43991790949457   401.0502229134396
0.1512021818353596   374.3991722945571   378.74433459642046
0.15563474126517718   352.7218276987511   357.7830285999374
0.16019724315257297   333.19764214994996   338.8620824612256
0.1648934968186736   316.3314868379085   322.4040261158684
0.1697274232565544   302.1300090005396   308.3833646665799
0.17470305840495237   290.0501450935371   296.28925103983715
0.17982455651794954   279.22947015783603   285.3264271804989
0.18509619363343993   268.8089713760945   274.7320586729477
0.19052237114327647   258.0453746346883   263.8711214949565
0.19610761946807834   246.36400173254785   252.2694779508166
0.20185660183976684   233.6053608992608   239.81475063551406
0.20777411819498756   220.2126334927652   226.90956963369305
0.21386510918267082   206.98581991287426   214.25227724171256
0.22013466028907505   194.65663061108395   202.43636507041094
0.22658800608375756   183.71609796317924   191.85361429505866
0.23323053459001789   174.33813285467664   182.60896298445786
0.2400677917834628   166.23976873492788   174.4459567003577
0.24710548622244882   158.83147206891132   166.87692444763962
0.25434949381426813   151.4914568502876   159.40973892367896
0.2618058627210567   143.79254409394258   151.7307568171149
0.2694808184095226   135.7159977223585   143.83719159652253
0.27738076884870827   127.666200092483   136.05514022258436
0.2855123098601282   120.10879061005946   128.73382135944462
0.29388223062474755   113.32760226952313   122.07606931851794
0.3024975193514008   107.35514875215542   116.06015186401068
0.31136536911138296   101.90594222912353   110.48909021718781
0.3204931838440838   96.6088575934105   105.09210987074388
0.32988858453867975   91.27562544334506   99.74515365429498
0.3395594155970457   85.9522584735531   94.4954143801657
0.34951375138319807   80.86937771129665   89.49142356445147
0.3597599029647371   76.21646503478871   84.8476371679004
0.37030642505191835   71.97830536616937   80.54234306327724
0.3811621231401457   68.01143566789992   76.47916872490404
0.3923360608618501   64.16534265721333   72.56920680184174
0.4038375675538918   60.40987848550001   68.7895642103291
0.41567624604680364   56.831637162981416   65.19422315182497
0.42786198068238046   53.50504954563169   61.81924218280362
0.4404049455663077   50.414051088320846   58.64648468565957
0.4533156130627191   47.4864422884537   55.6338216706679
0.4666047625377753   44.68000186061342   52.75804482081043
0.4802834893595659   42.00828164610158   50.02419641046096
0.49436321416184764   39.502737129228386   47.44306920673268
0.5088556923793517   37.153931198004386   45.005281508618495
0.5237730240626238   34.93250620856709   42.69327519240613
0.5391276639805903   32.823719314744515   40.498531320649086
0.5549324320192869   30.834025575664086   38.42095288140614
0.5712005238854289   28.96428680882616   36.45639453893536
0.5879455221237613   27.201893142077786   34.596683711788124
0.6051814074573895   25.537068108493667   32.83495102374108
0.622922570460556   23.96789273726545   31.16731620226188
0.6411838235736077   22.49167056901062   29.58987845894309
0.6599804134701901   21.10136838583069   28.09714177446222
0.6793280337869897   19.79191699731863   26.684421969894462
0.6992428382266549   18.559490622520524   25.347712638132155
0.7197414540448374   17.400145439806998   24.083164645521336
0.7408409959326054   16.30980120839469   22.886904856354263
0.7625590803058332   15.284585173906322   21.755255245623243
0.7849138400134885   14.320826407901071   20.68472688896417
0.8079239394770964   13.415046290107187   19.672011423669165
0.8316085902740278   12.563949376916028   18.71397277833839
0.8559875671776167   11.764414644616746   17.8076391743406
0.8810812246675007   11.013493144818238   16.950190419164596
0.9069105139239728   10.308412595603583   16.138939441665222
0.9334970003205227   9.646548711884414   15.371341558861081
0.960862881429187   9.02541352279518   14.644991309319144
0.9890310055537336   8.442649373098439   13.957615238641898
1.0180248908061487   7.896023104973024   13.307065014919264
1.047868744742366   7.38342042158096   12.69131086349182
1.0785874845736239   6.902840351560342   12.108434774930807
1.1102067579703248   6.452386564418023   11.556601602855444
1.1427529644757777   6.030262118753746   11.03404974298778
1.1762532775476793   5.634769885141432   10.539120043978643
1.210735667245765   5.264307898796738   10.070252057229101
1.246228923584555   4.917364510985859   9.6259779924765
1.2827626805706884   4.592513751628945   9.204917050411295
1.3203674409449337   4.288410896526283   8.805770108660216
1.3590746016495152   4.003788231475116   8.427310887962703
1.3989164800420282   3.73745099957327   8.068348577300466
1.4399263408778291   3.4882735509006766   7.727746200470374
1.4821384240834183   3.2551956697752518   7.404439503710083
1.525587973344019   3.037219066625409   7.097432170050892
1.5703112655292182   2.833404035733233   6.805791122531813
1.6163456409812174   2.642866272728033   6.528642174980277
1.6637295346910133   2.4647738457209467   6.265166002502637
1.7125025083885144   2.2983441901542334   6.014585527771016
1.7627052835733923   2.1428411179171922   5.776142567489026
1.814379775514258   1.9975726441277575   5.549122966237886
1.8675691282445197   1.861888598383815   5.332860312286536
1.922317750584177   1.7351782530090243   5.126732420778195
1.9786713532176083   1.616868074146111   4.930158099531975
2.0366769868582977   1.5064195902009305   4.7425941730199614
2.0963830815323896   1.4033273665726784   4.56353228953134
2.1578394870138577   1.3071168583016588   4.392477217114314
2.2210975144450407   1.2173425951544496   4.228940847424772
2.286209979177315   1.1335868338755302   4.07246804623156
2.3532312448676476   1.0554579402146032   3.9226361044265587
2.4222172688678643   0.9825888339845149   3.7790522551565413
2.4932256489445366   0.9146355209711527   3.641351404161568
2.5663156713684585   0.8512757072663341   3.5091940532139674
2.641548360413907   0.792207545153603   3.3822650138237216
2.7189865293089923   0.737148827113082   3.2602768790233796
2.798694832679631   0.6858354567014542   3.142964940923314
2.8807398205309562   0.6380200419239778   3.0300820981578496
2.9651899938111903   0.5934708929968019   2.921397585308837
3.05211586160442   0.5519710790316246   2.8166958410067715
3.1415899999999994   0.5133175370615976   2.715775462741296
