0.01   13937.322021315735   13931.470552363693
0.010293154462191829   14109.113957935073   14102.737996294225
0.010594902878253955   14276.389966565719   14269.440794377926
0.010905497183778876   14438.751239336418   14431.17407595545
0.011225196699963396   14595.789260270776   14587.523941645948
0.011554268350120923   14747.076311768738   14738.059448440243
0.011892986882540897   14892.17931145228   14882.344770745996
0.012241635099881474   15030.662579281085   15019.941389294036
0.012600504095286909   15162.07447059048   15150.392147976496
0.012969893495426888   15285.953841482127   15273.228611447706
0.013350111710660605   15401.841919557994   15387.984769740047
0.013741476192534558   15509.275185799748   15494.190170560018
0.014144313698828986   15607.775576838314   15591.36039264493
0.01455896056637426   15696.869952854357   15679.016277405066
0.014985762991865008   15776.093135404042   15756.686665292573
0.01542507732090645   15844.974197972751   15823.89218367346
0.015877270345534218   15903.047044408393   15880.157212914894
0.016342719610456153   15949.862289754874   15925.023364107486
0.016821813728271667   15984.981839939544   15958.043902515254
0.017314952703931925   16007.974979509496   15978.779727039579
0.017822548268711737   16018.43448136519   15986.816052951706
0.01834502422397195   16015.980474206523   15981.766107852502
0.018882816794999403   16000.259767891814   15963.268533287526
0.019436374995219892   15970.95117748775   15930.994229042306
0.02000616100108813   15927.770358302692   15884.652354882184
0.020592650537967844   15870.482454482546   15824.003533927615
0.021196333277324068   15798.90898991292   15748.867040707912
0.02181771324555934   15712.916581149939   15659.109053636425
0.022457309244835088   15612.427083016006   15554.653368309959
0.02311565528622961   15497.459468063962   15435.525576102038
0.023793301035594242   15368.096811569416   15301.81811865204
0.024490812272480036   15224.472212918066   15153.675374374714
0.025208771362518027   15066.834363699674   14991.362771696278
0.0259477777436476   14895.5552526895   14815.274736757901
0.02670844842659881   14711.051938418352   14625.852034497731
0.027491418510046592   14513.819156917258   14423.616105886213
0.028297341710866907   14304.549189031093   14209.29531566397
0.029126890909937666   14083.999127902058   13983.68459537351
0.029980758713939952   13852.949996005384   13747.60195056966
0.030859658033628758   13612.365191461568   13502.050268782936
0.031764322679055976   13363.362319948965   13248.187927003772
0.03269550797224261   13107.04245646879   12987.153847622616
0.033653991377811755   12844.561390902845   12720.139769362375
0.03464057315210884   12577.307417136804   12448.570570493357
0.03565607701135116   12306.65652013854   12173.854920671673
0.036701350819364466   12033.921865271457   11897.3330970848
0.03777726729548091   11760.544719806758   11620.459092761546
0.038884724743189276   11488.021210429455   11344.730305376439
0.04002464780014597   11217.733430630155   11071.526398081784
0.041197988210172884   10950.992191506066   10802.144307738381
0.04240572561788674   10689.10804292888   10537.85714326759
0.04364886838662332   10433.285000219974   10279.828137517929
0.04492845444033957   10184.593565894473   10029.084345852845
0.04624555213019635   9943.854889230231   9786.369447982672
0.04760126112654554   9711.716064142023   9552.23652443286
0.04899671333706607   9488.74705715892   9327.167703979027
0.05043307385181555   9275.26905026696   9111.400880147454
0.05191154191598653   9071.18485484284   8904.7588398838
0.053433351931179485   8876.345471342984   8707.018347306737
0.05499977448602865   8690.313775759267   8517.697909134818
0.05661211741704101   8511.245613491661   8335.035132525241
0.05827172690053434   8336.992790972063   8156.999842500736
0.05997998857658587   8165.630998642308   7981.78678603759
0.06173832870592997   7995.692278455006   7808.064139229104
0.0635482153607709   7825.926365759964   7634.718487462912
0.06541115965050462   7654.9289381086055   7460.541608911568
0.06732871698337338   7480.74582234166   7283.934306252918
0.06930248836510605   7301.49417749578   7103.379169381041
0.07133412173562886   7115.157408233792   6917.371068948556
0.07342531334496233   6919.712205509671   6724.48303960236
0.07557780916945323   6713.722508955435   6523.8058846013355
0.07779340636952398   6496.665461302482   6315.271264229058
0.08007395479015682   6268.689791638479   6099.335842730867
0.08242135850536496   6031.575315543767   5877.821340794035
0.08483757740794096   5787.714476948513   5652.966154847369
0.08732462884580919   5540.722232702085   5427.782329396076
0.08988458930634863   5294.4136947185725   5205.34008246624
0.09251959615009227   5052.637875027998   4988.634028669553
0.09523184939525078   4818.916536936914   4780.303547014858
0.09802361355455057   4596.501564653686   4582.50743572243
0.10089721952591899   4388.279903638343   4397.033675429858
0.10385506653859616   4196.8808789538   4225.36214995098
0.10689962415629803   4023.990798653517   4068.1760950513717
0.11003343433910281   3870.461361844167   3925.489227638738
0.11325911356578279   3735.134909071095   3795.9979499609562
0.11657935501835284   3615.2842399247806   3677.3757420963098
0.11999693083066039   3506.4661294432344   3566.389876910428
0.12351469440289359   3403.4036624825326   3459.4687463784403
0.12713558278394044   3300.7817417418623   3353.427712684009
0.13086261912358757   3193.9439786652597   3245.643038522207
0.13469891519660646   3079.4677924622533   3134.3179759541777
0.13864767400083483   2955.6850767446185   3019.1192388506847
0.14271219243142114   2822.799930806455   2900.937267764327
0.14689586403346616   2683.237887777892   2781.4296212419686
0.1512021818353596   2540.811233785901   2662.7915697674575
0.15563474126517718   2400.069517756451   2547.503078607398
0.16019724315257297   2265.709147627419   2437.9554823728804
0.1648934968186736   2142.2979116175593   2335.8439989517224
0.1697274232565544   2033.3841957922189   2242.3311848830244
0.17470305840495237   1940.2324113824573   2157.538392693801
0.17982455651794954   1860.707913825531   2079.768028579372
0.18509619363343993   1790.0509028640206   2006.7063107026581
0.19052237114327647   1723.1540043236553   1936.1469769588243
0.19610761946807834   1655.7497819649263   1866.5035183588661
0.20185660183976684   1584.4378403571216   1797.0434295699222
0.20777411819498756   1507.37623780023   1727.4262471423528
0.21386510918267082   1425.852204908241   1658.182812496882
0.22013466028907505   1344.0272885647835   1591.0532874991804
0.22658800608375756   1266.425978274794   1527.2766231719327
0.23323053459001789   1196.0285578188618   1467.230814934694
0.2400677917834628   1134.2637459531352   1411.2205998992151
0.24710548622244882   1080.5016363508637   1358.690832891668
0.25434949381426813   1031.8781491146804   1308.6546823549581
0.2618058627210567   984.9262834975547   1260.3814146907882
0.2694808184095226   936.9753727924628   1213.3363235624286
0.27738076884870827   887.0507654439436   1167.6640762246425
0.2855123098601282   836.7031655345742   1123.3416516015056
0.29388223062474755   788.6195068247645   1081.0565665463214
0.3024975193514008   744.550103180573   1040.8796322782025
0.31136536911138296   705.0662859251827   1002.7864725261347
0.3204931838440838   669.2310284036017   966.4398930239261
0.32988858453867975   635.0351161466666   931.5866355828225
0.3395594155970457   601.1570022404362   898.066343419421
0.34951375138319807   567.4759614886163   865.7563605345985
0.3597599029647371   534.8795579766409   834.8402537365472
0.37030642505191835   504.5346640372111   805.3385092690932
0.3811621231401457   476.6662186971206   777.1728941327713
0.3923360608618501   450.6654574291283   750.2632894745353
0.4038375675538918   425.7647451475739   724.4932226078876
0.41567624604680364   401.5835979450075   699.699139034597
0.42786198068238046   378.38942561158456   675.9546726665283
0.4404049455663077   356.6103269074822   653.2584408802329
0.4533156130627191   336.2724252885506   631.5461588783312
0.4666047625377753   317.0899100645045   610.7628026857072
0.4802834893595659   298.7734418170215   590.816594934331
0.49436321416184764   281.31977717637653   571.6750821832775
0.5088556923793517   264.8445564762704   553.3364413205043
0.5237730240626238   249.36029189093955   535.7659577476393
0.5391276639805903   234.73185450750796   518.900960352716
0.5549324320192869   220.85889116792478   502.7132417774875
0.5712005238854289   207.73484124093525   487.15400807468717
0.5879455221237613   195.3660863014852   472.2133885027501
0.6051814074573895   183.7006452065726   457.85253898672823
0.622922570460556   172.67722007672302   444.03083966834816
0.6411838235736077   162.26996690854705   430.72145477095665
0.6599804134701901   152.46044600423315   417.9025921041718
0.6793280337869897   143.2118819290283   405.54940593403575
0.6992428382266549   134.4917443201825   393.63358826026416
0.7197414540448374   126.27432905012137   382.12450458261145
0.7408409959326054   118.53415666387413   371.00332876893464
0.7625590803058332   111.24467557940918   360.2487915295975
0.7849138400134885   104.38131611287993   349.83871443033416
0.8079239394770964   97.9208258590114   339.75213571926446
0.8316085902740278   91.84110091713734   329.9695735505108
0.8559875671776167   86.1211376891111   320.4729295244079
0.8810812246675007   80.74098610083367   311.2454002388138
0.9069105139239728   75.68170424944428   302.27139607664765
0.9334970003205227   70.92531560385169   293.5364457638268
0.960862881429187   66.45479056343295   285.02666542677366
0.9890310055537336   62.2539979498131   276.72875360376116
1.0180248908061487   58.30763666589341   268.6304473718393
1.047868744742366   54.6011979013231   260.7204852683751
1.0785874845736239   51.120929834796826   252.9885507469962
1.1102067579703248   47.853803479876234   245.4252196537725
1.1427529644757777   44.78747967073702   238.021911255612
1.1762532775476793   41.910273522996164   230.77095279593308
1.210735667245765   39.211104902108204   223.66614318321137
1.246228923584555   36.67948890178013   216.70218702837707
1.2827626805706884   34.305517700255415   209.87432869408335
1.3203674409449337   32.07983181353434   203.1783207432366
1.3590746016495152   29.993592530606833   196.61039459082178
1.3989164800420282   28.03845553216574   190.1672321172076
1.4399263408778291   26.206545657328157   183.8459397342879
1.4821384240834183   24.4904330214492   177.64461939957562
1.525587973344019   22.883110228556212   171.56311082456688
1.5703112655292182   21.377969740665733   165.60153332089277
1.6163456409812174   19.968782802790297   159.76002835982882
1.6637295346910133   18.64967943846981   154.03874994969738
1.7125025083885144   17.41512937490227   148.43785529929204
1.7627052835733923   16.259923863811082   142.95749578612705
1.814379775514258   15.179158266736172   137.5978559152058
1.8675691282445197   14.168213524139478   132.36017696709447
1.922317750584177   13.222741150918544   127.24655693848328
1.9786713532176083   12.338650736722428   122.25876996359932
2.0366769868582977   11.512095691882163   117.39822712843757
2.0963830815323896   10.739459608048865   112.6659913255693
2.1578394870138577   10.017343315196339   108.06279257707784
2.2210975144450407   9.342552604317426   103.58904372895104
2.286209979177315   8.71208616785504   99.24493387215104
2.3532312448676476   8.123122460601229   95.0308552381202
2.4222172688678643   7.57301155944193   90.94703165102966
2.4932256489445366   7.059266418741065   86.99330998096534
2.5663156713684585   6.579553337047785   83.1691862175731
2.641548360413907   6.1316829433673   79.47383196239349
2.7189865293089923   5.713601680781518   75.90612048229002
2.798694832679631   5.323383766731808   72.46465231225915
2.8807398205309562   4.959225080420128   69.14781696261522
2.9651899938111903   4.619437536452122   65.95386072481534
3.05211586160442   4.302438489344769   62.88081941677472
3.1415899999999994   4.006743944339904   59.92652782057636
