0.01   3402.2596062700068   3402.1621046363243
0.010293154462191829   3442.4451955776226   3442.346934298572
0.010594902878253955   3481.3959823798423   3481.2970833846425
0.010905497183778876   3519.003494174144   3518.9037934759913
0.011225196699963396   3555.1575612783504   3555.0566430720805
0.011554268350120923   3589.7419098977934   3589.639450319774
0.011892986882540897   3622.6372734607817   3622.533208278666
0.012241635099881474   3653.7241466717933   3653.618678702142
0.012600504095286909   3682.879408518494   3682.772838989915
0.012969893495426888   3709.975009928649   3709.8674870343407
0.013350111710660605   3734.8835489081234   3734.77504314921
0.013741476192534558   3757.477773842815   3757.368091410294
0.014144313698828986   3777.625406958891   3777.51427403328
0.01455896056637426   3795.194758399526   3795.0818469791643
0.014985762991865008   3810.057347907962   3809.942277625031
0.01542507732090645   3822.0833064550666   3821.9656723968424
0.015877270345534218   3831.142291066246   3831.021691513484
0.016342719610456153   3837.109511613144   3836.9855514209935
0.016821813728271667   3839.864912147575   3839.7371219539177
0.017314952703931925   3839.2900292695913   3839.157611051052
0.017822548268711737   3835.2737866901566   3835.135568920128
0.01834502422397195   3827.714404998287   3827.5688624730537
0.018882816794999403   3816.517914247762   3816.363318036227
0.019436374995219892   3801.600081968106   3801.4346032463354
0.02000616100108813   3782.889135082273   3782.7108609271763
0.020592650537967844   3760.3282140193273   3760.1351412009512
0.021196333277324068   3733.8777372811087   3733.6677456084058
0.02181771324555934   3703.5134185930133   3703.28428664426
0.022457309244835088   3669.2284091274264   3668.9778754660597
0.02311565528622961   3631.0451033937998   3630.7711612718854
0.023793301035594242   3589.0075863869592   3588.708613158243
0.024490812272480036   3543.1763276036204   3542.851093925276
0.025208771362518027   3493.646017288053   3493.293910295034
0.0259477777436476   3440.550727481279   3440.1720333804046
0.02670844842659881   3384.0391271954186   3383.635008255214
0.027491418510046592   3324.2829659876393   3323.8555393266147
0.028297341710866907   3261.5141555436226   3261.067019372313
0.029126890909937666   3195.9840557013913   3195.5223275281255
0.029980758713939952   3127.9498354600755   3127.480000808352
0.030859658033628758   3057.7281823190456   3057.2580127752653
0.031764322679055976   2985.683027835575   2985.2214765752537
0.03269550797224261   2912.167511375016   2911.7245259345063
0.033653991377811755   2837.5482361261857   2837.1346755122904
0.03464057315210884   2762.253982386185   2761.881729405146
0.03565607701135116   2686.6988258345937   2686.380628395248
0.036701350819364466   2611.2755156844437   2611.0246581756087
0.03777726729548091   2536.4587365599123   2536.287503165031
0.038884724743189276   2462.747269648209   2462.666134311916
0.04002464780014597   2390.586851453869   2390.604621181287
0.041197988210172884   2320.340274225122   2320.464095116731
0.04240572561788674   2252.2660030210445   2252.501235050517
0.04364886838662332   2186.5810986064303   2186.9315019722344
0.04492845444033957   2123.508400258276   2123.9753962694167
0.04624555213019635   2063.4857128732438   2064.06228981284
0.04760126112654554   2006.9965188418953   2007.665665631049
0.04899671333706607   1954.4472286306875   1955.183227378506
0.05043307385181555   1905.8196596871655   1906.5908843391903
0.05191154191598653   1860.7467170171951   1861.5178314968407
0.053433351931179485   1818.8794768307184   1819.6117093511234
0.05499977448602865   1779.8713572890315   1780.5226363837999
0.05661211741704101   1743.3780974788272   1743.9031736286192
0.05827172690053434   1709.0624497946158   1709.4133532513504
0.05997998857658587   1676.443502094023   1676.5724305231001
0.06173832870592997   1644.9875317343644   1644.8483732551426
0.0635482153607709   1614.1259811307148   1613.6773437331897
0.06541115965050462   1583.1623114510996   1582.3744042847559
0.06732871698337338   1551.407256064784   1550.2642337928369
0.06930248836510605   1518.065949150779   1516.577023339578
0.07133412173562886   1482.3491855851953   1480.5528280406477
0.07342531334496233   1443.5842845444768   1441.5505888766197
0.07557780916945323   1401.2296752568957   1399.060919498839
0.07779340636952398   1355.020830254558   1352.852921893565
0.08007395479015682   1304.9845471776212   1302.986458743461
0.08242135850536496   1251.5013794206486   1249.861082464219
0.08483757740794096   1195.2722200312187   1194.1820219054018
0.08732462884580919   1137.2425443700504   1136.8842943055804
0.08988458930634863   1078.4933525031888   1079.0272230408525
0.09251959615009227   1020.2117831163545   1021.7645876808181
0.09523184939525078   963.5967329336455   966.2501703233921
0.09802361355455057   909.8965342264131   913.6683243978364
0.10089721952591899   860.2027351076669   865.0422806755549
0.10385506653859616   815.531858169131   821.2987586655571
0.10689962415629803   776.5598547161405   783.040401316024
0.11003343433910281   743.5678930117945   750.4889408579452
0.11325911356578279   716.3138051164843   723.3632072111595
0.11657935501835284   694.0780425884857   700.9259361950079
0.11999693083066039   675.6613982789913   682.0307639192644
0.12351469440289359   659.6114609700273   665.3116223236349
0.12713558278394044   644.2763512615321   649.2218976155149
0.13086261912358757   628.0323575634977   632.28742257085
0.13469891519660646   609.4413779561148   613.2427978183123
0.13864767400083483   587.489973036917   591.2256974178438
0.14271219243142114   561.803776724729   565.9597243745075
0.14689586403346616   532.6963059140669   537.7848146551783
0.1512021818353596   501.1344907097944   507.6194956030803
0.15563474126517718   468.61839911507474   476.84585506167264
0.16019724315257297   437.0074389665035   447.09048559094344
0.1648934968186736   408.19539447100544   419.9611872563396
0.1697274232565544   383.640516914065   396.6709269866058
0.17470305840495237   363.94014624492826   377.6452741221449
0.17982455651794954   348.72654131261373   362.45014097109566
0.18509619363343993   336.9286103720498   350.14278802662176
0.19052237114327647   327.0516847192648   339.41265390989815
0.19610761946807834   317.3065349492764   328.7636844214949
0.20185660183976684   305.9360738511712   316.8276352923816
0.20777411819498756   291.9035620224335   302.83031248310687
0.21386510918267082   275.36418488960965   286.992467993226
0.22013466028907505   257.4364347553674   270.24776806883403
0.22658800608375756   239.68813109901572   253.87291990519049
0.23323053459001789   223.70991727662135   239.0311004077398
0.2400677917834628   210.6027923314473   226.53265395736503
0.24710548622244882   200.46731375770102   216.27829323450592
0.25434949381426813   192.50376392777142   207.69250512831556
0.2618058627210567   185.32238220727896   199.69503065636215
0.2694808184095226   177.47620878770567   191.28146902897657
0.27738076884870827   168.22786511865533   182.06383820287357
0.2855123098601282   157.873410950403   172.22318537799282
0.29388223062474755   147.377311567964   162.48355525589437
0.3024975193514008   137.87822056595127   153.57370328697277
0.31136536911138296   130.06815721180013   145.8641977407716
0.3204931838440838   123.75198131877909   139.19711539212474
0.32988858453867975   118.11459470636215   133.0153015291273
0.3395594155970457   112.2745540111643   126.83182863610939
0.34951375138319807   105.83832260552583   120.42660213209287
0.3597599029647371   99.16143495324825   114.04567592590176
0.37030642505191835   92.92400483945805   108.06184470262562
0.3811621231401457   87.55138062750014   102.66847665706503
0.3923360608618501   82.94187759104292   97.76799719260495
0.4038375675538918   78.59932038926118   93.11361491078237
0.41567624604680364   74.1339355659305   88.51344513283463
0.42786198068238046   69.5950883508811   84.00946984309236
0.4404049455663077   65.31061363169627   79.75518379779777
0.4533156130627191   61.50007797385937   75.81993806579666
0.4666047625377753   58.05538123271902   72.14228526592767
0.4802834893595659   54.729996171255266   68.6255293653842
0.49436321416184764   51.42940418037042   65.2273824692846
0.5088556923793517   48.28232883203897   61.99765233799224
0.5237730240626238   45.40174882789029   58.97025544073555
0.5391276639805903   42.74137499052055   56.1153309613366
0.5549324320192869   40.18903020366   53.39399485219982
0.5712005238854289   37.731729700595444   50.798665601092004
0.5879455221237613   35.42997807620644   48.344133397480626
0.6051814074573895   33.29256056140151   46.027902347251874
0.622922570460556   31.27126453840064   43.82897008517572
0.6411838235736077   29.34639314763493   41.7383135412712
0.6599804134701901   27.53928389925286   39.75950008346129
0.6793280337869897   25.844043677372834   37.887209562405964
0.6992428382266549   24.247147859414408   36.11194970031374
0.7197414540448374   22.74320775850481   34.42866548223898
0.7408409959326054   21.327405147363613   32.83272365149399
0.7625590803058332   19.995116622455384   31.31970323793536
0.7849138400134885   18.741910735745677   29.885388424808376
0.8079239394770964   17.56354464853126   28.52576139656945
0.8316085902740278   16.455960329782926   27.23699512479626
0.8559875671776167   15.415249452138754   26.01538578152074
0.8810812246675007   14.437606060779112   24.857254149930796
0.9069105139239728   13.519409935511915   23.75910179650811
0.9334970003205227   12.657234253997531   22.717631225677575
0.960862881429187   11.847836263997406   21.72973411349075
0.9890310055537336   11.088148336992116   20.792480234622307
1.0180248908061487   10.375269392237515   19.903107042277835
1.047868744742366   9.706456768465605   19.05900898725744
1.0785874845736239   9.079122090769584   18.25769019498423
1.1102067579703248   8.490823952557514   17.49674875364671
1.1427529644757777   7.939254860970839   16.773925277051912
1.1762532775476793   7.4222342484785315   16.087097790656543
1.210735667245765   6.937702209051911   15.434272792558575
1.246228923584555   6.483713490043298   14.813576930444139
1.2827626805706884   6.058431733332499   14.223249249865692
1.3203674409449337   5.6601238565586005   13.661628598736678
1.3590746016495152   5.287153587975692   13.12708227666494
1.3989164800420282   4.93797718160784   12.618032056475794
1.4399263408778291   4.6111396374339675   12.13300289465376
1.4821384240834183   4.305270021545601   11.670616573047518
1.525587973344019   4.01907698143387   11.22958469365587
1.5703112655292182   3.751344472875715   10.808702226131576
1.6163456409812174   3.5009276904678823   10.406841561093986
1.6637295346910133   3.266749109903647   10.022938489449178
1.7125025083885144   3.047794449764623   9.655948772857398
1.7627052835733923   2.843109590448549   9.304881656654876
1.814379775514258   2.6517974166435603   8.968813931191299
1.8675691282445197   2.473014625259459   8.646884937302547
1.922317750584177   2.3059686959215253   8.338291960383694
1.9786713532176083   2.1499150171623214   8.042286002146138
2.0366769868582977   2.004154161080066   7.758167872800645
2.0963830815323896   1.868029086532339   7.485268582920607
2.1578394870138577   1.740922414268637   7.222921669194408
2.2210975144450407   1.6222547121170379   6.970501589432864
2.286209979177315   1.5114823785916125   6.727428203273265
2.3532312448676476   1.4080955330132976   6.493163445552372
2.4222172688678643   1.311616022037564   6.267208280024662
2.4932256489445366   1.2215955367349132   6.049099906376459
2.5663156713684585   1.137613846163033   5.83840961652492
2.641548360413907   1.0592775823548841   5.634758010681069
2.7189865293089923   0.9862186600014409   5.437816248307916
2.798694832679631   0.918092064066342   5.247278584618103
2.8807398205309562   0.8545744357075407   5.062859053386695
2.9651899938111903   0.7953627872912362   4.884290188713376
3.05211586160442   0.7401732876744784   4.711321833076876
3.1415899999999994   0.6887401143853988   4.54372002449673
