0.01   18503.809173884736   18492.03567822519
0.010293154462191829   18739.074544034695   18726.161241874168
0.010594902878253955   18968.62795652268   18954.47212935889
0.010905497183778876   19191.904422766464   19176.394366698813
0.011225196699963396   19408.315801240606   19391.32912098826
0.011554268350120923   19617.26667360444   19598.670223587284
0.011892986882540897   19818.1429561261   19797.792960186776
0.012241635099881474   20010.3028444701   19988.04517127444
0.012600504095286909   20193.09951242692   20168.76989390187
0.012969893495426888   20365.879754667123   20339.30359774005
0.013350111710660605   20527.954674891484   20498.94447514964
0.013741476192534558   20678.62445814356   20646.979064376847
0.014144313698828986   20817.194714618137   20782.699760381063
0.01455896056637426   20942.95769474787   20905.384207963965
0.014985762991865008   21055.190348053864   21014.293050778873
0.01542507732090645   21153.18331515321   21108.70136069051
0.015877270345534218   21236.23673590397   21187.894097602304
0.016342719610456153   21303.634713956948   21251.138711252297
0.016821813728271667   21354.67854981379   21297.720646419115
0.017314952703931925   21388.699701376594   21326.956983176868
0.017822548268711737   21405.041655670113   21338.17458045867
0.01834502422397195   21403.068800577636   21330.719941720785
0.018882816794999403   21382.191117794027   21303.987640285377
0.019436374995219892   21341.866237981827   21257.421902445152
0.02000616100108813   21281.598497474046   21190.514526801147
0.020592650537967844   21200.9522683797   21102.820561908688
0.021196333277324068   21099.56051600028   20993.967865260132
0.02181771324555934   20977.14739450008   20863.68253376488
0.022457309244835088   20833.523466415532   20711.783044941698
0.02311565528622961   20668.578472788802   20538.171621874248
0.023793301035594242   20482.325202732078   20342.882693531443
0.024490812272480036   20274.93191838954   20126.11852274255
0.025208771362518027   20046.6561065193   19888.17530333594
0.0259477777436476   19797.864178392076   19629.465027102655
0.02670844842659881   19529.167807231635   19350.667646718615
0.027491418510046592   19241.31147432196   19052.604563000787
0.028297341710866907   18935.108758539904   18736.16689335869
0.029126890909937666   18611.61032884756   18402.498878511342
0.029980758713939952   18272.121541248125   18053.01614083139
0.030859658033628758   17917.979960447563   17689.16169248425
0.031764322679055976   17550.638706788057   17312.491930812364
0.03269550797224261   17171.960840101663   16924.983298918363
0.033653991377811755   16783.861158518743   16528.656448266207
0.03464057315210884   16388.204469240118   16125.46960021529
0.03565607701135116   15987.115989981728   15717.639778916195
0.036701350819364466   15582.878405099074   15307.535269749955
0.03777726729548091   15177.625938505842   14897.359076585015
0.038884724743189276   14773.582141386501   14489.367110194076
0.04002464780014597   14373.432740986918   14086.21098380305
0.041197988210172884   13979.707703770493   13690.37001662644
0.04240572561788674   13594.636057865533   13304.016683673994
0.04364886838662332   13219.84067055029   12928.710390739183
0.04492845444033957   12856.549798327564   12565.613247448095
0.04624555213019635   12505.839490535294   12215.73411476912
0.04760126112654554   12169.319552616984   11880.464954817444
0.04899671333706607   11849.58342036947   11561.931950396542
0.05043307385181555   11549.04456462781   11262.09557697909
0.05191154191598653   11269.166833972966   10982.056103527799
0.053433351931179485   11008.43148462218   10720.174149761313
0.05499977448602865   10764.713755393655   10474.270368016218
0.05661211741704101   10536.032749248847   10242.311218857534
0.05827172690053434   10320.425054895777   10022.27154238514
0.05997998857658587   10116.038169933152   9812.241206488658
0.06173832870592997   9920.744460515283   9610.126664966197
0.0635482153607709   9731.664418274557   9413.271208570777
0.06541115965050462   9545.944969181264   9219.087975992661
0.06732871698337338   9360.162517250435   9024.697000591106
0.06930248836510605   9170.618172184188   8827.118314361802
0.07133412173562886   8973.527646166707   8623.456724549098
0.07342531334496233   8764.730124950582   8410.768704395965
0.07557780916945323   8540.520183187287   8186.5690033038745
0.07779340636952398   8297.942091584542   7949.234407621918
0.08007395479015682   8034.987084061008   7697.902232239537
0.08242135850536496   7751.761781745267   7433.427182431979
0.08483757740794096   7449.693917261044   7157.617165293866
0.08732462884580919   7132.4111366135185   6873.977029504212
0.08988458930634863   6804.542156113465   6586.514381492695
0.09251959615009227   6472.011688723176   6299.707008539329
0.09523184939525078   6141.005725535279   6018.056421224437
0.09802361355455057   5817.935048230631   5746.12109693248
0.10089721952591899   5509.31834327189   5487.923632519864
0.10385506653859616   5221.217731783912   5246.871574624523
0.10689962415629803   4958.927953918772   5025.801792738329
0.11003343433910281   4726.773452344724   4826.835313463601
0.11325911356578279   4526.508343807973   4649.5481281196635
0.11657935501835284   4357.91270376429   4492.140075609664
0.11999693083066039   4217.219202423523   4351.912304200824
0.12351469440289359   4098.743446581549   4225.135533840489
0.12713558278394044   3994.5344594532567   4106.4202050829745
0.13086261912358757   3895.8852470789725   3990.83061452039
0.13469891519660646   3793.9802997184916   3874.0985149287453
0.13864767400083483   3680.9246543904437   3752.660928157149
0.14271219243142114   3551.0185346553594   3624.633860230648
0.14689586403346616   3401.6112008953396   3490.0470353186543
0.1512021818353596   3233.905762983998   3350.7024091309536
0.15563474126517718   3052.658213233912   3209.012170011288
0.16019724315257297   2865.3963320984813   3068.8515063222403
0.1648934968186736   2681.5215167430206   2934.723762262379
0.1697274232565544   2511.090477874197   2809.447022067463
0.17470305840495237   2362.6399257413354   2694.777341282967
0.17982455651794954   2240.4944082079887   2592.7007967998293
0.18509619363343993   2143.588438361603   2500.1051123129555
0.19052237114327647   2066.4654299440685   2414.561294976642
0.19610761946807834   2001.1959007060686   2334.1720249776317
0.20185660183976684   1938.566457190639   2255.7433580089014
0.20777411819498756   1869.2252022743376   2177.2364204829796
0.21386510918267082   1786.6548665145792   2097.294483396938
0.22013466028907505   1690.4090753319927   2016.76136729887
0.22658800608375756   1585.917123896788   1937.9566340737567
0.23323053459001789   1481.417205568846   1862.11294229904
0.2400677917834628   1385.3475587983703   1790.7764750380559
0.24710548622244882   1304.1057570838232   1723.8184531213228
0.25434949381426813   1239.348029873821   1662.1513245282704
0.2618058627210567   1187.3765848517864   1603.8101409386386
0.2694808184095226   1141.2252298041092   1547.9172661920807
0.27738076884870827   1093.1032879887798   1493.4810485756198
0.2855123098601282   1038.119892190899   1440.3622744888294
0.29388223062474755   976.9938281406523   1388.8315039320032
0.3024975193514008   914.5527084059986   1338.9658775416553
0.31136536911138296   856.6867640256472   1291.540018939159
0.3204931838440838   807.6288751936327   1246.6337095430913
0.32988858453867975   767.2156406748544   1204.0101198525335
0.3395594155970457   731.4281223758239   1163.535762733416
0.34951375138319807   695.5417556044483   1124.4584111434287
0.3597599029647371   656.9210327578908   1086.4591775155397
0.37030642505191835   616.7647119678969   1050.1165805439757
0.3811621231401457   578.6065038741827   1015.2843316839818
0.3923360608618501   544.9813698256353   981.8463946877763
0.4038375675538918   515.8003537313309   950.2835949581562
0.41567624604680364   488.71380039273777   920.0481812265498
0.42786198068238046   461.43474764735026   890.7431430056316
0.4404049455663077   433.8127676748601   862.5585691682247
0.4533156130627191   407.4319635077857   835.5463196293945
0.4666047625377753   383.58682952162803   809.7631612626415
0.4802834893595659   361.99801172   785.0945759241366
0.49436321416184764   341.40447372796547   761.4093853437554
0.5088556923793517   321.1287453452162   738.4899721831542
0.5237730240626238   301.6785810778218   716.4118063605748
0.5391276639805903   283.7009128736467   695.288792680221
0.5549324320192869   267.08664738091   674.9928227625301
0.5712005238854289   251.26160170299647   655.4219986568529
0.5879455221237613   236.04821967209796   636.4944708949535
0.6051814074573895   221.7193972250453   618.2623541491117
0.622922570460556   208.37622066378134   600.7314620957314
0.6411838235736077   195.79490967748833   583.780366867226
0.6599804134701901   183.82889570194646   567.3559217138893
0.6793280337869897   172.55897698586216   551.4855115322873
0.6992428382266549   161.99012478922305   536.1353703068219
0.7197414540448374   152.03302386567194   521.2538812176136
0.7408409959326054   142.6495538507204   506.80934783214565
0.7625590803058332   133.8108540124064   492.7757631867768
0.7849138400134885   125.48911536487809   479.12894079414093
0.8079239394770964   117.65758052384365   465.84640318956707
0.8316085902740278   110.29053907190078   452.90727939912745
0.8559875671776167   103.36331890689787   440.2922104668018
0.8810812246675007   96.85224012205536   427.98319030462005
0.9069105139239728   90.73408701618283   415.9623428444469
0.9334970003205227   84.98634205585336   404.21219665633356
0.960862881429187   79.58768429704259   392.7167015614033
0.9890310055537336   74.51794624853443   381.461185565022
1.0180248908061487   69.7580562596363   370.43228230387
1.047868744742366   65.28998348352799   359.6178634076618
1.0785874845736239   61.09668531968774   349.0069751457699
1.1102067579703248   57.162071760332175   338.5900494598102
1.1427529644757777   53.471021810003   328.36013995251807
1.1762532775476793   50.009263464471836   318.3116597065228
1.210735667245765   46.76329748744981   308.43968697069954
1.246228923584555   43.720360389456395   298.73992664740314
1.2827626805706884   40.8683888694544   289.2086738422813
1.3203674409449337   38.19598563094442   279.84277818400597
1.3590746016495152   35.69238652399421   270.63961153538384
1.3989164800420282   33.347421601137604   261.5979992036514
1.4399263408778291   31.15147701150948   252.71941003865237
1.4821384240834183   29.095485115205832   244.0056258776783
1.525587973344019   27.170898852613284   235.45833850083517
1.5703112655292182   25.369664208088125   227.07913985002793
1.6163456409812174   23.684193956703158   218.8695127159656
1.6637295346910133   22.107342646961417   210.8308219226451
1.7125025083885144   20.632382728227846   202.96436476728414
1.7627052835733923   19.25298076431725   195.27285895416787
1.814379775514258   17.96317612385372   187.76029111887007
1.8675691282445197   16.75736185779709   180.43008888171252
1.922317750584177   15.630265159833897   173.28505063254033
1.9786713532176083   14.576928735548947   166.32737253626564
2.0366769868582977   13.592693114395551   159.5586763974868
2.0963830815323896   12.67317986383387   152.98003818435396
2.1578394870138577   11.814275221276365   146.59208463320638
2.2210975144450407   11.012112095389234   140.3954846259753
2.286209979177315   10.26305853617484   134.39060360759308
2.3532312448676476   9.56370603760267   128.57724047829086
2.4222172688678643   8.91085648568515   122.9546664421409
2.4932256489445366   8.301509805681018   117.5216654794868
2.5663156713684585   7.732852287592772   112.27657409801672
2.641548360413907   7.2022455564619525   107.21732018382986
2.7189865293089923   6.707217695272987   102.341471754498
2.798694832679631   6.245456207360434   97.64629531327152
2.8807398205309562   5.814793642609617   93.12875701095327
2.9651899938111903   5.41319794540103   88.78554916780867
3.05211586160442   5.0387644777330545   84.61312355095113
3.1415899999999994   4.689708473683413   80.60772306323648
