0.01   1600.4940967160815   1600.4248885609404
0.010293154462191829   1617.0398553700381   1616.9698755631268
0.010594902878253955   1632.965073693398   1632.8944338927447
0.010905497183778876   1648.224943915155   1648.1538025847265
0.011225196699963396   1662.7719071150923   1662.7003423438425
0.011554268350120923   1676.5580589043245   1676.486049973078
0.011892986882540897   1689.535355607832   1689.4627988648153
0.012241635099881474   1701.65400280104   1701.5808559527866
0.012600504095286909   1712.8636947633508   1712.7900465702771
0.012969893495426888   1723.1147116727852   1723.0407837865007
0.013350111710660605   1732.3564633463611   1732.2825051766108
0.013741476192534558   1740.5367839962018   1740.4629079508472
0.014144313698828986   1747.6045310351249   1747.5306955261203
0.01455896056637426   1753.509616787076   1753.4356555828447
0.014985762991865008   1758.2011853881752   1758.126984773756
0.01542507732090645   1761.62954450025   1761.5551064820404
0.015877270345534218   1763.7472932518792   1763.6727334104996
0.016342719610456153   1764.5077145508826   1764.4331561076622
0.016821813728271667   1763.8647506187135   1763.790199229347
0.017314952703931925   1761.7755530163638   1761.7008897485994
0.017822548268711737   1758.2006566444384   1758.125667634032
0.01834502422397195   1753.1033498020388   1753.0278463879113
0.018882816794999403   1746.4509930564177   1746.3748433787218
0.019436374995219892   1738.2157228506578   1738.1388477466105
0.02000616100108813   1728.375169595039   1728.297457887888
0.020592650537967844   1716.912719380672   1716.8339530421008
0.021196333277324068   1703.8174320521848   1703.737287816648
0.02181771324555934   1689.0855878236375   1689.003678320941
0.022457309244835088   1672.723574853207   1672.6395634072062
0.02311565528622961   1654.744652340014   1654.658275154298
0.023793301035594242   1635.1688815127163   1635.0799502981342
0.024490812272480036   1614.0306953971362   1613.9391331173188
0.025208771362518027   1591.3759637090286   1591.2818263267332
0.0259477777436476   1567.256016335287   1567.1594870810852
0.02670844842659881   1541.734425911824   1541.6358254961228
0.027491418510046592   1514.8955822531973   1514.7953997954173
0.028297341710866907   1486.8290529503856   1486.7279375694743
0.029126890909937666   1457.629224236574   1457.527979287795
0.029980758713939952   1427.4155591650708   1427.315215874912
0.030859658033628758   1396.3189910740236   1396.220830474071
0.031764322679055976   1364.4679884027803   1364.373509825186
0.03269550797224261   1332.005152131134   1331.9160250954899
0.033653991377811755   1299.0980249200954   1299.0160311644686
0.03464057315210884   1265.9078339366426   1265.8348381682702
0.03565607701135116   1232.5906051951479   1232.5285143857727
0.036701350819364466   1199.324268539357   1199.2749053614898
0.03777726729548091   1166.2851207886379   1166.2501759892123
0.038884724743189276   1133.6336661393345   1133.6147003287206
0.04002464780014597   1101.5352367298901   1101.5336435502093
0.041197988210172884   1070.165222928547   1070.1821867407077
0.04240572561788674   1039.6807473267281   1039.717263508641
0.04364886838662332   1010.2146902120684   1010.2713084168851
0.04492845444033957   981.8583086743508   981.933817655095
0.04624555213019635   954.6825857674901   954.7738013942841
0.04760126112654554   928.7484880450608   928.8505235827434
0.04899671333706607   904.1247169521897   904.232265309922
0.05043307385181555   880.8879300080665   880.9964477536943
0.05191154191598653   859.1051807204724   859.2108639547619
0.053433351931179485   838.7476374909088   838.8466633690231
0.05499977448602865   819.5838675335358   819.670801545128
0.05661211741704101   801.3729609239371   801.4406717772365
0.05827172690053434   783.9041397494962   783.9441488870342
0.05997998857658587   767.008396143179   767.0114831722772
0.06173832870592997   750.5324195641772   750.4888193927771
0.0635482153607709   734.2850035688705   734.1857385063878
0.06541115965050462   718.026407020042   717.8649028668679
0.06732871698337338   701.5235876954767   701.2960423071165
0.06930248836510605   684.4980546184388   684.2055750034398
0.07133412173562886   666.6750159959969   666.3242258021244
0.07342531334496233   647.8126754888923   647.4158204652867
0.07557780916945323   627.7062454498711   627.281188729746
0.07779340636952398   606.2510415397038   605.8197896158937
0.08007395479015682   583.4987329952904   583.0851415008879
0.08242135850536496   559.5913955270948   559.2204137692233
0.08483757740794096   534.8229874468208   534.5205260683035
0.08732462884580919   509.54401539938976   509.3354763482387
0.08988458930634863   484.19497379837327   484.1029035648066
0.09251959615009227   459.210751701158   459.2531601293976
0.09523184939525078   435.0198888048872   435.20818794338106
0.09802361355455057   412.03210401242404   412.36761379755495
0.10089721952591899   390.6310699059025   391.10240165966644
0.10385506653859616   371.1564368888421   371.73853097239316
0.10689962415629803   353.86843123201373   354.5241684087323
0.11003343433910281   338.84024088209543   339.5227024191616
0.11325911356578279   326.01718724364207   326.672898948188
0.11657935501835284   315.0739117539812   315.6530352123965
0.11999693083066039   305.57026281661723   306.03084206247996
0.12351469440289359   296.91772719972005   297.23114687320236
0.12713558278394044   288.51770816109325   288.6737406220333
0.13086261912358757   279.79233120179754   279.8042623768452
0.13469891519660646   270.2708795722946   270.1759665920743
0.13864767400083483   259.6447603710376   259.5031439958702
0.14271219243142114   247.832213974505   247.72290916866893
0.14689586403346616   235.004606529105   235.0098753855894
0.1512021818353596   221.5280801843895   221.7209101901659
0.15563474126517718   207.90884006756042   208.34279856227133
0.16019724315257297   194.74199314137948   195.43803753316627
0.1648934968186736   182.64349724502907   183.57893078775206
0.1697274232565544   172.11000037729184   173.21983360408765
0.17470305840495237   163.35621621730655   164.5488048254441
0.17982455651794954   156.2179199976766   157.39940048816047
0.18509619363343993   150.2537938837574   151.34829107738602
0.19052237114327647   144.930566382826   145.89232526693345
0.19610761946807834   139.6960548772012   140.52508597612965
0.20185660183976684   134.01897784244082   134.7701907076658
0.20777411819498756   127.56428175555266   128.33574328651451
0.21386510918267082   120.39559011478661   121.2961028009124
0.22013466028907505   112.9198805892543   114.02493318750682
0.22658800608375756   105.64832309744888   106.98239385112332
0.23323053459001789   99.02465536189939   100.55753917672267
0.2400677917834628   93.35887050657163   95.01050018704711
0.24710548622244882   88.67326932940615   90.33661621066821
0.25434949381426813   84.69521732689874   86.29864640592496
0.2618058627210567   81.00906300673364   82.52608746939718
0.2694808184095226   77.20223685472631   78.67181686788916
0.27738076884870827   73.05687584198114   74.55838624782952
0.2855123098601282   68.68462064719343   70.29450904395473
0.29388223062474755   64.37719706798354   66.1240433467882
0.3024975193514008   60.419422168026486   62.27771556004393
0.31136536911138296   56.98788286022708   58.887170931891504
0.3204931838440838   54.02319139809162   55.89970954147749
0.32988858453867975   51.29044829797927   53.11675117694477
0.3395594155970457   48.57035607282248   50.37300908787607
0.34951375138319807   45.76928385333562   47.5961275221315
0.3597599029647371   42.97516361832189   44.8611459759422
0.37030642505191835   40.35978431290618   42.29583710469652
0.3811621231401457   38.01013626587276   39.9582361260905
0.3923360608618501   35.89177628316006   37.81801483803357
0.4038375675538918   33.8908678947218   35.791175505481846
0.41567624604680364   31.919536284062563   33.81531486921242
0.42786198068238046   29.98987663017821   31.90052580194119
0.4404049455663077   28.171105687101008   30.09462050816873
0.4533156130627191   26.500398676497568   28.417303407474858
0.4666047625377753   24.95223289213138   26.849573554398248
0.4802834893595659   23.476318986717366   25.357973972016463
0.49436321416184764   22.054392863467804   23.92989219804086
0.5088556923793517   20.708258956423286   22.578499586132107
0.5237730240626238   19.45408685826366   21.311332586445847
0.5391276639805903   18.280600886928784   20.119109252195678
0.5549324320192869   17.167541226084566   18.989478266055492
0.5712005238854289   16.111070820132063   17.918830086810548
0.5879455221237613   15.11821270240127   16.909696173673005
0.6051814074573895   14.187596152773027   15.959669666557351
0.622922570460556   13.310283987708644   15.062491340000017
0.6411838235736077   12.481778459627897   14.214688456210927
0.6599804134701901   11.702352389275918   13.415265792206993
0.6793280337869897   10.971648158201742   12.662708032958113
0.6992428382266549   10.282792125418121   11.951733149900665
0.7197414540448374   9.63458668306144   11.281254551574108
0.7408409959326054   9.025991287707383   10.649870611010204
0.7625590803058332   8.454068925078627   10.054598864915695
0.7849138400134885   7.916717116725845   9.493416434496247
0.8079239394770964   7.411981555975433   8.964448388013974
0.8316085902740278   6.93800783332908   8.465912141947749
0.8559875671776167   6.493037136118341   7.996114056604472
0.8810812246675007   6.075402072169127   7.553446040987954
0.9069105139239728   5.68352261881152   7.1363821812851835
0.9334970003205227   5.315901897508627   6.7434742749791585
0.960862881429187   4.971120425858647   6.373341069753114
0.9890310055537336   4.647834291558123   6.024671650315881
1.0180248908061487   4.344772849976567   5.696226968546518
1.047868744742366   4.060735175104736   5.386836375634416
1.0785874845736239   3.7945866415986806   5.095394245291372
1.1102067579703248   3.545255644130909   4.820856722838052
1.1427529644757777   3.31173045063172   4.562238599382335
1.1762532775476793   3.093056055328135   4.318610104593702
1.210735667245765   2.8883311112090624   4.089093728835275
1.246228923584555   2.696705539808202   3.8728620343000455
1.2827626805706884   2.5173779380825296   3.669135103840189
1.3203674409449337   2.349593030680523   3.477177995891328
1.3590746016495152   2.192639237614028   3.296298315561276
1.3989164800420282   2.0458463534455062   3.1258438986559143
1.4399263408778291   1.9085833224928734   2.9652004484909527
1.4821384240834183   1.7802558591983644   2.8137857167030673
1.525587973344019   1.66030451460457   2.671048216190117
1.5703112655292182   1.5482031000149794   2.5364698066839884
1.6163456409812174   1.4434568593474484   2.409563897096644
1.6637295346910133   1.345600716343769   2.2898735364237757
1.7125025083885144   1.2541976101254475   2.176969616716568
1.7627052835733923   1.1688369153392821   2.070449181986805
1.814379775514258   1.0891329211785303   1.9699329516561712
1.8675691282445197   1.0147232982390308   1.8750591512672554
1.922317750584177   0.9452678737898157   1.7854866346015692
1.9786713532176083   0.8804474164863263   1.7008960803538327
2.0366769868582977   0.8199624183282743   1.6209885443421483
2.0963830815323896   0.763531941895436   1.5454841034659947
2.1578394870138577   0.7108925299595233   1.4741205929599916
2.2210975144450407   0.6617971741940519   1.406652417854311
2.286209979177315   0.6160142698738408   1.3428461624090668
2.3532312448676476   0.5733266296943507   1.28247601532682
2.4222172688678643   0.5335307892814543   1.2253304994208245
2.4932256489445366   0.49643620246252873   1.1712125469584203
2.5663156713684585   0.461864456191335   1.1199384318971644
2.641548360413907   0.42964853053984975   1.0713367871321084
2.7189865293089923   0.3996321013650944   1.0252476995493782
2.798694832679631   0.37166889368759515   0.9815217227405919
2.8807398205309562   0.3456222388738913   0.9400163885360212
2.9651899938111903   0.3213644113237969   0.9005963383334511
3.05211586160442   0.29877588900147733   0.8631354816423891
3.1415899999999994   0.27774484640327113   0.8275163890957401
