0.01   15101.059922221082   15099.310251949175
0.010293154462191829   15241.56013468751   15239.678794463576
0.010594902878253955   15374.35425088121   15372.330837976033
0.010905497183778876   15498.907393860107   15496.72933073875
0.011225196699963396   15614.679004467043   15612.331811846903
0.011554268350120923   15721.093932109714   15718.56259558291
0.011892986882540897   15817.571973833226   15814.841397699704
0.012241635099881474   15903.540925576497   15900.59596184838
0.012600504095286909   15978.414996213998   15975.239479392714
0.012969893495426888   16041.597487059049   16038.173254731537
0.013350111710660605   16092.508730814043   16088.815648800793
0.013741476192534558   16130.578148100305   16126.594135157424
0.014144313698828986   16155.216389785759   16150.917299242254
0.01455896056637426   16165.854183613956   16161.213898177517
0.014985762991865008   16161.954371330849   16156.944884146717
0.01542507732090645   16142.987272218355   16137.577477233814
0.015877270345534218   16108.442686185977   16102.597537518133
0.016342719610456153   16057.858600306321   16051.539396891241
0.016821813728271667   15990.816667354182   15983.981292828677
0.017314952703931925   15906.931206480696   15899.534224781979
0.017822548268711737   15805.876808989491   15797.869912957454
0.01834502422397195   15687.397350456451   15678.729863828506
0.018882816794999403   15551.30922607418   15541.92808389106
0.019436374995219892   15397.506246133938   15387.356318848853
0.02000616100108813   15225.964518490357   15214.989397140447
0.020592650537967844   15036.767306352262   15024.911784833961
0.021196333277324068   14830.126983665952   14817.341038925526
0.02181771324555934   14606.346977791158   14592.58672366479
0.022457309244835088   14365.83293036239   14351.06180398804
0.02311565528622961   14109.191635471068   14093.385681227768
0.023793301035594242   13837.156945436336   13820.30692557487
0.024490812272480036   13550.533369349556   13532.644494837032
0.025208771362518027   13250.317121134154   13231.413545762387
0.0259477777436476   12937.739832760044   12917.870831177695
0.02670844842659881   12614.070026044477   12593.308408549028
0.027491418510046592   12280.656261772443   12259.09698464386
0.028297341710866907   11939.209459714803   11916.9724973178
0.029126890909937666   11591.50819785894   11568.736750683964
0.029980758713939952   11239.262157685103   11216.118790380904
0.030859658033628758   10884.381504695373   10861.04724483652
0.031764322679055976   10528.968844155204   10505.642270176279
0.03269550797224261   10174.963084392124   10151.855890056788
0.033653991377811755   9824.293456610672   9801.621878273274
0.03464057315210884   9479.377864757627   9457.34240093248
0.03565607701135116   9142.503270152665   9121.284139043124
0.036701350819364466   8815.635995712053   8795.393721532371
0.03777726729548091   8500.336406972681   8481.209286768215
0.038884724743189276   8197.813562176922   8179.916460875276
0.04002464780014597   7909.058158398273   7892.485061780776
0.041197988210172884   7635.289696517625   7620.082824587332
0.04240572561788674   7378.748055660965   7364.805769858198
0.04364886838662332   7141.5524705298885   7128.630974831162
0.04492845444033957   6925.231447517369   6912.968022429124
0.04624555213019635   6729.048184146433   6717.008192299734
0.04760126112654554   6551.420296041388   6539.117962764631
0.04899671333706607   6390.907046318641   6377.805652462209
0.05043307385181555   6246.026216608509   6231.52316764494
0.05191154191598653   6115.358357485301   6098.779453722468
0.053433351931179485   5997.3761060677625   5977.990110566042
0.05499977448602865   5889.739767479936   5866.809693374651
0.05661211741704101   5790.043329628541   5762.840860864594
0.05827172690053434   5695.396516146002   5663.274281217417
0.05997998857658587   5602.352110639227   5564.826850343772
0.06173832870592997   5507.3559657292835   5464.161038704536
0.0635482153607709   5406.147207702916   5357.386329763982
0.06541115965050462   5294.607778011435   5240.802019619605
0.06732871698337338   5169.01785280324   5111.23391400737
0.06930248836510605   5026.2467205250105   4966.107914922217
0.07133412173562886   4864.528900715112   4804.125238727853
0.07342531334496233   4683.275305533382   4625.070696239312
0.07557780916945323   4483.8165179579955   4430.671662495898
0.07779340636952398   4268.749928887567   4223.772665879653
0.08007395479015682   4042.0883437569164   4008.1563714020153
0.08242135850536496   3808.5201774598117   3788.110250407285
0.08483757740794096   3573.4902933774683   3568.6989026988754
0.08732462884580919   3342.9691018673143   3355.1812038508483
0.08988458930634863   3123.11107946972   3152.7290945202617
0.09251959615009227   2919.699463579395   2966.040285212732
0.09523184939525078   2738.129968229998   2799.368736136879
0.09802361355455057   2582.0304184826255   2655.225520823527
0.10089721952591899   2453.5056334600035   2534.6681890256136
0.10385506653859616   2351.974716737954   2436.5680682607945
0.10689962415629803   2275.165830873665   2358.4668463811727
0.11003343433910281   2218.479153780426   2296.2130019310202
0.11325911356578279   2176.0325440513566   2244.6888418282483
0.11657935501835284   2140.6946481626906   2197.9644814764742
0.11999693083066039   2104.644977018433   2150.201398434924
0.12351469440289359   2060.3529422047154   2096.051330015548
0.12713558278394044   2001.519287846972   2031.238197220383
0.13086261912358757   1924.368956028143   1953.6914420944356
0.13469891519660646   1828.2473826834748   1863.7101306277675
0.13864767400083483   1715.9058968591426   1764.0726339441774
0.14271219243142114   1593.4274251085703   1659.690956605738
0.14689586403346616   1469.662285430732   1556.5417114459701
0.1512021818353596   1354.379590094356   1460.8513850844022
0.15563474126517718   1255.5531841786305   1377.630930672864
0.16019724315257297   1177.458948394847   1308.75013753922
0.1648934968186736   1120.479303817646   1253.3490551343223
0.1697274232565544   1081.8893669784668   1209.3019789461669
0.17470305840495237   1056.1660473359768   1172.8924121140085
0.17982455651794954   1035.0423437198153   1138.8010713784051
0.18509619363343993   1009.246139591096   1102.1208963472377
0.19052237114327647   971.9375693654694   1059.8738135992382
0.19610761946807834   921.0763391646133   1011.6725350991195
0.20185660183976684   859.2626550115128   959.2793367123788
0.20777411819498756   792.9008759293691   906.5632860989768
0.21386510918267082   730.3532074913019   857.3254672079238
0.22013466028907505   678.5784652619888   814.5670223817556
0.22658800608375756   640.5676141356033   778.2259052570819
0.23323053459001789   614.8734150422903   747.7485627156966
0.2400677917834628   596.0314660800158   720.3196741304469
0.24710548622244882   576.6765190590186   693.0772411524899
0.25434949381426813   551.3313675785176   664.5173891016539
0.2618058627210567   518.6319980575173   634.2234936504782
0.2694808184095226   481.4853454297725   603.8161589894877
0.27738076884870827   445.71829726142545   574.9249936450302
0.2855123098601282   416.321546630473   548.9100637909195
0.29388223062474755   394.574046394641   526.1088026519238
0.3024975193514008   378.0377519659287   504.8179086838193
0.31136536911138296   362.1093189257302   484.25678571309527
0.3204931838440838   343.19427155954776   464.097165855026
0.32988858453867975   321.2210584062738   443.8246439838832
0.3395594155970457   298.98405521463803   424.3830102518519
0.34951375138319807   279.6995115737266   406.26190349020897
0.3597599029647371   264.43590360409536   389.6538603972696
0.37030642505191835   251.4830415960474   373.9417170894348
0.3811621231401457   238.26704103898675   358.75263561958593
0.3923360608618501   223.77644007127063   344.0560009691769
0.4038375675538918   209.13313420976337   329.90018073627084
0.41567624604680364   196.08817346586022   316.5654095702981
0.42786198068238046   185.03767004216127   304.10212632694885
0.4404049455663077   174.88697687976332   292.22598569867296
0.4533156130627191   164.54413733141155   280.80034746391425
0.4666047625377753   154.16173277468732   269.8272058614213
0.4802834893595659   144.5841732642607   259.41587406272737
0.49436321416184764   136.08260265938395   249.59893124472876
0.5088556923793517   128.11453969157438   240.2428074101343
0.5237730240626238   120.26383720290704   231.2451954890925
0.5391276639805903   112.74727986604753   222.67102364485484
0.5549324320192869   105.86070349978998   214.5382752956293
0.5712005238854289   99.47303392637818   206.80485428484937
0.5879455221237613   93.34203418798093   199.40160074389658
0.6051814074573895   87.51022886476926   192.32404385061463
0.622922570460556   82.09388886782403   185.60021195649003
0.6411838235736077   77.02910436113685   179.18497442274065
0.6599804134701901   72.24420226548739   173.05427773386702
0.6793280337869897   67.72736047352721   167.19402993740968
0.6992428382266549   63.47077248171166   161.5914262810582
0.7197414540448374   59.46581641147467   156.23431558130298
0.7408409959326054   55.70323785100953   151.11116566877763
0.7625590803058332   52.172572074029524   146.2106036935043
0.7849138400134885   48.860139796853936   141.52003535769393
0.8079239394770964   45.75221461368842   137.02718282958392
0.8316085902740278   42.83598935358986   132.72058008166434
0.8559875671776167   40.09950916433687   128.58951363753394
0.8810812246675007   37.53160981896531   124.62396815100905
0.9069105139239728   35.121860840863825   120.81457640847427
0.9334970003205227   32.86058379940052   117.15249500748762
0.960862881429187   30.739104093709383   113.62900290880283
0.9890310055537336   28.74935169343472   110.23580398575585
1.0180248908061487   26.883671086092964   106.96516205623334
1.047868744742366   25.13480422514281   103.80986143922428
1.0785874845736239   23.495874008311578   100.76317058501708
1.1102067579703248   21.960368084687776   97.81880872604953
1.1427529644757777   20.522114183678795   94.97087007270817
1.1762532775476793   19.17521063528955   92.21349964008256
1.210735667245765   17.914064379592606   89.54109402019873
1.246228923584555   16.733409614646604   86.94845143154495
1.2827626805706884   15.62828989025101   84.43074652383157
1.3203674409449337   14.59404091838584   81.98350633399978
1.3590746016495152   13.6262742711471   79.60258822835175
1.3989164800420282   12.720862624410515   77.28415761911445
1.4399263408778291   11.873931293707336   75.02465038106212
1.4821384240834183   11.081839464077142   72.82076670394393
1.525587973344019   10.341162310185837   70.66946889250015
1.5703112655292182   9.64867894197858   68.56796656661216
1.6163456409812174   9.001361025270999   66.51370271972537
1.6637295346910133   8.396361979976204   64.50434071556481
1.7125025083885144   7.831006647755785   62.537764853107205
1.7627052835733923   7.302780485182285   60.61224436009966
1.814379775514258   6.809320986726869   58.72635336253088
1.8675691282445197   6.348409978491156   56.87880346464101
1.922317750584177   5.917965283345607   55.06843186834789
1.9786713532176083   5.516032807641384   53.29419402011024
2.0366769868582977   5.140779056488833   51.55515651729534
2.0963830815323896   4.790484004628674   49.8504987798571
2.1578394870138577   4.463533357275474   48.17968635865276
2.2210975144450407   4.1584126087101065   46.54243222234177
2.286209979177315   3.873702300595121   44.938491056190216
2.3532312448676476   3.6080723434484367   43.367646920867614
2.4222172688678643   3.360276610569066   41.82970980943608
2.4932256489445366   3.129147842723383   40.32451228793073
2.5663156713684585   2.9135928876187367   38.851914682390564
2.641548360413907   2.712589539648636   37.41209624826147
2.7189865293089923   2.5251821559184178   36.00557557434626
2.798694832679631   2.3504756698888354   34.63280345016879
2.8807398205309562   2.187631823270945   33.29413922434538
2.9651899938111903   2.0358657362619974   31.98985446934965
3.05211586160442   1.8944426706713353   30.72013675593585
3.1415899999999994   1.762674927997227   29.485090830840353
