0.01   385.33791517777786   385.3328391671906
0.010293154462191829   389.8799258850818   389.8747833469746
0.010594902878253955   394.27448834094037   394.26929469309465
0.010905497183778876   398.5092965603388   398.50406554719973
0.011225196699963396   402.57149105060523   402.56623111903826
0.011554268350120923   406.44772793192186   406.4424388210283
0.011892986882540897   410.12461873360206   410.11929101860864
0.012241635099881474   413.5884851110066   413.58310398419013
0.012600504095286909   416.8247286350003   416.8192867311778
0.012969893495426888   419.8186506527479   419.81315088774846
0.013350111710660605   422.5556810261693   422.5501361101003
0.013741476192534558   425.02109348465785   425.01551503681816
0.014144313698828986   427.2001717796055   427.1945620624327
0.01455896056637426   429.07855807467223   429.0729096060684
0.014985762991865008   430.64194596111736   430.6362457966964
0.01542507732090645   431.87554953808075   431.8697904874731
0.015877270345534218   432.7650369121283   432.7592194147788
0.016342719610456153   433.2967462523055   433.29087793577133
0.016821813728271667   433.45740234785376   433.4514924480289
0.017314952703931925   433.2343895265979   433.2284454935407
0.017822548268711737   432.61611027847744   432.6101376837199
0.01834502422397195   431.5919935246338   431.58599221077964
0.018882816794999403   430.15249340106857   430.14644968534526
0.019436374995219892   428.289379856941   428.28326582976536
0.02000616100108813   425.9959282528632   425.9897040085787
0.020592650537967844   423.26746448805443   423.261093442197
0.021196333277324068   420.1011732606136   420.0946295607386
0.02181771324555934   416.49592893186906   416.48919740245566
0.022457309244835088   412.4533438212285   412.44641670667755
0.02311565528622961   407.9784322127542   407.9713039255245
0.023793301035594242   403.078062121596   403.0707287971179
0.024490812272480036   397.7613710269024   397.7538318617856
0.025208771362518027   392.0428180374005   392.03508348459326
0.0259477777436476   385.93969165585577   385.93178604932643
0.02670844842659881   379.47059192026796   379.46255247254703
0.027491418510046592   372.6589489896413   372.65082097390683
0.028297341710866907   365.53391102333376   365.5257418294835
0.029126890909937666   358.12517006652786   358.1170083238706
0.029980758713939952   350.464194845992   350.4560955566288
0.030859658033628758   342.5910890900304   342.58314083441206
0.031764322679055976   334.54740832191976   334.5397384186756
0.03269550797224261   326.3731240307516   326.36589280741174
0.033653991377811755   318.11271102899826   318.106075413534
0.03464057315210884   309.81496009047873   309.80903759386587
0.03565607701135116   301.5253429111895   301.5202127482238
0.036701350819364466   293.28889949889555   293.2846219533548
0.03777726729548091   285.15985251662147   285.1565345723585
0.038884724743189276   277.1901906274493   277.1879965774139
0.04002464780014597   269.42589782189003   269.42503356028845
0.041197988210172884   261.9017268392826   261.9022569039444
0.04240572561788674   254.642819920065   254.64452265333207
0.04364886838662332   247.67075567614629   247.6731491895059
0.04492845444033957   241.01117724450864   241.01366239971225
0.04624555213019635   234.70890134376234   234.71113819827596
0.04760126112654554   228.80798098773275   228.8099347461752
0.04899671333706607   223.3403219538191   223.34219742731096
0.05043307385181555   218.2762181577772   218.27815575525784
0.05191154191598653   213.56058143787018   213.56252841701223
0.053433351931179485   209.14291717301086   209.14463103755628
0.05499977448602865   204.97801630920208   204.97897905122275
0.05661211741704101   201.0247259703884   201.0241150511355
0.05827172690053434   197.2396849610261   197.23644838633203
0.05997998857658587   193.56132985770213   193.5544201843222
0.06173832870592997   189.9266364446821   189.91507616633723
0.0635482153607709   186.2635672617933   186.2466473851968
0.06541115965050462   182.48936952979278   182.4668771287244
0.06732871698337338   178.5233616357698   178.49558368423106
0.06930248836510605   174.27838726417554   174.24613130320375
0.07133412173562886   169.67700841502557   169.64153548968397
0.07342531334496233   164.66900012867555   164.6317150948476
0.07557780916945323   159.22607840524245   159.1883849665698
0.07779340636952398   153.36337584770814   153.3266700005131
0.08007395479015682   147.12600582546614   147.09166361274106
0.08242135850536496   140.60175142892496   140.57118781185085
0.08483757740794096   133.89956626556204   133.87426166251157
0.08732462884580919   127.14722672544315   127.12883065762587
0.08988458930634863   120.47430576110821   120.46444807325022
0.09251959615009227   114.0148942564074   114.01463206406673
0.09523184939525078   107.9003550826947   107.90975790428516
0.09802361355455057   102.2571752714943   102.27501126150257
0.10089721952591899   97.18543177562428   97.20933466569817
0.10385506653859616   92.76171693370021   92.78832855450935
0.10689962415629803   89.00498893929446   89.03065191644197
0.11003343433910281   85.88357782213238   85.9048468504938
0.11325911356578279   83.2995104026576   83.313114806743
0.11657935501835284   81.11534336300028   81.11829640249023
0.11999693083066039   79.15564262375074   79.14585736315738
0.12351469440289359   77.2376525717294   77.21419397792532
0.12713558278394044   75.18192468965901   75.14527259546323
0.13086261912358757   72.83968253684488   72.79237638415468
0.13469891519660646   70.11425894934618   70.06067454565434
0.13864767400083483   66.98048134019359   66.92605432173308
0.14271219243142114   63.493189687577924   63.44401972609606
0.14689586403346616   59.77280254648655   59.734771558454845
0.1512021818353596   55.99073168170467   55.96803806227265
0.15563474126517718   52.35135965686837   52.34486499930178
0.16019724315257297   49.060708646933584   49.06748937279876
0.1648934968186736   46.26843444809061   46.282767748261115
0.1697274232565544   44.02102030142747   44.0361968578542
0.17470305840495237   42.25682273226595   42.26616418619445
0.17982455651794954   40.841048742958364   40.8382240405929
0.18509619363343993   39.60181644710888   39.582533267002816
0.19052237114327647   38.34448992208617   38.30906079592288
0.19610761946807834   36.8866582390775   36.84068597042459
0.20185660183976684   35.13526101318489   35.08749922058852
0.20777411819498756   33.13276364841266   33.090962897820496
0.21386510918267082   31.018216596371964   30.988538902546374
0.22013466028907505   28.96515353205367   28.950111308610076
0.22658800608375756   27.135378506274186   27.131398709102836
0.23323053459001789   25.629365784895466   25.629237344668265
0.2400677917834628   24.439832282139747   24.435148130239444
0.24710548622244882   23.463849364588796   23.447755398359494
0.25434949381426813   22.54795874398542   22.519241567470008
0.2618058627210567   21.54560948432484   21.50964871112957
0.2694808184095226   20.39804904204217   20.362163399320114
0.27738076884870827   19.156831026436635   19.128298301469655
0.2855123098601282   17.929925875318254   17.911554222921733
0.29388223062474755   16.830301745601936   16.819523328169
0.3024975193514008   15.915609363329953   15.905062135259088
0.31136536911138296   15.14915448290117   15.133138355234001
0.3204931838440838   14.440575349233745   14.417482147519834
0.32988858453867975   13.705795859744871   13.67927385440115
0.3395594155970457   12.917926389147295   12.89380967205196
0.34951375138319807   12.123825567093135   12.105745143030392
0.3597599029647371   11.390963138805326   11.377991347928257
0.37030642505191835   10.751763553376653   10.739364017433179
0.3811621231401457   10.186738869003303   10.171476212004594
0.3923360608618501   9.645003572539956   9.62736639781437
0.4038375675538918   9.09486564463544   9.078098989567462
0.41567624604680364   8.548409946060753   8.535053487014094
0.42786198068238046   8.037412423648494   8.027088618402612
0.4404049455663077   7.577267235873865   7.5675426074633085
0.4533156130627191   7.152904084184838   7.142353492708815
0.4666047625377753   6.742282909449026   6.731984585019443
0.4802834893595659   6.340462555007428   6.332158827410201
0.49436321416184764   5.960625823485829   5.954348955768678
0.5088556923793517   5.610292144357967   5.6049340118588775
0.5237730240626238   5.282951157747997   5.27792910105542
0.5391276639805903   4.969291457759848   4.965220821380237
0.5549324320192869   4.669754149536309   4.66724412571188
0.5712005238854289   4.389136938338738   4.387829551939442
0.5879455221237613   4.126674717529562   4.126145064573196
0.6051814074573895   3.87806852764579   3.8784705059262823
0.622922570460556   3.6422491770999863   3.643820013849591
0.6411838235736077   3.4205990239288764   3.4232087461594904
0.6599804134701901   3.21230378011229   3.2158176991784875
0.6793280337869897   3.0158608581829736   3.020256392241984
0.6992428382266549   2.8307397525412505   2.8360247939999805
0.7197414540448374   2.6563617252315312   2.6625373724547012
0.7408409959326054   2.4921634145930813   2.499221567200323
0.7625590803058332   2.3376056885052554   2.345530294853256
0.7849138400134885   2.1921730614611135   2.200941265412571
0.8079239394770964   2.0553730827582117   2.064956274197338
0.8316085902740278   1.926735685484595   1.93710046435992
0.8559875671776167   1.805809189514275   1.8169193569685678
0.8810812246675007   1.6921566797941874   1.7039761203856338
0.9069105139239728   1.5853632398255262   1.5978560780380857
0.9334970003205227   1.4850360397398379   1.4981664681239217
0.960862881429187   1.3908032682002094   1.4045354370948462
0.9890310055537336   1.3023131087901754   1.3166110671329452
1.0180248908061487   1.2192327595101873   1.2340604374972697
1.047868744742366   1.1412475187564683   1.1565687338543431
1.0785874845736239   1.068060555204753   1.0838387645759004
1.1102067579703248   0.9993919251951113   1.0155900531479953
1.1427529644757777   0.9349768694041241   0.9515575213760311
1.1762532775476793   0.8745650338339835   0.8914907177613907
1.210735667245765   0.8179197702177521   0.835153102829346
1.246228923584555   0.7648174641173107   0.7823213615326923
1.2827626805706884   0.7150468900918621   0.7327847423854799
1.3203674409449337   0.668408567210029   0.6863444091312892
1.3590746016495152   0.6247139450869308   0.642812714684227
1.3989164800420282   0.5837850147976622   0.6020127110721586
1.4399263408778291   0.5454539307337992   0.5637776780928193
1.4821384240834183   0.509562477231014   0.5279505819392778
1.525587973344019   0.47596155784655547   0.49438355719297605
1.5703112655292182   0.44451070865289666   0.46293741263852695
1.6163456409812174   0.4150776346413764   0.4334811601371224
1.6637295346910133   0.38753775916819483   0.40589168421594557
1.7125025083885144   0.36177377559355367   0.3800536832506171
1.7627052835733923   0.3376752871063352   0.3558587599410379
1.814379775514258   0.31513843856424073   0.3332048829653209
1.8675691282445197   0.29406555322517175   0.31199604732091074
1.922317750584177   0.2743647878433582   0.2921419496231814
1.9786713532176083   0.25594980533511025   0.2735576779795232
2.0366769868582977   0.23873946408852884   0.25616341599160614
2.0963830815323896   0.22265749356942002   0.23988414821200932
2.1578394870138577   0.20763219089401402   0.2246493810067
2.2210975144450407   0.1935962264867489   0.2103929155589192
2.286209979177315   0.18048639954672377   0.19705260718543138
2.3532312448676476   0.16824339698707652   0.18457013267092845
2.4222172688678643   0.15681156555807374   0.17289076943445394
2.4932256489445366   0.1461386964970763   0.16196318606844987
2.5663156713684585   0.1361758244533002   0.151739243675818
2.641548360413907   0.12687709663890384   0.14217380469635346
2.7189865293089923   0.11819957738978634   0.13322455547268383
2.798694832679631   0.11010299694137003   0.12485184178927317
2.8807398205309562   0.10254959124379812   0.11701850953750838
2.9651899938111903   0.09550395465154288   0.10968975394100193
3.05211586160442   0.0889329005862058   0.10283297715815946
3.1415899999999994   0.08280532979481055   0.09641765386566073
