0.01   13124.16040073185   13117.222574579278
0.010293154462191829   13310.671081423816   13303.058627970264
0.010594902878253955   13493.924273519851   13485.573636933017
0.010905497183778876   13673.530991588974   13664.373533687392
0.011225196699963396   13849.079034162123   13839.04038496423
0.011554268350120923   14020.14764282653   14009.147626538761
0.011892986882540897   14186.305805691694   14174.258138106503
0.012241635099881474   14347.099191875017   14333.910085941116
0.012600504095286909   14502.063335908932   14487.631099790848
0.012969893495426888   14650.729286562795   14634.944338904721
0.013350111710660605   14792.608924831251   14775.353203970008
0.013741476192534558   14927.196669065854   14908.343113707597
0.014144313698828986   15053.986483921759   15033.39920898979
0.01455896056637426   15172.46743912093   15150.0014749795
0.014985762991865008   15282.110459047202   15257.610408423583
0.01542507732090645   15382.38801801592   15355.688140240496
0.015877270345534218   15472.779357900152   15443.703911702976
0.016342719610456153   15552.755145853302   15521.116840560628
0.016821813728271667   15621.786220096024   15587.385472448184
0.017314952703931925   15679.359315347116   15641.985075588178
0.017822548268711737   15724.973580232012   15684.402911671865
0.01834502422397195   15758.135883565372   15714.132068155826
0.018882816794999403   15778.376908465363   15730.690408112534
0.019436374995219892   15785.256257146737   15733.626333973367
0.02000616100108813   15778.36434275708   15722.521283908276
0.020592650537967844   15757.32677813431   15696.994083942043
0.021196333277324068   15721.808858452037   15656.705391615265
0.02181771324555934   15671.53223139786   15601.373464981682
0.022457309244835088   15606.28439607611   15530.783295379544
0.02311565528622961   15525.902621408837   15444.77220348644
0.023793301035594242   15430.287324763309   15343.245237189341
0.024490812272480036   15319.455857984349   15226.236125673604
0.025208771362518027   15193.498368605096   15093.856780153756
0.0259477777436476   15052.560803151102   14946.277483370177
0.02670844842659881   14896.92712290312   14783.813387479335
0.027491418510046592   14727.018808890358   14606.923610199992
0.028297341710866907   14543.304872446264   14416.116097882952
0.029126890909937666   14346.355715183936   14212.004907311843
0.029980758713939952   14136.983560310335   13995.459360286586
0.030859658033628758   13916.063856696044   13767.41317172112
0.031764322679055976   13684.497139232553   13528.823458991079
0.03269550797224261   13443.381917878572   13280.852239805865
0.033653991377811755   13193.943385810906   13024.790701690754
0.03464057315210884   12937.38004823876   12761.897605283697
0.03565607701135116   12675.03942454924   12493.5709416306
0.036701350819364466   12408.641824815772   12221.566232264207
0.03777726729548091   12139.868667085446   11947.591786405943
0.038884724743189276   11870.272716442238   11673.22264429884
0.04002464780014597   11601.130650949537   11399.770418633056
0.041197988210172884   11333.539247933852   11128.369232650264
0.04240572561788674   11068.515493203326   10860.064964159927
0.04364886838662332   10807.520814048312   10596.279002492756
0.04492845444033957   10552.734019556166   10339.048410102563
0.04624555213019635   10306.203210305532   10090.276557500907
0.04760126112654554   10069.626612807082   9851.52209251573
0.04899671333706607   9843.688692542477   9623.328122819054
0.05043307385181555   9628.700921701593   9405.871220696037
0.05191154191598653   9424.892298305303   9199.256432837556
0.053433351931179485   9231.79741202092   9002.931775317236
0.05499977448602865   9048.449598556988   8815.874367059096
0.05661211741704101   8873.907687036515   8637.0960158657
0.05827172690053434   8706.837935671936   8465.272960648845
0.05997998857658587   8545.622537594667   8298.84336528205
0.06173832870592997   8388.685241612673   8136.303406568338
0.0635482153607709   8234.130666488885   7975.930999780411
0.06541115965050462   8080.006200352393   7815.988288357426
0.06732871698337338   7924.215890060033   7654.683049224867
0.06930248836510605   7764.257966226056   7489.993839717237
0.07133412173562886   7597.719982709127   7320.019644064822
0.07342531334496233   7422.021443956017   7142.884429466741
0.07557780916945323   7234.760366442893   6956.92041495346
0.07779340636952398   7034.198215290311   6761.171317933406
0.08007395479015682   6819.232257989494   6555.28183492519
0.08242135850536496   6590.1066846164995   6339.944147139745
0.08483757740794096   6348.286456547961   6116.7701758195935
0.08732462884580919   6096.5026690439345   5888.22817686776
0.08988458930634863   5838.4459445049115   5657.4177828015445
0.09251959615009227   5578.467455689581   5427.864073699714
0.09523184939525078   5321.102513369574   5203.109057782496
0.09802361355455057   5070.918635269611   4986.310506274106
0.10089721952591899   4832.225196698017   4780.241258737082
0.10385506653859616   4609.148447285785   4587.376162236985
0.10689962415629803   4405.041462015071   4409.55875291104
0.11003343433910281   4222.500856745054   4247.849305925198
0.11325911356578279   4062.573338112657   4102.288672900041
0.11657935501835284   3924.4194659689138   3971.6457960049097
0.11999693083066039   3805.064586615463   3853.3901947032346
0.12351469440289359   3699.7785851959416   3744.002720885802
0.12713558278394044   3602.462244118347   3639.62683136026
0.13086261912358757   3506.714044552818   3536.5199462690452
0.13469891519660646   3406.395451356211   3431.355639832828
0.13864767400083483   3296.570864315546   3321.9728648849537
0.14271219243142114   3174.075875822717   3207.345652360882
0.14689586403346616   3038.231157063262   3087.6555570755254
0.1512021818353596   2891.122072877778   2964.9413474313633
0.15563474126517718   2737.083960686729   2841.915961945534
0.16019724315257297   2582.0225424948703   2721.339688682336
0.1648934968186736   2432.6158683255308   2606.2167033176916
0.1697274232565544   2295.489567229266   2498.8672223010585
0.17470305840495237   2175.8490635729877   2401.2704558614205
0.17982455651794954   2075.818569649836   2313.3231598613356
0.18509619363343993   1993.4888570353953   2233.1115736806028
0.19052237114327647   1923.6553788407698   2158.6339266561886
0.19610761946807834   1859.7718446375475   2086.9958505787827
0.20185660183976684   1795.3644753116753   2016.3061668091955
0.20777411819498756   1724.7580310295207   1945.0066823166762
0.21386510918267082   1644.6866484619059   1872.8650776702282
0.22013466028907505   1556.3015655029008   1800.4885242981577
0.22658800608375756   1464.7840607841222   1729.7784798012785
0.23323053459001789   1376.5227885340316   1662.285647092647
0.2400677917834628   1296.867669815927   1598.8024896881657
0.24710548622244882   1229.0093727055864   1539.9299844872187
0.25434949381426813   1172.70579133946   1484.8103275241663
0.2618058627210567   1124.164487577793   1432.6209104822692
0.2694808184095226   1077.9269465700359   1382.3269129757987
0.27738076884870827   1029.1315596184827   1333.1002724074142
0.2855123098601282   975.6744227075462   1284.7628876793005
0.29388223062474755   919.4582887760874   1237.6301161505892
0.3024975193514008   864.6485214241036   1192.7679172283763
0.31136536911138296   814.9275982869217   1149.9735953341985
0.3204931838440838   772.0691477870216   1109.3775153076133
0.32988858453867975   734.8227240911851   1070.9403568820874
0.3395594155970457   699.8036769881704   1034.0347041210202
0.34951375138319807   664.1684276269316   998.3387412761932
0.3597599029647371   627.1681336299223   963.7795992945867
0.37030642505191835   590.4181232650194   930.593280836477
0.3811621231401457   556.3605515339788   898.8972688042633
0.3923360608618501   525.99309150168   868.7597536176945
0.4038375675538918   498.46025892241784   839.9163355127088
0.41567624604680364   472.01977937251417   812.2560201935368
0.42786198068238046   445.6114213316065   785.5171374613096
0.4404049455663077   419.71119841171515   759.8044038387064
0.4533156130627191   395.4525895003045   735.2241728271529
0.4666047625377753   373.25871873781244   711.7298745273488
0.4802834893595659   352.5691918956752   689.237398227331
0.49436321416184764   332.60276931080415   667.5863174807948
0.5088556923793517   313.2486201892853   646.6949709867782
0.5237730240626238   294.95009541208947   626.6603183962884
0.5391276639805903   277.9336598758848   607.454242408998
0.5549324320192869   261.9340201089294   589.0005973085571
0.5712005238854289   246.63888168011374   571.2069382172107
0.5879455221237613   232.07076074664928   554.0576129403909
0.6051814074573895   218.38060803485436   537.5667743339119
0.622922570460556   205.5176217038542   521.6948963885186
0.6411838235736077   193.32571206893638   506.3616997579704
0.6599804134701901   181.76999697750955   491.5544728182125
0.6793280337869897   170.88706030188578   477.2698144700906
0.6992428382266549   160.6404380394498   463.45634021942607
0.7197414540448374   150.97244568647466   450.0834958710602
0.7408409959326054   141.8458406349142   437.1394283302548
0.7625590803058332   133.23478628057543   424.59734101198916
0.7849138400134885   125.1142484938923   412.43234911648744
0.8079239394770964   117.46001180167177   400.62135766656826
0.8316085902740278   110.2486915129481   389.1429467203362
0.8559875671776167   103.45774093395018   377.9772661717461
0.8810812246675007   97.06544536161947   367.1059356191588
0.9069105139239728   91.05045302061161   356.5117578162938
0.9334970003205227   85.39167952903068   346.1785617550765
0.960862881429187   80.0690867682166   336.09143621018075
0.9890310055537336   75.06369860374534   326.2366840956738
1.0180248908061487   70.35754845982947   316.6017544284367
1.047868744742366   65.93362926338392   307.1751790577791
1.0785874845736239   61.77584566243987   297.9465136082714
1.1102067579703248   57.868981195596625   288.90635708658044
1.1427529644757777   54.1987542883909   280.0469174224079
1.1762532775476793   50.751692925664116   271.36155461951364
1.210735667245765   47.515024583976654   262.8443138895657
1.246228923584555   44.47664442896332   254.48988287768316
1.2827626805706884   41.625085298529214   246.29355487733272
1.3203674409449337   38.949488662042675   238.2511932424447
1.3590746016495152   36.43957654542256   230.3591973497816
1.3989164800420282   34.08561458784669   222.61512426697863
1.4399263408778291   31.8783709928017   215.01878818665975
1.4821384240834183   29.809120646924313   207.57042846567919
1.525587973344019   27.869625347043897   200.2703133540496
1.5703112655292182   26.052108998275884   193.1187277610785
1.6163456409812174   24.349233903205004   186.1159613708069
1.6637295346910133   22.75407810661975   179.26229713130883
1.7125025083885144   21.260113753636805   172.5580565485536
1.7627052835733923   19.86118628883636   166.0048810675645
1.814379775514258   18.551494802373302   159.60552166824354
1.8675691282445197   17.325573430597714   153.36232436466318
1.922317750584177   16.17827345182084   147.27717561474796
1.9786713532176083   15.104746224279706   141.35152079180148
2.0366769868582977   14.100426942669802   135.58638327788285
2.0963830815323896   13.161019181256442   129.98238405578184
2.1578394870138577   12.282479433433906   124.53986997726344
2.2210975144450407   11.460999820328777   119.25943363804545
2.286209979177315   10.692998708254875   114.14142524207962
2.3532312448676476   9.975109765047812   109.18572049207805
2.4222172688678643   9.304169730954321   104.39175347945137
2.4932256489445366   8.677206829446549   99.7585496646397
2.5663156713684585   8.091429791030997   95.28475834007206
2.641548360413907   7.544217484403927   90.96868508308043
2.7189865293089923   7.033111793392156   86.80840118582991
2.798694832679631   6.5558098477763025   82.80182837565592
2.8807398205309562   6.110149501383293   78.94660964764373
2.9651899938111903   5.694100649604661   75.24012164120772
3.05211586160442   5.305757677931063   71.67950558803282
3.1415899999999994   4.9433323015101855   68.26169684911474
