0.01   3701.4882598773197   3701.3858949016944
0.010293154462191829   3747.2754429897896   3747.171480228611
0.010594902878253955   3791.8062989214222   3791.7006693267135
0.010905497183778876   3834.9648213949827   3834.8572427796325
0.011225196699963396   3876.6288700852497   3876.5190369012953
0.011554268350120923   3916.6704640146636   3916.5582405169457
0.011892986882540897   3954.9605020884146   3954.845938094158
0.012241635099881474   3991.3674994367907   3991.2507533563153
0.012600504095286909   4025.753318809197   4025.634368573762
0.012969893495426888   4057.9786291143705   4057.857202497468
0.013350111710660605   4087.9044539789206   4087.7800349672466
0.013741476192534558   4115.386607367278   4115.258646572092
0.014144313698828986   4140.277476371295   4140.14556593306
0.01455896056637426   4162.431764940067   4162.295648928705
0.014985762991865008   4181.704684825101   4181.564155885332
0.01542507732090645   4197.947782308492   4197.802380415525
0.015877270345534218   4211.016038326504   4210.864996341884
0.016342719610456153   4220.769591145262   4220.611838514617
0.016821813728271667   4227.068835735844   4226.903046900642
0.017314952703931925   4229.777533407188   4229.602163793817
0.017822548268711737   4228.767999887587   4228.581294744921
0.01834502422397195   4223.920654319267   4223.720672297135
0.018882816794999403   4215.123048084747   4214.907703700449
0.019436374995219892   4202.274122328804   4202.0412052305865
0.02000616100108813   4185.285998937433   4185.03316761864
0.020592650537967844   4164.086730928323   4163.811312446196
0.021196333277324068   4138.620367454721   4138.319264963662
0.02181771324555934   4108.846854356144   4108.516583894948
0.022457309244835088   4074.749096751173   4074.3861392115864
0.02311565528622961   4036.3388673734157   4035.9402806075004
0.023793301035594242   3993.6464293673184   3993.209921409554
0.024490812272480036   3946.723411532897   3946.247360292572
0.025208771362518027   3895.667367371982   3895.150943283084
0.0259477777436476   3840.604413963121   3840.047617123204
0.02670844842659881   3781.6760232013366   3781.0796619045755
0.027491418510046592   3719.0666295685483   3718.4328024906144
0.028297341710866907   3653.015894209357   3652.3486979343525
0.029126890909937666   3583.7742397395987   3583.0796779086945
0.029980758713939952   3511.611130633572   3510.8969746480643
0.030859658033628758   3436.8786235227135   3436.1544450546667
0.031764322679055976   3359.9515077245396   3359.2285334206836
0.03269550797224261   3281.1954566838654   3280.486332474101
0.033653991377811755   3201.020067669454   3200.338788867146
0.03464057315210884   3119.885745564718   3119.2476183792796
0.03565607701135116   3038.228430373224   3037.6498221506904
0.036701350819364466   2956.4844852183073   2955.9822344256295
0.03777726729548091   2875.2004075208433   2874.7900476009763
0.038884724743189276   2794.913764850365   2794.6090982753803
0.04002464780014597   2716.1054356691375   2715.9186390472273
0.041197988210172884   2639.1575470118505   2639.0989266732136
0.04240572561788674   2564.359747879136   2564.437529592261
0.04364886838662332   2491.9630415665347   2492.1835876385535
0.04492845444033957   2422.2615576272806   2422.627464382193
0.04624555213019635   2355.7988601529837   2356.3014014591417
0.04760126112654554   2293.120731718651   2293.7393459019536
0.04899671333706607   2234.660481311162   2235.3643781279393
0.05043307385181555   2180.3336411678024   2181.0849436054727
0.05191154191598653   2129.798849611269   2130.554329855835
0.053433351931179485   2082.735342915082   2083.446798477972
0.05499977448602865   2038.7920471982727   2039.4067447695265
0.05661211741704101   1997.6133602155965   1998.074358433095
0.05827172690053434   1958.8300899707174   1959.0771790103677
0.05997998857658587   1921.902919735794   1921.8763678344603
0.06173832870592997   1886.2693173043062   1885.911159534576
0.0635482153607709   1851.2946070499713   1850.5541739268317
0.06541115965050462   1816.2333867945006   1815.0748368415452
0.06732871698337338   1780.3391614706388   1778.7447983141344
0.06930248836510605   1742.736562516744   1740.7190270311335
0.07133412173562886   1702.5826697482394   1700.1882142485924
0.07342531334496233   1659.1141853016993   1656.4326588025006
0.07557780916945323   1611.690916501205   1608.8580489681171
0.07779340636952398   1560.0090641719253   1557.2068767911323
0.08007395479015682   1504.0483241193606   1501.4996801919367
0.08242135850536496   1444.215795432125   1442.1656661179516
0.08483757740794096   1381.2138936947574   1379.9135682602555
0.08732462884580919   1316.0798771833317   1315.7751008488144
0.08988458930634863   1249.9900920179186   1250.9057720222436
0.09251959615009227   1184.2588628286992   1186.5706494095084
0.09523184939525078   1120.2377529585385   1124.0565919965031
0.09802361355455057   1059.2950074130858   1064.6571708274964
0.10089721952591899   1002.671326968642   1009.5213001700627
0.10385506653859616   951.5231676093321   959.6898688298734
0.10689962415629803   906.6215787627256   915.8416673354054
0.11003343433910281   868.3731556537326   878.3088575078091
0.11325911356578279   836.5335224961067   846.7835330499087
0.11657935501835284   810.3949332989029   820.5223023677078
0.11999693083066039   788.6441628246189   798.2819159138519
0.12351469440289359   769.6836968387994   778.5704490974166
0.12713558278394044   751.6818230910666   759.6912838049147
0.13086261912358757   732.802958969457   740.0068408631008
0.13469891519660646   711.4207316440911   718.1061641639178
0.13864767400083483   686.340652596357   692.9849348548181
0.14271219243142114   657.0770016123352   664.2884629314398
0.14689586403346616   623.9249098086207   632.3689249965304
0.1512021818353596   587.9205973973327   598.2099922120352
0.15563474126517718   550.7050001919777   563.2686105376936
0.16019724315257297   514.3380336732414   529.3357208892648
0.1648934968186736   480.96215977577265   498.1903579377533
0.1697274232565544   452.2814073797424   471.20059145061725
0.17470305840495237   429.0711552120612   448.9301409112382
0.17982455651794954   411.0137366084131   430.98192969381046
0.18509619363343993   396.9409141003921   416.27631772820644
0.19052237114327647   385.17310271270776   403.4029350388922
0.19610761946807834   373.70502255811726   390.7461727162442
0.20185660183976684   360.5344063067717   376.81070045494255
0.20777411819498756   344.3928600000626   360.6471627339619
0.21386510918267082   325.34002802741475   342.41134712147726
0.22013466028907505   304.5935964314754   323.16092624031194
0.22658800608375756   283.93015670604615   304.2468958068908
0.23323053459001789   265.179373821156   286.99894680179534
0.2400677917834628   249.65368429868616   272.26619027143306
0.24710548622244882   237.58157681502786   260.0874386451292
0.25434949381426813   228.08485717845795   249.79680700851975
0.2618058627210567   219.6059311538491   240.25211392516601
0.2694808184095226   210.4640301107494   230.36635023262517
0.27738076884870827   199.71928153630705   219.56538377921126
0.2855123098601282   187.63972003444155   208.11896827623164
0.29388223062474755   175.31679880051865   196.76225540260526
0.3024975193514008   164.07112286196954   186.29300863707562
0.31136536911138296   154.76544406551008   177.1563292590499
0.3204931838440838   147.24402943843103   169.18802266167944
0.32988858453867975   140.58141422778198   161.84034404828557
0.3395594155970457   133.73375217918314   154.495510838318
0.34951375138319807   126.18820448518028   146.96225343231603
0.3597599029647371   118.30921232255366   139.44526877177043
0.37030642505191835   110.89921957120431   132.3683403488328
0.3811621231401457   104.49325330581861   125.93874658360994
0.3923360608618501   99.01109438232278   120.08541468943802
0.4038375675538918   93.88041888325412   114.53360233990189
0.41567624604680364   88.61326523157658   109.06763784425037
0.42786198068238046   83.23450382530746   103.71791465686213
0.4404049455663077   78.13127821723113   98.65101867279078
0.4533156130627191   73.58553536886956   93.93788753350735
0.4666047625377753   69.49102427009143   89.53314764996509
0.4802834893595659   65.54892500159254   85.32334370069903
0.49436321416184764   61.62756449982861   81.25400875774895
0.5088556923793517   57.87406100610233   77.380442801835
0.5237730240626238   54.43539757515539   73.74250734697915
0.5391276639805903   51.26667629101946   70.307317762466
0.5549324320192869   48.228759304762825   67.03169354371673
0.5712005238854289   45.297040816133126   63.90483187506178
0.5879455221237613   42.54616561207151   60.94199932075321
0.6051814074573895   39.99371474178672   58.14311298296217
0.622922570460556   37.58130092845531   55.48336951760658
0.6411838235736077   35.2807184484742   52.95092682295019
0.6599804134701901   33.11872559957462   50.549986751195995
0.6793280337869897   31.091407827237532   48.2769664214467
0.6992428382266549   29.180798767273142   46.11862580893246
0.7197414540448374   27.380384153356253   44.06894468693389
0.7408409959326054   25.68459759914442   42.12262191400166
0.7625590803058332   24.088078441358352   40.27459112695245
0.7849138400134885   22.58567131477359   38.52001337163136
0.8079239394770964   21.17242489531213   36.85426966843518
0.8316085902740278   19.843589137805065   35.27295194493927
0.8559875671776167   18.594545161095613   33.77171031105056
0.8810812246675007   17.420771403252367   32.34616193837949
0.9069105139239728   16.31797143657579   30.992153120160655
0.9334970003205227   15.282077392572015   29.705773948414482
0.960862881429187   14.309238934902687   28.483343265754986
0.9890310055537336   13.3958126892744   27.321394585714085
1.0180248908061487   12.538352116267989   26.216662917074494
1.047868744742366   11.733598382941599   25.1660674115272
1.0785874845736239   10.978479184007568   24.16662586372649
1.1102067579703248   10.270095567788688   23.21547315282695
1.1427529644757777   9.6057054679889   22.309920538105153
1.1762532775476793   8.98271595084499   21.4474456547814
1.210735667245765   8.39867599639769   20.625681284605417
1.246228923584555   7.851269562561244   19.84240494242722
1.2827626805706884   7.33830892595116   19.095529215536786
1.3203674409449337   6.857727860929839   18.383071699825603
1.3590746016495152   6.407573703299003   17.703052305737117
1.3989164800420282   5.9860036451564325   17.053579827977234
1.4399263408778291   5.591280008308359   16.432889792858425
1.4821384240834183   5.221764736697126   15.83933516928815
1.525587973344019   4.8759141400641   15.271377777220101
1.5703112655292182   4.552273881254128   14.72758039015546
1.6163456409812174   4.249474197569498   14.206599384790039
1.6637295346910133   3.966225135208667   13.70715341185214
1.7125025083885144   3.7013120077313215   13.22798831745307
1.7627052835733923   3.453591804213106   12.767928113013873
1.814379775514258   3.2219893193486033   12.325877839262198
1.8675691282445197   3.005493394247368   11.900817656808973
1.922317750584177   2.8031533460043394   11.491797424550697
1.9786713532176083   2.614075578008537   11.097931721267866
2.0366769868582977   2.437420340657558   10.718393873846445
2.0963830815323896   2.272398164556893   10.352378408926361
2.1578394870138577   2.1182671169907596   9.999100876688601
2.2210975144450407   1.9743306975774946   9.657833048874018
2.286209979177315   1.8399352248206442   9.327900755698598
2.3532312448676476   1.7144673338426937   9.008680115604678
2.4222172688678643   1.5973516107380494   8.699594068589859
2.4932256489445366   1.4880483567822036   8.400109183172317
2.5663156713684585   1.3860516042948314   8.109739901084225
2.641548360413907   1.2908879139681306   7.828093172133802
2.7189865293089923   1.2021137050504447   7.554828425905706
2.798694832679631   1.1193129837242854   7.289626668454288
2.8807398205309562   1.0420957243618687   7.03218896042164
2.9651899938111903   0.9700963407203668   6.782235155493373
3.05211586160442   0.9029722397211201   6.539502712119781
3.1415899999999994   0.8404024536142846   6.303745563687271
