0.01   3570.0845590785743   3569.934601418241
0.010293154462191829   3592.2325831295284   3592.0812175709607
0.010594902878253955   3612.187468269371   3612.035164273187
0.010905497183778876   3629.829087875379   3629.676165662862
0.011225196699963396   3645.0398737093537   3644.8865007754825
0.011554268350120923   3657.698908166273   3657.5451395165387
0.011892986882540897   3667.6805391237067   3667.526371883914
0.012241635099881474   3674.863198760736   3674.7085754531654
0.012600504095286909   3679.128388045885   3678.9732197341145
0.012969893495426888   3680.3531974948737   3680.197467098886
0.013350111710660605   3678.418943054882   3678.262734543512
0.013741476192534558   3673.2146803886017   3673.058172413129
0.014144313698828986   3664.629711067122   3664.47304848729
0.01455896056637426   3652.5553250418825   3652.3985004478877
0.014985762991865008   3636.893961108605   3636.7368126304127
0.01542507732090645   3617.55708851339   3617.3993208139673
0.015877270345534218   3594.459127484015   3594.300368825081
0.016342719610456153   3567.5275963687286   3567.3674135726196
0.016821813728271667   3536.705833083247   3536.5437263267004
0.017314952703931925   3501.9483300285347   3501.783606509346
0.017822548268711737   3463.224117678074   3463.0558171843427
0.01834502422397195   3420.5220066591405   3420.3489212745726
0.018882816794999403   3373.8511800045903   3373.6719582962332
0.019436374995219892   3323.241543845998   3323.054882062396
0.02000616100108813   3268.745034958194   3268.549712313513
0.020592650537967844   3210.43762172822   3210.232516326735
0.021196333277324068   3148.4294999758445   3148.213628069209
0.02181771324555934   3082.857961493056   3082.630498734116
0.022457309244835088   3013.881511202326   3013.641801354743
0.02311565528622961   2941.697122990075   2941.4448377494105
0.023793301035594242   2866.546392389888   2866.2817484243487
0.024490812272480036   2788.6864819764223   2788.4102166880466
0.025208771362518027   2708.3972928688636   2708.110706404028
0.0259477777436476   2626.0257179379328   2625.731087266712
0.02670844842659881   2541.936551291113   2541.6371524764477
0.027491418510046592   2456.491161415492   2456.191113369042
0.028297341710866907   2370.107499524644   2369.8116719168147
0.029126890909937666   2283.25210698622   2282.9660220765827
0.029980758713939952   2196.3623273855715   2196.091985754422
0.030859658033628758   2109.875064485369   2109.626844345798
0.031764322679055976   2024.3069273361507   2024.0876603909626
0.03269550797224261   1940.139910451659   1939.956751141235
0.033653991377811755   1857.7992065720496   1857.659423162533
0.03464057315210884   1777.7598524829514   1777.6700881942268
0.03565607701135116   1700.5029685640686   1700.46879912464
0.036701350819364466   1626.4236110995193   1626.4496576935721
0.03777726729548091   1555.866692194855   1555.9564817659154
0.038884724743189276   1489.1745768293986   1489.3300626426237
0.04002464780014597   1426.6217492370786   1426.8435329393826
0.041197988210172884   1368.4185809178944   1368.7058369140036
0.04240572561788674   1314.7608484448183   1315.1079796703327
0.04364886838662332   1265.8169219621866   1266.2124027193609
0.04492845444033957   1221.7103810405208   1222.1377602623897
0.04624555213019635   1182.3618141828579   1182.802811353102
0.04760126112654554   1147.4861159642737   1147.9236645712238
0.04899671333706607   1116.8198388737069   1117.237847421234
0.05043307385181555   1090.011150905149   1090.3903152931846
0.05191154191598653   1066.5960777456412   1066.9090741010777
0.053433351931179485   1046.1418264675697   1046.353779776079
0.05499977448602865   1028.1196401133845   1028.1934293199151
0.05661211741704101   1011.9486853637912   1011.8483921924086
0.05827172690053434   997.0010332804571   996.6935377956241
0.05997998857658587   982.4096902880755   981.8700015938582
0.06173832870592997   967.2892569051592   966.5021355100166
0.0635482153607709   950.6668099586489   949.6304995501284
0.06541115965050462   931.5590498390458   930.2876455599194
0.06732871698337338   909.1278991749869   907.6521275760255
0.06930248836510605   882.7147621090304   881.0820204719591
0.07133412173562886   851.9793173026345   850.2519756950078
0.07342531334496233   816.9728388402294   815.2254018916595
0.07557780916945323   778.0131309709145   776.3298302067689
0.07779340636952398   735.6881079663453   734.1601679372575
0.08007395479015682   690.8751163858468   689.597246547162
0.08242135850536496   644.6635330391359   643.7286567577238
0.08483757740794096   598.2913810960116   597.7745809455972
0.08732462884580919   553.0515317892135   552.9992435421652
0.08988458930634863   510.3938573415987   510.8123286944338
0.09251959615009227   471.5332125765226   472.3915863440981
0.09523184939525078   437.56640614211074   438.7912310143611
0.09802361355455057   409.1804940112366   410.66362413410894
0.10089721952591899   386.6109320950569   388.209102830022
0.10385506653859616   369.66975177770246   371.22249594131875
0.10689962415629803   357.76292759938485   359.1080458120858
0.11003343433910281   349.9395776362249   350.9195538421011
0.11325911356578279   344.9975717656229   345.47168904008913
0.11657935501835284   341.4365081954203   341.31530472371884
0.11999693083066039   337.6489151146445   336.9106663663046
0.12351469440289359   332.0436523378245   330.7457764990818
0.12713558278394044   323.3218233439011   321.60296073081446
0.13086261912358757   310.67052986772643   308.76270460330437
0.13469891519660646   293.9171631213275   292.1145969772594
0.13864767400083483   273.64614513636195   272.2333642240343
0.14271219243142114   251.26072610543213   250.47497028639035
0.14689586403346616   228.7387058990965   228.6964701556012
0.1512021818353596   208.07902384784038   208.7547499287797
0.15563474126517718   190.75842386096292   192.00683523435313
0.16019724315257297   177.50243838087974   179.07653116657596
0.1648934968186736   168.3944391482247   169.98085003297297
0.1697274232565544   162.95703402766762   164.2498043083976
0.17470305840495237   160.0505243293597   160.78368870758433
0.17982455651794954   157.91798708906322   157.9988254400142
0.18509619363343993   154.75730276852713   154.2741108720104
0.19052237114327647   149.3062333719404   148.50319534401243
0.19610761946807834   141.1214702204819   140.36108617402195
0.20185660183976684   130.67081846714945   130.33990563668576
0.20777411819498756   119.28700610489717   119.58971083388377
0.21386510918267082   108.64483864011049   109.59104074762254
0.22013466028907505   100.05086323615593   101.42731497335248
0.22658800608375756   94.08234672148731   95.56994548522805
0.23323053459001789   90.44216148824631   91.686621257302
0.2400677917834628   88.0345880225278   88.83866131941501
0.24710548622244882   85.5055082256597   85.88652467372957
0.25434949381426813   81.83877144778678   82.00399188400156
0.2618058627210567   76.70428178232946   77.02901976948107
0.2694808184095226   70.68365848476296   71.39782464261322
0.27738076884870827   64.90317074436845   66.04187610359547
0.2855123098601282   60.25791792849443   61.64446834051708
0.29388223062474755   57.007561422741375   58.35187714523847
0.3024975193514008   54.701347753362384   55.80209419602819
0.31136536911138296   52.47819682405325   53.32817667138181
0.3204931838440838   49.70032689794535   50.48541093195089
0.32988858453867975   46.33465773433863   47.272506537248745
0.3395594155970457   42.879883953039375   44.05604231990104
0.34951375138319807   39.93355146283196   41.25451191686362
0.3597599029647371   37.686332358246574   38.973438630582976
0.37030642505191835   35.83691159873135   36.98422411704225
0.3811621231401457   33.93548855834099   34.99489813580154
0.3923360608618501   31.788768578704484   32.89663056223368
0.4038375675538918   29.59487770526758   30.814120242673063
0.41567624604680364   27.65550528067605   28.93517765618895
0.42786198068238046   26.053501006487064   27.3004094789587
0.4404049455663077   24.5964101532361   25.78037865115534
0.4533156130627191   23.099872512163188   24.27729814868897
0.4666047625377753   21.581334060543774   22.803451159309095
0.4802834893595659   20.185969941280295   21.434640892746263
0.49436321416184764   18.96256439997751   20.19282985697447
0.5088556923793517   17.823206878545378   19.02677596268101
0.5237730240626238   16.69666383551864   17.900753271192837
0.5391276639805903   15.615591450181139   16.832718298778943
0.5549324320192869   14.631030768215323   15.842052318082438
0.5712005238854289   13.723100892782565   14.91668361688739
0.5879455221237613   12.851484567613644   14.037741316674092
0.6051814074573895   12.024311697469694   13.208484540377382
0.622922570460556   11.254275043105674   12.43128102454862
0.6411838235736077   10.533071674191255   11.700653265479163
0.6599804134701901   9.857223766712083   11.01372963897887
0.6793280337869897   9.22371864341739   10.367906665887267
0.6992428382266549   8.62976814809147   9.760732306445744
0.7197414540448374   8.072789948310895   9.189897570385655
0.7408409959326054   7.550390518285657   8.653228552219117
0.7625590803058332   7.0603514298204395   8.148679254808753
0.7849138400134885   6.600699855302084   7.674342595569048
0.8079239394770964   6.169705293067961   7.228446405261119
0.8316085902740278   5.765729937093613   6.809317849476339
0.8559875671776167   5.387214768172869   6.415376424019299
0.8810812246675007   5.0326771755290105   6.045129545854111
0.9069105139239728   4.700708508194664   5.6971682852502274
0.9334970003205227   4.389971553589267   5.3701632393742145
0.960862881429187   4.099186847814948   5.062859240975041
0.9890310055537336   3.827116478640304   4.774069839078407
1.0180248908061487   3.572591963317408   4.502677110959009
1.047868744742366   3.3345154875148797   4.2476285990105405
1.0785874845736239   3.1118557723803875   4.007933764293488
1.1102067579703248   2.903644174936934   3.782660601691202
1.1427529644757777   2.708971009117791   3.5709324124044977
1.1762532775476793   2.5269830165176224   3.371924922087734
1.210735667245765   2.356883343901107   3.1848640409882605
1.246228923584555   2.1979241626141204   3.009022236483494
1.2827626805706884   2.049402328397608   2.8437155889898142
1.3203674409449337   1.910656898162535   2.6883013213969345
1.3590746016495152   1.7810667707901129   2.5421754520743525
1.3989164800420282   1.6600484463157468   2.404770566882016
1.4399263408778291   1.5470537884370175   2.2755534516793396
1.4821384240834183   1.4415671063317637   2.154020961390199
1.525587973344019   1.3431039957093618   2.0396997262456322
1.5703112655292182   1.2512101827773014   1.9321458796344473
1.6163456409812174   1.1654597417499077   1.8309432623033721
1.6637295346910133   1.0854534039876782   1.7357017139811182
1.7125025083885144   1.0108169622114922   1.6460554662230051
1.7627052835733923   0.9411997712710681   1.5616614970931848
1.814379775514258   0.8762734641466016   1.4821951955795618
1.8675691282445197   0.8157305669686024   1.4073497155381234
1.922317750584177   0.759283072885305   1.336838102329556
1.9786713532176083   0.7066612571856574   1.2703921014738828
2.0366769868582977   0.6576125672653247   1.207760899924806
2.0963830815323896   0.6119005761065244   1.1487099540230128
2.1578394870138577   0.5693039946681544   1.093019879024969
2.2210975144450407   0.5296156298251963   1.04048368974586
2.286209979177315   0.49264146122677593   0.9909048892322732
2.3532312448676476   0.45820004036148176   0.9440998743968246
2.4222172688678643   0.42612172494263184   0.8998973608586265
2.4932256489445366   0.39624793540081715   0.858137502149656
2.5663156713684585   0.36843045635497756   0.8186710754281432
2.641548360413907   0.34253078048878816   0.7813587282047766
2.7189865293089923   0.318419567726446   0.7460688905386403
2.798694832679631   0.2959762065045929   0.7126742853067074
2.8807398205309562   0.27508801743020256   0.6810556762053331
2.9651899938111903   0.25564969889276834   0.6511022427771394
3.05211586160442   0.23756286375912514   0.6227109294770704
3.1415899999999994   0.2207356035460079   0.5957858492283715
