0.01   19961.624302862678   19943.346155873744
0.010293154462191829   20233.868085187925   20213.788825043648
0.010594902878253955   20500.485717507763   20478.437718202327
0.010905497183778876   20760.85374327528   20736.65584940974
0.011225196699963396   21014.32162855358   20987.77832869921
0.011554268350120923   21260.20184751449   21231.10197609889
0.011892986882540897   21497.795012540628   21465.91169096766
0.012241635099881474   21726.388420807096   21691.478701043994
0.012600504095286909   21945.226550447733   21907.028400865325
0.012969893495426888   22153.535219382848   22111.766561829736
0.013350111710660605   22350.53770428426   22304.89679092058
0.013741476192534558   22535.43370380561   22485.597960977113
0.014144313698828986   22707.394452042467   22653.018959982877
0.01455896056637426   22865.59543435718   22806.31370999274
0.014985762991865008   23009.213019919007   22944.637007425084
0.01542507732090645   23137.3937365546   23067.109685162555
0.015877270345534218   23249.2889754835   23172.85745137338
0.016342719610456153   23344.07130741589   23261.028956152117
0.016821813728271667   23420.912706929907   23330.77027052454
0.017314952703931925   23478.9890924972   23381.229736483383
0.017822548268711737   23517.512825576676   23411.595026679326
0.01834502422397195   23535.73301946263   23421.093047382365
0.018882816794999403   23532.92426838671   23408.976483941195
0.019436374995219892   23508.411374827094   23374.551941144135
0.02000616100108813   23461.5811039885   23317.192813421134
0.020592650537967844   23391.892985642262   23236.34758530202
0.021196333277324068   23298.884067134026   23131.545751734284
0.02181771324555934   23182.170586955453   23002.402450617992
0.022457309244835088   23041.47532471593   22848.65173848852
0.02311565528622961   22876.668949558134   22670.19710382041
0.023793301035594242   22687.72279420368   22467.051738613536
0.024490812272480036   22474.713348967383   22239.341691876907
0.025208771362518027   22237.938517010745   21987.433267280467
0.0259477777436476   21977.864916048864   21711.874198242633
0.02670844842659881   21695.048473606705   21413.305770224968
0.027491418510046592   21390.252491432413   21092.598499826592
0.028297341710866907   21064.564228501124   20750.985265713804
0.029126890909937666   20719.15707840611   20389.786219025522
0.029980758713939952   20355.297094354035   20010.41239864703
0.030859658033628758   19974.646153064165   19614.689466935342
0.031764322679055976   19579.036888387192   19204.614219833293
0.03269550797224261   19170.284949734767   18782.15239448268
0.033653991377811755   18750.498910084676   18349.557954873886
0.03464057315210884   18322.227448196543   17909.522582311238
0.03565607701135116   17887.93304273567   17464.630760409207
0.036701350819364466   17449.992696821577   17017.360558078442
0.03777726729548091   17010.974666104772   16570.366741231315
0.038884724743189276   16573.375698609634   16126.212173623346
0.04002464780014597   16139.492897420527   15687.235952126704
0.041197988210172884   15711.840545194775   15255.894203632086
0.04240572561788674   15293.205460281572   14834.806680721658
0.04364886838662332   14886.110080879618   14426.324320220696
0.04492845444033957   14492.872646346006   14032.557566481024
0.04624555213019635   14115.887460629092   13655.524136217713
0.04760126112654554   13757.365538579306   13297.036907667829
0.04899671333706607   13419.151200153361   12958.571780033864
0.05043307385181555   13101.582585477463   12640.123210622482
0.05191154191598653   12804.110700413528   12340.825007351219
0.053433351931179485   12526.134920237757   12059.78994630487
0.05499977448602865   12266.235091457469   11795.398742286328
0.05661211741704101   12022.530544973237   11545.63181419093
0.05827172690053434   11793.105293447417   11308.476137302245
0.05997998857658587   11575.228243497884   11081.277582600398
0.06173832870592997   11366.017308556397   10861.296593235966
0.0635482153607709   11162.237965953593   10645.638575720413
0.06541115965050462   10959.994881870012   10431.054883548448
0.06732871698337338   10755.368033697816   10214.381031555846
0.06930248836510605   10543.653921826819   9992.126799189975
0.07133412173562886   10320.186920213819   9760.959164356143
0.07342531334496233   10080.39748960771   9517.929178103814
0.07557780916945323   9820.12091226285   9260.56573656187
0.07779340636952398   9536.619326835847   8987.751211936687
0.08007395479015682   9228.517756050189   8699.51937466388
0.08242135850536496   8896.687216455817   8397.468852667065
0.08483757740794096   8543.793551846853   8084.369197747833
0.08732462884580919   8174.660732882909   7764.4080918829095
0.08988458930634863   7795.274790459454   7442.365331629777
0.09251959615009227   7412.776387434437   7123.379258543225
0.09523184939525078   7034.728857665753   6812.528773374145
0.09802361355455057   6669.036162667766   6514.810043627914
0.10089721952591899   6323.100578295738   6234.437994300143
0.10385506653859616   6004.183605270988   5974.876790850153
0.10689962415629803   5717.923900249045   5738.633630367521
0.11003343433910281   5468.350229453383   5527.187573443892
0.11325911356578279   5256.2092263965305   5339.216289994936
0.11657935501835284   5079.573767730971   5171.5906607159695
0.11999693083066039   4932.6981407369285   5020.663691989554
0.12351469440289359   4807.6837579179955   4881.771521363157
0.12713558278394044   4694.549179911631   4748.850979656506
0.13086261912358757   4582.633658890249   4616.779598136562
0.13469891519660646   4461.673537204305   4481.491223739356
0.13864767400083483   4323.004555632078   4340.024006186462
0.14271219243142114   4161.256284494266   4190.882709523816
0.14689586403346616   3975.308868580628   4034.8007246411016
0.1512021818353596   3768.629375903898   3874.682631067978
0.15563474126517718   3548.8402098580104   3714.5627438378806
0.16019724315257297   3326.690130147956   3558.477762524964
0.1648934968186736   3114.608455956637   3410.3542806195483
0.1697274232565544   2924.390444072096   3273.814750791302
0.17470305840495237   2764.194094969971   3150.423849171977
0.17982455651794954   2636.157218513473   3038.88936135973
0.18509619363343993   2536.230071998328   2937.0129998906295
0.19052237114327647   2456.0149716808187   2841.8401397477564
0.19610761946807834   2384.5722923504145   2749.83623022611
0.20185660183976684   2309.7192413243442   2659.023941735332
0.20777411819498756   2220.871100297735   2567.451045762434
0.21386510918267082   2113.460420025259   2474.4460420201844
0.22013466028907505   1990.9660364364381   2381.8969924333765
0.22658800608375756   1862.5591828402767   2292.6347905266553
0.23323053459001789   1739.4566345668595   2207.58749014818
0.2400677917834628   1631.8136507053305   2128.134684540928
0.24710548622244882   1545.1040795915278   2053.1740158428797
0.25434949381426813   1477.7852878471147   1983.5169584795774
0.2618058627210567   1422.4222969632497   1916.5278714004685
0.2694808184095226   1368.6864484596215   1852.2899763986265
0.27738076884870827   1307.5231565609133   1789.9113869341327
0.2855123098601282   1236.252894271345   1728.3410697654317
0.29388223062474755   1159.173937850267   1668.4610371540937
0.3024975193514008   1084.1535234844735   1611.757308268109
0.31136536911138296   1018.724131402454   1557.2238946367675
0.3204931838440838   965.7471466116546   1506.2880760352655
0.32988858453867975   921.7710763627808   1457.4133234285061
0.3395594155970457   880.1013465746317   1410.550982880255
0.34951375138319807   835.1464047529537   1365.468800930144
0.3597599029647371   786.0473306826074   1321.0784913426892
0.37030642505191835   736.9056821038904   1278.9201537860333
0.3811621231401457   692.6206076496047   1238.5170952660699
0.3923360608618501   655.0318544449486   1200.2173163621972
0.4038375675538918   621.9244985397039   1163.6520246380276
0.41567624604680364   589.3094118366718   1128.35512764675
0.42786198068238046   555.3136540210518   1094.091165381191
0.4404049455663077   521.4860971917116   1061.1002889059016
0.4533156130627191   490.46570579659556   1029.5081936251934
0.4666047625377753   463.0737993921794   999.42381431835
0.4802834893595659   437.70837442232687   970.5890587105233
0.49436321416184764   412.61107228429563   942.6483130307552
0.5088556923793517   387.8224271680239   915.5005123737749
0.5237730240626238   364.63702078287463   889.4734496308124
0.5391276639805903   343.5415352796533   864.5880813530209
0.5549324320192869   323.7479488323958   840.5680032676681
0.5712005238854289   304.52667505942276   817.2306817586045
0.5879455221237613   286.14477461069197   794.6551703166147
0.6051814074573895   269.0759507740736   772.9249897680356
0.622922570460556   253.140934698141   751.9595760971052
0.6411838235736077   237.93264289675605   731.5612929231341
0.6599804134701901   223.4772588704338   711.7786418879044
0.6793280337869897   209.9546558508283   692.6057276429073
0.6992428382266549   197.25532537373957   674.057135281726
0.7197414540448374   185.25749093519585   655.9987022129059
0.7408409959326054   173.92916779246852   638.4006643430838
0.7625590803058332   163.24310187323968   621.2408355487306
0.7849138400134885   153.17194050856216   604.4984746399333
0.8079239394770964   143.68840532327127   588.1542064019849
0.8316085902740278   134.7654237845601   572.1899170281854
0.8559875671776167   126.37453475766638   556.5860221904463
0.8810812246675007   118.4852665585738   541.3197249569287
0.9069105139239728   111.06854305460071   526.3696559642036
0.9334970003205227   104.0969483915645   511.7162957642379
0.960862881429187   97.54463164300294   497.3418813250689
0.9890310055537336   91.38721708130187   483.23031909922156
1.0180248908061487   85.60171972587486   469.3671037834209
1.047868744742366   80.16649795079478   455.7394502493898
1.0785874845736239   75.06149185862085   442.338365882432
1.1102067579703248   70.26792554538423   429.1574227120679
1.1427529644757777   65.7679885809373   416.19104633768114
1.1762532775476793   61.54479079838671   403.43444304643975
1.210735667245765   57.58232260890471   390.88355578714993
1.246228923584555   53.86541640067167   378.53502084840125
1.2827626805706884   50.379709044126976   366.3861251742565
1.3203674409449337   47.11158340317477   354.4357049652988
1.3590746016495152   44.04808869886512   342.6862172208233
1.3989164800420282   41.17698190331454   331.140765886588
1.4399263408778291   38.48670964645145   319.8023216673109
1.4821384240834183   35.96637250706243   308.67370908113503
1.525587973344019   33.60569092746522   297.75759410771053
1.5703112655292182   31.39497269401014   287.05647247142974
1.6163456409812174   29.32508206139429   276.5727213793151
1.6637295346910133   27.387414228605888   266.31053415143674
1.7125025083885144   25.573866620953677   256.2759402906584
1.7627052835733923   23.87680650939359   246.47423980028276
1.814379775514258   22.289045514147   236.9098779716621
1.8675691282445197   20.803815651498017   227.58647971915303
1.922317750584177   19.41474652848418   218.50688526542734
1.9786713532176083   18.11584364108099   209.67318690278745
2.0366769868582977   16.90146666234297   201.0868744111005
2.0963830815323896   15.766303994176189   192.74949117182035
2.1578394870138577   14.705360254258927   184.66211733592368
2.2210975144450407   13.71394191672972   176.82505575463614
2.286209979177315   12.787640067946194   169.2378840643495
2.3532312448676476   11.922314061978991   161.89950778623796
2.4222172688678643   11.114076047747961   154.80821265909805
2.4932256489445366   10.359276341856493   147.9617161606806
2.5663156713684585   9.654493095511823   141.35726558544732
2.641548360413907   8.996522257562837   134.99173546442825
2.7189865293089923   8.382356698687676   128.86156454731125
2.798694832679631   7.80917373458183   122.96278698357611
2.8807398205309562   7.274324531118107   117.29107847026246
2.9651899938111903   6.775324060556443   111.8418003226187
3.05211586160442   6.309841584680142   106.61004138768746
3.1415899999999994   5.875690592551698   101.59059066343262
