0.01   1770.578982326226   1770.5161410678961
0.010293154462191829   1790.2443736441692   1790.180907402184
0.010594902878253955   1809.2100585007722   1809.1460453018617
0.010905497183778876   1827.4187391398034   1827.3541891905957
0.011225196699963396   1844.8127491688545   1844.7476021986452
0.011554268350120923   1861.3326975856414   1861.2668696849973
0.011892986882540897   1876.9164171764105   1876.849887185889
0.012241635099881474   1891.5016252503922   1891.4344459062197
0.012600504095286909   1905.0259144586676   1904.958202218327
0.012969893495426888   1917.4241205672743   1917.3559785765133
0.013350111710660605   1928.6306275167085   1928.5621143033286
0.013741476192534558   1938.5809216804216   1938.5120505747072
0.014144313698828986   1947.209352461228   1947.1401181964143
0.01455896056637426   1954.4487661177905   1954.379179219853
0.014985762991865008   1960.2339735118949   1960.1640628144655
0.01542507732090645   1964.5013902394905   1964.4311919544364
0.015877270345534218   1967.1862118302217   1967.115721649316
0.016342719610456153   1968.2259380120645   1968.1550981420007
0.016821813728271667   1967.561859386915   1967.4905594743284
0.017314952703931925   1965.137265269788   1965.0653558351614
0.017822548268711737   1960.898189319303   1960.825494341358
0.01834502422397195   1954.7960242343536   1954.7223430010486
0.018882816794999403   1946.7875862677079   1946.7126762666562
0.019436374995219892   1936.834603700075   1936.7581275995694
0.02000616100108813   1924.9054941895704   1924.8270140716697
0.020592650537967844   1910.9762778106774   1910.8952672992348
0.021196333277324068   1895.0326607829377   1894.9485858905657
0.02181771324555934   1877.069718415889   1876.9820901685794
0.022457309244835088   1857.0910610065584   1856.9994395088047
0.02311565528622961   1835.1127666972918   1835.0167724293758
0.023793301035594242   1811.1672640944412   1811.0665971205067
0.024490812272480036   1785.296361988   1785.1908045131522
0.025208771362518027   1757.5523989904868   1757.4418278023754
0.0259477777436476   1728.012082837401   1727.8965635893173
0.02670844842659881   1696.7662343898915   1696.6460550696727
0.027491418510046592   1663.9118099229968   1663.7874675381056
0.028297341710866907   1629.567519201316   1629.4397955745087
0.029126890909937666   1593.8791174030043   1593.7491859510633
0.029980758713939952   1556.9945387413095   1556.8639326631749
0.030859658033628758   1519.0694857576543   1518.9400595519246
0.031764322679055976   1480.3000778111314   1480.1739954859768
0.03269550797224261   1440.8880378053923   1440.767731978994
0.033653991377811755   1401.0261868526597   1400.914304322884
0.03464057315210884   1360.9290305909956   1360.828338441455
0.03565607701135116   1320.8292781160915   1320.7425775655015
0.036701350819364466   1280.9411879537538   1280.8712809942276
0.03777726729548091   1241.478314840969   1241.4279567370397
0.038884724743189276   1202.6989921474271   1202.6708019000512
0.04002464780014597   1164.845735745327   1164.8421837666708
0.041197988210172884   1128.1288111664194   1128.1521611516398
0.04240572561788674   1092.7061020292626   1092.7574270274567
0.04364886838662332   1058.6946757624282   1058.7732625543754
0.04492845444033957   1026.1927141162687   1026.2962772797166
0.04624555213019635   995.3273501595135   995.4523549535451
0.04760126112654554   966.3145904985855   966.4566986222364
0.04899671333706607   939.3574276559336   939.5116582676638
0.05043307385181555   914.5872128461713   914.7479222466764
0.05191154191598653   891.8498828372133   892.010207332226
0.053433351931179485   870.9082265894293   871.0599459379714
0.05499977448602865   851.5462076235465   851.6797288136767
0.05661211741704101   833.5627790949271   833.6665907161947
0.05827172690053434   816.7721713506559   816.8327323527463
0.05997998857658587   800.9703663259355   800.9727480030534
0.06173832870592997   785.8681867027328   785.7977379441693
0.0635482153607709   771.1745514775046   771.0173464544727
0.06541115965050462   756.5418982452053   756.2869793970254
0.06732871698337338   741.5766329134972   741.2180358461663
0.06930248836510605   725.8851123779352   725.4226473964352
0.07133412173562886   709.0332637814349   708.4744701681179
0.07342531334496233   690.6344377493999   689.9946365367268
0.07557780916945323   670.4113215424634   669.7136289814241
0.07779340636952398   648.1835061647233   647.4580016284167
0.08007395479015682   623.9675637216262   623.2499474988308
0.08242135850536496   597.9126190921091   597.242398406083
0.08483757740794096   570.3774045909377   569.7953138995184
0.08732462884580919   541.818625238234   541.3646372279077
0.08988458930634863   512.7988588087385   512.5107600842748
0.09251959615009227   483.9037919792435   483.8139570778502
0.09523184939525078   455.75342498671307   455.8835409526951
0.09802361355455057   428.9814270581673   429.3364619366071
0.10089721952591899   404.19515025493683   404.7603266828082
0.10385506653859616   381.90202826811105   382.64317714145966
0.10689962415629803   362.51204979005473   363.3763892272859
0.11003343433910281   346.1703991052705   347.0900400046575
0.11325911356578279   332.8229613904218   333.7184664035585
0.11657935501835284   322.0980739027815   322.89164863375674
0.11999693083066039   313.45635233951936   314.0776503578512
0.12351469440289359   306.15840869261825   306.5507281236923
0.12713558278394044   299.39387025843575   299.5263038479775
0.13086261912358757   292.3243372962481   292.202711327424
0.13469891519660646   284.1870302380123   283.85392114827914
0.13864767400083483   274.4189646328011   273.9574755982073
0.14271219243142114   262.7451111867442   262.2735978961051
0.14689586403346616   249.25126272509945   248.8986357323915
0.1512021818353596   234.3559095131291   234.25193163179296
0.15563474126517718   218.76605814979536   219.01429614204142
0.16019724315257297   203.40181012964527   204.0483623314241
0.1648934968186736   189.25726213656853   190.2814102796254
0.1697274232565544   177.1347397524568   178.44556087963457
0.17470305840495237   167.40265759471964   168.86701847632813
0.17982455651794954   159.95639203145493   161.42679260007844
0.18509619363343993   154.34225198489796   155.6746166395434
0.19052237114327647   149.87388680017307   150.96357447739368
0.19610761946807834   145.67197185800111   146.49700742975404
0.20185660183976684   140.81147019818448   141.44551511306435
0.20777411819498756   134.6779572803485   135.2662342344735
0.21386510918267082   127.2340797641203   127.95071775575845
0.22013466028907505   118.93630290417316   119.93515696991248
0.22658800608375756   110.52039592311249   111.87933159591165
0.23323053459001789   102.79189242965046   104.48517268322188
0.2400677917834628   96.37429626850117   98.279897078501
0.24710548622244882   91.43332423948402   93.37063662424612
0.25434949381426813   87.67124888007093   89.49446877284609
0.2618058627210567   84.45709978603547   86.08680729640984
0.2694808184095226   81.05181839867066   82.53195500597349
0.27738076884870827   77.00183999496359   78.47548077680247
0.2855123098601282   72.34287552833521   73.94916335437235
0.29388223062474755   67.47272048202254   69.30412830115502
0.3024975193514008   62.95248757828242   64.99286089016067
0.31136536911138296   59.194795990902755   61.328021872098475
0.3204931838440838   56.19891467462543   58.291406314333116
0.32988858453867975   53.630129126166935   55.60630752599917
0.3395594155970457   51.05075403704472   52.94118753555745
0.34951375138319807   48.1960423101826   50.095115681609926
0.3597599029647371   45.161780035366505   47.159929893058624
0.37030642505191835   42.2541416436901   44.36320859847368
0.3811621231401457   39.71896913341477   41.87328805836062
0.3923360608618501   37.572909598418676   39.68628795818805
0.4038375675538918   35.609965485506535   37.65946556735798
0.41567624604680364   33.61741551282565   35.64232817240465
0.42786198068238046   31.567889650335946   33.62291294678265
0.4404049455663077   29.594646216285675   31.694059364091434
0.4533156130627191   27.825652988320744   29.930648289873552
0.4666047625377753   26.24600819175304   28.31831592968057
0.4802834893595659   24.74724160772905   26.788118121326868
0.49436321416184764   23.2598764586734   25.296544027731393
0.5088556923793517   21.824551127211446   23.869663398909253
0.5237730240626238   20.50214937308242   22.54090979391483
0.5391276639805903   19.29005697230193   21.30397631085053
0.5549324320192869   18.137641249745652   20.1294695182578
0.5712005238854289   17.02564384554582   19.006756134703465
0.5879455221237613   15.977412640257885   17.946937008588247
0.6051814074573895   15.005097646896257   16.954072348777487
0.622922570460556   14.09089370848887   16.017125202280152
0.6411838235736077   13.220547259052044   15.12795573295157
0.6599804134701901   12.400189429313919   14.28853789167791
0.6793280337869897   11.633762226551212   13.499531232452167
0.6992428382266549   10.912342053921726   12.754851503717829
0.7197414540448374   10.23262381945954   12.051604321770553
0.7408409959326054   9.59259522811941   11.387707075331239
0.7625590803058332   8.990298788286301   10.761155361403233
0.7849138400134885   8.423834968991137   10.17002295310472
0.8079239394770964   7.8913647084747875   9.6124613907311
0.8316085902740278   7.39111132867078   9.086699240712614
0.8559875671776167   6.921357803767981   8.591038298784127
0.8810812246675007   6.480380408837435   8.12380642217199
0.9069105139239728   6.0664795188958305   7.683374386042579
0.9334970003205227   5.67805047943662   7.268201668588942
0.960862881429187   5.313580729889755   6.876833561719388
0.9890310055537336   4.9716446556262355   6.507896759979787
1.0180248908061487   4.6508987226501235   6.160095138774398
1.047868744742366   4.350076879560562   5.832205717394638
1.0785874845736239   4.06798735929893   5.523075561148479
1.1102067579703248   3.803518282128504   5.231624658299168
1.1427529644757777   3.5556259458740813   4.956837585580134
1.1762532775476793   3.3233239284861242   4.697755374704639
1.210735667245765   3.1056802196490634   4.453472602371223
1.246228923584555   2.9018145577974472   4.223134658754155
1.2827626805706884   2.7108958711935487   4.0059351280175175
1.3203674409449337   2.5321398210739305   3.8011132790751927
1.3590746016495152   2.3648060673465237   3.6079503986654795
1.3989164800420282   2.208194272771723   3.4257614663676046
1.4399263408778291   2.06164392371775   3.253899213982133
1.4821384240834183   1.9245331624762911   3.0917551145062885
1.525587973344019   1.796276678833638   2.938757099488817
1.5703112655292182   1.6763237036110619   2.794367399109007
1.6163456409812174   1.5641561019867354   2.6580805053577814
1.6637295346910133   1.459286562386209   2.529421251888989
1.7125025083885144   1.361256898071208   2.4079412434922913
1.7627052835733923   1.2696364660975739   2.2932126376544217
1.814379775514258   1.184020538677708   2.1848328000197528
1.8675691282445197   1.104028816199134   2.082424420721614
1.922317750584177   1.029304039620396   1.9856338622286982
1.9786713532176083   0.9595106751686706   1.8941296179671023
2.0366769868582977   0.8943336680529363   1.8076008741523413
2.0963830815323896   0.8334772617222401   1.7257561571441349
2.1578394870138577   0.7766637730487721   1.6483181596424714
2.2210975144450407   0.7236324199538404   1.5750177716041134
2.286209979177315   0.6741385997458832   1.5056025999000868
2.3532312448676476   0.6279529728553558   1.4398372828640433
2.4222172688678643   0.5848605525435414   1.3775022410811175
2.4932256489445366   0.5446598457795403   1.3183925265693546
2.5663156713684585   0.5071620426358171   1.262316762107464
2.641548360413907   0.4721902542482486   1.2090961247606367
2.7189865293089923   0.4395789571902399   1.158560896224316
2.798694832679631   0.40917335621356904   1.1105485724932667
2.8807398205309562   0.38082844469817057   1.0649074267469676
2.9651899938111903   0.3544083915929038   1.0214960916267126
3.05211586160442   0.3297859903411433   0.9801827808265097
3.1415899999999994   0.30684213853052367   0.9408445743943163
