0.01   4191.743766013521   4191.565225783531
0.010293154462191829   4233.421077408306   4233.2399442561355
0.010594902878253955   4273.131746880286   4272.948033992997
0.010905497183778876   4310.734673420675   4310.548351337329
0.011225196699963396   4346.085735328634   4345.896735516465
0.011554268350120923   4379.037278245914   4378.845498558073
0.011892986882540897   4409.442593877512   4409.247898521026
0.012241635099881474   4437.154218337961   4436.956458685698
0.012600504095286909   4462.01542659481   4461.814535249153
0.012969893495426888   4483.869263013907   4483.665282368878
0.013350111710660605   4502.562299167888   4502.3553748685235
0.013741476192534558   4517.939470719356   4517.729670901357
0.014144313698828986   4529.845396194364   4529.63254126192
0.01455896056637426   4538.131015223162   4537.914669904027
0.014985762991865008   4542.651036781216   4542.430547972046
0.01542507732090645   4543.25722421197   4543.031837014878
0.015877270345534218   4539.808959880063   4539.577843627737
0.016342719610456153   4532.176095433755   4531.938341186201
0.016821813728271667   4520.234003096289   4519.988531256819
0.017314952703931925   4503.867165995562   4503.612670315777
0.017822548268711737   4482.974851208879   4482.709810080955
0.01834502422397195   4457.470909024801   4457.193534422066
0.018882816794999403   4427.283325348672   4426.991443453597
0.019436374995219892   4392.358249952742   4392.049311898917
0.02000616100108813   4352.662152320549   4352.333307312071
0.020592650537967844   4308.187223678345   4307.83565855064
0.021196333277324068   4258.94924595913   4258.572352820325
0.02181771324555934   4204.986005752468   4204.581405800318
0.022457309244835088   4146.369997413025   4145.935665157772
0.02311565528622961   4083.2138424257446   4082.7482704619742
0.023793301035594242   4015.652225250608   4015.154434062164
0.024490812272480036   3943.848592747577   3943.318239488558
0.025208771362518027   3868.029571686632   3867.4675272362924
0.0259477777436476   3788.4504240190263   3787.8588842979066
0.02670844842659881   3705.38040883944   3704.7628045828637
0.027491418510046592   3619.150836663468   3618.512163779543
0.028297341710866907   3530.1505153273865   3529.497628096516
0.029126890909937666   3438.7666729145126   3438.1080699121617
0.029980758713939952   3345.411526352117   3344.7571830055235
0.030859658033628758   3250.5947410817457   3249.9561250881366
0.031764322679055976   3154.8223243720963   3154.212165391924
0.03269550797224261   3058.574870258819   3058.0068578578584
0.033653991377811755   2962.3974999514494   2961.8858037337945
0.03464057315210884   2866.8605170433634   2866.4194159237986
0.03565607701135116   2772.4781396230255   2772.1218541651756
0.036701350819364466   2679.7708744935235   2679.512990611843
0.03777726729548091   2589.346363226092   2589.198749412557
0.038884724743189276   2501.7528501211686   2501.725676714271
0.04002464780014597   2417.4549798881335   2417.556497042953
0.041197988210172884   2336.8031326771325   2337.0359762623466
0.04240572561788674   2260.0667046857643   2260.42659567508
0.04364886838662332   2187.467808091568   2187.9445117979767
0.04492845444033957   2119.293352919817   2119.8706678978724
0.04624555213019635   2055.9613275589068   2056.6164764848695
0.04760126112654554   1997.8482063045492   1998.5525750699805
0.04899671333706607   1945.1173410790466   1945.8368612371214
0.05043307385181555   1897.2550075623842   1897.9495017024801
0.05191154191598653   1853.6361432847616   1854.259391873168
0.053433351931179485   1813.6987945291862   1814.1985800416498
0.05499977448602865   1776.944180452257   1777.2615772363124
0.05661211741704101   1742.918321127585   1742.9877779941448
0.05827172690053434   1711.0820109749632   1710.8351547177865
0.05997998857658587   1680.6788273368031   1680.0520986836837
0.06173832870592997   1650.9526457420334   1649.8892393490094
0.0635482153607709   1620.9628641687623   1619.4237963532262
0.06541115965050462   1589.6791390526791   1587.6505322724995
0.06732871698337338   1556.0759103935   1553.5741773001657
0.06930248836510605   1519.08812153895   1516.168916605257
0.07133412173562886   1477.82965980901   1474.5875014967908
0.07342531334496233   1431.7786861270688   1428.3466371876877
0.07557780916945323   1380.689237144329   1377.2337321685225
0.07779340636952398   1324.8224539329517   1321.5375805031156
0.08007395479015682   1264.741773893738   1261.8377759215762
0.08242135850536496   1201.4846173515016   1199.1691950568797
0.08483757740794096   1136.2621096085602   1134.73107176075
0.08732462884580919   1070.4797391232134   1069.9140085219726
0.08988458930634863   1005.5929954243254   1006.1349760180327
0.09251959615009227   943.1230147689005   944.8464925790104
0.09523184939525078   884.6362771973021   887.5244768252551
0.09802361355455057   831.555607182458   835.5016056875102
0.10089721952591899   784.9683556740019   789.7725482021611
0.10385506653859616   745.6386416448316   751.0162888612449
0.10689962415629803   713.5815570263459   719.1928422425461
0.11003343433910281   688.3542807940883   693.8260323587018
0.11325911356578279   668.7976797130025   673.7746381836598
0.11657935501835284   653.4318738120625   657.6079880901879
0.11999693083066039   640.3952136669716   643.5620989682272
0.12351469440289359   627.6954743383126   629.7849565761102
0.12713558278394044   613.3561892160117   614.4758063528946
0.13086261912358757   595.6943628106349   596.1436017854536
0.13469891519660646   573.6324610228667   573.8677507448597
0.13864767400083483   546.8494823817825   547.4416332918589
0.14271219243142114   515.8673404112878   517.4564284858963
0.14689586403346616   481.99703335315564   485.1336387068073
0.1512021818353596   447.2463986080026   452.2769063127528
0.15563474126517718   414.0342865485526   421.01659624977543
0.16019724315257297   384.65229755533153   393.31183290980704
0.1648934968186736   360.54961798091074   370.38436168040647
0.1697274232565544   342.02669119569816   352.3548971489444
0.17470305840495237   328.47043382954956   338.60223965332784
0.17982455651794954   318.6315697571849   327.98686589015364
0.18509619363343993   310.6625997302961   318.8956366589299
0.19052237114327647   302.2668255834146   309.4257996685698
0.19610761946807834   291.45139425479516   298.00931338157557
0.20185660183976684   277.36413942068464   284.032732293553
0.20777411819498756   260.44913012014933   267.94023405324873
0.21386510918267082   242.070011699859   250.93561673524948
0.22013466028907505   224.12817223281445   234.48481437861247
0.22658800608375756   208.48458393764304   220.00431053500932
0.23323053459001789   196.17246485735834   208.2111898663025
0.2400677917834628   187.10953260149032   198.91300829936262
0.24710548622244882   180.2431397554561   191.29307418198798
0.25434949381426813   173.85860756738134   184.05317085715453
0.2618058627210567   166.41267621544213   176.10282389930933
0.2694808184095226   157.34414200217478   167.15216655565033
0.27738076884870827   147.0888587712314   157.52852744968774
0.2855123098601282   136.80908136458174   148.10997794108124
0.29388223062474755   127.80330376198833   139.6729253039323
0.3024975193514008   120.63556781713554   132.56645230508164
0.31136536911138296   114.94649554189405   126.47746046983232
0.3204931838440838   109.80335625449231   120.80096183332462
0.32988858453867975   104.2607385112032   114.97987895892666
0.3395594155970457   98.05596325866996   108.91455132743914
0.34951375138319807   91.67594527248045   102.88571530272543
0.3597599029647371   85.82271882464828   97.29946520836553
0.37030642505191835   80.88953758185525   92.32740985432699
0.3811621231401457   76.66863980344323   87.82796017889154
0.3923360608618501   72.61681213661836   83.52120164790466
0.4038375675538918   68.39748477434706   79.24255679987483
0.41567624604680364   64.12627823691005   75.05802194413329
0.42786198068238046   60.15081641784925   71.13344423897365
0.4404049455663077   56.64384739333769   67.52829084406547
0.4533156130627191   53.461988880235275   64.1563907768508
0.4666047625377753   50.355223183985494   60.9130153033341
0.4802834893595659   47.27938382498298   57.79210887274383
0.49436321416184764   44.36864807684875   54.83384656978456
0.5088556923793517   41.71680284127958   52.07087619193755
0.5237730240626238   39.257050257363666   49.46492941949856
0.5391276639805903   36.88984520672906   46.978543748881
0.5549324320192869   34.61936706919236   44.61606177648935
0.5712005238854289   32.50072198000524   42.386223722033186
0.5879455221237613   30.53159393152955   40.28302915111307
0.6051814074573895   28.6656030017465   38.28812324640406
0.622922570460556   26.892766818792676   36.39478471907556
0.6411838235736077   25.23009099233655   34.60575612259708
0.6599804134701901   23.675333127272424   32.91523981982675
0.6793280337869897   22.20984980032276   31.3143846281137
0.6992428382266549   20.82832427582524   29.79824932772356
0.7197414540448374   19.527033598490632   28.362569028624705
0.7408409959326054   18.302292769722573   27.003264371639126
0.7625590803058332   17.150471038670926   25.716436880586606
0.7849138400134885   16.068005961314352   24.498364061710507
0.8079239394770964   15.051411629819148   23.34549246741986
0.8316085902740278   14.097094244935475   22.254335337748948
0.8559875671776167   13.201326855526274   21.221441177937724
0.8810812246675007   12.360581041805132   20.24354454879345
0.9069105139239728   11.571541604222801   19.317568374976982
0.9334970003205227   10.83109335474162   18.44061303923978
0.960862881429187   10.136308760654988   17.609946098327114
0.9890310055537336   9.484436507738598   16.82299252658576
1.0180248908061487   8.87291445105684   16.077313845363683
1.047868744742366   8.299378967542312   15.370588383018674
1.0785874845736239   7.76160021742732   14.700629030734522
1.1102067579703248   7.257468275362096   14.065378548951365
1.1427529644757777   6.784987576639054   13.462901569957092
1.1762532775476793   6.3422715485625725   12.891377106507681
1.210735667245765   5.927537426089364   12.349091529737942
1.246228923584555   5.539097943239076   11.834413424050856
1.2827626805706884   5.175350471482763   11.345750195938933
1.3203674409449337   4.834783190736977   10.881598767393657
1.3590746016495152   4.515972572076006   10.440552159631311
1.3989164800420282   4.217578530125514   10.021292813791224
1.4399263408778291   3.938339819815331   9.622586410032616
1.4821384240834183   3.6770696666850435   9.243276145467359
1.525587973344019   3.4326518736112654   8.882267899908838
1.5703112655292182   3.2040377513535003   8.53849040339937
1.6163456409812174   2.990241243890228   8.210929681935486
1.6637295346910133   2.790335015193367   7.898639758819558
1.7125025083885144   2.603447166232918   7.600737630418563
1.7627052835733923   2.4287581197152046   7.316398643694638
1.814379775514258   2.2654976650242418   7.044852245274393
1.8675691282445197   2.1129421184271906   6.785374157500607
1.922317750584177   1.970411443083651   6.537258157060656
1.9786713532176083   1.8372669585448633   6.299832969628001
2.0366769868582977   1.7129090933089925   6.07247357690713
2.0963830815323896   1.5967751119578333   5.854597829147226
2.1578394870138577   1.4883369645800921   5.645663266197334
2.2210975144450407   1.3870992532961497   5.445164201999287
2.286209979177315   1.2925972795447145   5.252627480743886
2.3532312448676476   1.2043949115998769   5.067592958616637
2.4222172688678643   1.122083095140723   4.889620379045568
2.4932256489445366   1.0452784975064717   4.718300868494628
2.5663156713684585   0.973621957668191   4.5532548825686865
2.641548360413907   0.9067770203317577   4.39413008446884
2.7189865293089923   0.8444285546433543   4.240599398712564
2.798694832679631   0.7862814739390362   4.092359865496081
2.8807398205309562   0.7320599147426828   3.949143926025798
2.9651899938111903   0.6815059253729243   3.8107152127609103
3.05211586160442   0.6343779150769518   3.676853149798409
3.1415899999999994   0.5904496487675531   3.547351366528333
