0.01   9490.932598031299   9488.211139937059
0.010293154462191829   9632.479239124059   9629.496731331952
0.010594902878253955   9771.982730558666   9768.714595970783
0.010905497183778876   9909.16131442738   9905.581009768066
0.011225196699963396   10043.714436378028   10039.792681384495
0.011554268350120923   10175.33387590788   10171.038539271362
0.011892986882540897   10303.703437136748   10298.999520413225
0.012241635099881474   10428.489018079532   10423.338752284473
0.012600504095286909   10549.346837613532   10543.709733249783
0.012969893495426888   10665.928681063968   10659.761537554097
0.013350111710660605   10777.871727261909   10771.12797869807
0.013741476192534558   10884.796066537208   10877.424930485378
0.014144313698828986   10986.319279134726   10978.265739793751
0.01455896056637426   11082.054978192522   11073.259863650492
0.014985762991865008   11171.6003247738   11162.000437338465
0.01542507732090645   11254.549817410523   11244.078095386512
0.015877270345534218   11330.501565055005   11319.087212752856
0.016342719610456153   11399.046601419375   11386.61371680427
0.016821813728271667   11459.770570292512   11446.236779527519
0.017314952703931925   11512.268432851379   11497.545114001008
0.017822548268711737   11556.14276580101   11540.135327816231
0.01834502422397195   11590.99440654075   11573.602422516205
0.018882816794999403   11616.437662833174   11597.555335908975
0.019436374995219892   11632.106346389124   11611.623034210805
0.02000616100108813   11637.652663308938   11615.452051410339
0.020592650537967844   11632.750841937515   11608.710528847656
0.021196333277324068   11617.103132348993   11591.095510532805
0.02181771324555934   11590.446318169057   11562.3397659219
0.022457309244835088   11552.560560397633   11522.221016371512
0.02311565528622961   11503.263590792154   11470.555838372822
0.023793301035594242   11442.414539475752   11407.203763953436
0.024490812272480036   11369.948009552561   11332.10407678524
0.025208771362518027   11285.861723433109   11245.262287424588
0.0259477777436476   11190.195830133873   11146.727595073178
0.02670844842659881   11083.069885363   11036.631381430316
0.027491418510046592   10964.721457275382   10915.227337096694
0.028297341710866907   10835.435886888654   10782.81805593203
0.029126890909937666   10695.55203267903   10639.761229056578
0.029980758713939952   10545.579365837348   10486.593618940953
0.030859658033628758   10386.118010996957   10323.946050231774
0.031764322679055976   10217.787266673533   10152.467511785158
0.03269550797224261   10041.318783746125   9972.920599566245
0.033653991377811755   9857.606770003016   9786.23266635364
0.03464057315210884   9667.546277449746   9593.329591932334
0.03565607701135116   9472.064500106648   9395.166334544432
0.036701350819364466   9272.376145504164   9192.981169134131
0.03777726729548091   9069.754087837164   8988.066468107596
0.038884724743189276   8865.396047441462   8781.635888768647
0.04002464780014597   8660.421909401453   8574.826906218703
0.041197988210172884   8455.872100257924   8368.700302647516
0.04240572561788674   8252.706114324692   8164.2321299977875
0.04364886838662332   8051.925137195617   7962.423670543558
0.04492845444033957   7855.003499895299   7764.688840564267
0.04624555213019635   7663.435295091095   7572.447367182084
0.04760126112654554   7478.555431519307   7386.963722501673
0.04899671333706607   7301.35620608343   7209.153383546386
0.05043307385181555   7132.518340065866   7039.614820695893
0.05191154191598653   6972.637503259598   6878.866827461205
0.053433351931179485   6821.946669096089   6727.0723117251355
0.05499977448602865   6679.977305467482   6583.701531478557
0.05661211741704101   6546.200541417288   6448.169558963554
0.05827172690053434   6419.928671754521   6319.749244865872
0.05997998857658587   6300.065711720922   6197.337954738798
0.06173832870592997   6185.520737705149   6079.845148609706
0.0635482153607709   6075.019694141651   5966.032871827032
0.06541115965050462   5967.052469898108   5854.47038321815
0.06732871698337338   5860.116071888297   5743.754418167641
0.06930248836510605   5752.339457304515   5632.227220977897
0.07133412173562886   5641.796963484043   5518.2174905351285
0.07342531334496233   5526.41963448438   5400.01687628239
0.07557780916945323   5404.004420482912   5275.888787128914
0.07779340636952398   5272.6033687721365   5144.348142215454
0.08007395479015682   5130.593470773049   5004.243094078754
0.08242135850536496   4976.955328375279   4854.983175828431
0.08483757740794096   4811.742473660841   4697.0282414827325
0.08732462884580919   4635.786799496845   4531.429997425392
0.08988458930634863   4451.12702469258   4360.132831239993
0.09251959615009227   4260.416608285029   4185.498251180235
0.09523184939525078   4067.0007508488966   4010.376471560041
0.09802361355455057   3874.43160234788   3837.6728921684007
0.10089721952591899   3686.327481475545   3670.2362650166206
0.10385506653859616   3506.3855675486316   3510.757162472036
0.10689962415629803   3337.9255319450363   3361.559333138142
0.11003343433910281   3183.947576536656   3224.468697351528
0.11325911356578279   3046.8009650224876   3100.7749898948296
0.11657935501835284   2927.4751165548655   2990.7142341380313
0.11999693083066039   2825.7781106880807   2893.6591911727705
0.12351469440289359   2739.553193921745   2807.533719441112
0.12713558278394044   2665.4042959737876   2729.6444770923163
0.13086261912358757   2598.738561755078   2656.773091759163
0.13469891519660646   2534.463490976598   2585.4349246438023
0.13864767400083483   2467.5724262515487   2512.4694189664065
0.14271219243142114   2393.6600232587375   2435.5613308517295
0.14689586403346616   2309.6832883279335   2353.385787118384
0.1512021818353596   2214.4361780789427   2265.7493920148154
0.15563474126517718   2108.893174184275   2173.6902519099763
0.16019724315257297   1996.111222662286   2079.3155601605526
0.1648934968186736   1880.6473935129113   1985.5824467034092
0.1697274232565544   1767.9825207793715   1895.4976698807716
0.17470305840495237   1663.7853804162683   1811.5918191234355
0.17982455651794954   1572.8060541887528   1735.934061581302
0.18509619363343993   1497.3842452609363   1669.0795593790274
0.19052237114327647   1436.6313079964202   1609.7097537137104
0.19610761946807834   1386.979182277744   1555.9475006839498
0.20185660183976684   1343.4515864205503   1505.3072935758782
0.20777411819498756   1300.595065800991   1455.3528722987787
0.21386510918267082   1253.1916782772678   1404.3908332107574
0.22013466028907505   1197.808286844477   1351.4143694321021
0.22658800608375756   1134.5920177373266   1297.230750098933
0.23323053459001789   1067.1783816103182   1243.2158622515353
0.2400677917834628   1000.7122632917277   1191.345582109164
0.24710548622244882   940.085212217742   1142.7331832719428
0.25434949381426813   888.7085334156719   1098.316410710174
0.2618058627210567   847.1503622792612   1057.6464960132305
0.2694808184095226   812.8207630790546   1019.6788365047767
0.27738076884870827   781.3159950188656   983.2878620776562
0.2855123098601282   748.0686837920222   947.4309203664169
0.29388223062474755   710.5673826798841   911.5311437261124
0.3024975193514008   669.7078798027342   876.7500247681439
0.31136536911138296   628.7498625342691   842.9467982424713
0.3204931838440838   591.1966163183239   810.9178950386809
0.32988858453867975   559.246144819569   781.0469409372304
0.3395594155970457   532.4077047055968   752.6903998552206
0.34951375138319807   507.97550821322915   725.7796776910958
0.3597599029647371   483.14363124514006   699.6237390642784
0.37030642505191835   456.6691344101514   674.2375474026549
0.3811621231401457   429.60303829660023   649.7897644677275
0.3923360608618501   404.1901403089715   626.4425915683925
0.4038375675538918   381.77728442915964   604.2296887686199
0.41567624604680364   362.0023812188612   583.2097097133064
0.42786198068238046   343.30845445629296   563.0386482874458
0.4404049455663077   324.4265879800968   543.5438248827862
0.4533156130627191   305.49782596511267   524.884688347288
0.4666047625377753   287.58803805167474   507.01768532567826
0.4802834893595659   271.367471138467   489.9598792402306
0.49436321416184764   256.5015722875142   473.695502331886
0.5088556923793517   242.1857940035559   458.0886347663111
0.5237730240626238   228.12713343961212   443.03645518856433
0.5391276639805903   214.71927693834067   428.6291774474329
0.5549324320192869   202.31788348859172   414.86181245714727
0.5712005238854289   190.76611252611497   401.6940225903071
0.5879455221237613   179.707998696249   389.04996988356237
0.6051814074573895   169.0951628013324   376.8771270339198
0.622922570460556   159.11252902539727   365.2144557540018
0.6411838235736077   149.78100531407324   354.0430039830013
0.6599804134701901   140.94368343649907   343.2972435860909
0.6793280337869897   132.53474187210762   332.9562939896479
0.6992428382266549   124.61156976140498   323.0159171132963
0.7197414540448374   117.16370729334437   313.4656729845395
0.7408409959326054   110.12940579049183   304.2491107762117
0.7625590803058332   103.48965790978623   295.3689038697017
0.7849138400134885   97.22562558212795   286.8088546491546
0.8079239394770964   91.31854532123602   278.5494595415533
0.8316085902740278   85.75036373195152   270.57253912862745
0.8559875671776167   80.50373108792728   262.86114620229444
0.8810812246675007   75.56199280559878   255.399481592165
0.9069105139239728   70.9091188593263   248.17274144515076
0.9334970003205227   66.52939671217301   241.16664920161386
0.960862881429187   62.40773768038477   234.36773738662492
0.9890310055537336   58.529820883098914   227.76349263694289
1.0180248908061487   54.882058974699014   221.34229598594737
1.047868744742366   51.4515646940865   215.0933675495667
1.0785874845736239   48.22611866709695   209.00671569103295
1.1102067579703248   45.19413855668262   203.07308920044667
1.1427529644757777   42.344668506991894   197.28376912241956
1.1762532775476793   39.667364605942225   191.6303730801638
1.210735667245765   37.152424638698655   186.10515541509025
1.246228923584555   34.79055812908428   180.70101662917926
1.2827626805706884   32.57296310543824   175.4114682798763
1.3203674409449337   30.491303662899185   170.2306002498737
1.3590746016495152   28.537688314593048   165.1530501046382
1.3989164800420282   26.704648483083123   160.1740138066846
1.4399263408778291   24.985110294484365   155.28974494853227
1.4821384240834183   23.372380022949148   150.4973123525193
1.525587973344019   21.860133007906153   145.794111683913
1.5703112655292182   20.44239538039898   141.17783554519508
1.6163456409812174   19.113526375796077   136.646455999038
1.6637295346910133   17.868201409018468   132.19820754698827
1.7125025083885144   16.701395888841482   127.83157050145508
1.7627052835733923   15.608369282878664   123.54554503192513
1.814379775514258   14.584649096883743   119.34048648636555
1.8675691282445197   13.62601860743332   115.2170471636671
1.922317750584177   12.728503873912848   111.17582825957744
1.9786713532176083   11.888360797665484   107.21737644070699
2.0366769868582977   11.10206279443801   103.34218063871116
2.0963830815323896   10.366289056634995   99.55066907240504
2.1578394870138577   9.677913340607123   95.84321744018881
2.2210975144450407   9.033991502844987   92.2206438482521
2.286209979177315   8.431751270798808   88.68431821652588
2.3532312448676476   7.868585565647004   85.23540795920358
2.4222172688678643   7.342043425064123   81.87482829676115
2.4932256489445366   6.849821172712902   78.60325315321498
2.5663156713684585   6.389754049470079   75.42112633475442
2.641548360413907   5.959808284943406   72.32867292126559
2.7189865293089923   5.558074059877444   69.32596987851299
2.798694832679631   5.182761673657282   66.41338773667395
2.8807398205309562   4.83219179386862   63.59126780070035
2.9651899938111903   4.504786906803902   60.85965184635539
3.05211586160442   4.199065528440304   58.21830216521198
3.1415899999999994   3.9136367304187383   55.66672372312908
