0.01   729.8552091215934   729.8282677739805
0.010293154462191829   737.2130647265935   737.1858316040937
0.010594902878253955   744.256493031272   744.2290717396728
0.010905497183778876   750.9631473754314   750.9355576115158
0.011225196699963396   757.3106752542171   757.2828499249132
0.011554268350120923   763.2760155266327   763.2478543545463
0.011892986882540897   768.834917211543   768.8063808506928
0.012241635099881474   773.9632139203212   773.9343350616329
0.012600504095286909   778.6369179722504   778.6077920572991
0.012969893495426888   782.8315932264525   782.8023085633217
0.013350111710660605   786.5229869942078   786.4935964647681
0.013741476192534558   789.6874636424932   789.6579840419603
0.014144313698828986   792.3010758820288   792.2714996826321
0.01455896056637426   794.3393373249539   794.3096488287199
0.014985762991865008   795.7786949946701   795.7488714814606
0.01542507732090645   796.5965627921192   796.5665784490695
0.015877270345534218   796.7706361318518   796.7404806615704
0.016342719610456153   796.27980087941   796.2494851974816
0.016821813728271667   795.1046000551703   795.0741553650323
0.017314952703931925   793.2268321570197   793.1962865000842
0.017822548268711737   790.6297002524404   790.5990541938355
0.01834502422397195   787.2985815870728   787.2678074852906
0.018882816794999403   783.2212867036054   783.1903364738025
0.019436374995219892   778.3883841049535   778.3572159400093
0.02000616100108813   772.7931643544784   772.7617489231645
0.020592650537967844   766.431812731431   766.4001322756388
0.021196333277324068   759.3049813049403   759.2730141140174
0.02181771324555934   751.417551564286   751.3852597492729
0.022457309244835088   742.7774140429068   742.7447442970507
0.02311565528622961   733.3971013811617   733.3639996883945
0.023793301035594242   723.2966637887696   723.2631136655999
0.024490812272480036   712.4995931417562   712.4656206396776
0.025208771362518027   701.0325053869436   700.9981761623751
0.0259477777436476   688.9315227939748   688.8969318365555
0.02670844842659881   676.2390890330607   676.2043532968203
0.027491418510046592   662.9989111452087   662.9641672250776
0.028297341710866907   649.2611027633534   649.2265136694401
0.029126890909937666   635.0878341644351   635.0536058189573
0.029980758713939952   620.5416518488885   620.5080303545792
0.030859658033628758   605.6852703920307   605.6525372935264
0.031764322679055976   590.5947448573752   590.5632195554722
0.03269550797224261   575.349946949334   575.3199843020841
0.033653991377811755   560.0258680193255   559.9978513439842
0.03464057315210884   544.7012241607553   544.6755358914941
0.03565607701135116   529.4634718300432   529.4404517275395
0.036701350819364466   514.3934280047049   514.3733714675474
0.03777726729548091   499.56618836160925   499.5493436343028
0.038884724743189276   485.0640725182778   485.05060797280424
0.04002464780014597   470.96585318310514   470.95585192536566
0.041197988210172884   457.3404934308345   457.3339627216592
0.04240572561788674   444.2424749212914   444.2393051682964
0.04364886838662332   431.71143384735103   431.71134563084706
0.04492845444033957   419.7806298926338   419.7831901334892
0.04624555213019635   408.47919897483143   408.483812686551
0.04760126112654554   397.8364706155426   397.842267725728
0.04899671333706607   387.87903584766883   387.88485943203773
0.05043307385181555   378.6238385953851   378.62828085198595
0.05191154191598653   370.00407822139374   370.0056289542252
0.053433351931179485   361.90128364402017   361.8984267452189
0.05499977448602865   354.20628078160485   354.19749580643077
0.05661211741704101   346.8278926618681   346.81165346280716
0.05827172690053434   339.688710813669   339.6634878721968
0.05997998857658587   332.7109328714579   332.6752328608427
0.06173832870592997   325.7824008547907   325.73497579491226
0.0635482153607709   318.7843342516388   318.7242633058502
0.06541115965050462   311.59024865732925   311.5171230785582
0.06732871698337338   304.0545525444003   303.9687863659113
0.06930248836510605   296.0456280006191   295.948499153652
0.07133412173562886   287.45190703658494   287.3457667638206
0.07342531334496233   278.1883007424051   278.0765353961581
0.07557780916945323   268.247691514425   268.13447032803356
0.07779340636952398   257.67752466445   257.5675584464793
0.08007395479015682   246.5885749025554   246.4869930380309
0.08242135850536496   235.13732526861543   235.04947558213522
0.08483757740794096   223.51891830161648   223.44946232340828
0.08732462884580919   211.94592425758486   211.8982724446487
0.08988458930634863   200.63204360091478   200.60838944298732
0.09251959615009227   189.77911237103302   189.7803511521792
0.09523184939525078   179.59095985514014   179.61588507536922
0.09802361355455057   170.24794204472602   170.29306869942732
0.10089721952591899   161.90657379134493   161.96599282074956
0.10385506653859616   154.65356161811317   154.7192230420313
0.10689962415629803   148.48930346366308   148.55105273045234
0.11003343433910281   143.3231344261824   143.37020968485717
0.11325911356578279   138.96103932416673   138.98384611746118
0.11657935501835284   135.14933533266822   135.14029608180655
0.11999693083066039   131.5972197445346   131.55167936230748
0.12351469440289359   128.01160047799735   127.92941703368936
0.12713558278394044   124.13023170331314   124.01613116292428
0.13086261912358757   119.74996384797093   119.61311688841116
0.13469891519660646   114.7729347503628   114.62614310685153
0.13864767400083483   109.21376774187917   109.07225190005144
0.14271219243142114   103.20344186666141   103.0829660143812
0.14689586403346616   96.95852766768454   96.87163764423305
0.1512021818353596   90.75587619311216   90.70962541163419
0.15563474126517718   84.90541421733312   84.89978762001846
0.16019724315257297   79.70403356055732   79.73046346746156
0.1648934968186736   75.33626324552736   75.37891318164841
0.1697274232565544   71.80601024367104   71.84558838936117
0.17470305840495237   68.95876192835462   68.97740933587453
0.17982455651794954   66.55716982188133   66.5420011709659
0.18509619363343993   64.33582759513622   64.28129965093586
0.19052237114327647   62.012657743509685   61.92339241012882
0.19610761946807834   59.34899835039276   59.24079157391366
0.20185660183976684   56.273347259369174   56.16927910064183
0.20777411819498756   52.91700587273753   52.83610789856529
0.21386510918267082   49.50978776893692   49.46350139330273
0.22013466028907505   46.2955755514001   46.28473181466017
0.22658800608375756   43.47859182792824   43.491533124311196
0.23323053459001789   41.151521824468574   41.1687959790417
0.2400677917834628   39.248613359213756   39.252481531906504
0.24710548622244882   37.59422968654199   37.57282145492559
0.25434949381426813   35.970689603279716   35.92562928830817
0.2618058627210567   34.203421522255574   34.14922078179654
0.2694808184095226   32.26723306256809   32.22260604446108
0.27738076884870827   30.272540870439705   30.250230574779284
0.2855123098601282   28.367432218423172   28.369947023037795
0.29388223062474755   26.68175940791604   26.69881388256919
0.3024975193514008   25.251536661001044   25.268434818240333
0.31136536911138296   23.99382349215606   24.000065582146984
0.3204931838440838   22.78807319320806   22.784431453899902
0.32988858453867975   21.547295181230343   21.54369069518419
0.3395594155970457   20.268217581754705   20.275705020015266
0.34951375138319807   19.027504898616492   19.05017182245079
0.3597599029647371   17.89651026358127   17.929742698610728
0.37030642505191835   16.890847759285084   16.925609166438985
0.3811621231401457   15.970344088068936   16.001940857480232
0.3923360608618501   15.076388236630763   15.107844760380233
0.4038375675538918   14.188099116906814   14.225495834318398
0.41567624604680364   13.331142287322876   13.37723223875638
0.42786198068238046   12.536577145087682   12.588854729664456
0.4404049455663077   11.80924715690674   11.863440160345885
0.4533156130627191   11.125824390463109   11.180797804625273
0.4666047625377753   10.467138621161652   10.52517576965452
0.4802834893595659   9.83481372282707   9.897881560677876
0.49436321416184764   9.24199519965636   9.309136043192114
0.5088556923793517   8.690372311955004   8.759711371643354
0.5237730240626238   8.170470948067448   8.24162925865303
0.5391276639805903   7.675251501979896   7.749174629577551
0.5549324320192869   7.206915796068645   7.283897244651008
0.5712005238854289   6.767999103278143   6.847212363036843
0.5879455221237613   6.355402481535246   6.43640524837408
0.6051814074573895   5.965337888322365   6.048342599469635
0.622922570460556   5.597409729918574   5.682432682347463
0.6411838235736077   5.251653324849768   5.338394040277793
0.6599804134701901   4.9265035084553   5.014690278183862
0.6793280337869897   4.619997421522745   4.709705545581342
0.6992428382266549   4.331579351979548   4.422694904811326
0.7197414540448374   4.060437735547366   4.1527730861136085
0.7408409959326054   3.8055765408410736   3.8989626764013283
0.7625590803058332   3.566054259040054   3.6603380248218764
0.7849138400134885   3.3409822324825966   3.4360235421711223
0.8079239394770964   3.1295217393771657   3.22519124644647
0.8316085902740278   2.9308812390884285   3.0270584088791104
0.8559875671776167   2.744313769017623   2.8408852978939216
0.8810812246675007   2.5691171821038745   2.6659746343848805
0.9069105139239728   2.4046391505018976   2.5016739458659263
0.9334970003205227   2.250264265453219   2.3473672261348058
0.960862881429187   2.1054091320511024   2.20247134172827
0.9890310055537336   1.9695209685547743   2.0664345461007256
1.0180248908061487   1.8420762460119635   1.9387350368381455
1.047868744742366   1.7225793687816933   1.8188795569580385
1.0785874845736239   1.6105613924843067   1.7064020405126634
1.1102067579703248   1.5055778276377847   1.6008621670586054
1.1427529644757777   1.4072065523261534   1.5018439683417788
1.1762532775476793   1.3150489987569687   1.4089549423377439
1.210735667245765   1.2287292736067694   1.3218249158020552
1.246228923584555   1.1478929673215077   1.2401049019352228
1.2827626805706884   1.0722060188031861   1.1634660047154872
1.3203674409449337   1.0013536334146   1.0915983690808697
1.3590746016495152   0.9350392553255223   1.024210190878074
1.3989164800420282   0.8729837025890029   0.9610273254628738
1.4399263408778291   0.8149242322084096   0.9017923804458087
1.4821384240834183   0.7606134751492543   0.8462629852158959
1.525587973344019   0.7098185899213105   0.7942109426955496
1.5703112655292182   0.6623204696384215   0.7454214775036073
1.6163456409812174   0.6179129878418588   0.6996925164667344
1.6637295346910133   0.5764022815265538   0.6568340008171468
1.7125025083885144   0.5376060620086766   0.6166672570752855
1.7627052835733923   0.5013528635860292   0.5790247425770326
1.814379775514258   0.46748148957278796   0.5437492458713663
1.8675691282445197   0.435840528921356   0.5106929661608415
1.922317750584177   0.40628779748376065   0.47971698838522947
1.9786713532176083   0.378689806198407   0.4506907916413445
2.0366769868582977   0.35292125765076854   0.4234917803644155
2.0963830815323896   0.3288645696614731   0.3980048376637108
2.1578394870138577   0.306409415876321   0.3741219375484183
2.2210975144450407   0.28545224905581806   0.351741960614328
2.286209979177315   0.26589595000649974   0.33077009620643844
2.3532312448676476   0.2476494770476743   0.3111173475316848
2.4222172688678643   0.23062750249833347   0.29270019911633943
2.4932256489445366   0.2147500695173638   0.2754403012097396
2.5663156713684585   0.19994226839853677   0.25926416990608914
2.641548360413907   0.18613393130173134   0.2441029024583663
2.7189865293089923   0.17325937333912864   0.22989171602040223
2.798694832679631   0.16125719352852022   0.2165691962566708
2.8807398205309562   0.15006990690461014   0.20407777301793278
2.9651899938111903   0.13964367714470297   0.19236367351175376
3.05211586160442   0.12992809650009504   0.18137667106277838
3.1415899999999994   0.1208759780749866   0.171069850306582
