0.01   909.6264522540375   909.6105222361481
0.010293154462191829   922.4964376882441   922.4803038700144
0.010594902878253955   935.1257667719841   935.10944048937
0.010905497183778876   947.4859720894   947.4694583955918
0.011225196699963396   959.54651244597   959.5298133976949
0.011554268350120923   971.2758069378643   971.2589226028307
0.011892986882540897   982.6417338332913   982.624662390781
0.012241635099881474   993.6104669365349   993.5932095185374
0.012600504095286909   1004.1464569209555   1004.1290229166569
0.012969893495426888   1014.2138001836327   1014.196207816801
0.013350111710660605   1023.7760171906015   1023.7582911903605
0.013741476192534558   1032.7951552502795   1032.7773178809882
0.014144313698828986   1041.23301691864   1041.2150858305693
0.01455896056637426   1049.0514964730753   1049.0334846423925
0.014985762991865008   1056.2110158147718   1056.1929336037615
0.01542507732090645   1062.6711460174436   1062.6530027419863
0.015877270345534218   1068.392139040705   1068.3739429275045
0.016342719610456153   1073.334578189015   1073.3163269065742
0.016821813728271667   1077.458771721345   1077.440429921229
0.017314952703931925   1080.7262101878284   1080.707705932091
0.017822548268711737   1083.0998997210552   1083.0811273682489
0.01834502422397195   1084.543586456536   1084.5244333354617
0.018882816794999403   1085.0225875658448   1085.0029483472536
0.019436374995219892   1084.5046815937612   1084.4844589013762
0.02000616100108813   1082.9605270512875   1082.9396189779286
0.020592650537967844   1080.3640258104938   1080.342305109753
0.021196333277324068   1076.6924004494479   1076.6697136414728
0.02181771324555934   1071.9268513018658   1071.9030207830488
0.022457309244835088   1066.0547828131091   1066.0296124899598
0.02311565528622961   1059.0684273231514   1059.0417059298634
0.023793301035594242   1050.964279418937   1050.9357842478305
0.024490812272480036   1041.7472318542816   1041.7167799765566
0.025208771362518027   1031.431171626449   1031.3986768051213
0.0259477777436476   1020.0343378370729   1019.9998112703742
0.02670844842659881   1007.5819230721571   1007.5454652814676
0.027491418510046592   994.1141796303225   994.0759583851859
0.028297341710866907   979.6771632117981   979.637405074226
0.029126890909937666   964.3204545259152   964.27944441186
0.029980758713939952   948.1096898874034   948.0678325558915
0.030859658033628758   931.1227411158578   931.0806049105643
0.031764322679055976   913.437672115955   913.3959750218233
0.03269550797224261   895.1407497066743   895.1003331553915
0.033653991377811755   876.3395277244582   876.3013151681846
0.03464057315210884   857.1409959784501   857.1059747619132
0.03565607701135116   837.649214003057   837.6184193482446
0.036701350819364466   817.984330084656   817.9588051012189
0.03777726729548091   798.2708613110754   798.2516332031083
0.038884724743189276   778.6240266194944   778.6121011902679
0.04002464780014597   759.1563021714769   759.1525959462028
0.041197988210172884   739.9823483515523   739.9875770319035
0.04240572561788674   721.2070133880491   721.2216985714663
0.04364886838662332   702.9299270811902   702.9543675482056
0.04492845444033957   685.2760203989495   685.309997437284
0.04624555213019635   668.3711069592649   668.4138153345435
0.04760126112654554   652.3247587580204   652.3748660133759
0.04899671333706607   637.1823004520876   637.2378828479917
0.05043307385181555   622.9367750322524   622.9952646801665
0.05191154191598653   609.5775878054445   609.6358262303776
0.053433351931179485   597.059151760991   597.1135114673391
0.05499977448602865   585.3065801077094   585.3530655874581
0.05661211741704101   574.2444322799412   574.2787079007912
0.05827172690053434   563.761003828417   563.7784673600595
0.05997998857658587   553.7313695176844   553.727200092488
0.06173832870592997   544.0196770755251   543.9890577846742
0.0635482153607709   534.4554955601377   534.3940885867429
0.06541115965050462   524.8675195206912   524.7716391850782
0.06732871698337338   515.0500334268202   514.9173838118692
0.06930248836510605   504.7917816822168   504.62179938595597
0.07133412173562886   493.87886303133473   493.67338050307274
0.07342531334496233   482.10376480785214   481.8674737374438
0.07557780916945323   469.3069460695873   469.047316701585
0.07779340636952398   455.38273195092887   455.1098638242542
0.08007395479015682   440.31480590113154   440.0419587842844
0.08242135850536496   424.1752139508037   423.91893623568814
0.08483757740794096   407.1367579822122   406.9140253931671
0.08732462884580919   389.4435427597487   389.26988608867435
0.08988458930634863   371.40653461194995   371.29642692299456
0.09251959615009227   353.3660723105407   353.33187277274385
0.09523184939525078   335.69341846273477   335.74287755789743
0.09802361355455057   318.739794716313   318.87531335813367
0.10089721952591899   302.8632819692653   303.08039015082636
0.10385506653859616   288.36418779075825   288.65128642235726
0.10689962415629803   275.48577455791633   275.8232429637037
0.11003343433910281   264.3437383703996   264.7051134607589
0.11325911356578279   254.93242032473154   255.28583782452017
0.11657935501835284   247.06643472267055   247.37971449453042
0.11999693083066039   240.4418522828794   240.6853879547375
0.12351469440289359   234.62721339936127   234.7770308582985
0.12713558278394044   229.13465876830574   229.17838373899576
0.13086261912358757   223.46308396816704   223.40388702246548
0.13469891519660646   217.15286666624567   217.01001237655765
0.13864767400083483   209.86221282217917   209.67060203613488
0.14271219243142114   201.42488959235845   201.23241999448865
0.14689586403346616   191.88952245969904   191.75150886918354
0.1512021818353596   181.52183936776328   181.49214485856706
0.15563474126517718   170.76270244937587   170.8832353361022
0.16019724315257297   160.16936335526648   160.4604992029133
0.1648934968186736   150.3308691546198   150.78560219748965
0.1697274232565544   141.7443744800253   142.32706259478462
0.17470305840495237   134.6768410098852   135.3281275148224
0.17982455651794954   129.08902929084135   129.7402156226832
0.18509619363343993   124.6745849912487   125.26552387136937
0.19052237114327647   120.95965369458244   121.44946252563138
0.19610761946807834   117.37975937019586   117.75906974004933
0.20185660183976684   113.36751814424687   113.67217494437611
0.20777411819498756   108.52986229708486   108.82872085820898
0.21386510918267082   102.8311369629278   103.20597210438585
0.22013466028907505   96.59440911164953   97.1170013407905
0.22658800608375756   90.33557942942075   91.0395305835685
0.23323053459001789   84.59308576014871   85.46429325465171
0.2400677917834628   79.77035440856822   80.74585665643122
0.24710548622244882   75.97324537082568   76.97115601007327
0.25434949381426813   72.97116572254829   73.9186275147609
0.2618058627210567   70.3077880190809   71.17397715327093
0.2694808184095226   67.48373678476604   68.29694321252877
0.27738076884870827   64.1787562284324   65.0053820700359
0.2855123098601282   60.442593350578896   61.363713971376484
0.29388223062474755   56.601603026091944   57.6578231103544
0.3024975193514008   53.06271359056605   54.23764541145208
0.31136536911138296   50.10819697851595   51.340595033758866
0.3204931838440838   47.721430246401205   48.934633143054405
0.32988858453867975   45.62183073526273   46.78191612866294
0.3395594155970457   43.47557999088845   44.60439576451116
0.34951375138319807   41.10415830180164   42.257416886103734
0.3597599029647371   38.6028446114961   39.82814162192319
0.37030642505191835   36.23115672799473   37.52878470579367
0.3811621231401457   34.17681306562071   35.50277650009956
0.3923360608618501   32.4265771007308   33.73204743979698
0.4038375675538918   30.79834668822597   32.07228203488164
0.41567624604680364   29.121366325147054   30.3923566901794
0.42786198068238046   27.392078375084274   28.69385913881629
0.4404049455663077   25.741037022086555   27.07701430756715
0.4533156130627191   24.27170291444206   25.612676320007083
0.4666047625377753   22.95640517637684   24.27828917147374
0.4802834893595659   21.68950664228886   22.996949343911933
0.49436321416184764   20.41990575160986   21.7329417708807
0.5088556923793517   19.19674178511455   20.521723153615582
0.5237730240626238   18.07761814805326   19.401088757370385
0.5391276639805903   17.050222432027336   18.359298498703247
0.5549324320192869   16.063001614313695   17.362302792385552
0.5712005238854289   15.10413754843817   16.402440913961357
0.5879455221237613   14.202598771253532   15.497348950708355
0.6051814074573895   13.368028385426394   14.651638005081242
0.622922570460556   12.57851250337653   13.850440444011054
0.6411838235736077   11.822262892559923   13.08624645508056
0.6599804134701901   11.10985505263153   12.364974603601192
0.6793280337869897   10.443900890617806   11.686645782356672
0.6992428382266549   9.813716753767832   11.04399260191631
0.7197414540448374   9.21832040905934   10.436031783464212
0.7408409959326054   8.657086341774693   9.861984226208714
0.7625590803058332   8.128218459696317   9.319955901620986
0.7849138400134885   7.629993369267685   8.808148808339649
0.8079239394770964   7.1607684683685076   8.324866254732846
0.8316085902740278   6.7189756898449655   7.868535342435671
0.8559875671776167   6.303116998020912   7.437716328707583
0.8810812246675007   5.911767965776284   7.031043241924884
0.9069105139239728   5.543575355971594   6.647215319670869
0.9334970003205227   5.197254058107421   6.284994706951411
0.960862881429187   4.871584122471591   5.94320415551092
0.9890310055537336   4.56540789113362   5.62072473401694
1.0180248908061487   4.277627429664552   5.316493401718604
1.047868744742366   4.007203579000041   5.02949942598159
1.0785874845736239   3.753151989142292   4.758783170846426
1.1102067579703248   3.5145393438996426   4.503434905169274
1.1427529644757777   3.290481059494142   4.262592618971346
1.1762532775476793   3.0801390761546834   4.035439883559333
1.210735667245765   2.882719724816411   3.8212037713114713
1.246228923584555   2.6974716677115778   3.619152836332204
1.2827626805706884   2.523683542422049   3.4285945403350806
1.3203674409449337   2.360681563285383   3.2488724996836154
1.3590746016495152   2.2078287144493896   3.079366331477194
1.3989164800420282   2.06452311856922   2.9194901438232637
1.4399263408778291   1.9301962835904594   2.7686907776141596
1.4821384240834183   1.8043114234766542   2.6264461212047965
1.525587973344019   1.6863618507526281   2.4922634966672814
1.5703112655292182   1.5758694335257213   2.365678078912614
1.6163456409812174   1.4723830446914117   2.2462508310108733
1.6637295346910133   1.3754771964741874   2.133567335134118
1.7125025083885144   1.2847507816545676   2.0272370384965903
1.7627052835733923   1.199825789371049   1.9268919608576685
1.814379775514258   1.120346077847618   1.832185446632883
1.8675691282445197   1.045976204713309   1.7427909792706875
1.922317750584177   0.9764003127717958   1.6584010555035178
1.9786713532176083   0.9113209809602784   1.5787239241399584
2.0366769868582977   0.8504579811047537   1.5034764171027968
2.0963830815323896   0.7935476669936647   1.4323911643108056
2.1578394870138577   0.7403421501388454   1.3652180059711987
2.2210975144450407   0.6906084122998122   1.3017228275215336
2.286209979177315   0.6441274640249558   1.2416864768286993
2.3532312448676476   0.6006935471081557   1.1849037576354158
2.4222172688678643   0.560113387491634   1.131182434610227
2.4932256489445366   0.5222057575835153   1.0803403893947998
2.5663156713684585   0.48680077054218546   1.032204761004138
2.641548360413907   0.4537388413982636   0.9866138836501221
2.7189865293089923   0.4228700814414789   0.9434166606792911
2.798694832679631   0.3940537484560664   0.9024718198548782
2.8807398205309562   0.3671577249822958   0.8636472245914718
2.9651899938111903   0.3420580234231265   0.8268192366948947
3.05211586160442   0.3186381311297602   0.7918719505014066
3.1415899999999994   0.2967876779607396   0.7586957559127974
