0.01   22177.30214674305   22163.313766154388
0.010293154462191829   22417.535307634756   22402.22816003169
0.010594902878253955   22649.237913493354   22632.496463433625
0.010905497183778876   22871.736013763628   22853.4362841788
0.011225196699963396   23084.323549980814   23064.33000677423
0.011554268350120923   23286.28662157317   23264.45161205154
0.011892986882540897   23476.9090082604   23453.07289666492
0.012241635099881474   23655.442404124817   23629.433661799154
0.012600504095286909   23821.11772556086   23792.753172123394
0.012969893495426888   23973.172528044066   23942.257789601557
0.013350111710660605   24110.84052867104   24077.169288005374
0.013741476192534558   24233.33358624188   24196.684987594206
0.014144313698828986   24339.875383060968   24300.014314844724
0.01455896056637426   24429.707260036026   24386.384904335286
0.014985762991865008   24502.05906918098   24455.010132520274
0.01542507732090645   24556.169088958013   24505.11085334855
0.015877270345534218   24591.3097405945   24535.943520713645
0.016342719610456153   24606.77821008142   24546.78928721542
0.016821813728271667   24601.887866717854   24536.944018062073
0.017314952703931925   24575.998826575516   24505.75222654664
0.017822548268711737   24528.525729118453   24452.61514270903
0.01834502422397195   24458.93743286701   24376.988158965116
0.018882816794999403   24366.76594000111   24278.391705695532
0.019436374995219892   24251.61479840906   24156.421319616125
0.02000616100108813   24113.181006973125   24010.77128366146
0.020592650537967844   23951.26798660454   23841.248537090356
0.021196333277324068   23765.764911780458   23647.750097743083
0.02181771324555934   23556.665412137612   23430.28323111109
0.022457309244835088   23324.150800293726   23189.05559467761
0.02311565528622961   23068.5238737226   22924.40305357735
0.023793301035594242   22790.177598550355   22636.755489010156
0.024490812272480036   22489.717913291195   22326.769842101992
0.025208771362518027   22167.979951717665   21995.347176302555
0.0259477777436476   21825.87386185775   21643.464987925807
0.02670844842659881   21464.444062397244   21272.24045071131
0.027491418510046592   21085.09915752412   20883.17649225694
0.028297341710866907   20689.353644139184   20477.88379483256
0.029126890909937666   20278.74574862803   20057.99178194876
0.029980758713939952   19855.151995032767   19625.472680703962
0.030859658033628758   19420.72921593253   19182.5802310813
0.031764322679055976   18977.568331156457   18731.491751796813
0.03269550797224261   18527.81345286176   18274.428986250263
0.033653991377811755   18073.96438353574   17813.965061307983
0.03464057315210884   17618.451953579646   17352.591928704718
0.03565607701135116   17163.567156334128   16892.645355388
0.036701350819364466   16711.980076977703   16436.786071973784
0.03777726729548091   16266.536864633184   15987.811175668729
0.038884724743189276   15829.809718566057   15548.23825984399
0.04002464780014597   15403.914647391151   15120.123111803989
0.041197988210172884   14990.266080790452   14704.81313742111
0.04240572561788674   14590.03278726016   14303.41021279877
0.04364886838662332   14204.3426907122   13916.95435590239
0.04492845444033957   13835.335831333023   13547.264726717905
0.04624555213019635   13485.587407470128   13196.481022205577
0.04760126112654554   13157.342946340008   12866.45044644559
0.04899671333706607   12850.590550681532   12556.94598516604
0.05043307385181555   12562.67558575105   12265.315133725035
0.05191154191598653   12290.984474917886   11988.962243200145
0.053433351931179485   12033.108987482248   11725.490462528003
0.05499977448602865   11786.821891895597   11472.676090126788
0.05661211741704101   11550.002958696163   11228.419326713272
0.05827172690053434   11319.853953340902   10990.1179413262
0.05997998857658587   11093.171209447672   10754.887249252168
0.06173832870592997   10866.69952703841   10519.886115301695
0.0635482153607709   10636.47660998413   10281.896665141676
0.06541115965050462   10398.633652062957   10037.854700340424
0.06732871698337338   10149.064097838149   9784.74233003727
0.06930248836510605   9883.758863506511   9519.760712147543
0.07133412173562886   9599.632570239433   9241.049960402835
0.07342531334496233   9294.638157573649   8947.773789550349
0.07557780916945323   8968.448668120005   8640.385136138737
0.07779340636952398   8622.900555768785   8320.961581253412
0.08007395479015682   8261.458123092885   7992.8613979255615
0.08242135850536496   7889.376565538314   7660.890007435748
0.08483757740794096   7512.800081164301   7329.947748905291
0.08732462884580919   7138.436548760075   7004.865196688623
0.08988458930634863   6773.111675062602   6690.541405007683
0.09251959615009227   6423.381705613283   6391.493576285672
0.09523184939525078   6095.775024808459   6111.47551427744
0.09802361355455057   5795.733792972366   5853.455179177696
0.10089721952591899   5527.616955838924   5619.5765072734475
0.10385506653859616   5293.890090334384   5410.515651450395
0.10689962415629803   5093.900036926304   5224.146067214308
0.11003343433910281   4924.3717036989065   5057.267451171788
0.11325911356578279   4778.889155624643   4905.5982938197885
0.11657935501835284   4649.148635598399   4763.67817227602
0.11999693083066039   4525.834439400105   4625.679128114513
0.12351469440289359   4399.599791871451   4486.795786718864
0.12713558278394044   4262.315113673612   4343.308703807487
0.13086261912358757   4107.939030119539   4192.860774881603
0.13469891519660646   3933.9089655709745   4035.222790609884
0.13864767400083483   3741.550534523188   3872.1474233101285
0.14271219243142114   3535.8105068286286   3706.8781647289375
0.14689586403346616   3324.486731430319   3543.4415843581023
0.1512021818353596   3117.17555968276   3386.2294765698075
0.15563474126517718   2924.0653094046656   3239.588260002275
0.16019724315257297   2753.9687012075574   3105.5147323333435
0.1648934968186736   2611.8078867933286   2984.284019166642
0.1697274232565544   2496.7728632913095   2876.2071084496015
0.17470305840495237   2402.962962810411   2776.1372741283694
0.17982455651794954   2321.8613107857395   2681.822344791385
0.18509619363343993   2244.077980581679   2590.0786631762685
0.19052237114327647   2160.2931941248726   2498.528373559351
0.19610761946807834   2063.6958249824725   2405.5601534126217
0.20185660183976684   1953.4399357523698   2311.9802052698706
0.20777411819498756   1835.0720644477422   2219.726289312934
0.21386510918267082   1717.1936397339039   2131.1076352462173
0.22013466028907505   1608.2702189959484   2047.8108875011455
0.22658800608375756   1514.6512186436435   1969.9550625366378
0.23323053459001789   1438.2828299694975   1897.5576940697858
0.2400677917834628   1375.4520907164074   1829.972204870355
0.24710548622244882   1319.1141039784884   1765.000715897831
0.25434949381426813   1261.534020054965   1701.470417502485
0.2618058627210567   1197.606397709219   1640.3576436447754
0.2694808184095226   1127.8445718340022   1580.245691179353
0.27738076884870827   1057.1631915753114   1522.4548045049976
0.2855123098601282   991.3175476291393   1467.219036561248
0.29388223062474755   934.4442854182531   1415.689872514194
0.3024975193514008   886.5981089449646   1366.1020245466952
0.31136536911138296   843.8148968452228   1319.2309175851701
0.3204931838440838   801.433548991264   1274.0263990956548
0.32988858453867975   756.8566591844155   1230.577720119378
0.3395594155970457   711.0701004751212   1188.372531381117
0.34951375138319807   667.4921414485543   1148.1144410265515
0.3597599029647371   628.6019133319363   1109.937497657791
0.37030642505191835   594.3120570385136   1073.5803802542987
0.3811621231401457   562.4448292987059   1038.7666130179605
0.3923360608618501   530.7834711386622   1005.4221235777495
0.4038375675538918   499.1019751997467   973.144501320138
0.41567624604680364   468.861411514063   942.2394290587375
0.42786198068238046   441.2600615082528   912.8284698477293
0.4404049455663077   416.07530224244704   884.7793894657837
0.4533156130627191   392.12657859587796   857.8307766010931
0.4666047625377753   368.77553823577733   831.8460258271894
0.4802834893595659   346.4239727733471   806.9036118019891
0.49436321416184764   325.66290690163777   783.028868722195
0.5088556923793517   306.3918682378517   760.1941999528107
0.5237730240626238   288.0957091725764   738.2136302573967
0.5391276639805903   270.5870110041626   717.0194758672993
0.5549324320192869   254.0863103233161   696.6665955854259
0.5712005238854289   238.67640119007763   677.1233542559715
0.5879455221237613   224.15593136251582   658.2944091961954
0.6051814074573895   210.3839843520853   640.1183187946957
0.622922570460556   197.40947266984978   622.5932216622833
0.6411838235736077   185.2380653939922   605.6932168573749
0.6599804134701901   173.7694111731158   589.3617779717514
0.6793280337869897   162.95862039983479   573.549364213902
0.6992428382266549   152.78908017606423   558.2492145213351
0.7197414540448374   143.22561115761263   543.4290992633659
0.7408409959326054   134.2336662391593   529.0571851432527
0.7625590803058332   125.7805905241218   515.1038634480002
0.7849138400134885   117.8355208281788   501.54160688323714
0.8079239394770964   110.36929043367428   488.34483907513027
0.8316085902740278   103.3544156925624   475.48973796513246
0.8559875671776167   96.76529894808225   462.9538089759251
0.8810812246675007   90.57778698198702   450.7161005924185
0.9069105139239728   84.76896116301118   438.7572549997034
0.9334970003205227   79.31708486602834   427.05942119408155
0.960862881429187   74.20155239322015   415.60617507396256
0.9890310055537336   69.40283932984536   404.382445820686
1.0180248908061487   64.90245411298945   393.37444941027405
1.047868744742366   60.682860226414185   382.56983159168385
1.0785874845736239   56.72741163999732   371.95778370346324
1.1102067579703248   53.02037552079524   361.52858455052746
1.1427529644757777   49.54689472992691   351.2734987782826
1.1762532775476793   46.29294365315628   341.18473040067397
1.210735667245765   43.24528592531422   331.2553783897296
1.246228923584555   40.391433991749004   321.4793939761619
1.2827626805706884   37.7196106083677   311.85164860911283
1.3203674409449337   35.218714181606856   302.3695429667268
1.3590746016495152   32.8782822843802   293.0323981864098
1.3989164800420282   30.688455739817865   283.8398680324901
1.4399263408778291   28.639946627734727   274.79186919878435
1.4821384240834183   26.724007837368397   265.8885586108005
1.525587973344019   24.932404043405146   257.13031082190525
1.5703112655292182   23.25738405364826   248.5176955135641
1.6163456409812174   21.69165340465313   240.05198144570184
1.6637295346910133   20.22834536467624   231.7372059333253
1.7125025083885144   18.86100214823041   223.57794212763434
1.7627052835733923   17.583554042628464   215.5783201170965
1.814379775514258   16.390297554484007   207.7420328286346
1.8675691282445197   15.275874675686087   200.07234357780098
1.922317750584177   14.235253220751567   192.57209461093385
1.9786713532176083   13.263708174115166   185.2437220234153
2.0366769868582977   12.356802363567493   178.08995241442943
2.0963830815323896   11.510368756867878   171.11433662742053
2.1578394870138577   10.720498174415384   164.3198847664916
2.2210975144450407   9.983524525112696   157.70892521024962
2.286209979177315   9.296010424258755   151.28314063421413
2.3532312448676476   8.654733607543687   145.04360458126337
2.4222172688678643   8.0566741010889   138.9908183214018
2.4932256489445366   7.499002386776158   133.1247707285228
2.5663156713684585   6.979071879466271   127.44531096894386
2.641548360413907   6.494405962496156   121.95204465617022
2.7189865293089923   6.042683956729333   116.64404881734865
2.798694832679631   5.621731752618828   111.51990727238594
2.8807398205309562   5.229513065682853   106.5777545167873
2.9651899938111903   4.864121172131781   101.81531831953008
3.05211586160442   4.523771101589019   97.22996087284851
3.1415899999999994   4.206789397256126   92.81846514852873
