0.01   9325.568593282855   9324.906669103422
0.010293154462191829   9394.640094909473   9393.960197029886
0.010594902878253955   9458.761546855467   9458.063923890899
0.010905497183778876   9517.655643619883   9516.939531759006
0.011225196699963396   9571.048989670002   9570.312563826245
0.011554268350120923   9618.667702343757   9617.908375494273
0.011892986882540897   9660.227790826704   9659.443095909533
0.012241635099881474   9695.450187006798   9694.637944976348
0.012600504095286909   9724.063590983622   9723.221878537304
0.012969893495426888   9745.790990768754   9744.917642319111
0.013350111710660605   9760.357737484657   9759.45004607243
0.013741476192534558   9767.503046844384   9766.557772240189
0.014144313698828986   9766.972682128817   9765.986116148926
0.01455896056637426   9758.512605411965   9757.480684960095
0.014985762991865008   9741.886629626522   9740.804973873655
0.01542507732090645   9716.87794174451   9715.74178545768
0.015877270345534218   9683.277330405916   9682.080908860757
0.016342719610456153   9640.895072731073   9639.63141074665
0.016821813728271667   9589.569596953761   9588.230585693973
0.017314952703931925   9529.165282347167   9527.741989167693
0.017822548268711737   9459.57327355807   9458.056321954355
0.01834502422397195   9380.718681656735   9379.098364583731
0.018882816794999403   9292.564414132856   9290.830728286277
0.019436374995219892   9195.118366285249   9193.260834221539
0.02000616100108813   9088.428897359141   9086.436621225948
0.020592650537967844   8972.585125172096   8970.446995414288
0.021196333277324068   8847.742322189746   8845.448377874303
0.02181771324555934   8714.117610958121   8711.660183028216
0.022457309244835088   8571.966197706384   8569.339944729483
0.02311565528622961   8421.605706224664   8418.808050726393
0.023793301035594242   8263.459808759671   8260.492141874165
0.024490812272480036   8097.991311962561   8094.859001655028
0.025208771362518027   7925.696566838463   7922.408865821637
0.0259477777436476   7747.201429046398   7743.773028311903
0.02670844842659881   7563.204336967007   7559.6559539506125
0.027491418510046592   7374.40202589555   7370.759742521738
0.028297341710866907   7181.572944775977   7177.868238033413
0.029126890909937666   6985.641096344164   6981.911406550576
0.029980758713939952   6787.505517535544   6783.793410500128
0.030859658033628758   6588.048824687318   6584.400939148792
0.031764322679055976   6388.31343373295   6384.779133818077
0.03269550797224261   6189.3443514794135   6185.974719780188
0.033653991377811755   5992.0941726427145   5988.941203009313
0.03464057315210884   5797.569560694547   5794.68311091875
0.03565607701135116   5606.854432338357   5604.27896747937
0.036701350819364466   5420.910027632481   5418.684751807871
0.03777726729548091   5240.592825477793   5238.750243709546
0.038884724743189276   5066.741972093958   5065.3006072944145
0.04002464780014597   4900.097240336893   4899.061335536737
0.041197988210172884   4741.280992175075   4740.641936878959
0.04240572561788674   4590.8423035730975   4590.56926333553
0.04364886838662332   4449.263417427979   4449.296468320543
0.04492845444033957   4316.943754002579   4317.197344839314
0.04624555213019635   4194.032713810986   4194.397331186221
0.04760126112654554   4080.1303695228253   4080.4708927576944
0.04899671333706607   3974.7768068238893   3974.934106069508
0.05043307385181555   3877.458393485186   3877.25323397636
0.05191154191598653   3787.049264058995   3786.298172915364
0.053433351931179485   3702.2416654575104   3700.763274878695
0.05499977448602865   3621.833759116733   3619.4496617504965
0.05661211741704101   3544.690342371998   3541.231949577601
0.05827172690053434   3469.752496218492   3465.064189603375
0.05997998857658587   3395.8653573096212   3389.8163682214035
0.06173832870592997   3321.318221245124   3313.844354762137
0.0635482153607709   3244.3970598348556   3235.509593084729
0.06541115965050462   3163.321817872159   3153.143264015218
0.06732871698337338   3076.269893459025   3065.068057007868
0.06930248836510605   2981.8169316022304   2969.998448780743
0.07133412173562886   2879.2588162135285   2867.367911817286
0.07342531334496233   2768.384900883004   2757.0772078817013
0.07557780916945323   2650.1268373529674   2640.131085276966
0.07779340636952398   2525.9317464584296   2518.0082618210627
0.08007395479015682   2397.9166816668753   2392.7892375942915
0.08242135850536496   2268.401248477284   2266.7144685610606
0.08483757740794096   2139.7687391890167   2142.0393643846373
0.08732462884580919   2014.317156686286   2020.905676989629
0.08988458930634863   1894.6096511641638   1905.6447316825825
0.09251959615009227   1783.0589788711852   1798.4202166526477
0.09523184939525078   1682.011515911403   1701.2854746529752
0.09802361355455057   1593.121730067007   1615.5896259291
0.10089721952591899   1517.3889625544427   1542.016447358573
0.10385506653859616   1454.5678014910065   1480.171175100111
0.10689962415629803   1403.2583823570903   1428.6418631206811
0.11003343433910281   1361.1234319368418   1385.2143608440952
0.11325911356578279   1325.119437873489   1347.083470703965
0.11657935501835284   1291.8871598271166   1311.2723969211495
0.11999693083066039   1258.0706137113752   1274.9085187735018
0.12351469440289359   1220.5996206552813   1235.5138575638537
0.12713558278394044   1177.2222998553555   1191.3418839545786
0.13086261912358757   1126.7952222277986   1141.587599459417
0.13469891519660646   1069.6131545305727   1086.6930151401484
0.13864767400083483   1007.095638758644   1028.0586085210743
0.14271219243142114   941.6205236050362   967.8064627707595
0.14689586403346616   876.4765668955896   908.500820465097
0.1512021818353596   815.4998806576725   853.1375464293432
0.15563474126517718   762.0867855389093   804.2232778108325
0.16019724315257297   718.1066645600641   762.8747779320657
0.1648934968186736   683.247253740072   728.7419333391136
0.1697274232565544   655.7724801729731   700.1702074389887
0.17470305840495237   633.344192341249   675.3051859062408
0.17982455651794954   612.995536387678   651.9878090191607
0.18509619363343993   591.2901864165922   627.828666650009
0.19052237114327647   565.5805552585168   601.1231993438466
0.19610761946807834   535.3551516648175   571.7824588750992
0.20185660183976684   502.0836593450575   541.105797275026
0.20777411819498756   468.09343288451777   510.5136966057501
0.21386510918267082   436.03484105162346   481.7524571977496
0.22013466028907505   408.2276063536779   456.20428103410677
0.22658800608375756   385.57910468913525   434.0886257714889
0.23323053459001789   367.39692313868716   414.91588084589466
0.2400677917834628   351.887967215069   397.5009943220793
0.24710548622244882   336.6247755863856   380.4901412810733
0.25434949381426813   319.80489464261694   362.8925915610873
0.2618058627210567   301.29549851861094   344.9836818599833
0.2694808184095226   282.0877870126737   327.16773845421733
0.27738076884870827   263.68891660478437   310.2202910757488
0.2855123098601282   247.53482625593614   294.7789932047063
0.29388223062474755   233.9154755647271   280.85118819070397
0.3024975193514008   222.02722361130063   267.9916714596121
0.31136536911138296   210.7048371523645   255.65515808870077
0.3204931838440838   199.01371156162546   243.58729523607428
0.32988858453867975   186.95466804804192   231.71586650752684
0.3395594155970457   175.26101684067365   220.389107268816
0.34951375138319807   164.5884383073906   209.79369553270143
0.3597599029647371   155.13135759505442   199.93314669906587
0.37030642505191835   146.50346583819146   190.64633669599064
0.3811621231401457   138.14720965132685   181.75796062561932
0.3923360608618501   129.8680471629308   173.21684112308716
0.4038375675538918   121.88533357189887   165.06314961694721
0.41567624604680364   114.48532706552423   157.37310196229302
0.42786198068238046   107.70749785601909   150.1245121610087
0.4404049455663077   101.36108465576231   143.24656118707603
0.4533156130627191   95.25555664688855   136.69291389074954
0.4666047625377753   89.41328267273097   130.4587706415521
0.4802834893595659   83.93434042833623   124.54785743748786
0.49436321416184764   78.83805922305159   118.95480211387516
0.5088556923793517   74.04277477869523   113.64454933669369
0.5237730240626238   69.48731207922206   108.595322483832
0.5391276639805903   65.18527834978363   103.8029186954454
0.5549324320192869   61.15458323742009   99.25855145914412
0.5712005238854289   57.370427060001596   94.94618724502011
0.5879455221237613   53.799028336382094   90.85030679217216
0.6051814074573895   50.435156082488   86.95994351379755
0.622922570460556   47.27690794845329   83.26843015409992
0.6411838235736077   44.30874804875421   79.76247142750688
0.6599804134701901   41.51597060754147   76.43170325881601
0.6793280337869897   38.89123423527124   73.26775821427738
0.6992428382266549   36.42597635155969   70.2616593445083
0.7197414540448374   34.11107528090629   67.40474693124638
0.7408409959326054   31.937699199487334   64.68884479729891
0.7625590803058332   29.897517243244675   62.106262232930135
0.7849138400134885   27.982671931641185   59.649763310181164
0.8079239394770964   26.185753072938194   57.312538242668374
0.8316085902740278   24.499773076028696   55.08817664865917
0.8559875671776167   22.918156267606257   52.97060083834793
0.8810812246675007   21.434779468677277   50.9538242222849
0.9069105139239728   20.043882498756982   49.0321309653144
0.9334970003205227   18.7400143981077   47.20016989850137
0.960862881429187   17.518019045540363   45.452929209826905
0.9890310055537336   16.373021357316937   43.78571275023476
1.0180248908061487   15.300413960073927   42.19411813691545
1.047868744742366   14.295842112864737   40.673996720898394
1.0785874845736239   13.35517233807297   39.221257264006546
1.1102067579703248   12.474495784863873   37.83196149813396
1.1427529644757777   11.65013098364207   36.502434807349786
1.1762532775476793   10.878611631488514   35.229248350577
1.210735667245765   10.156674795708703   34.00920106698118
1.246228923584555   9.481249708880888   32.83930314697073
1.2827626805706884   8.84944730072602   31.716754289596206
1.3203674409449337   8.258552736230246   30.63882412403406
1.3590746016495152   7.706014520320853   29.60287339179971
1.3989164800420282   7.189432698181603   28.60644444653344
1.4399263408778291   6.706550363235853   27.647251151107177
1.4821384240834183   6.255245679252464   26.72316648564227
1.525587973344019   5.833524306093386   25.832211185452735
1.5703112655292182   5.439512189285431   24.97254227359664
1.6163456409812174   5.071448036391173   24.142409445538743
1.6637295346910133   4.727676935763242   23.34014395901942
1.7125025083885144   4.406645223107827   22.564195377806556
1.7627052835733923   4.106894670310785   21.81312616007378
1.814379775514258   3.8270569256272835   21.085604007140265
1.8675691282445197   3.565848255009399   20.380394811053428
1.922317750584177   3.3220645671232516   19.696356312257258
1.9786713532176083   3.0945764755068876   19.032446939186595
2.0366769868582977   2.882324762162485   18.387729206830073
2.0963830815323896   2.6843166471197986   17.761337671206782
2.1578394870138577   2.4996218489953583   17.15247150365835
2.2210975144450407   2.3273688194853746   16.560390360268684
2.286209979177315   2.166741191977576   15.984410511995938
2.3532312448676476   2.0169744327469905   15.42390124912504
2.4222172688678643   1.8773525359782386   14.878301000132154
2.4932256489445366   1.7472048734638217   14.347141593233815
2.5663156713684585   1.6259037978329296   13.82999617177388
2.641548360413907   1.5128620510571766   13.326467957766226
2.7189865293089923   1.4075302565250263   12.836188182812531
2.798694832679631   1.309394560009395   12.35881411409779
2.8807398205309562   1.217974411191034   11.894027168883763
2.9651899938111903   1.1328206846099809   11.441563846881381
3.05211586160442   1.053514219006431   11.001301392635451
3.1415899999999994   0.9796631822557544   10.573141719902083
