0.01   1071.228328040893   1071.207827257948
0.010293154462191829   1075.1713488391028   1075.1507131472467
0.010594902878253955   1078.4033058156322   1078.382611366766
0.010905497183778876   1080.8912481284215   1080.8705424908674
0.011225196699963396   1082.603455536122   1082.5827573141742
0.011554268350120923   1083.5083278929308   1083.4876400129199
0.011892986882540897   1083.5738854186734   1083.553215763973
0.012241635099881474   1082.7698729874614   1082.7492361456323
0.012600504095286909   1081.0674031295039   1081.046818265257
0.012969893495426888   1078.4356693337488   1078.4151484281856
0.013350111710660605   1074.845048329354   1074.8245921555554
0.013741476192534558   1070.2688237770576   1070.2484224731231
0.014144313698828986   1064.6813101099838   1064.6609562182546
0.01455896056637426   1058.0577951110126   1058.0374986377983
0.014985762991865008   1050.377378412768   1050.3571672999394
0.01542507732090645   1041.6225603445532   1041.6024738043018
0.015877270345534218   1031.7768250434196   1031.7568877694143
0.016342719610456153   1020.8277349032236   1020.8079509360059
0.016821813728271667   1008.7680975111654   1008.7484505924294
0.017314952703931925   995.5944309220017   995.574875536617
0.017822548268711737   981.3074860006253   981.287940181986
0.01834502422397195   965.9142278995594   965.8945757366506
0.018882816794999403   949.4279879632228   949.4080962251834
0.019436374995219892   931.8683944405634   931.8481564216298
0.02000616100108813   913.2617347879002   913.2410778546542
0.020592650537967844   893.6412743534303   893.6201568251554
0.021196333277324068   873.0499454403633   873.0283311236793
0.02181771324555934   851.5390352862928   851.5168773823516
0.022457309244835088   829.1657473012034   829.1429904194347
0.02311565528622961   805.9968004903092   805.9734034874302
0.023793301035594242   782.1127684672173   782.0887515436582
0.024490812272480036   757.5986378506868   757.5740830699791
0.025208771362518027   732.5435756426882   732.5186213543611
0.0259477777436476   707.0545960792919   707.0294459835312
0.02670844842659881   681.2458769817422   681.2207982104477
0.027491418510046592   655.2283509763192   655.2036616787999
0.028297341710866907   629.1231629646022   629.0992268557114
0.029126890909937666   603.0693746970485   603.0466000122717
0.029980758713939952   577.1966383009325   577.1754643179512
0.030859658033628758   551.6272671065633   551.60815323436
0.031764322679055976   526.5047575330002   526.4881897283673
0.03269550797224261   501.9666046135443   501.9530886926031
0.033653991377811755   478.1290976764395   478.1191447618129
0.03464057315210884   455.1133306115198   455.10740062452123
0.03565607701135116   433.0502527980006   433.0486953396129
0.036701350819364466   412.0446419083518   412.0477084329998
0.03777726729548091   392.17949609330265   392.1873585518732
0.038884724743189276   373.5344152841414   373.5471890005459
0.04002464780014597   356.1716153612972   356.1893771722354
0.041197988210172884   340.1334453202783   340.1562352997201
0.04240572561788674   325.45770192637457   325.48518619274955
0.04364886838662332   312.1803605235441   312.2115361895358
0.04492845444033957   300.3265322595466   300.3598253504538
0.04624555213019635   289.8752762775081   289.9089859848471
0.04760126112654554   280.7155926994275   280.74874637967054
0.04899671333706607   272.73873196722144   272.77110273250446
0.05043307385181555   265.8384789896378   265.86987145643184
0.05191154191598653   259.8915275163772   259.9202355624077
0.053433351931179485   254.78410196333905   254.80681283467857
0.05499977448602865   250.37719711409196   250.3899807918503
0.05661211741704101   246.49419944977288   246.49370874884838
0.05827172690053434   242.95710671573966   242.94067844540118
0.05997998857658587   239.52505013830452   239.49112422997237
0.06173832870592997   235.93939784231466   235.88769662249555
0.0635482153607709   231.93437071010834   231.86577832543804
0.06541115965050462   227.2382185295545   227.1546389668539
0.06732871698337338   221.62017554353432   221.52432295005332
0.06930248836510605   214.91552967465893   214.8104728349662
0.07133412173562886   207.03329774721547   206.92248512606454
0.07342531334496233   198.00496989010097   197.8925005482894
0.07557780916945323   187.9266504789408   187.81742395792122
0.07779340636952398   176.9626822182301   176.86287872929296
0.08007395479015682   165.34222725425354   165.25885972559942
0.08242135850536496   153.3685588414236   153.30883066313115
0.08483757740794096   141.37998546485795   141.3496020205063
0.08732462884580919   129.72967323687786   129.73156346374225
0.08988458930634863   118.80766482530821   118.84134049452652
0.09251959615009227   108.94185489183442   109.00395286535957
0.09523184939525078   100.3985113938848   100.48305370575122
0.09802361355455057   93.34960706853671   93.44885927726664
0.10089721952591899   87.82552413247001   87.93091013919458
0.10385506653859616   83.77230088644767   83.87447203706967
0.10689962415629803   81.01748882909139   81.10584036248021
0.11003343433910281   79.32318897954185   79.38700370668876
0.11325911356578279   78.37392155657776   78.40405181260347
0.11657935501835284   77.78603217669651   77.77617445697055
0.11999693083066039   77.14411996676579   77.09205718941129
0.12351469440289359   76.03691204305788   75.94570258465127
0.12713558278394044   74.12741246511294   74.00595874208997
0.13086261912358757   71.19617324024021   71.05961468710704
0.13469891519660646   67.1887349139899   67.0572182611803
0.13864767400083483   62.261090434565936   62.15451963936633
0.14271219243142114   56.792232442766085   56.724754227157824
0.14689586403346616   51.29935527687724   51.27691195795868
0.1512021818353596   46.28832920562174   46.309223590537776
0.15563474126517718   42.11639945532079   42.17226309916047
0.16019724315257297   38.957824942041825   39.033517828681866
0.1648934968186736   36.84507379832019   36.92025852370751
0.1697274232565544   35.65845227390513   35.711321348508115
0.17470305840495237   35.1024433150665   35.116640521319596
0.17982455651794954   34.74122289867053   34.710307877854405
0.18509619363343993   34.135015834701626   34.063999696152955
0.19052237114327647   32.97088277972956   32.87497526614441
0.19610761946807834   31.122517687864097   31.024734517514585
0.20185660183976684   28.698934836750254   28.624125456778394
0.20777411819498756   26.035325428956845   25.998422275418132
0.21386510918267082   23.543511380753994   23.545490224517557
0.22013466028907505   21.543835643778007   21.572529096831126
0.22658800608375756   20.18285353061659   20.21457669711841
0.23323053459001789   19.387407372192126   19.401387778522107
0.2400677917834628   18.89358049731834   18.875769295844574
0.24710548622244882   18.384075395237513   18.333943068327038
0.25434949381426813   17.60648367597699   17.539172897696098
0.2618058627210567   16.46999304037722   16.407836819741537
0.2694808184095226   15.114191928416519   15.074935399879838
0.27738076884870827   13.805020331889589   13.791606691405521
0.2855123098601282   12.756678375680682   12.757867036005186
0.29388223062474755   12.038374788392975   12.036328086945383
0.3024975193514008   11.546293285699873   11.525180664876292
0.31136536911138296   11.07979640218041   11.039071621372932
0.3204931838440838   10.488187066589498   10.440622266126054
0.32988858453867975   9.7552401125945   9.715647499742085
0.3395594155970457   8.994548578112981   8.9700002480163
0.34951375138319807   8.346262555426515   8.331100373533763
0.3597599029647371   7.858132920926896   7.840223597200245
0.37030642505191835   7.464522017732287   7.435749055769635
0.3811621231401457   7.06289069297748   7.026472225178632
0.3923360608618501   6.604773898582928   6.570590729965041
0.4038375675538918   6.132356562283534   6.105689962846335
0.41567624604680364   5.71437409359521   5.6921971755296035
0.42786198068238046   5.372147534515445   5.347632714023519
0.4404049455663077   5.064605868972607   5.035222821039363
0.4533156130627191   4.749201854681365   4.719122261397682
0.4666047625377753   4.427534342557844   4.400934980528904
0.4802834893595659   4.131481995474934   4.107426223562924
0.49436321416184764   3.8732391437691938   3.848400542475696
0.5088556923793517   3.6344340303019145   3.6080545678731384
0.5237730240626238   3.3987227729769267   3.3729928958375126
0.5391276639805903   3.172126261327246   3.148324931467095
0.5549324320192869   2.966028695853571   2.9428273015347153
0.5712005238854289   2.7767814569176434   2.753349203559326
0.5879455221237613   2.5959992717656806   2.573022734138836
0.6051814074573895   2.424375744998658   2.402457202379314
0.622922570460556   2.264477824275507   2.2435815966430104
0.6411838235736077   2.115171733806216   2.095121517882814
0.6599804134701901   1.9756693246004993   1.9563424817986503
0.6793280337869897   1.845263014739231   1.8265882650317087
0.6992428382266549   1.7233045400888956   1.7052511014913976
0.7197414540448374   1.6091993891968388   1.5917677495738376
0.7408409959326054   1.5024017985775682   1.485615903665748
0.7625590803058332   1.4024102903493902   1.3863109434251073
0.7849138400134885   1.3087800965798522   1.2934128314894724
0.8079239394770964   1.2211377289041716   1.2065343039978702
0.8316085902740278   1.1391343631690534   1.125312379662408
0.8559875671776167   1.0624378922530093   1.0494031175742708
0.8810812246675007   0.9907324891338798   0.9784808994155771
0.9069105139239728   0.9237181416087045   0.9122377103502093
0.9334970003205227   0.861110164251403   0.8503824222203883
0.960862881429187   0.8026374192127154   0.7926392080098532
0.9890310055537336   0.7480361511278376   0.7387429624290809
1.0180248908061487   0.6970560871224212   0.6884431582955785
1.047868744742366   0.649462780026614   0.6415051401884589
1.0785874845736239   0.60503663140408   0.5977091553945316
1.1102067579703248   0.5635719687809907   0.5568494380158034
1.1427529644757777   0.5248761793678455   0.5187333471206054
1.1762532775476793   0.4887689524877543   0.48318058169925987
1.210735667245765   0.4550823379201586   0.4500227990006777
1.246228923584555   0.4236595934785021   0.41910269586212984
1.2827626805706884   0.3943536819200348   0.39027294956407155
1.3203674409449337   0.3670266843518227   0.3633956044686455
1.3590746016495152   0.34154927010808583   0.3383415049090767
1.3989164800420282   0.3178001946267203   0.3149897600570911
1.4399263408778291   0.2956658226240824   0.293227238819634
1.4821384240834183   0.2750395467040129   0.2729480632449373
1.525587973344019   0.2558213048416752   0.25405314651318467
1.5703112655292182   0.23791744027346987   0.23644983123731247
1.6163456409812174   0.22124033382562575   0.22005149428504908
1.6637295346910133   0.20570802938510327   0.20477716836988352
1.7125025083885144   0.19124388150385901   0.19055118615457142
1.7627052835733923   0.17777622390919912   0.17730284562684637
1.814379775514258   0.16523806991630838   0.16496608751073172
1.8675691282445197   0.15356685224461764   0.15347917782248646
1.922317750584177   0.1427040979293359   0.14278446294680447
1.9786713532176083   0.13259515675511496   0.13282811726436264
2.0366769868582977   0.12318896106953499   0.12355989630599566
2.0963830815323896   0.11443779992382924   0.11493290520627969
2.1578394870138577   0.10629710674481231   0.10690338155905976
2.2210975144450407   0.09872525611597249   0.09943050677995471
2.286209979177315   0.09168334353572127   0.09247634915214226
2.3532312448676476   0.08513503573317839   0.08600557798001265
2.4222172688678643   0.07904643064467021   0.07998519249707903
2.4932256489445366   0.07338589968251441   0.07438437458987467
2.5663156713684585   0.06812393953754357   0.0691743515328685
2.641548360413907   0.06323303331767227   0.06432826668778707
2.7189865293089923   0.0586875211488162   0.05982105653257504
2.798694832679631   0.05446350427695641   0.05562928961824877
2.8807398205309562   0.05053872985144297   0.05173106028658411
2.9651899938111903   0.04689244457922386   0.048105957846544575
3.05211586160442   0.04350529481983932   0.044734971356903915
3.1415899999999994   0.0403592355914642   0.041600395684705124
