0.01   3297.2117072274195   3297.0912826940626
0.010293154462191829   3342.515525190647   3342.392097126904
0.010594902878253955   3386.984477168201   3386.8577279423534
0.010905497183778876   3430.5243693524626   3430.393893210424
0.011225196699963396   3473.0364184627547   3472.901790606266
0.011554268350120923   3514.420121589462   3514.280901136996
0.011892986882540897   3554.572173375221   3554.4278972850834
0.012241635099881474   3593.384145226718   3593.234309814508
0.012600504095286909   3630.7459119904993   3630.5899697307973
0.012969893495426888   3666.546243519868   3666.383602366634
0.013350111710660605   3700.6693119877104   3700.4993262508774
0.013741476192534558   3732.9966370709144   3732.8186021864017
0.014144313698828986   3763.4099279096304   3763.2230806707075
0.01455896056637426   3791.7893911817973   3791.5928616517726
0.014985762991865008   3818.0122433040206   3817.804963163901
0.01542507732090645   3841.95681792837   3841.737509394547
0.015877270345534218   3863.5029444723655   3863.270124157871
0.016342719610456153   3882.528964237536   3882.2809691949833
0.016821813728271667   3898.914774825727   3898.6497764747924
0.017314952703931925   3912.544131906343   3912.260140589342
0.017822548268711737   3923.303994747852   3922.998812985579
0.01834502422397195   3931.0848257287257   3930.755987592278
0.018882816794999403   3935.7829508569403   3935.427728306204
0.019436374995219892   3937.3018086297207   3936.917240416655
0.02000616100108813   3935.554008408994   3935.1369819784904
0.020592650537967844   3930.4607653657877   3930.008053340608
0.021196333277324068   3921.9524304693014   3921.4607144346674
0.02181771324555934   3909.974728128538   3909.4406736410215
0.022457309244835088   3894.4886049642523   3893.9089311831844
0.02311565528622961   3875.465635992831   3874.83714102436
0.023793301035594242   3852.8945634203747   3852.2142574233485
0.024490812272480036   3826.7929735095177   3826.058407109718
0.025208771362518027   3797.192405149364   3796.4017326685453
0.0259477777436476   3764.137658841217   3763.289680563008
0.02670844842659881   3727.710684899217   3726.8052631122237
0.027491418510046592   3688.0189822429397   3687.0572678759027
0.028297341710866907   3645.1788285037915   3644.1632161917664
0.029126890909937666   3599.3379946887244   3598.272135519373
0.029980758713939952   3550.6950344248253   3549.583897568965
0.030859658033628758   3499.4559932664565   3498.305787338331
0.031764322679055976   3445.834973378872   3444.6530910441506
0.03269550797224261   3390.0926473264067   3388.8878705028055
0.033653991377811755   3332.504293220365   3331.2867831724398
0.03464057315210884   3273.3394983554836   3272.1206224487105
0.03565607701135116   3212.922798460057   3211.7141708514396
0.036701350819364466   3151.6465579529076   3150.458905756685
0.03777726729548091   3089.886678218766   3088.7297732032603
0.038884724743189276   3027.9761049465196   3026.8591006272745
0.04002464780014597   2966.1395360081774   2965.0723579128667
0.041197988210172884   2904.563187191467   2903.5568052772187
0.04240572561788674   2843.4307713652624   2842.496737019447
0.04364886838662332   2783.1135451053283   2782.2574767708084
0.04492845444033957   2724.132779482009   2723.3490873407723
0.04624555213019635   2666.9716328595596   2666.244280832088
0.04760126112654554   2611.9627567598573   2611.267871215254
0.04899671333706607   2559.0962809849025   2558.4077234122974
0.05043307385181555   2508.304205938432   2507.5946426027826
0.05191154191598653   2459.5012011343943   2458.7420401837335
0.053433351931179485   2412.4621464173783   2411.6225148071544
0.05499977448602865   2366.9141748483735   2365.960632569806
0.05661211741704101   2322.588785974333   2321.4859390141633
0.05827172690053434   2279.13363767092   2277.847089262593
0.05997998857658587   2236.1753767702703   2234.67304960351
0.06173832870592997   2193.3472185414435   2191.60148042601
0.0635482153607709   2150.2357355502277   2148.2308721348854
0.06541115965050462   2106.441771896753   2104.1754654260567
0.06732871698337338   2061.518953903461   2059.0104637063723
0.06930248836510605   2014.975086978597   2012.2734358277219
0.07133412173562886   1966.3589876085473   1963.544940596797
0.07342531334496233   1915.24547812639   1912.4410557091333
0.07557780916945323   1861.3010501463077   1858.6670295519193
0.07779340636952398   1804.434271690774   1802.1665527457496
0.08007395479015682   1744.7164066660218   1743.0385072614765
0.08242135850536496   1682.5930441989874   1681.7404858840112
0.08483757740794096   1618.7102073095975   1618.9179466406658
0.08732462884580919   1553.9623157973724   1555.444032808921
0.08988458930634863   1489.3192122265823   1492.2560911467313
0.09251959615009227   1425.7918318707239   1430.3190303574954
0.09523184939525078   1364.3226951666547   1370.5209927942144
0.09802361355455057   1305.7757375635945   1313.653632152981
0.10089721952591899   1250.9002067590266   1260.3844645333922
0.10385506653859616   1200.3322453111318   1211.2622321613246
0.10689962415629803   1154.4541905179738   1166.594885013701
0.11003343433910281   1113.395870184746   1126.4487484642596
0.11325911356578279   1076.815662454501   1090.457339284411
0.11657935501835284   1043.9801576400178   1057.8977719169907
0.11999693083066039   1013.7153469776699   1027.680845289584
0.12351469440289359   984.6724789656071   998.5804319224621
0.12713558278394044   955.4651736901222   969.3592523464799
0.13086261912358757   924.9194716399153   939.0037284037674
0.13469891519660646   892.1823889814069   906.8153952114318
0.13864767400083483   856.89011062781   872.5266090085282
0.14271219243142114   819.2075767999861   836.3373314402015
0.14689586403346616   779.8260372970743   798.9086868234524
0.1512021818353596   739.868577278616   761.2544405540807
0.15563474126517718   700.6370298204114   724.4675044715201
0.16019724315257297   663.4400917391131   689.6039556583553
0.1648934968186736   629.4450639569791   657.5857793057359
0.1697274232565544   599.4831399810571   629.0099834138028
0.17470305840495237   573.7172361557745   603.9197691341217
0.17982455651794954   551.4533448519084   581.6963997767587
0.18509619363343993   531.3543149870992   561.2228711067057
0.19052237114327647   511.94908902754526   541.313007780102
0.19610761946807834   492.0326677217863   521.0963454073407
0.20185660183976684   470.7761706159556   500.0377460935979
0.20777411819498756   447.8863609198978   477.9517128424205
0.21386510918267082   423.90494626643215   455.2882586900638
0.22013466028907505   400.08906043891227   433.03274483364675
0.22658800608375756   377.73838887665715   412.0899197114809
0.23323053459001789   357.67897264817015   392.9709846320409
0.2400677917834628   340.1758704920577   375.8238130311306
0.24710548622244882   324.8597413649659   360.2776843047503
0.25434949381426813   310.77625104843463   345.6978297382684
0.2618058627210567   296.8625640787326   331.38121063389667
0.2694808184095226   282.4367166662403   316.9560114818747
0.27738076884870827   267.38060779840106   302.35323601479865
0.2855123098601282   252.3167566536074   288.0426771695089
0.29388223062474755   238.101637747971   274.4910656972594
0.3024975193514008   225.24175940195835   261.9370668663243
0.31136536911138296   213.77623322657823   250.36589314730637
0.3204931838440838   203.27690443642837   239.51922133421797
0.32988858453867975   193.08452540638132   229.0275917118148
0.3395594155970457   182.83907721495487   218.73211469563887
0.34951375138319807   172.62684013672117   208.6967384710334
0.3597599029647371   162.82686335283708   199.095239174714
0.37030642505191835   153.7985089278248   190.07833436292148
0.3811621231401457   145.54224889990343   181.61206583484505
0.3923360608618501   137.78826567900137   173.56605865629092
0.4038375675538918   130.27004271144358   165.82280002635895
0.41567624604680364   122.92044169689622   158.36298396534085
0.42786198068238046   115.89194424410555   151.24243000762831
0.4404049455663077   109.33467147260708   144.50144852985528
0.4533156130627191   103.22315764768913   138.10896074252742
0.4666047625377753   97.42608114558321   132.01463631716436
0.4802834893595659   91.85445800424473   126.18815498083282
0.49436321416184764   86.53894191656433   120.62875915750054
0.5088556923793517   81.5366157641194   115.34589456982489
0.5237730240626238   76.83854277646493   110.32681014628194
0.5391276639805903   72.38496938602047   105.54301222774824
0.5549324320192869   68.14722779294257   100.98621750283169
0.5712005238854289   64.13816950452862   96.6473920474962
0.5879455221237613   60.362514139636296   92.52208249250896
0.6051814074573895   56.79628869192463   88.5960236903148
0.622922570460556   53.419371434569776   84.85676243132374
0.6411838235736077   50.229304083657695   81.29784376149655
0.6599804134701901   47.22203159288607   77.91206022358868
0.6793280337869897   44.38365261754728   74.69020164045737
0.6992428382266549   41.70408291820487   71.62298436539365
0.7197414540448374   39.17704781490711   68.70362182611862
0.7408409959326054   36.794812163803044   65.92453728325091
0.7625590803058332   34.54964222107441   63.27861486389094
0.7849138400134885   32.43418036710924   60.759113814069906
0.8079239394770964   30.441429163228108   58.359648537885896
0.8316085902740278   28.564735938154147   56.07416969156724
0.8559875671776167   26.797777895767226   53.89694627865337
0.8810812246675007   25.13455308957795   51.82251539979612
0.9069105139239728   23.569401514350293   49.84543887653816
0.9334970003205227   22.096959176897425   47.960466836295986
0.960862881429187   20.712122877666914   46.16266270458789
0.9890310055537336   19.4100398743906   44.447383717264515
1.0180248908061487   18.186097918211587   42.810261857927856
1.047868744742366   17.03591550742429   41.24718612612475
1.0785874845736239   15.955332331562147   39.75428531823061
1.1102067579703248   14.940394616395078   38.32780683303173
1.1427529644757777   13.98734238800445   36.964011358033034
1.1762532775476793   13.092612440133445   35.659375297279475
1.210735667245765   12.252830729374638   34.410602634015405
1.246228923584555   11.464803518526075   33.21460874507334
1.2827626805706884   10.72550884804165   32.068505485096935
1.3203674409449337   10.032088329858508   30.969587432812563
1.3590746016495152   9.381839210497265   29.915303982285664
1.3989164800420282   8.772206380008265   28.903107481303664
1.4399263408778291   8.200775418409352   27.93052853032427
1.4821384240834183   7.665265925467015   26.99526713584821
1.525587973344019   7.163524802067072   26.095181716560035
1.5703112655292182   6.693519811265993   25.228277708607116
1.6163456409812174   6.253333415507402   24.39269711035817
1.6637295346910133   5.841156880726913   23.586708825160326
1.7125025083885144   5.455284198810608   22.808676958953072
1.7627052835733923   5.094106206747736   22.0570220004467
1.814379775514258   4.756106611843654   21.330268589263337
1.8675691282445197   4.439857221849816   20.627047543287578
1.922317750584177   4.1440132061443835   19.946088653480988
1.9786713532176083   3.867308583567867   19.286214046477543
2.0366769868582977   3.6085519281477474   18.64633206055935
2.0963830815323896   3.3666222192119397   18.025429714718726
2.1578394870138577   3.1404641848337005   17.422544060620066
2.2210975144450407   2.929085102462385   16.836768002391768
2.286209979177315   2.7315519886510367   16.267265839122345
2.3532312448676476   2.5469882246747533   15.713269124304402
2.4222172688678643   2.3745703424243616   15.174072363475496
2.4932256489445366   2.2135249794916154   14.649028993106366
2.5663156713684585   2.0631259957594885   14.137547630412792
2.641548360413907   1.922692245343976   13.639138243000657
2.7189865293089923   1.7915858394631854   13.15350426595954
2.798694832679631   1.6692081078982874   12.68039474557549
2.8807398205309562   1.5549970260629102   12.219569850236743
2.9651899938111903   1.4484251184259949   11.770800001308979
3.05211586160442   1.3489974701333036   11.333865042081122
3.1415899999999994   1.2562498421722168   10.908553443679018
