0.01   1334.8889236442037   1334.8459491553915
0.010293154462191829   1354.1544076585922   1354.1112572593486
0.010594902878253955   1373.104719715913   1373.0611950762573
0.010905497183778876   1391.7004278285208   1391.6563905897349
0.011225196699963396   1409.900820445895   1409.8562617687955
0.011554268350120923   1427.6643625488543   1427.6194054476339
0.011892986882540897   1444.9472496595454   1444.9020483222314
0.012241635099881474   1461.7034544414598   1461.658088801029
0.012600504095286909   1477.8863189550375   1477.8407862966903
0.012969893495426888   1493.4483470236964   1493.4025873282192
0.013350111710660605   1508.3404356924948   1508.2944219258131
0.013741476192534558   1522.5130486353369   1522.466806581075
0.014144313698828986   1535.916474235518   1535.8700789875338
0.01455896056637426   1548.499038190763   1548.4525481142355
0.014985762991865008   1560.2079463263226   1560.161356843868
0.01542507732090645   1570.9908840953221   1570.944125094759
0.015877270345534218   1580.7956290508241   1580.7485920718868
0.016342719610456153   1589.5695772673434   1589.5221747441333
0.016821813728271667   1597.2611868076588   1597.2133604363676
0.017314952703931925   1603.8202731881165   1603.771987467495
0.017822548268711737   1609.1972998805882   1609.1484880802398
0.01834502422397195   1613.3443027291485   1613.294842336134
0.018882816794999403   1616.2157183223173   1616.1654309596515
0.019436374995219892   1617.76898130141   1617.7176333777015
0.02000616100108813   1617.9649513599504   1617.9122552791998
0.020592650537967844   1616.7678570827388   1616.7134727989567
0.021196333277324068   1614.1462007914747   1614.0897547086036
0.02181771324555934   1610.0753590841118   1610.0165248913495
0.022457309244835088   1604.5357297196053   1604.474252928064
0.02311565528622961   1597.5123496436318   1597.4480479479694
0.023793301035594242   1589.0001064451499   1588.9328569978088
0.024490812272480036   1579.0034699091773   1578.9331970778592
0.025208771362518027   1567.5317205392685   1567.4583953779672
0.0259477777436476   1554.6028011464225   1554.526474975327
0.02670844842659881   1540.2511351251999   1540.1720388882763
0.027491418510046592   1524.5173596948093   1524.435915718047
0.028297341710866907   1507.4473699677092   1507.3641859074648
0.029126890909937666   1489.1079610477698   1489.0238574404236
0.029980758713939952   1469.5792611783907   1469.4952811930089
0.030859658033628758   1448.9429347586006   1448.860327224589
0.031764322679055976   1427.291321562411   1427.2115551360043
0.03269550797224261   1404.7357532510478   1404.6605591006514
0.033653991377811755   1381.3877693912502   1381.3191217875722
0.03464057315210884   1357.362037023534   1357.302083100773
0.03565607701135116   1332.8098871679463   1332.7606309135535
0.036701350819364466   1307.8924877933846   1307.85566686491
0.03777726729548091   1282.7617646405567   1282.7388683019253
0.038884724743189276   1257.5426022449158   1257.5351696449288
0.04002464780014597   1232.3285968178134   1232.338580760798
0.041197988210172884   1207.205688398913   1207.2354414408837
0.04240572561788674   1182.2771566833474   1182.32892761307
0.04364886838662332   1157.7402116936128   1157.814122541607
0.04492845444033957   1133.8037705322074   1133.8974458943794
0.04624555213019635   1110.6547215332891   1110.763577591689
0.04760126112654554   1088.3793821944678   1088.4981325971376
0.04899671333706607   1066.9808667069237   1067.1047537258416
0.05043307385181555   1046.4580946366266   1046.5828882608166
0.05191154191598653   1026.7748502091747   1026.8963239012442
0.053433351931179485   1007.8292259775445   1007.9422019021197
0.05499977448602865   989.5178879471272   989.6161950556053
0.05661211741704101   971.7215861374445   971.7981672845444
0.05827172690053434   954.282919465442   954.3299719509638
0.05997998857658587   937.0486964523136   937.0577921046856
0.06173832870592997   919.8527126720077   919.8157724045121
0.0635482153607709   902.5149789609924   902.4252869621706
0.06541115965050462   884.8589940787529   884.7116849983606
0.06732871698337338   866.6721814161066   866.4666663008765
0.06930248836510605   847.7445666506278   847.4851833304652
0.07133412173562886   827.8713722699589   827.5684359488052
0.07342531334496233   806.8579561126522   806.528560000079
0.07557780916945323   784.5707304687555   784.2381057713351
0.07779340636952398   760.9605508057813   760.653293964124
0.08007395479015682   736.0702183489583   735.8203960437147
0.08242135850536496   710.0994453642644   709.9396767641213
0.08483757740794096   683.3263394718075   683.288757291842
0.08732462884580919   656.1444731451373   656.2601308690063
0.08988458930634863   628.9725469230207   629.2683459182156
0.09251959615009227   602.2516281220661   602.7464308644376
0.09523184939525078   576.3972780008313   577.1006366271505
0.09802361355455057   551.7897717409796   552.700771061371
0.10089721952591899   528.7716726555676   529.8745193264691
0.10385506653859616   507.6225223877153   508.8868073154715
0.10689962415629803   488.51092498381837   489.89197755087923
0.11003343433910281   471.4990076976104   472.9412795917436
0.11325911356578279   456.41416805476865   457.86034250181433
0.11657935501835284   442.9384631240912   444.3361990685539
0.11999693083066039   430.5452075210407   431.8574650138737
0.12351469440289359   418.64466018416493   419.8550230759669
0.12713558278394044   406.62740469744733   407.7453020572106
0.13086261912358757   393.97494614995   395.04253814668647
0.13469891519660646   380.3144227470749   381.40451945294
0.13864767400083483   365.47237983207594   366.6799422966444
0.14271219243142114   349.5298567091533   350.9576094211781
0.14689586403346616   332.79786629191176   334.5423193516104
0.1512021818353596   315.77032815046897   317.9088698932204
0.15563474126517718   299.0359096036683   301.61376471443
0.16019724315257297   283.1904745757365   286.20362702044184
0.1648934968186736   268.76677009639917   272.160058742668
0.1697274232565544   256.13096901493446   259.8044716766741
0.17470305840495237   245.34490096382123   249.17065634614036
0.17982455651794954   236.0824129883291   239.94851552436006
0.18509619363343993   227.7404332316228   231.57591868100255
0.19052237114327647   219.66999974679314   223.45941397506462
0.19610761946807834   211.327793731101   215.11470663764274
0.20185660183976684   202.32714639145698   206.2089462750619
0.20777411819498756   192.5428817213426   196.6514124542489
0.21386510918267082   182.2457493020361   186.70435220787152
0.22013466028907505   172.0148195403073   176.8681988618575
0.22658800608375756   162.4323224043342   167.65019433407093
0.23323053459001789   153.87541646496825   159.36477159550859
0.2400677917834628   146.4686966023427   152.09044222879697
0.24710548622244882   140.0307888952281   145.66190231237232
0.25434949381426813   134.11506259904647   139.69122482119565
0.2618058627210567   128.23549655644408   133.77792228717402
0.2694808184095226   122.07257008876634   127.6641424962721
0.27738076884870827   115.59195502152866   121.34385081465966
0.2855123098601282   109.09430725707844   115.05661351995951
0.29388223062474755   102.97456942470077   109.13027258488928
0.3024975193514008   97.46805889062875   103.73097660165135
0.31136536911138296   92.59269462267608   98.86041993294509
0.3204931838440838   88.13575860910383   94.34817212186596
0.32988858453867975   83.78679705067442   89.95446646016285
0.3395594155970457   79.38310623626124   85.5716339196956
0.34951375138319807   74.97041653987598   81.23016604169095
0.3597599029647371   70.73822210865707   77.07649433892178
0.37030642505191835   66.85594186514015   73.22313084450792
0.3811621231401457   63.318603261967084   69.65625293461564
0.3923360608618501   59.99627251179048   66.28331917279036
0.4038375675538918   56.759495512869265   63.01627452566004
0.41567624604680364   53.58101711609991   59.839947597581755
0.42786198068238046   50.54005454426998   56.806169039930374
0.4404049455663077   47.70989179196848   53.95770327030382
0.4533156130627191   45.07671391165637   51.278887243875765
0.4666047625377753   42.5749393421982   48.728272227266004
0.4802834893595659   40.16287864712244   46.281438163334954
0.49436321416184764   37.858129087136405   43.94657995277618
0.5088556923793517   35.691645894817725   41.739022596669585
0.5237730240626238   33.657842049099024   39.652114937832835
0.5391276639805903   31.727400602696434   37.66697391879394
0.5549324320192869   29.88710757992558   35.77697124317909
0.5712005238854289   28.14540876148827   33.98285852271349
0.5879455221237613   26.505416865243646   32.28414139814392
0.6051814074573895   24.955279550220144   30.672697211736676
0.622922570460556   23.485661175281287   29.14191334346452
0.6411838235736077   22.09650016116019   27.690027457012135
0.6599804134701901   20.78657547282169   26.31433607207175
0.6793280337869897   19.54929135145636   25.01021183747353
0.6992428382266549   18.38028498135916   23.773089009503973
0.7197414540448374   17.277150015124   22.60053120994503
0.7408409959326054   16.23657026181717   21.48936032176082
0.7625590803058332   15.255237059066772   20.436426165316984
0.7849138400134885   14.33000169186851   19.438728153754724
0.8079239394770964   13.457868576826113   18.49340951275147
0.8316085902740278   12.635988682745884   17.597751597957515
0.8559875671776167   11.861653241028694   16.749168339943164
0.8810812246675007   11.13229817504266   15.94520411728492
0.9069105139239728   10.44550674756501   15.183531413048959
0.9334970003205227   9.798979775254056   14.461938289422678
0.960862881429187   9.190527917853494   13.778322542999621
0.9890310055537336   8.618067519089765   13.130687043652614
1.0180248908061487   8.079616521683086   12.517135195121247
1.047868744742366   7.573290462340888   11.93586652207387
1.0785874845736239   7.0972981131978745   11.385169927720982
1.1102067579703248   6.649933478406229   10.863395488613829
1.1427529644757777   6.229575126670635   10.368965791786572
1.1762532775476793   5.834685858020353   9.900390541927475
1.210735667245765   5.463808932870811   9.456262110068387
1.246228923584555   5.1155643786673854   9.035251020152062
1.2827626805706884   4.788645428439172   8.63610167068036
1.3203674409449337   4.48181508923517   8.257628260837208
1.3590746016495152   4.1939027750503195   7.898699315541811
1.3989164800420282   3.9238010478625713   7.558217557239554
1.4399263408778291   3.6704627373968033   7.235146686110129
1.4821384240834183   3.432898029581293   6.928512881612937
1.525587973344019   3.210171641016713   6.637400823419057
1.5703112655292182   3.001400109361247   6.360949977738132
1.6163456409812174   2.805749196599591   6.098351130634115
1.6637295346910133   2.6224313680366746   5.848841766169857
1.7125025083885144   2.450702969259131   5.611684377630475
1.7627052835733923   2.289862207281076   5.386171975252891
1.814379775514258   2.1392473908451595   5.171642232152447
1.8675691282445197   1.9982348284072542   4.967474796455551
1.922317750584177   1.8662368128116127   4.773088384549367
1.9786713532176083   1.7426997005379266   4.587938091416895
2.0366769868582977   1.627102081956559   4.411512898890405
2.0963830815323896   1.518952897984939   4.243322361665382
2.1578394870138577   1.4177895172130228   4.082871484042975
2.2210975144450407   1.3231766277265893   3.929692345208955
2.286209979177315   1.2347048232638524   3.783349779485855
2.3532312448676476   1.1519891527549693   3.643438868335331
2.4222172688678643   1.0746677444095998   3.509582645415374
2.4932256489445366   1.0024005009994092   3.3814299950318434
2.5663156713684585   0.9348678904471338   3.2586538109104013
2.641548360413907   0.8717702733759224   3.140950842350942
2.7189865293089923   0.8128265879336002   3.0280396822082514
2.798694832679631   0.7577727405213021   2.9196575766204576
2.8807398205309562   0.706360631556792   2.815559033544576
2.9651899938111903   0.6583572520202735   2.715514604796046
3.05211586160442   0.6135438258395862   2.6193097636265623
3.1415899999999994   0.5717149961971942   2.5267438695588558
