0.01   2458.2981307411405   2458.2347313186683
0.010293154462191829   2486.2865113630673   2486.2230984930493
0.010594902878253955   2513.4099415695314   2513.346663542205
0.010905497183778876   2539.5951811256505   2539.5320991710373
0.011225196699963396   2564.768251066706   2564.705339181214
0.011554268350120923   2588.8516524506795   2588.7888889270243
0.011892986882540897   2611.764349100152   2611.701816349805
0.012241635099881474   2633.425058027775   2633.362950804271
0.012600504095286909   2653.751634760432   2653.6902065957374
0.012969893495426888   2672.6588387436464   2672.5982119704777
0.013350111710660605   2690.0614213969984   2690.001542678232
0.013741476192534558   2705.8749031058246   2705.8155535618257
0.014144313698828986   2720.011861397283   2719.9528467770083
0.01455896056637426   2732.3835756131784   2732.3248640041966
0.014985762991865008   2742.9034921709635   2742.845219702168
0.01542507732090645   2751.4859886321947   2751.4283682506293
0.015877270345534218   2758.044742958498   2757.987861156617
0.016342719610456153   2762.4966394835155   2762.4404278354345
0.016821813728271667   2764.7623931297417   2764.706634674145
0.017314952703931925   2764.7640613948943   2764.7084474284206
0.017822548268711737   2762.4275036021945   2762.3716615053345
0.01834502422397195   2757.684615338171   2757.6281101511404
0.018882816794999403   2750.473342283002   2750.415644466488
0.019436374995219892   2740.738014210645   2740.6784531400035
0.02000616100108813   2728.4307671166234   2728.368533028269
0.020592650537967844   2713.51288274308   2713.447055672225
0.021196333277324068   2695.9579986063363   2695.887660860191
0.02181771324555934   2675.7501357105125   2675.6744098658887
0.022457309244835088   2652.8834078341265   2652.8014658340016
0.02311565528622961   2627.3696498828426   2627.280791936645
0.023793301035594242   2599.2381304529836   2599.141857934984
0.024490812272480036   2568.528295468425   2568.4243113060097
0.025208771362518027   2535.2963845542467   2535.1846422547874
0.0259477777436476   2499.6293223933   2499.510180964587
0.02670844842659881   2461.62607927079   2461.500312684807
0.027491418510046592   2421.3953969853183   2421.2641871454653
0.028297341710866907   2379.081790424748   2378.946936489125
0.029126890909937666   2334.8525102670396   2334.7165310558926
0.029980758713939952   2288.876867099749   2288.7429331056874
0.030859658033628758   2241.348480675312   2241.220341584605
0.031764322679055976   2192.5057533256063   2192.387665342129
0.03269550797224261   2142.584990094667   2142.481637385246
0.033653991377811755   2091.820236966151   2091.7366668234413
0.03464057315210884   2040.4841897953359   2040.4258312069862
0.03565607701135116   1988.8539431722008   1988.826567143451
0.036701350819364466   1937.1882459368765   1937.1978757319973
0.03777726729548091   1885.775264168678   1885.8276105256
0.038884724743189276   1834.94310741043   1835.042913145208
0.04002464780014597   1784.9921949147983   1785.1432748503344
0.041197988210172884   1736.1792054159177   1736.3845033603031
0.04240572561788674   1688.6786126474938   1688.9401278108626
0.04364886838662332   1642.6290287644347   1642.9478786919822
0.04492845444033957   1598.1574294029188   1598.533834320454
0.04624555213019635   1555.4959452972755   1555.9269168429043
0.04760126112654554   1514.9577316183427   1515.4352888264593
0.04899671333706607   1476.8225707913473   1477.3342412406944
0.05043307385181555   1441.1761535967867   1441.706246535164
0.05191154191598653   1407.7705761843958   1408.3020384232482
0.053433351931179485   1376.3402672491404   1376.8549482805897
0.05499977448602865   1346.6343537478404   1347.112953485992
0.05661211741704101   1318.4075366954676   1318.8294504974137
0.05827172690053434   1291.4287765066563   1291.7722161333836
0.05997998857658587   1265.4072652396353   1265.6507460297603
0.06173832870592997   1239.988542430755   1240.112463592048
0.0635482153607709   1214.8215149669618   1214.808777599475
0.06541115965050462   1189.4778556164745   1189.3168440310315
0.06732871698337338   1163.5269537215695   1163.2125879171122
0.06930248836510605   1136.5112217333538   1136.0488648369324
0.07133412173562886   1107.9575616970171   1107.3664401076514
0.07342531334496233   1077.4681416153944   1076.7824657023957
0.07557780916945323   1044.7412044280775   1044.0122472162761
0.07779340636952398   1009.62704543516   1008.9201999689367
0.08007395479015682   972.2238765697531   971.6140189759692
0.08242135850536496   932.7996604638346   932.3682337233138
0.08483757740794096   891.8647780488291   891.6976578875444
0.08732462884580919   850.0424768488671   850.22118156299
0.08988458930634863   808.0696674157504   808.6609974887693
0.09251959615009227   766.7072890165058   767.7611534731809
0.09523184939525078   726.7080956369012   728.2551391848598
0.09802361355455057   688.8333311292781   690.8722187543614
0.10089721952591899   653.746326216407   656.243491869528
0.10385506653859616   622.0184774419873   624.9037408582014
0.10689962415629803   594.0580380441759   597.2284992169579
0.11003343433910281   569.9497258921851   573.2735707809773
0.11325911356578279   549.5181362460457   552.8476190659785
0.11657935501835284   532.1881749391455   535.3832584165509
0.11999693083066039   517.1533143322854   520.0970719468098
0.12351469440289359   503.41091704234026   506.0263361090044
0.12713558278394044   489.89848390423737   492.1712714416708
0.13086261912358757   475.61693788211744   477.60519835516897
0.13469891519660646   459.7339121516016   461.5684041833138
0.13864767400083483   441.7434407025143   443.6149208175411
0.14271219243142114   421.5452463329829   423.6830095722567
0.14689586403346616   399.4789797544462   402.1221618204009
0.1512021818353596   376.2721834591932   379.6336631800465
0.15563474126517718   352.91633619563254   357.132874634071
0.16019724315257297   330.5477013663439   335.64135048150655
0.1648934968186736   310.27541592794836   316.1498121821423
0.1697274232565544   292.9228885396849   299.3769776659478
0.17470305840495237   278.7426869024618   285.4647125034535
0.17982455651794954   267.3489415004629   274.06322970647443
0.18509619363343993   257.91770313353874   264.3980310268441
0.19052237114327647   249.4292496905267   255.558323936066
0.19610761946807834   240.79846799399354   246.60778856909687
0.20185660183976684   231.05161305083288   236.72034735653838
0.20777411819498756   219.70225226990573   225.52203383125573
0.21386510918267082   207.02083039806323   213.31600903695514
0.22013466028907505   193.8467760009404   200.80023829348804
0.22658800608375756   181.1798465372102   188.81160024942787
0.23323053459001789   169.90628596461946   178.06622000056453
0.2400677917834628   160.54230809905343   168.93556540644815
0.24710548622244882   153.00569461271482   161.33115885532413
0.25434949381426813   146.64831526494643   154.6840411852829
0.2618058627210567   140.5904104632023   148.303511967433
0.2694808184095226   134.03550427196686   141.59609359267998
0.27738076884870827   126.68417517456689   134.33645594299938
0.2855123098601282   118.87884307217806   126.84935600263145
0.29388223062474755   111.27058781668379   119.61089012820106
0.3024975193514008   104.47330584350722   113.05039756658152
0.31136536911138296   98.77105714611525   107.34925560553569
0.3204931838440838   93.91670573543395   102.29833766757608
0.32988858453867975   89.36606177195772   97.52189898141849
0.3395594155970457   84.65868101309812   92.69533695306663
0.34951375138319807   79.68110161949751   87.78208146870693
0.3597599029647371   74.72544498565301   82.9748456508432
0.37030642505191835   70.18225898569273   78.51706306773255
0.3811621231401457   66.20756023756557   74.4883766169954
0.3923360608618501   62.65767673768539   70.7857027135468
0.4038375675538918   59.23464856684766   67.22849335888576
0.41567624604680364   55.77355611333682   63.72439146994307
0.42786198068238046   52.36499671958232   60.33264211143497
0.4404049455663077   49.196911846138384   57.15378077312161
0.4533156130627191   46.339898528228595   54.20953999540976
0.4666047625377753   43.69231196097917   51.44109381449177
0.4802834893595659   41.1266962311299   48.78710429628813
0.49436321416184764   38.62719223481298   46.23585837594232
0.5088556923793517   36.27567927201112   43.82598660402443
0.5237730240626238   34.10826329124638   41.567425093318285
0.5391276639805903   32.078873205942685   39.433289879777774
0.5549324320192869   30.13470321975787   37.40042188784171
0.5712005238854289   28.283769941866876   35.46956218942493
0.5879455221237613   26.55378610272991   33.64795915924755
0.6051814074573895   24.935729215459997   31.928792183255265
0.622922570460556   23.40327780232241   30.29819486982736
0.6411838235736077   21.952386790004052   28.75261116567454
0.6599804134701901   20.591187697587802   27.292452273408692
0.6793280337869897   19.313706401385215   25.912306683008108
0.6992428382266549   18.110695089535707   24.6064281206584
0.7197414540448374   16.977686490659522   23.370753237683367
0.7408409959326054   15.911211649537258   22.201656951559652
0.7625590803058332   14.90791141126515   21.095679594153715
0.7849138400134885   13.964539433445783   20.049521817081704
0.8079239394770964   13.077964320495168   19.060039398810474
0.8316085902740278   12.245170960680095   18.124237988175448
0.8559875671776167   11.463241814485368   17.239256893444107
0.8810812246675007   10.729257454846072   16.402305772032392
0.9069105139239728   10.040402226633086   15.610715545367759
0.9334970003205227   9.39401828963111   14.861964684244931
0.960862881429187   8.787597364407128   14.153671525086285
0.9890310055537336   8.218772709158511   13.48358684474427
1.0180248908061487   7.685311506228437   12.849586791542274
1.047868744742366   7.185107658573696   12.24966613326051
1.0785874845736239   6.716182170377776   11.681922335031588
1.1102067579703248   6.276684494913778   11.14453793908814
1.1427529644757777   5.864867649086575   10.635798220302153
1.1762532775476793   5.47908024090734   10.154088910807
1.210735667245765   5.117761879903899   9.697890236559351
1.246228923584555   4.779438757998585   9.265771307219925
1.2827626805706884   4.462719398504325   8.856384838903246
1.3203674409449337   4.166290453138112   8.468460850035418
1.3590746016495152   3.888910324770658   8.100773113917546
1.3989164800420282   3.629406223495401   7.7521407697156794
1.4399263408778291   3.3866734720582388   7.421456936639372
1.4821384240834183   3.159671971559113   7.10768504653055
1.525587973344019   2.947422705915631   6.809854035372741
1.5703112655292182   2.749004414783256   6.52705388506334
1.6163456409812174   2.563550428335712   6.258431488484553
1.6637295346910133   2.390245662548243   6.003182596718081
1.7125025083885144   2.2283237841645924   5.760525771229715
1.7627052835733923   2.077064464735515   5.529719868263709
1.814379775514258   1.9357907857334327   5.310072957895074
1.8675691282445197   1.8038667908949082   5.100938763631066
1.922317750584177   1.680695163860232   4.901713348268246
1.9786713532176083   1.5657150256030887   4.711832061333864
2.0366769868582977   1.4583998457748562   4.530766687667644
2.0963830815323896   1.358255266165549   4.358009467954855
2.1578394870138577   1.2648170203079347   4.193054073007622
2.2210975144450407   1.1776496703064165   4.035425370756551
2.286209979177315   1.0963449811974617   3.884682070464187
2.3532312448676476   1.020520303362232   3.7404141110390356
2.4222172688678643   0.9498170450016711   3.6022402742603936
2.4932256489445366   0.8838992301091099   3.469806001747435
2.5663156713684585   0.8224521576112871   3.3427815587594365
2.641548360413907   0.7651815277976488   3.2208636713858088
2.7189865293089923   0.7118120840246223   3.1037732186208444
2.798694832679631   0.6620859855861879   2.9912498277196256
2.8807398205309562   0.615761748166918   2.8830503829784284
2.9651899938111903   0.5726132635615137   2.7789478135547503
3.05211586160442   0.5324288734816697   2.6787299756330736
3.1415899999999994   0.49501049483846676   2.5821986207022114
