0.01   6379.6282592880625   6379.250472986366
0.010293154462191829   6421.810176236117   6421.427426983713
0.010594902878253955   6460.252090580225   6459.864643009516
0.010905497183778876   6494.753875607311   6494.362015862317
0.011225196699963396   6525.110593799525   6524.714490393778
0.011554268350120923   6551.122152308922   6550.72184886195
0.011892986882540897   6572.590770171445   6572.186168739336
0.012241635099881474   6589.313733752517   6588.9045473801425
0.012600504095286909   6601.094405081914   6600.680148731139
0.012969893495426888   6607.744788116971   6607.3247936756625
0.013350111710660605   6609.072866081971   6608.646471045635
0.013741476192534558   6604.888111539108   6604.454798199866
0.014144313698828986   6595.013696667888   6594.573098748534
0.01455896056637426   6579.283242817946   6578.834952479047
0.014985762991865008   6557.534842998724   6557.077925692469
0.01542507732090645   6529.623494922274   6529.156428007264
0.015877270345534218   6495.423786225349   6494.944491268943
0.016342719610456153   6454.823030152947   6454.329020104754
0.016821813728271667   6407.726839820099   6407.215319887639
0.017314952703931925   6354.066259567404   6353.534160190149
0.017822548268711737   6293.798771442473   6293.2427598478525
0.01834502422397195   6226.909097818818   6226.325569441359
0.018882816794999403   6153.411267571922   6152.796387858109
0.019436374995219892   6073.35166664735   6072.7014732858315
0.02000616100108813   5986.8234913723645   5986.13434891351
0.020592650537967844   5893.958108136382   5893.226931204244
0.021196333277324068   5794.917472717911   5794.1417460148605
0.02181771324555934   5689.916770531688   5689.094825573119
0.022457309244835088   5579.236898026657   5578.3683318545145
0.02311565528622961   5463.1859534474725   5462.2716067705705
0.023793301035594242   5342.106426312716   5341.148489454638
0.024490812272480036   5216.438566058308   5215.441625645235
0.025208771362518027   5086.662278977167   5085.633528164388
0.0259477777436476   4953.2626926320045   4952.211638796558
0.02670844842659881   4816.802846574729   4815.741274493619
0.027491418510046592   4677.93757946688   4676.879562173853
0.028297341710866907   4537.302113090306   4536.263629160067
0.029126890909937666   4395.535193307709   4394.533807923607
0.029980758713939952   4253.408277978986   4252.463175775886
0.030859658033628758   4111.683299248444   4110.814982585359
0.031764322679055976   3971.0562334067554   3970.2860757388917
0.03269550797224261   3832.2779616285934   3831.6270892497937
0.033653991377811755   3696.1486744596996   3695.6369547948557
0.03464057315210884   3563.371255820063   3563.0172380958697
0.03565607701135116   3434.590162191651   3434.410204588343
0.036701350819364466   3310.5153315991743   3310.5202203439076
0.03777726729548091   3191.782610244792   3191.9774725450297
0.038884724743189276   3078.9166132135233   3079.3016468903243
0.04002464780014597   2972.306785970751   2972.8747306183013
0.041197988210172884   2872.230151887996   2872.9644531542094
0.04240572561788674   2778.9027584044597   2779.7788807499983
0.04364886838662332   2692.489782214069   2693.47396307005
0.04492845444033957   2613.1104013939553   2614.1530641032723
0.04624555213019635   2540.858388403297   2541.8943317399894
0.04760126112654554   2475.7102055875976   2476.6610411156626
0.04899671333706607   2416.8039570786077   2417.587444321719
0.05043307385181555   2362.957739807429   2363.491771646489
0.05191154191598653   2313.1168609463816   2313.319020803398
0.053433351931179485   2266.4976899560315   2266.283727846396
0.05499977448602865   2222.4694442126984   2221.7527093913777
0.05661211741704101   2180.311378939239   2179.006781801663
0.05827172690053434   2138.7869764101083   2136.826462867643
0.05997998857658587   2096.599102314828   2093.936241029106
0.06173832870592997   2052.3462815361067   2048.969782764517
0.0635482153607709   2004.5060587255352   2000.4552628159918
0.06541115965050462   1951.7509052384512   1947.118801051125
0.06732871698337338   1893.0835311678513   1888.0273101510884
0.06930248836510605   1827.8304479587985   1822.5657426350592
0.07133412173562886   1756.0880614076705   1750.8733115156774
0.07342531334496233   1678.4075565125295   1673.5284110659413
0.07557780916945323   1595.986214946431   1591.7405366009982
0.07779340636952398   1510.3372566374594   1507.0192713405042
0.08007395479015682   1423.1284461693053   1421.0040907184846
0.08242135850536496   1336.063258281829   1335.3527112428442
0.08483757740794096   1251.1463941852278   1251.9958612378311
0.08732462884580919   1170.3466276386919   1172.811764809207
0.08988458930634863   1095.6759206996976   1099.6865807444108
0.09251959615009227   1028.82592932502   1034.1854080242354
0.09523184939525078   971.1609401807235   977.5499032570333
0.09802361355455057   923.2104369739003   930.2029127361338
0.10089721952591899   884.7392570796429   891.803488461445
0.10385506653859616   854.6983538866964   861.2965252963951
0.10689962415629803   831.3748768801512   837.0418497741423
0.11003343433910281   812.5710663348173   816.9442212595308
0.11325911356578279   795.8455623321919   798.7021432239823
0.11657935501835284   778.6016814155005   779.9393879227868
0.11999693083066039   758.4805731725301   758.5489529684353
0.12351469440289359   733.6139205661036   732.9148976992377
0.12713558278394044   703.0737636586447   702.3030468370463
0.13086261912358757   666.8782247292379   666.8424605336107
0.13469891519660646   626.001230583374   627.5096383336937
0.13864767400083483   582.350908892101   586.0681010976572
0.14271219243142114   538.6869591640054   544.9548997110563
0.14689586403346616   498.094531315282   506.84534934118
0.1512021818353596   463.1728594989545   473.93918421782274
0.15563474126517718   435.13322087388974   447.09960799038714
0.16019724315257297   413.77995226469864   426.06846133981253
0.1648934968186736   398.0725801415223   409.82090126402113
0.1697274232565544   386.2953236536991   396.8198793139121
0.17470305840495237   375.977540083151   385.0064059884688
0.17982455651794954   364.31431117070815   372.090320077825
0.18509619363343993   349.3104072923735   356.5672702282725
0.19052237114327647   330.60263913611175   338.2776349906834
0.19610761946807834   309.14018086963097   318.09193851168743
0.20185660183976684   286.7080631167115   297.4659679132952
0.20777411819498756   265.5799136491298   278.1138565117359
0.21386510918267082   247.65421835332296   261.4131220127584
0.22013466028907505   233.66455903059702   247.77214767305983
0.22658800608375756   223.16014987527325   236.79719089767764
0.23323053459001789   214.65928598364732   227.31398381077628
0.2400677917834628   206.14634372755205   217.88927155527946
0.24710548622244882   196.24478344038985   207.6046168250558
0.25434949381426813   184.7519461566686   196.4554883917076
0.2618058627210567   172.37534582762933   184.92747237558066
0.2694808184095226   160.49035772208953   173.9783976241536
0.27738076884870827   150.31102082737286   164.29215914340406
0.2855123098601282   142.07942342735083   155.97289022501346
0.29388223062474755   135.20468811778713   148.59540667933354
0.3024975193514008   128.65536137617747   141.5170922204311
0.31136536911138296   121.61635236389478   134.32392765395514
0.3204931838440838   114.1039098454083   127.03563297772688
0.32988858453867975   106.70831424356903   120.00654995023119
0.3395594155970457   100.04895730770832   113.54363727826663
0.34951375138319807   94.33662882303605   107.70676807360049
0.3597599029647371   89.2292641665506   102.30187652652495
0.37030642505191835   84.22779515273159   97.08446584739862
0.3811621231401457   79.153522302221   91.9898405486512
0.3923360608618501   74.19176553991974   87.10053110675123
0.4038375675538918   69.6357875652808   82.53203445823274
0.41567624604680364   65.53633359159757   78.28949175262103
0.42786198068238046   61.72350646094235   74.29104079928945
0.4404049455663077   58.01315442656796   70.45685492996867
0.4533156130627191   54.42575572491558   66.8040434132508
0.4666047625377753   51.069656875412086   63.359909160251014
0.4802834893595659   47.97834337128819   60.123106547196784
0.49436321416184764   45.07472842773415   57.063768669543194
0.5088556923793517   42.299455570471125   54.155091138649006
0.5237730240626238   39.67173919254038   51.40164397357142
0.5391276639805903   37.21837215344819   48.80439746821369
0.5549324320192869   34.921259448787445   46.35031317678318
0.5712005238854289   32.74886757862619   44.02683008827263
0.5879455221237613   30.699169581219593   41.82718935232395
0.6051814074573895   28.77845983154856   39.74927544175428
0.622922570460556   26.97393992982914   37.78509692536149
0.6411838235736077   25.27496910952255   35.92669649072797
0.6599804134701901   23.678592988015968   34.16925220069958
0.6793280337869897   22.17926286806948   32.5073124011704
0.6992428382266549   20.771301803711165   30.935576578505533
0.7197414540448374   19.44935266995122   29.449035930254258
0.7408409959326054   18.208360767636677   28.0429581622594
0.7625590803058332   17.043557346129933   26.712872985027627
0.7849138400134885   15.950443996468033   25.45455828656172
0.8079239394770964   14.92478775198658   24.264018478082676
0.8316085902740278   13.962639031633811   23.13744319234316
0.8559875671776167   13.060275372856674   22.071230009376215
0.8810812246675007   12.214175355720908   21.06198508247085
0.9069105139239728   11.42100909875145   20.106511063570604
0.9334970003205227   10.67762910091997   19.201795711004316
0.960862881429187   9.981061423015433   18.345001145242254
0.9890310055537336   9.328496017334412   17.533447250451836
1.0180248908061487   8.717269506551222   16.764550802801956
1.047868744742366   8.144865172898797   16.035854256791886
1.0785874845736239   7.6089118121275385   15.34505208112304
1.1102067579703248   7.107175942053302   14.68998113388308
1.1427529644757777   6.637554324599406   14.068611347577141
1.1762532775476793   6.198066856516711   13.47903705402475
1.210735667245765   5.786849847652818   12.919466793156408
1.246228923584555   5.402150274495247   12.388173194284159
1.2827626805706884   5.042319436793227   11.88349586950621
1.3203674409449337   4.705806399675153   11.403881485155733
1.3590746016495152   4.391152527937131   10.947877956407435
1.3989164800420282   4.096986329334804   10.514127224056917
1.4399263408778291   3.822018561002903   10.101358587820595
1.4821384240834183   3.5650375850679326   9.708382219945417
1.525587973344019   3.3249047882789737   9.334057345130256
1.5703112655292182   3.1005503459354036   8.977273229543702
1.6163456409812174   2.8909696067805095   8.636990611744398
1.6637295346910133   2.6952193631882353   8.312240917709142
1.7125025083885144   2.5124142869882733   8.002120967233381
1.7627052835733923   2.341723557527929   7.705788116436557
1.814379775514258   2.1823676726452526   7.422455794099223
1.8675691282445197   2.03361536805691   7.151379527966065
1.922317750584177   1.894780655527896   6.891834004528285
1.9786713532176083   1.765220340509955   6.643138467637152
2.0366769868582977   1.6443315140254342   6.404659650993105
2.0963830815323896   1.531549139793462   6.175808230626155
2.1578394870138577   1.4263437775387273   5.956035575071782
2.2210975144450407   1.3282194354136272   5.74483076573251
2.286209979177315   1.2367114808791293   5.541715178016565
2.3532312448676476   1.1513844472028438   5.346227112019636
2.4222172688678643   1.0718305685389187   5.157931779808603
2.4932256489445366   0.9976682295107676   4.976425589688004
2.5663156713684585   0.928540345155263   4.801333919830648
2.641548360413907   0.8641128367555004   4.632309061901735
2.7189865293089923   0.8040731984649404   4.469028329840314
2.798694832679631   0.7481291875961991   4.311193885174181
2.8807398205309562   0.6960079588505802   4.158548571233138
2.9651899938111903   0.6474545883215903   4.010865256619856
3.05211586160442   0.6022306144821928   3.8679313468276595
3.1415899999999994   0.5601130141257717   3.729547590312752
