0.01   2212.0443934628533   2211.9988847942254
0.010293154462191829   2245.032805035891   2244.9865003290415
0.010594902878253955   2277.4863702534594   2277.4390933074133
0.010905497183778876   2309.3331335353846   2309.284696754641
0.011225196699963396   2340.4957285967344   2340.446053091946
0.011554268350120923   2370.8947753389966   2370.8439088689192
0.011892986882540897   2400.448879185042   2400.3969769465616
0.012241635099881474   2429.07200227301   2429.0191736034467
0.012600504095286909   2456.675662555066   2456.6219083409774
0.012969893495426888   2483.1703468171604   2483.1155563326897
0.013350111710660605   2508.4626165023287   2508.406634622134
0.013741476192534558   2532.454523699083   2532.397238709042
0.014144313698828986   2555.047682859653   2554.9890342436565
0.01455896056637426   2576.1428829399256   2576.0828315142076
0.014985762991865008   2595.6370234193073   2595.575414387758
0.01542507732090645   2613.42679034467   2613.3633134017587
0.015877270345534218   2629.4101781483796   2629.3443699894005
0.016342719610456153   2643.483346779094   2643.4146968064724
0.016821813728271667   2655.5414749773063   2655.4695249773163
0.017314952703931925   2665.4827776850398   2665.407128954392
0.017822548268711737   2673.208244719519   2673.128485134054
0.01834502422397195   2678.6201508795375   2678.5356260898043
0.018882816794999403   2681.62539819823   2681.5351696946896
0.019436374995219892   2682.136841417611   2682.0396988489056
0.02000616100108813   2680.0736013354863   2679.968171020823
0.020592650537967844   2675.3619803029756   2675.2468026032707
0.021196333277324068   2667.936539024705   2667.8100803430166
0.02181771324555934   2657.742828391835   2657.6035141087664
0.022457309244835088   2644.740387150931   2644.5866597759073
0.02311565528622961   2628.8994914826044   2628.7298292200835
0.023793301035594242   2610.2026930204333   2610.015639734706
0.024490812272480036   2588.6565626736387   2588.4508799197874
0.025208771362518027   2564.284993240245   2564.0597348057977
0.0259477777436476   2537.1231144496746   2536.8776312871755
0.02670844842659881   2507.231268730436   2506.9653851304747
0.027491418510046592   2474.70230293255   2474.4165805439684
0.028297341710866907   2439.639753263959   2439.3354805762965
0.029126890909937666   2402.1628552657667   2401.8420450632493
0.029980758713939952   2362.4406232174883   2362.106188807337
0.030859658033628758   2320.660224309689   2320.3159827578966
0.031764322679055976   2277.0110676721583   2276.6616542296033
0.03269550797224261   2231.7188132430874   2231.369697974947
0.033653991377811755   2185.04655208205   2184.7040596590746
0.03464057315210884   2137.2504104229033   2136.9216065600517
0.03565607701135116   2088.5967976876777   2088.2892766733285
0.036701350819364466   2039.4212528523137   2039.1426678723606
0.03777726729548091   1990.056983895693   1989.8148967133739
0.038884724743189276   1940.8120400810574   1940.6138662124454
0.04002464780014597   1891.9729121931243   1891.8256411428688
0.041197988210172884   1843.8037667118765   1843.7137591920261
0.04240572561788674   1796.543528279064   1796.516551135826
0.04364886838662332   1750.4570106498131   1750.497352415382
0.04492845444033957   1705.9212471487124   1706.0292714698187
0.04624555213019635   1663.2972241820469   1663.469362692379
0.04760126112654554   1622.8834890567398   1623.1125613504903
0.04899671333706607   1584.7842644228406   1585.0589530915029
0.05043307385181555   1549.022882561193   1549.3277413053556
0.05191154191598653   1515.6033492765819   1515.9191647562818
0.053433351931179485   1484.4204094330628   1484.724541415016
0.05499977448602865   1455.3299146703534   1455.5965311941554
0.05661211741704101   1428.1626777396452   1428.3631428870308
0.05827172690053434   1402.6335679950491   1402.737378185003
0.05997998857658587   1378.445899843746   1378.4210224257788
0.06173832870592997   1355.241318207482   1355.0561125301954
0.0635482153607709   1332.5972628165316   1332.2225087946092
0.06541115965050462   1310.0710688024365   1309.4818477402048
0.06732871698337338   1287.1162538397764   1286.2973481846918
0.06930248836510605   1263.1854363425027   1262.1329959740465
0.07133412173562886   1237.6848663134936   1236.4110974876091
0.07342531334496233   1210.0476740892896   1208.5829355048586
0.07557780916945323   1179.8073335021181   1178.20685241656
0.07779340636952398   1146.6107397625346   1144.9556874091857
0.08007395479015682   1110.3488159383774   1108.7406298841909
0.08242135850536496   1071.1056952744661   1069.6609187245178
0.08483757740794096   1029.262716308603   1028.1095239216488
0.08732462884580919   985.3773209751556   984.6478624959816
0.08988458930634863   940.2099008085131   940.0283498592449
0.09251959615009227   894.6429666485614   895.1154273665427
0.09523184939525078   849.6245942493866   850.8319207273244
0.09802361355455057   806.1198533698822   808.104996493387
0.10089721952591899   765.0979538516699   767.8558007635681
0.10385506653859616   727.4211773560953   730.895949254467
0.10689962415629803   693.8174377062786   697.9026172145445
0.11003343433910281   664.696207141659   669.2294146681728
0.11325911356578279   640.1753678303123   644.9492317932352
0.11657935501835284   619.9062801159183   624.7037562134192
0.11999693083066039   603.1975929472317   607.8112657716208
0.12351469440289359   589.0253912696638   593.2786745810123
0.12713558278394044   576.1350402366705   579.9211934055973
0.13086261912358757   563.1936687636419   566.5015851745745
0.13469891519660646   548.9041360493716   551.8361161336186
0.13864767400083483   532.2027031058348   534.9785438192084
0.14271219243142114   512.4484282006244   515.3903568329332
0.14689586403346616   489.54914609878097   493.0352917037321
0.1512021818353596   464.00971924236745   468.4114251647384
0.15563474126517718   436.8701071380781   442.51293594700394
0.16019724315257297   409.56834548839413   416.6354900966648
0.1648934968186736   383.7270184902235   392.20433427191205
0.1697274232565544   360.8226096755041   370.4995241998274
0.17470305840495237   341.8023328679235   352.3035656829011
0.17982455651794954   326.833532637514   337.68218136277454
0.18509619363343993   315.33190113103376   326.0554366005084
0.19052237114327647   306.17266669554476   316.41116055319765
0.19610761946807834   297.8795314662664   307.47343262110996
0.20185660183976684   288.8334519928377   297.9050685586019
0.20777411819498756   277.7264455439221   286.6405398721259
0.21386510918267082   264.11679593999725   273.3998899593049
0.22013466028907505   248.5879598816624   258.7417967102964
0.22658800608375756   232.41855336980652   243.7142176410999
0.23323053459001789   217.13526900110068   229.54915986713138
0.2400677917834628   204.05454768980536   217.23145913914627
0.24710548622244882   193.77917947427582   207.1972485177096
0.25434949381426813   185.96492660702523   199.07393894248293
0.2618058627210567   179.50804023785642   192.0050170236854
0.2694808184095226   172.9726438355954   184.88946136883334
0.27738076884870827   165.23381459331918   176.95726972702002
0.2855123098601282   156.0705739025353   168.11688546752347
0.29388223062474755   146.19262001354105   158.91133560503476
0.3024975193514008   136.74957701766687   150.15842355451733
0.31136536911138296   128.74443092523867   142.498705517205
0.3204931838440838   122.42763059617349   136.06082874668536
0.32988858453867975   117.19669199761056   130.38725857961612
0.3395594155970457   112.0737201318795   124.8488876593268
0.34951375138319807   106.33103798764519   119.0182011681028
0.3597599029647371   99.99158707808225   112.92362005172114
0.37030642505191835   93.72898937184452   107.02743371343638
0.3811621231401457   88.22764264699997   101.6821764786804
0.3923360608618501   83.66303949543506   96.95394847747517
0.4038375675538918   79.61461801681862   92.60097082544789
0.41567624604680364   75.49624517058449   88.29175341365962
0.42786198068238046   71.11805719352606   83.94398644257362
0.4404049455663077   66.78917079258622   79.73904969620781
0.4533156130627191   62.90511743163698   75.85319205048529
0.4666047625377753   59.52037178772765   72.2937286808037
0.4802834893595659   56.344337351067686   68.91682745564556
0.49436321416184764   53.1308122502694   65.6145873226586
0.5088556923793517   49.95063396372039   62.41893240892043
0.5237730240626238   47.01752895061681   59.42176247296664
0.5391276639805903   44.372453926952325   56.62395462207909
0.5549324320192869   41.863495280379404   53.95828974676192
0.5712005238854289   39.397392768191544   51.39197870098292
0.5879455221237613   37.046883734121046   48.94984445695283
0.6051814074573895   34.88260622796881   46.652536815952914
0.622922570460556   32.855890172798794   44.475885825663916
0.6411838235736077   30.90486283871829   42.39478542544259
0.6599804134701901   29.051761594882407   40.41849703854515
0.6793280337869897   27.325580095895457   38.54837086928326
0.6992428382266549   25.700023251601195   36.77354927139946
0.7197414540448374   24.159771520928192   35.08745562773899
0.7408409959326054   22.702640203753   33.48607953565458
0.7625590803058332   21.326379738433378   31.965583517506484
0.7849138400134885   20.028486345027474   30.522259276292296
0.8079239394770964   18.806160844210975   29.152501815423697
0.8316085902740278   17.65559469237755   27.852587540201885
0.8559875671776167   16.57263345065569   26.618833263275143
0.8810812246675007   15.553362974337185   25.44775041908175
0.9069105139239728   14.594100618919768   24.336036726326913
0.9334970003205227   13.691380783689754   23.280566480120655
0.960862881429187   12.841941420710391   22.278381319336773
0.9890310055537336   12.042711495973585   21.326681419571198
1.0180248908061487   11.29083442427824   20.422797918778684
1.047868744742366   10.583703525968824   19.56415694408649
1.0785874845736239   9.918854178888784   18.748322445411656
1.1102067579703248   9.293940767593668   17.972997217348407
1.1427529644757777   8.70673230785477   17.236014685746294
1.1762532775476793   8.15510811777064   16.535331193951514
1.210735667245765   7.637053546234331   15.869018757772682
1.246228923584555   7.150655009402724   15.235254679889493
1.2827626805706884   6.694083433159434   14.632254538382448
1.3203674409449337   6.265595827792634   14.05828561444021
1.3590746016495152   5.863544427858464   13.511722145664491
1.3989164800420282   5.486372353535363   12.991040003654973
1.4399263408778291   5.132609008411646   12.494809742119221
1.4821384240834183   4.800865681814084   12.021690158394707
1.525587973344019   4.489831348544698   11.57042232786892
1.5703112655292182   4.198269184648987   11.139811086483563
1.6163456409812174   3.9250142903222835   10.728678510639583
1.6637295346910133   3.668967854221828   10.335908231083863
1.7125025083885144   3.429093050487017   9.960457377136564
1.7627052835733923   3.2044118434284528   9.601351249197853
1.814379775514258   2.9940019345367626   9.257678415531824
1.8675691282445197   2.7969938470992055   8.928586197556353
1.922317750584177   2.612568123107875   8.613275632721118
1.9786713532176083   2.4399518324575977   8.310960786865905
2.0366769868582977   2.278416021283498   8.020857929609956
2.0963830815323896   2.1272745944206335   7.742235587820434
2.1578394870138577   1.9858820347923667   7.474414412212127
2.2210975144450407   1.8536311440917508   7.216763307148043
2.286209979177315   1.7299508991069859   6.968695889559455
2.3532312448676476   1.614304418491562   6.729667245761269
2.4222172688678643   1.506187200658795   6.499173517561547
2.4932256489445366   1.405126253119839   6.276764920872583
2.5663156713684585   1.3106773848427036   6.0620302821911105
2.641548360413907   1.2224229959732706   5.854585663046195
2.7189865293089923   1.139970594534461   5.6540724999385
2.798694832679631   1.0629513898665448   5.460155924862373
2.8807398205309562   0.9910189567018421   5.272523208046623
2.9651899938111903   0.9238479587781443   5.090882131233119
3.05211586160442   0.8611315238116243   4.914927037315447
3.1415899999999994   0.8025790263201406   4.74430619260982
