0.01   590.8962938361224   590.8868592627223
0.010293154462191829   597.6771557553693   597.6676207961636
0.010594902878253955   604.2361996495465   604.226577817743
0.010905497183778876   610.5553498612829   610.5456450591838
0.011225196699963396   616.6155329449733   616.6057464353945
0.011554268350120923   622.3973377459944   622.3874701359449
0.011892986882540897   627.8812742854818   627.8713254580726
0.012241635099881474   633.0469251782536   633.036893371848
0.012600504095286909   637.8730721669797   637.8629531063948
0.012969893495426888   642.3386113947278   642.3283982084148
0.013350111710660605   646.4224826973309   646.412168113318
0.013741476192534558   650.103389203111   650.0929720638941
0.014144313698828986   653.3603576531015   653.349844250778
0.01455896056637426   656.1728457669672   656.1622493089035
0.014985762991865008   658.519815392677   658.5091486072488
0.01542507732090645   660.3802750354844   660.3695455058668
0.015877270345534218   661.7340965257056   661.723306518452
0.016342719610456153   662.5619424838582   662.551086368466
0.016821813728271667   662.845204452308   662.8342638757508
0.017314952703931925   662.5665143892173   662.5554578135939
0.017822548268711737   661.7099226923872   661.6987076277803
0.01834502422397195   660.2609784777305   660.2495653509716
0.018882816794999403   658.2069092429635   658.1952671752932
0.019436374995219892   655.5368019426246   655.5249086128848
0.02000616100108813   652.242409873401   652.2302406772661
0.020592650537967844   648.3184445361527   648.3059589883517
0.021196333277324068   643.7618259323629   643.7489674549792
0.02181771324555934   638.5724109760109   638.559115315107
0.022457309244835088   632.7552904146199   632.7415180961681
0.02311565528622961   626.3185467880227   626.3042909934738
0.023793301035594242   619.2726967650553   619.2579816080706
0.024490812272480036   611.634697958841   611.6195650371296
0.025208771362518027   603.4270800826519   603.4115771295019
0.0259477777436476   594.674127904176   594.6583079389978
0.02670844842659881   585.4046998868835   585.3886268728036
0.027491418510046592   575.6570820711946   575.6408465848297
0.028297341710866907   565.4713623102098   565.4550820310018
0.029126890909937666   554.8888132975602   554.8726319653736
0.029980758713939952   543.9613333496081   543.9454340774901
0.030859658033628758   532.7457267729965   532.7303370018359
0.031764322679055976   521.2968524338191   521.2822385382584
0.03269550797224261   509.67329264425587   509.6597304798034
0.033653991377811755   497.9412324645097   497.92896179576746
0.03464057315210884   486.16368448195624   486.1529060937902
0.03565607701135116   474.40184656782776   474.3927328986622
0.036701350819364466   462.7285387267724   462.72128721134703
0.03777726729548091   451.2163908123163   451.21124043729105
0.038884724743189276   439.93089058862114   439.92811134865354
0.04002464780014597   428.92159694560144   428.9212849305649
0.041197988210172884   418.2216868518456   418.22354208570266
0.04240572561788674   407.8598711588574   407.8632232223356
0.04364886838662332   397.8697009506539   397.87365432801806
0.04492845444033957   388.3132697942801   388.3171486857011
0.04624555213019635   379.2540288724064   379.2574606712204
0.04760126112654554   370.74102544749377   370.7438854766053
0.04899671333706607   362.73864809758936   362.740762561483
0.05043307385181555   355.1678526593198   355.168844042369
0.05191154191598653   347.9554065282334   347.95469190596384
0.053433351931179485   341.0362223200501   341.032858258502
0.05499977448602865   334.35153671674965   334.3441460844576
0.05661211741704101   327.84161280035437   327.82847818719944
0.05827172690053434   321.4249258416606   321.4043166239742
0.05997998857658587   315.017654561962   314.9879382285443
0.06173832870592997   308.52796115365055   308.487925502073
0.0635482153607709   301.850903165053   301.80019482316777
0.06541115965050462   294.88643095840746   294.82557427179427
0.06732871698337338   287.5298343989446   287.4603086915296
0.06930248836510605   279.6885186757675   279.61268267443535
0.07133412173562886   271.3043178509725   271.22505628086134
0.07342531334496233   262.347997250523   262.268478889124
0.07557780916945323   252.85320259100527   252.7766104210755
0.07779340636952398   242.89844362482182   242.82779773995168
0.08007395479015682   232.6140261237016   232.55233005233765
0.08242135850536496   222.15839596536716   222.10866819959188
0.08483757740794096   211.71249900008735   211.67754975174762
0.08732462884580919   201.45694521902274   201.43912041206826
0.08988458930634863   191.57131655933733   191.57191957909487
0.09251959615009227   182.22393525116226   182.24262559701387
0.09523184939525078   173.5728860261475   173.60702486453425
0.09802361355455057   165.73943182433302   165.78421078719674
0.10089721952591899   158.80907753327224   158.85755750491526
0.10385506653859616   152.7923997960962   152.8368062859185
0.10689962415629803   147.62506124968914   147.65799589777595
0.11003343433910281   143.15438118852785   143.16928070236756
0.11325911356578279   139.17101095729763   139.16254879375583
0.11657935501835284   135.42210690226605   135.3869971965995
0.11999693083066039   131.6559209618602   131.59364926144409
0.12351469440289359   127.64173157505172   127.55533283637622
0.12713558278394044   123.20670391577194   123.10289603438137
0.13086261912358757   118.25841752875483   118.14697148646945
0.13469891519660646   112.8069438746055   112.69937301423307
0.13864767400083483   106.96905005671623   106.87698450892609
0.14271219243142114   100.93904962342577   100.87257556740671
0.14689586403346616   94.96115087732868   94.92663633292506
0.1512021818353596   89.30122733785173   89.29870754713029
0.15563474126517718   84.20972098916806   84.23193394253934
0.16019724315257297   79.85463823265326   79.88861315747289
0.1648934968186736   76.26032825000482   76.29119433894434
0.1697274232565544   73.2978434188294   73.31226605670871
0.17470305840495237   70.7403281537919   70.72826482630761
0.17982455651794954   68.3343666970248   68.29111858363575
0.18509619363343993   65.83429094139811   65.76378647734778
0.19052237114327647   63.03834501818864   62.95369753165072
0.19610761946807834   59.87304870900709   59.79230333835997
0.20185660183976684   56.44723664558529   56.386870109581615
0.20777411819498756   52.987524292960344   52.95594045243276
0.21386510918267082   49.72843799436884   49.72631851671152
0.22013466028907505   46.85298628394015   46.87071676057184
0.22658800608375756   44.44504361347295   44.46603096785665
0.23323053459001789   42.44566616131418   42.45488615955973
0.2400677917834628   40.67525780730188   40.66349551469836
0.24710548622244882   38.92877962588147   38.89783595819158
0.25434949381426813   37.04553485605558   37.008698299090156
0.2618058627210567   34.99664975034071   34.96954531510077
0.2694808184095226   32.895378383733906   32.88912041979141
0.27738076884870827   30.898253980685915   30.914148819109723
0.2855123098601282   29.12572681630143   29.155048584664424
0.29388223062474755   27.610501888355014   27.639263260969788
0.3024975193514008   26.268489419062846   26.288269635637324
0.31136536911138296   24.971005887681887   24.982500762350895
0.3204931838440838   23.633866483602844   23.64693811658513
0.32988858453867975   22.25871097470351   22.28376052062174
0.3395594155970457   20.925853218476583   20.965979207635435
0.34951375138319807   19.713700272506003   19.763851637641814
0.3597599029647371   18.634571872449428   18.686638898465787
0.37030642505191835   17.641676799251073   17.691118396786337
0.3811621231401457   16.672324110600343   16.72240592254869
0.3923360608618501   15.705956933924872   15.76304176195141
0.4038375675538918   14.773323013890277   14.839667812325981
0.41567624604680364   13.910705966905917   13.983408274090344
0.42786198068238046   13.120984321191965   13.195678307269398
0.4404049455663077   12.376507049078924   12.452268514254222
0.4533156130627191   11.655583662354946   11.735071789882664
0.4666047625377753   10.96196555121104   11.047070743281342
0.4802834893595659   10.31238358204113   10.401799735899612
0.49436321416184764   9.708096953975122   9.799760688130323
0.5088556923793517   9.137054455515267   9.230667857432508
0.5237730240626238   8.591314951368354   8.687986514061837
0.5391276639805903   8.074644128243659   8.174565645133065
0.5549324320192869   7.590523023562735   7.6926720097477705
0.5712005238854289   7.134853079729278   7.23872839093831
0.5879455221237613   6.703031735044853   6.808979983146808
0.6051814074573895   6.2951322660700475   6.403153432614251
0.622922570460556   5.911745670483332   6.021387139148891
0.6411838235736077   5.550533477946556   5.661577320829422
0.6599804134701901   5.210012196620142   5.322340480625758
0.6793280337869897   4.889221214471787   5.002716430684583
0.6992428382266549   4.587119274647413   4.701657759964947
0.7197414540448374   4.302709070872916   4.418162014816313
0.7408409959326054   4.035039044314881   4.151273657358622
0.7625590803058332   3.7832018815517623   3.9000825113016355
0.7849138400134885   3.546333012645344   3.6637222007435777
0.8079239394770964   3.323608921714377   3.44136849292966
0.8316085902740278   3.114241542207334   3.232235688746451
0.8559875671776167   2.9174780436031233   3.0355756813406733
0.8810812246675007   2.7326042810053757   2.8506788633089357
0.9069105139239728   2.5589432710152975   2.676872582036872
0.9334970003205227   2.395853496383291   2.5135195219842563
0.960862881429187   2.242727271035483   2.3600161309229453
0.9890310055537336   2.098989164557206   2.215791091456656
1.0180248908061487   1.9640945726687005   2.080304012450512
1.047868744742366   1.8375287077858258   1.9530448929856437
1.0785874845736239   1.718804713272552   1.8335317912501912
1.1102067579703248   1.6074620649391023   1.7213089876513534
1.1427529644757777   1.5030653068432371   1.615945748922618
1.1762532775476793   1.4052028366392186   1.5170351345432955
1.210735667245765   1.3134857385976033   1.4241928440171525
1.246228923584555   1.2275466628805893   1.3370561057716208
1.2827626805706884   1.1470386110724227   1.2552828330055064
1.3203674409449337   1.071633754394489   1.1785508461537795
1.3590746016495152   1.0010228085814599   1.106556302942248
1.3989164800420282   0.9349141298814561   1.0390126797957386
1.4399263408778291   0.8730327924701845   0.9756498885343761
1.4821384240834183   0.8151197079217615   0.9162134281971377
1.525587973344019   0.7609307852749744   0.8604635715495412
1.5703112655292182   0.7102361268648136   0.8081746271233989
1.6163456409812174   0.6628191944601491   0.7591350661590627
1.6637295346910133   0.6184761062106555   0.7131465470799785
1.7125025083885144   0.5770150289497897   0.6700222099397147
1.7627052835733923   0.5382555176868082   0.629586045316151
1.814379775514258   0.5020278842045665   0.5916723331312187
1.8675691282445197   0.4681725973255498   0.5561251034482235
1.922317750584177   0.43653971350383625   0.5227976191114774
1.9786713532176083   0.40698831749743225   0.491551824850039
2.0366769868582977   0.3793859142372186   0.46225758988525967
2.0963830815323896   0.3536080477298291   0.43479255007728673
2.1578394870138577   0.32953789286833   0.40904182922949817
2.2210975144450407   0.30706581163152713   0.3848976086384894
2.286209979177315   0.28608893316211925   0.3622587179357095
2.3532312448676476   0.2665107567320662   0.3410302469510997
2.4222172688678643   0.24824077667622393   0.3211231772992387
2.4932256489445366   0.23119419866025068   0.30245386381664063
2.5663156713684585   0.21529167864610013   0.2849435152680284
2.641548360413907   0.20045882332215922   0.2685183103593834
2.7189865293089923   0.18662587215289791   0.2531091538209147
2.798694832679631   0.17372742580081157   0.23865137854613389
2.8807398205309562   0.16170218910711032   0.22508446576208208
2.9651899938111903   0.15049272795833726   0.21235178222290121
3.05211586160442   0.14004522382542853   0.20040041652383858
3.1415899999999994   0.1303089373861929   0.1891826812256051
