0.01   15981.09149679149   15973.81853306284
0.010293154462191829   16184.828824629623   16176.858266186315
0.010594902878253955   16383.374184463917   16374.641475662289
0.010905497183778876   16576.22502570795   16566.66060117054
0.011225196699963396   16762.85195181139   16752.38053518525
0.011554268350120923   16942.707992764597   16931.248208296296
0.011892986882540897   17115.241248056802   17102.705661496188
0.012241635099881474   17279.882046228107   17266.176842685494
0.012600504095286909   17436.030260953958   17421.05456867634
0.012969893495426888   17583.082216765542   17566.728181160597
0.013350111710660605   17720.432741765086   17702.58547036015
0.013741476192534558   17847.45359752028   17827.98928868325
0.014144313698828986   17963.510414244007   17942.295677544313
0.01455896056637426   18067.977829440923   18044.870058040833
0.014985762991865008   18160.22401278006   18135.071140431835
0.01542507732090645   18239.602882495874   18212.242831008025
0.015877270345534218   18305.48457359868   18275.745866214453
0.016342719610456153   18357.257496921102   18324.95937581962
0.016821813728271667   18394.31043237011   18359.25951611597
0.017314952703931925   18416.0531686812   18378.04298699203
0.017822548268711737   18421.930272289224   18380.74257164811
0.01834502422397195   18411.416710339767   18366.822864125843
0.018882816794999403   18384.019931297604   18335.782532623
0.019436374995219892   18339.295233342957   18287.17001469142
0.02000616100108813   18276.85395632514   18220.591402357644
0.020592650537967844   18196.378582629608   18135.723870881353
0.021196333277324068   18097.616791943445   18032.311631971897
0.02181771324555934   17980.382839681435   17910.168389641716
0.022457309244835088   17844.601058982462   17769.225456080312
0.02311565528622961   17690.308481608234   17609.53438741533
0.023793301035594242   17517.61448171012   17431.221907073843
0.024490812272480036   17326.736170162112   17234.527543708475
0.025208771362518027   17118.09306929054   17019.904620971127
0.0259477777436476   16892.198628058017   16787.903926052717
0.02670844842659881   16649.63700499953   16539.14865857349
0.027491418510046592   16391.222089270763   16274.503222507501
0.028297341710866907   16117.953535584169   15995.025943298107
0.029126890909937666   15830.863739426419   15701.806125650452
0.029980758713939952   15531.125232721048   15396.074723252535
0.030859658033628758   15220.256359969744   15079.416356893129
0.031764322679055976   14899.80716873355   14753.4436787197
0.03269550797224261   14571.31065734108   14419.74652857395
0.033653991377811755   14236.56031903782   14080.175209562007
0.03464057315210884   13897.470116565773   13736.696685581004
0.03565607701135116   13555.843307806213   13391.158325457136
0.036701350819364466   13213.610912453241   13045.514095730397
0.03777726729548091   12873.121354427474   12702.099078487594
0.038884724743189276   12536.592497755604   12363.10878114386
0.04002464780014597   12205.997223398545   12030.49030794804
0.041197988210172884   11882.815635915536   11705.6993723685
0.04240572561788674   11568.209000661363   11389.873116823846
0.04364886838662332   11263.206947802573   11084.01462636846
0.04492845444033957   10969.308554588344   10789.503328671795
0.04624555213019635   10688.928616985399   10508.4729639924
0.04760126112654554   10424.331872437293   10242.911489830161
0.04899671333706607   10177.014923152232   9994.085538383975
0.05043307385181555   9946.025222401677   9760.942874547549
0.05191154191598653   9729.857952948283   9541.918043293394
0.053433351931179485   9527.074732921601   9335.518741647002
0.05499977448602865   9336.100163664814   9140.128414930303
0.05661211741704101   9155.405994885728   8954.184753855334
0.05827172690053434   8983.235642672267   8775.949637415806
0.05997998857658587   8817.17265614275   8603.139269010333
0.06173832870592997   8654.812990383973   8433.5091956131
0.0635482153607709   8493.284499944555   8264.507520769524
0.06541115965050462   8329.463019718332   8093.439665003469
0.06732871698337338   8160.110012853272   7917.615331952034
0.06930248836510605   7981.568497444673   7734.162831566855
0.07133412173562886   7790.479041756709   7540.546146057546
0.07342531334496233   7583.907638701723   7334.82834626864
0.07557780916945323   7359.632123243211   7115.70829285699
0.07779340636952398   7117.078227253061   6883.3529663623585
0.08007395479015682   6856.811097837804   6638.795795421442
0.08242135850536496   6581.388092675532   6384.524122317497
0.08483757740794096   6294.38943733194   6123.783226506641
0.08732462884580919   6000.76065477967   5861.026003814542
0.08988458930634863   5705.842409992589   5600.645377953425
0.09251959615009227   5415.333962778526   5346.753408563017
0.09523184939525078   5135.098506945987   5103.447794110691
0.09802361355455057   4870.682900683306   4874.563885854908
0.10089721952591899   4627.160905414239   4663.197104272019
0.10385506653859616   4408.895075689267   4471.710903310102
0.10689962415629803   4218.329876836983   4300.966391620511
0.11003343433910281   4056.2712086587935   4150.643678634698
0.11325911356578279   3920.4414747658234   4018.356885127257
0.11657935501835284   3806.671104894033   3900.6054047115554
0.11999693083066039   3708.452864984898   3792.664456365576
0.12351469440289359   3618.2460391508816   3689.6148464768467
0.12713558278394044   3528.070434619831   3586.723349072894
0.13086261912358757   3430.3636844837083   3479.9673748814926
0.13469891519660646   3319.108839110024   3366.389174711068
0.13864767400083483   3190.6838375755774   3244.797903415797
0.14271219243142114   3044.783523294373   3116.5462315743816
0.14689586403346616   2884.514871912611   2983.9238658064446
0.1512021818353596   2715.8043086904354   2850.2338619928855
0.15563474126517718   2546.6322594025305   2719.605824065502
0.16019724315257297   2386.045721257392   2596.2975835839475
0.1648934968186736   2242.582741629197   2483.9849625371417
0.1697274232565544   2121.9084438220457   2383.5225649853446
0.17470305840495237   2025.0459727341179   2294.7314811480232
0.17982455651794954   1948.4401323650013   2215.462757012966
0.18509619363343993   1885.5216550762846   2141.9045868622866
0.19052237114327647   1828.1914794152851   2070.9816960071767
0.19610761946807834   1767.751957475281   2000.2076018988648
0.20185660183976684   1696.867289395066   1927.3784995728106
0.20777411819498756   1612.7610512189713   1852.2355846766807
0.21386510918267082   1518.571658195228   1777.0739225335064
0.22013466028907505   1421.2864600099715   1703.6327591587446
0.22658800608375756   1328.8971910638493   1633.8975115838286
0.23323053459001789   1248.3221225562136   1569.4316262404302
0.2400677917834628   1182.980914026041   1510.172224164358
0.24710548622244882   1131.3202992192612   1455.740623416222
0.25434949381426813   1087.617970668317   1404.0912545319957
0.2618058627210567   1044.5983325369345   1353.973624904205
0.2694808184095226   996.2390967964266   1304.502522772078
0.27738076884870827   941.1458823431617   1255.3014669297584
0.2855123098601282   882.7768623268613   1208.0539718239816
0.29388223062474755   826.6362173611184   1162.6609831776036
0.3024975193514008   777.6498562064727   1119.943528857834
0.31136536911138296   737.3963697546642   1080.013370675371
0.3204931838440838   703.1383665420709   1041.8005296266433
0.32988858453867975   670.2570673811063   1005.1962926811124
0.3395594155970457   635.2203536497954   969.9609583644708
0.34951375138319807   597.7789479508145   935.4478982838696
0.3597599029647371   560.8736560635521   902.5249825588027
0.37030642505191835   527.6378784970321   871.225013022984
0.3811621231401457   498.9866904314987   841.5943473008625
0.3923360608618501   473.27570723393177   813.2988306377703
0.4038375675538918   447.93197230585207   786.1505950930999
0.41567624604680364   421.9393707637261   759.8476530126193
0.42786198068238046   396.4363230672307   734.5805566306504
0.4404049455663077   373.0364748248487   710.5490787664174
0.4533156130627191   352.09449564924523   687.6608075624821
0.4666047625377753   332.5187169777213   665.7166446067889
0.4802834893595659   313.28675997692375   644.6400205313842
0.49436321416184764   294.51053737218876   624.3169616230304
0.5088556923793517   276.9718665244898   604.8915255001069
0.5237730240626238   260.87238525280884   586.3514794318229
0.5391276639805903   245.70116312659357   568.5336859697023
0.5549324320192869   231.06063195655733   551.3902945968223
0.5712005238854289   217.1332886685324   534.8803749253498
0.5879455221237613   204.15894100344275   519.0688376149983
0.6051814074573895   191.99621178280148   503.88206073442285
0.622922570460556   180.41933661250695   489.22562258726435
0.6411838235736077   169.45170066997628   475.09783612080264
0.6599804134701901   159.17038400672976   461.5032931221481
0.6793280337869897   149.505823338152   448.4058459384836
0.6992428382266549   140.38442372917945   435.7607616477935
0.7197414540448374   131.77866165181763   423.54058774868156
0.7408409959326054   123.66511370862978   411.72098558032013
0.7625590803058332   116.02079440335591   400.279201404539
0.7849138400134885   108.8232216305507   389.1939627061818
0.8079239394770964   102.05047212605989   378.44538276102605
0.8316085902740278   95.68113498414827   368.01474612568137
0.8559875671776167   89.6931849174832   357.88275285804446
0.8810812246675007   84.06469515512626   348.0301122810493
0.9069105139239728   78.77493109552522   338.4389205368591
0.9334970003205227   73.8043122549672   329.0926109486884
0.960862881429187   69.13434980003733   319.97587488448215
0.9890310055537336   64.74758740646841   311.07458917397196
1.0180248908061487   60.627545267527594   302.37574938527496
1.047868744742366   56.75871068465863   293.8674344136805
1.0785874845736239   53.1266297184113   285.5388426929888
1.1102067579703248   49.71766965699986   277.38013920822425
1.1427529644757777   46.518913751948844   269.3823674112609
1.1762532775476793   43.51812901230736   261.5374041973829
1.210735667245765   40.70373504005725   253.83791756309233
1.246228923584555   38.06477389466139   246.27732657724414
1.2827626805706884   35.59088078216341   238.84977013869312
1.3203674409449337   33.27223773024818   231.55070773880215
1.3590746016495152   31.09953826771288   224.3773006579154
1.3989164800420282   29.06399726543836   217.32721500861135
1.4399263408778291   27.157327832092662   210.39846551587033
1.4821384240834183   25.371715329580496   203.58939300668771
1.525587973344019   23.699792578394323   196.89864222633776
1.5703112655292182   22.1346162102935   190.32513993684776
1.6163456409812174   20.669644191638064   183.86818648505277
1.6637295346910133   19.29871515007358   177.52889686429074
1.7125025083885144   18.01602742624332   171.30952631770506
1.7627052835733923   16.81611886611056   165.2121623563316
1.814379775514258   15.693848340380859   159.23869198562386
1.8675691282445197   14.644378182310897   153.3908012640835
1.922317750584177   13.663157488802849   147.6699753753055
1.9786713532176083   12.7459062495302   142.07749920792338
2.0366769868582977   11.888599288150564   136.6147231076418
2.0963830815323896   11.087448824365815   131.2839718104142
2.1578394870138577   10.33889517487974   126.08749061463348
2.2210975144450407   9.639595169563739   121.02706005025304
2.286209979177315   8.98640966805925   116.10401764478553
2.3532312448676476   8.376391745573745   111.31928027789164
2.4222172688678643   7.806775515849655   106.67336690249758
2.4932256489445366   7.27496559098003   102.1664249696795
2.5663156713684585   6.778529760622493   97.79856610691614
2.641548360413907   6.31519066667872   93.57006608797073
2.7189865293089923   5.882811624862663   89.48080303362896
2.798694832679631   5.479387940356126   85.53022749654818
2.8807398205309562   5.103039243783782   81.71739778948763
2.9651899938111903   4.752002233050408   78.04101452035631
3.05211586160442   4.424623802627191   74.49945417084763
3.1415899999999994   4.119353692973446   71.09074302725912
