0.01   755.9513175459783   755.9377717928513
0.010293154462191829   765.3680208093463   765.3542648321722
0.010594902878253955   774.5275926828159   774.5136232031329
0.010905497183778876   783.4053161524887   783.3911362052785
0.011225196699963396   791.9752193113407   791.9608447838441
0.011554268350120923   800.2110325366301   800.1964928624349
0.011892986882540897   808.0857342719638   808.0710647534532
0.012241635099881474   815.5706370783962   815.5558566805743
0.012600504095286909   822.6367249755667   822.6218318484677
0.012969893495426888   829.2549163706973   829.2398888852405
0.013350111710660605   835.3950956636389   835.379911638187
0.013741476192534558   841.0266582573255   841.0113074567869
0.014144313698828986   846.1193694552119   846.1038541788015
0.01455896056637426   850.6426270023394   850.6269616874496
0.014985762991865008   854.5646312408523   854.5488411877196
0.01542507732090645   857.8541816871775   857.8383030001571
0.015877270345534218   860.4809225425902   860.4649983193037
0.016342719610456153   862.4142950509629   862.3983445296725
0.016821813728271667   863.6244769532424   863.6084804607385
0.017314952703931925   864.0832686696596   864.0671677009207
0.017822548268711737   863.7637004531032   863.7474182018101
0.01834502422397195   862.6398940477487   862.6233680315329
0.018882816794999403   860.6882184259475   860.6714037010136
0.019436374995219892   857.8876036320498   857.8704666541405
0.02000616100108813   854.2197080851589   854.2021897485912
0.020592650537967844   849.6691947695092   849.6511978573094
0.021196333277324068   844.2240108365436   844.2054022259819
0.02181771324555934   837.8767942413559   837.8574313312024
0.022457309244835088   830.6252815043291   830.6050434818106
0.02311565528622961   822.4709783615288   822.4497684530522
0.023793301035594242   813.4203622101809   813.3981086122391
0.024490812272480036   803.4888446964999   803.4655037351713
0.025208771362518027   792.6968041170995   792.6723605891189
0.0259477777436476   781.0684252874568   781.0428921159071
0.02670844842659881   768.6381832293687   768.6116110313275
0.027491418510046592   755.449820891359   755.4223057848287
0.028297341710866907   741.5494705949143   741.5211512378576
0.029126890909937666   726.9899586841669   726.9610276085774
0.029980758713939952   711.8407940746841   711.8115406588748
0.030859658033628758   696.1740698812224   696.1448799113564
0.031764322679055976   680.0617561998166   680.0330984908993
0.03269550797224261   663.5890749156333   663.561464035374
0.033653991377811755   646.8484284951951   646.8223972088261
0.03464057315210884   629.9274104999448   629.9035025043439
0.03565607701135116   612.9204427482464   612.8992091090342
0.036701350819364466   595.9443579911734   595.9263580229624
0.03777726729548091   579.1098595513043   579.0956567436359
0.038884724743189276   562.5160930364342   562.506243048608
0.04002464780014597   546.24511802189   546.2400895955951
0.041197988210172884   530.3660397371254   530.3661799038094
0.04240572561788674   514.9398085626957   514.9453544527149
0.04364886838662332   500.048878520812   500.0598767767918
0.04492845444033957   485.81883514343605   485.8349957657006
0.04624555213019635   472.3654539971649   472.3861761597229
0.04760126112654554   459.77162105235095   459.7960092685203
0.04899671333706607   448.0287783450704   448.055570860614
0.05043307385181555   437.10600436926006   437.13357957627466
0.05191154191598653   426.9691611261874   426.99558236547665
0.053433351931179485   417.5618333997497   417.5849368812237
0.05499977448602865   408.82523493326875   408.84265992230024
0.05661211741704101   400.6882276220746   400.6974435255183
0.05827172690053434   393.045520085422   393.0438791009856
0.05997998857658587   385.7917787257247   385.77654269493496
0.06173832870592997   378.7973631823059   378.76588836671596
0.0635482153607709   371.9184600209072   371.8683358372411
0.06541115965050462   365.00063935854223   364.9299254570402
0.06732871698337338   357.8601710614905   357.7678549762293
0.06930248836510605   350.31813673654904   350.20425320163827
0.07133412173562886   342.1911390451437   342.0570464708912
0.07342531334496233   333.3174144876008   333.16593509486074
0.07557780916945323   323.585978827065   323.42196732342524
0.07779340636952398   312.93339492711067   312.7635765820926
0.08007395479015682   301.3853945462111   301.21740741777
0.08242135850536496   289.0280438828729   288.8700664486113
0.08483757740794096   276.0330366873903   275.8939003780242
0.08732462884580919   262.61519046009266   262.50354399100434
0.08988458930634863   249.03200995960557   248.95511414938363
0.09251959615009227   235.5714636433506   235.53463120423945
0.09523184939525078   222.52139689391575   222.5277640316522
0.09802361355455057   210.17406715267992   210.22330909150926
0.10089721952591899   198.80231998168375   198.890143357196
0.10385506653859616   188.6290637042405   188.74704471344361
0.10689962415629803   179.8136350486063   179.94957709119026
0.11003343433910281   172.3955942462089   172.53405562971653
0.11325911356578279   166.31451157560537   166.43795777268372
0.11657935501835284   161.38150053158597   161.47214166670435
0.11999693083066039   157.31352733555354   157.35600117068336
0.12351469440289359   153.7606702956987   153.74407429898727
0.12713558278394044   150.32811401971327   150.24730961352665
0.13086261912358757   146.62667889498857   146.4849412608785
0.13469891519660646   142.31534552890125   142.12561557363242
0.13864767400083483   137.1592478645287   136.9425602731054
0.14271219243142114   131.08062792555637   130.8636145925544
0.14689586403346616   124.17234746549828   123.98401429613777
0.1512021818353596   116.68903964549557   116.55592313052385
0.15563474126517718   109.01675357710818   108.95710270870963
0.16019724315257297   101.62310330893837   101.64289731720855
0.1648934968186736   94.96471071253599   95.05437142217617
0.1697274232565544   89.36749446269901   89.50268757054695
0.17470305840495237   84.94195750947931   85.08907950270574
0.17982455651794954   81.58038687059222   81.70438055928757
0.18509619363343993   79.0119406935772   79.08126261189135
0.19052237114327647   76.84979993486378   76.84614457520854
0.19610761946807834   74.63295675828853   74.55922457458314
0.20185660183976684   71.93859744842199   71.81819180486663
0.20777411819498756   68.5521723897077   68.42434862720563
0.21386510918267082   64.54961016308198   64.4619281699971
0.22013466028907505   60.23186738796955   60.21455245035236
0.22658800608375756   56.01167350909421   56.07551467963324
0.23323053459001789   52.29300385651661   52.42128681044135
0.2400677917834628   49.32123505734621   49.4794836846822
0.24710548622244882   47.08826860031685   47.22926797163986
0.25434949381426813   45.35439594331767   45.4468773031145
0.2618058627210567   43.73937371993348   43.77639200417463
0.2694808184095226   41.88376696506515   41.88896541001645
0.27738076884870827   39.6374091439087   39.65421513493032
0.2855123098601282   37.11158318554456   37.177435248431244
0.29388223062474755   34.585994142748405   34.716416050983916
0.3024975193514008   32.36575885947026   32.5437681383073
0.31136536911138296   30.599541121752075   30.788749341160308
0.3204931838440838   29.197753753623758   29.36170742051561
0.32988858453867975   27.92221758857224   28.053759244260423
0.3395594155970457   26.538053077198924   26.657813024471032
0.34951375138319807   24.973362760117723   25.11357487035658
0.3597599029647371   23.357425124423717   23.538670588563015
0.37030642505191835   21.88343707953985   22.0979553128148
0.3811621231401457   20.653697601810364   20.875005899641636
0.3923360608618501   19.610109815819573   19.816409144571274
0.4038375675538918   18.600479537610838   18.794152617472836
0.41567624604680364   17.52929242823132   17.73012881190562
0.42786198068238046   16.43462641144551   16.65809715799812
0.4404049455663077   15.42123713743699   15.663346686616801
0.4533156130627191   14.541199968088298   14.784309592702126
0.4666047625377753   13.745899535112331   13.981052033675459
0.4802834893595659   12.959340874091001   13.194125994718854
0.49436321416184764   12.168569083812006   12.413559810011876
0.5088556923793517   11.421901671533304   11.677001528482116
0.5237730240626238   10.749878985425156   11.006271524646131
0.5391276639805903   10.128266870008813   10.381482701780211
0.5549324320192869   9.522823577490694   9.77796743763594
0.5712005238854289   8.937845193368423   9.198636606515402
0.5879455221237613   8.395343706817128   8.658567757518417
0.6051814074573895   7.893730161324048   8.155980968220682
0.622922570460556   7.415530721298172   7.678004458971415
0.6411838235736077   6.958551380724657   7.223145419893775
0.6599804134701901   6.531895762270401   6.79704947029469
0.6793280337869897   6.131993003411459   6.39674395106526
0.6992428382266549   5.754595653973884   6.0189626244275365
0.7197414540448374   5.3986713558321   5.662611774631263
0.7408409959326054   5.063288706454143   5.326684826630381
0.7625590803058332   4.747522424766205   5.010198082939336
0.7849138400134885   4.450457929118093   4.712193161821785
0.8079239394770964   4.171189707547857   4.431735073064427
0.8316085902740278   3.908753874536544   4.167863879877112
0.8559875671776167   3.662172539091356   3.919624248251266
0.8810812246675007   3.430521610225746   3.686112191668059
0.9069105139239728   3.2129294119652756   3.4664736204139976
0.9334970003205227   3.0085737521885476   3.259901802625257
0.960862881429187   2.8166791557420248   3.0656349363910755
0.9890310055537336   2.636514252451989   2.8829538295618713
1.0180248908061487   2.467391580718944   2.71118174008241
1.047868744742366   2.3086726781119014   2.5496890690448364
1.0785874845736239   2.1597559520022163   2.3978824909027128
1.1102067579703248   2.0200714412720084   2.255200140709051
1.1427529644757777   1.889079403817555   2.1211102278609553
1.1762532775476793   1.7662689479343718   1.9951096843510547
1.210735667245765   1.6511567071800264   1.8767228488696586
1.246228923584555   1.5432855475054188   1.7655001862607729
1.2827626805706884   1.4422222920900927   1.6610168523703623
1.3203674409449337   1.347556053346676   1.5628713973271102
1.3590746016495152   1.2588991322322098   1.4706849866906742
1.3989164800420282   1.1758860228795254   1.3841003066298152
1.4399263408778291   1.0981722384661536   1.3027804685949567
1.4821384240834183   1.0254331922436728   1.2264079570987938
1.525587973344019   0.957363131632806   1.1546836201642166
1.5703112655292182   0.8936741347684464   1.0873258029048003
1.6163456409812174   0.8340952863376895   1.0240706897557785
1.6637295346910133   0.7783716718644613   0.964670701691479
1.7125025083885144   0.7262633736109944   0.9088925005779179
1.7627052835733923   0.6775446480281679   0.8565162342950854
1.814379775514258   0.6320031466340599   0.8073348389996176
1.8675691282445197   0.589439175329084   0.7611533688509027
1.922317750584177   0.5496649905779057   0.7177883530304862
1.9786713532176083   0.5125040818890999   0.6770669351291474
2.0366769868582977   0.4777903805026408   0.6388254779765559
2.0963830815323896   0.4453678723517112   0.6029100342887629
2.1578394870138577   0.4150900927218884   0.569176145823415
2.2210975144450407   0.3868195716604362   0.5374882806972707
2.286209979177315   0.3604273093793382   0.5077193013017672
2.3532312448676476   0.33579228020139223   0.47974996149955745
2.4222172688678643   0.31280096496390253   0.4534684260419533
2.4932256489445366   0.2913470243357544   0.4287693102893241
2.5663156713684585   0.27133092952047   0.40555299671669354
2.641548360413907   0.2526593372465619   0.38372621351154484
2.7189865293089923   0.23524470542944836   0.3632017234614871
2.798694832679631   0.21900495397873534   0.3438979288281065
2.8807398205309562   0.2038631437230898   0.3257385020522131
2.9651899938111903   0.18974717262039964   0.3086520406302226
3.05211586160442   0.17658945191069336   0.2925719252164781
3.1415899999999994   0.16432618985198935   0.2774382753124071
