0.01   16580.083464468753   16564.627133872506
0.010293154462191829   16820.90698538387   16803.904640370893
0.010594902878253955   17058.249176149333   17039.554100340683
0.010905497183778876   17291.635580813276   17271.088472244348
0.011225196699963396   17520.565731711868   17497.994086687355
0.011554268350120923   17744.505351973974   17719.722647731982
0.011892986882540897   17962.907519630728   17935.71309963884
0.012241635099881474   18175.2112927844   18145.389821475015
0.012600504095286909   18380.82282742148   18348.141302764372
0.012969893495426888   18579.132406527337   18543.339208467252
0.013350111710660605   18769.52342206812   18730.348419919148
0.013741476192534558   18951.352376153925   18908.505561376558
0.014144313698828986   19123.948049463408   19077.118120917854
0.01455896056637426   19286.63688153209   19235.49170225204
0.014985762991865008   19438.738434346513   19382.92482329916
0.01542507732090645   19579.545421173927   19518.686605899125
0.015877270345534218   19708.34998005244   19642.04590649236
0.016342719610456153   19824.45239860833   19752.280727910544
0.016821813728271667   19927.14100114195   19848.65321401261
0.017314952703931925   20015.70097806951   19930.419922060693
0.017822548268711737   20089.437467716605   19996.859426656272
0.01834502422397195   20147.67196310449   20047.26874862045
0.018882816794999403   20189.73386754371   20080.95459475281
0.019436374995219892   20214.98294462717   20097.257280416678
0.02000616100108813   20222.817304691973   20095.558752131452
0.020592650537967844   20212.677570270956   20075.282205637657
0.021196333277324068   20184.052004883157   20035.90014807402
0.02181771324555934   20136.481851029654   19976.943323562315
0.022457309244835088   20069.582964454043   19898.02775786981
0.02311565528622961   19983.062947864066   19798.875899976396
0.023793301035594242   19876.6974423104   19679.285111666908
0.024490812272480036   19750.34495757559   19539.143512597933
0.025208771362518027   19604.025946583075   19378.51822183399
0.0259477777436476   19437.86665326937   19197.59178503913
0.02670844842659881   19252.0671059137   18996.626006709826
0.027491418510046592   19047.00699576151   18776.084606215747
0.028297341710866907   18823.266893675427   18536.656839896663
0.029126890909937666   18581.493550042593   18279.100064125825
0.029980758713939952   18322.456709394744   18004.301204101666
0.030859658033628758   18047.2639026007   17713.512122211552
0.031764322679055976   17757.12318473563   17408.08650312674
0.03269550797224261   17453.267150349442   17089.39532405022
0.033653991377811755   17137.176430723415   16759.06770341546
0.03464057315210884   16810.525954680845   16418.93101530272
0.03565607701135116   16474.95136668901   16070.757760527942
0.036701350819364466   16132.247741398462   15716.459295158946
0.03777726729548091   15784.748806797128   15358.456084091433
0.038884724743189276   15434.756768903186   14999.11575955707
0.04002464780014597   15084.40078967523   14640.614636542248
0.041197988210172884   14735.478880380779   14284.781124292287
0.04240572561788674   14389.537949635494   13933.178274111733
0.04364886838662332   14047.996427296075   13587.2276484123
0.04492845444033957   13712.667166540243   13248.638812767775
0.04624555213019635   13386.235279815828   12919.799376563855
0.04760126112654554   13071.24848375637   12602.950983634459
0.04899671333706607   12769.762315981865   12299.856693672918
0.05043307385181555   12482.480833453636   12010.932156514793
0.05191154191598653   12209.682349890154   11736.18462167462
0.053433351931179485   11951.449248800776   11475.448664985717
0.05499977448602865   11707.072055810328   11227.802174925853
0.05661211741704101   11475.6469998912   10992.151450818968
0.05827172690053434   11256.013323192392   10767.209189455263
0.05997998857658587   11046.286060614924   10551.097782517209
0.06173832870592997   10844.547198030567   10341.942593871774
0.0635482153607709   10648.406695412394   10137.569128002724
0.06541115965050462   10455.162546059504   9935.621144939674
0.06732871698337338   10261.945044518649   9733.710785786736
0.06930248836510605   10065.338448814453   9529.197519418803
0.07133412173562886   9861.96474014101   9319.578221696482
0.07342531334496233   9648.159848950429   9102.429374486133
0.07557780916945323   9420.516250641993   8875.631693479972
0.07779340636952398   9176.21920220643   8637.739787438677
0.08007395479015682   8913.19164035812   8387.886963212886
0.08242135850536496   8630.929008530044   8126.321558504762
0.08483757740794096   8330.146257187112   7854.230402067666
0.08732462884580919   8013.505075293352   7574.620409269416
0.08988458930634863   7684.820743566183   7290.8884520428155
0.09251959615009227   7349.192879177328   7006.5352376680785
0.09523184939525078   7012.5400070716505   6725.636742877681
0.09802361355455057   6681.0222501406015   6452.498100508327
0.10089721952591899   6360.924319797704   6190.92019530301
0.10385506653859616   6058.319681591445   5944.172306022806
0.10689962415629803   5778.636667319275   5714.852124828412
0.11003343433910281   5526.32175137845   5504.815642244188
0.11325911356578279   5303.854070420906   5314.403594019248
0.11657935501835284   5111.701259402228   5142.734408154419
0.11999693083066039   4947.428995121783   4987.29523741807
0.12351469440289359   4806.118129073198   4844.677303400918
0.12713558278394044   4680.835579477019   4710.8120509135615
0.13086261912358757   4563.158641801466   4581.137659440914
0.13469891519660646   4444.404706791628   4451.443044140286
0.13864767400083483   4316.447511432872   4318.390534357207
0.14271219243142114   4172.893954759848   4180.145987870858
0.14689586403346616   4010.28415424075   4036.6457776500556
0.1512021818353596   3828.783342608486   3888.6787346238852
0.15563474126517718   3632.336199729068   3738.2382271242286
0.16019724315257297   3428.117090582026   3589.531348097803
0.1648934968186736   3225.4832912683974   3445.534245465356
0.1697274232565544   3034.591297024   3309.377983868076
0.17470305840495237   2864.4808670206676   3183.8075437744783
0.17982455651794954   2720.7695471060874   3069.3980632987686
0.18509619363343993   2603.954253659401   2964.385556860048
0.19052237114327647   2509.4359937646336   2866.9332031441904
0.19610761946807834   2429.1165266089392   2774.7356895371327
0.20185660183976684   2353.187229448786   2684.9842172671197
0.20777411819498756   2271.698216962487   2595.6137695916013
0.21386510918267082   2177.0777888167304   2505.923522017742
0.22013466028907505   2067.3492032349827   2416.3142227475305
0.22658800608375756   1947.1708635155953   2327.75487353645
0.23323053459001789   1825.4239911006694   2242.14030447189
0.2400677917834628   1711.7831382980755   2160.7849461260844
0.24710548622244882   1613.9077814578168   2084.633411726975
0.25434949381426813   1534.7440973676173   2013.0034150476113
0.2618058627210567   1471.109047873045   1945.566271308585
0.2694808184095226   1415.2509560243036   1881.1118080440745
0.27738076884870827   1358.1061643792696   1818.1235777345769
0.2855123098601282   1293.2277017926297   1756.438060565844
0.29388223062474755   1220.2462612646864   1696.8879867003322
0.3024975193514008   1144.5527691075426   1638.889404400247
0.31136536911138296   1073.573173270617   1584.007466657456
0.3204931838440838   1012.8633766064497   1530.8106901616898
0.32988858453867975   963.1535684423802   1481.1497634687114
0.3395594155970457   919.8727648917604   1433.5210397014964
0.34951375138319807   876.7403982477986   1387.481463894543
0.3597599029647371   829.8678655766546   1343.0848223255377
0.37030642505191835   780.2038408660841   1299.8974423812824
0.3811621231401457   732.350867681042   1258.6007956695448
0.3923360608618501   690.260814974861   1218.8483149725287
0.4038375675538918   654.2571123333115   1181.3106062170846
0.41567624604680364   621.253123371482   1145.405336215778
0.42786198068238046   587.7573799692454   1110.5311757031045
0.4404049455663077   553.159516663472   1076.6637184064707
0.4533156130627191   519.7334227187687   1044.130006276593
0.4666047625377753   489.7081179207541   1013.136127430282
0.4802834893595659   462.9369655904161   983.4835634186229
0.49436321416184764   437.4265843345277   954.9494785391688
0.5088556923793517   411.93055189225765   927.1976323148244
0.5237730240626238   387.164968851757   900.341830114216
0.5391276639805903   364.3881193760631   874.6214387962166
0.5549324320192869   343.55932991744726   849.941917751773
0.5712005238854289   323.6665474761367   826.0406340084596
0.5879455221237613   304.3070170992667   802.8248892884988
0.6051814074573895   286.0176856597442   780.3982112056434
0.622922570460556   269.1035245034616   758.8273851079616
0.6411838235736077   253.16414022002223   737.9071304659115
0.6599804134701901   237.88770705622633   717.5669344875183
0.6793280337869897   223.4603196706174   697.846591573355
0.6992428382266549   209.98117166039256   678.75516388804
0.7197414540448374   197.28487005125706   660.1655937464224
0.7408409959326054   185.27585590220704   642.0732318391749
0.7625590803058332   173.92888311717724   624.4517198076986
0.7849138400134885   163.22359371659303   607.2732706981699
0.8079239394770964   153.13801946018674   590.5121519805776
0.8316085902740278   143.64794928667743   574.1443826027811
0.8559875671776167   134.7219286180251   558.1465728925546
0.8810812246675007   126.32715131340812   542.496704484884
0.9069105139239728   118.43272606306188   527.1746059013424
0.9334970003205227   111.00957025914754   512.1618576653076
0.960862881429187   104.03029987165799   497.4417020347194
0.9890310055537336   97.46912643219653   482.99895858087564
1.0180248908061487   91.30177020463415   468.81996903551936
1.047868744742366   85.50576999419596   454.8935746885848
1.0785874845736239   80.06042075927202   441.21129797604834
1.1102067579703248   74.9460717862836   427.76574517576336
1.1427529644757777   70.14404077760351   414.55043536849814
1.1762532775476793   65.6365770812256   401.559749780912
1.210735667245765   61.406825398875014   388.7888822966808
1.246228923584555   57.438790055928116   376.2337909290599
1.2827626805706884   53.71727348609701   363.8918327335176
1.3203674409449337   50.227751665101245   351.7642407843942
1.3590746016495152   46.95645903015714   339.85333007887476
1.3989164800420282   43.89039500823838   328.1613455103049
1.4399263408778291   41.01728526998851   316.6904459488431
1.4821384240834183   38.325544666581166   305.44268923101913
1.525587973344019   35.804241808404726   294.4200177436634
1.5703112655292182   33.4430656905535   283.6243336917314
1.6163456409812174   31.23230371338869   273.0595594813281
1.6637295346910133   29.16280782570907   262.73132966930797
1.7125025083885144   27.22595248876099   252.64455222016804
1.7627052835733923   25.413606923241765   242.80332048386452
1.814379775514258   23.718109196014574   233.21094497373198
1.8675691282445197   22.1322414773648   223.86998640593933
1.922317750584177   20.64920642989389   214.78228977011554
1.9786713532176083   19.262601554211972   205.94930178609695
2.0366769868582977   17.96639110292599   197.37275833111508
2.0963830815323896   16.754896720436857   189.05378947190843
2.1578394870138577   15.622780231909264   180.99272235568665
2.2210975144450407   14.56502450486919   173.18913616743276
2.286209979177315   13.576915296323465   165.64191662648207
2.3532312448676476   12.654024041236825   158.3493097281485
2.4222172688678643   11.792192102062671   151.30898911002396
2.4932256489445366   10.987522878865075   144.51831128730197
2.5663156713684585   10.236362807948954   137.9742732322073
2.641548360413907   9.53528022005197   131.67337002714737
2.7189865293089923   8.88105265137409   125.61164290395534
2.798694832679631   8.270654990418684   119.78473050292789
2.8807398205309562   7.701248223743962   114.18791784110442
2.9651899938111903   7.170168735799275   108.81618176028844
3.05211586160442   6.674908002109312   103.66365645452102
3.1415899999999994   6.213090868172994   98.72290328396637
