0.01   6108.959776421332   6108.757422231368
0.010293154462191829   6184.953133117495   6184.737658803023
0.010594902878253955   6259.003933453295   6258.773812810313
0.010905497183778876   6330.920782171724   6330.674304148181
0.011225196699963396   6400.501939558868   6400.237343439436
0.011554268350120923   6467.543027528839   6467.258511630915
0.011892986882540897   6531.834640985327   6531.528339844086
0.012241635099881474   6593.15701057864   6592.826921062618
0.012600504095286909   6651.2879837195405   6650.931954141394
0.012969893495426888   6706.004351746846   6705.62006657479
0.013350111710660605   6757.071929102017   6756.656701200324
0.013741476192534558   6804.250530636953   6803.8011674821255
0.014144313698828986   6847.302161342431   6846.814963217653
0.01455896056637426   6885.986721655686   6885.457565462263
0.014985762991865008   6920.05722252813   6919.481735790325
0.01542507732090645   6949.2709633075165   6948.644561170164
0.015877270345534218   6973.390774335461   6972.708618415781
0.016342719610456153   6992.175989490028   6991.432535842883
0.016821813728271667   7005.3902946608005   7004.579096033238
0.017314952703931925   7012.808819237845   7011.92255222542
0.017822548268711737   7014.215252737697   7013.245659159757
0.01834502422397195   7009.401151949182   7008.338940412286
0.018882816794999403   6998.174233019752   6997.009129914415
0.019436374995219892   6980.360716470513   6979.081585368327
0.02000616100108813   6955.806923647717   6954.402087500476
0.020592650537967844   6924.381115674935   6922.838533168621
0.021196333277324068   6885.975530495494   6884.282902733394
0.02181771324555934   6840.517227164196   6838.662134889004
0.022457309244835088   6787.97042978079   6785.940479219253
0.02311565528622961   6728.32708552616   6726.110034445444
0.023793301035594242   6661.616945118498   6659.201234643938
0.024490812272480036   6587.935920289133   6585.312346862337
0.025208771362518027   6507.416103161326   6504.578224831056
0.0259477777436476   6420.219232321047   6417.163423179205
0.02670844842659881   6326.587780166163   6323.314331548468
0.027491418510046592   6226.832027943662   6223.345956433654
0.028297341710866907   6121.281247429348   6117.592071925519
0.029126890909937666   6010.319338563568   6006.441387059209
0.029980758713939952   5894.449270703217   5890.402964207817
0.030859658033628758   5774.192276602362   5770.003843612332
0.031764322679055976   5650.076296572409   5645.777194294596
0.03269550797224261   5522.750688482833   5518.377549508163
0.033653991377811755   5392.921981622729   5388.5162429520815
0.03464057315210884   5261.263767594427   5256.87088365246
0.03565607701135116   5128.490655191684   5124.158566912446
0.036701350819364466   4995.428191655663   4991.205130085003
0.03777726729548091   4862.85529620207   4858.789169246435
0.038884724743189276   4731.491793973124   4727.629465821173
0.04002464780014597   4602.058224995749   4598.442334924981
0.041197988210172884   4475.232761163285   4471.900562837623
0.04240572561788674   4351.621999266114   4348.605623012707
0.04364886838662332   4231.915458506103   4229.234013457834
0.04492845444033957   4116.949934656781   4114.5984471640495
0.04624555213019635   4007.481552545315   4005.4326937466385
0.04760126112654554   3904.0540539267413   3902.259476291358
0.04899671333706607   3806.7205180734877   3805.108815734855
0.05043307385181555   3715.4272182969585   3713.905233820891
0.05191154191598653   3630.0407415543805   3628.4963703706026
0.053433351931179485   3550.1531246521445   3548.459985949503
0.05499977448602865   3475.3235859492434   3473.3426937136246
0.05661211741704101   3405.0005606039404   3402.5840604519517
0.05827172690053434   3338.4025473975917   3335.3999144717463
0.05997998857658587   3274.7521461632155   3271.0126949095807
0.06173832870592997   3213.078059557666   3208.467848163336
0.0635482153607709   3152.328082246633   3146.739733235288
0.06541115965050462   3091.355218405319   3084.725649261453
0.06732871698337338   3028.8224889129187   3021.161341064137
0.06930248836510605   2963.422020628708   2954.8202587065275
0.07133412173562886   2893.787135047063   2884.4413545314974
0.07342531334496233   2818.7134555189823   2808.9367623063176
0.07557780916945323   2737.326087029152   2727.594833695058
0.07779340636952398   2649.0994366123264   2640.0316226328955
0.08007395479015682   2554.1588201257655   2546.4365021728468
0.08242135850536496   2453.094039261055   2447.438390310521
0.08483757740794096   2347.150733595037   2344.330952278562
0.08732462884580919   2237.936701782115   2238.697383793646
0.08988458930634863   2127.397697881763   2132.3700313999293
0.09251959615009227   2017.726750639696   2027.3846137059543
0.09523184939525078   1911.0924621317802   1925.7378285856328
0.09802361355455057   1809.7220464295563   1829.3973503443349
0.10089721952591899   1715.6700831540372   1740.1361242491796
0.10385506653859616   1630.6818604029058   1659.3801143999688
0.10689962415629803   1556.0210814970335   1588.1108487927413
0.11003343433910281   1492.1205854539073   1526.545634809116
0.11325911356578279   1438.6044153400928   1474.1731497602723
0.11657935501835284   1394.1439925573602   1429.6256403879677
0.11999693083066039   1356.5991597066218   1390.9464848187713
0.12351469440289359   1323.3127105130673   1355.7901244606046
0.12713558278394044   1291.2674277402302   1321.5182564682973
0.13086261912358757   1257.4815470677645   1285.726572129613
0.13469891519660646   1219.3409662137042   1246.4202273009532
0.13864767400083483   1175.0010247777366   1202.2224101018362
0.14271219243142114   1123.7996488241506   1152.7802673140015
0.14689586403346616   1066.3840828601828   1098.8989748865306
0.1512021818353596   1004.6341054812624   1042.2455637009343
0.15563474126517718   941.4121227558115   985.0542692282366
0.16019724315257297   880.1864565041749   930.0853458710944
0.1648934968186736   824.4325144979446   879.8971399271369
0.1697274232565544   776.7804233844303   836.171445713445
0.17470305840495237   738.2773601120148   799.4334355385055
0.17982455651794954   708.2067316280404   769.0089961147371
0.18509619363343993   684.4783257885879   743.0313615209034
0.19052237114327647   664.129950613691   719.3819685312013
0.19610761946807834   643.7095330467288   695.7639397789484
0.20185660183976684   619.9745209201784   670.0294561133236
0.20777411819498756   591.102315829856   641.2660182991016
0.21386510918267082   557.5079115974564   610.1918452958375
0.22013466028907505   521.4697123222029   578.1670437527007
0.22658800608375756   486.1338120040255   547.2732278430984
0.23323053459001789   454.58521001149285   519.2072535407713
0.2400677917834628   428.81794255341   495.0733957008091
0.24710548622244882   408.8986520628933   474.3481473174076
0.25434949381426813   393.0472876556854   456.12282631587743
0.2618058627210567   378.4034397206164   438.7263876648984
0.2694808184095226   362.1517758117613   420.83915651229125
0.27738076884870827   342.95558220932963   401.829680528498
0.2855123098601282   321.60781242674426   382.368337884701
0.29388223062474755   300.23631731018247   363.48073488929066
0.3024975193514008   281.17920139447   346.0939509121602
0.31136536911138296   265.6970182984684   330.7310965559364
0.3204931838440838   253.1983334592274   316.758249301456
0.32988858453867975   241.84799137874927   303.5930104744921
0.3395594155970457   229.80791655212653   290.55187095340295
0.34951375138319807   216.42168771557888   277.3838504749876
0.3597599029647371   202.61737618671404   264.53727854129033
0.37030642505191835   189.91706134519998   252.48484231936416
0.3811621231401457   179.1593188910425   241.3954573949671
0.3923360608618501   169.9549741810812   231.09759954160634
0.4038375675538918   161.12976263400705   221.23137668266037
0.41567624604680364   151.8862731423109   211.58102214001312
0.42786198068238046   142.47052797837156   202.22611743677186
0.4404049455663077   133.69872883383678   193.38887940280944
0.4533156130627191   126.01201607179644   185.10949483689427
0.4666047625377753   119.05896838282524   177.27956138808364
0.4802834893595659   112.2362540569702   169.78501744901072
0.49436321416184764   105.40319596098078   162.55582185665386
0.5088556923793517   98.93217066796245   155.68031833594728
0.5237730240626238   93.07830648379213   149.2005813395959
0.5391276639805903   87.66730928466386   143.04186974223205
0.5549324320192869   82.41878334526209   137.1524233957981
0.5712005238854289   77.35019707898326   131.5219155377476
0.5879455221237613   72.63687910741855   126.17793224241967
0.6051814074573895   68.27593939372233   121.10853945304892
0.622922570460556   64.12777032300833   116.26911341994001
0.6411838235736077   60.16537370259765   111.64633593517519
0.6599804134701901   56.45804834786875   107.25016658897013
0.6793280337869897   52.995018937103815   103.07440334713858
0.6992428382266549   49.727505087034146   99.09338837935304
0.7197414540448374   46.64248543539216   95.29570247203557
0.7408409959326054   43.733183370384715   91.67283547375962
0.7625590803058332   40.99263986755237   88.21666771760913
0.7849138400134885   38.41378221862539   84.91945393925663
0.8079239394770964   35.98948535808276   81.77380770377478
0.8316085902740278   33.712466300065266   78.77255052047815
0.8559875671776167   31.57442941353593   75.9078886744557
0.8810812246675007   29.567022412284466   73.17208459222158
0.9069105139239728   27.68239930379233   70.5578984047825
0.9334970003205227   25.91319071206836   68.0585544602037
0.960862881429187   24.25247375204071   65.66770846197005
0.9890310055537336   22.693743917216242   63.3794171599296
1.0180248908061487   21.230890419121394   61.18810763906131
1.047868744742366   19.858258341390872   59.08839592593203
1.0785874845736239   18.570642630404294   57.075005887205414
1.1102067579703248   17.363118788572702   55.14299486788104
1.1427529644757777   16.231018262927766   53.28775047111977
1.1762532775476793   15.169917576082444   51.504966777706976
1.210735667245765   14.175627716461896   49.790622494621644
1.246228923584555   13.244183800078641   48.14096086141406
1.2827626805706884   12.371830281271581   46.552430979022205
1.3203674409449337   11.554990618797484   45.02148284323611
1.3590746016495152   10.790281968468955   43.54473130009093
1.3989164800420282   10.074516354752745   42.119033219033916
1.4399263408778291   9.404690286731176   40.741470590108996
1.4821384240834183   8.777974851420925   39.40933487986716
1.525587973344019   8.191706283789928   38.12011266514341
1.5703112655292182   7.643377046505174   36.87147223748934
1.6163456409812174   7.130629137528736   35.66124462657828
1.6637295346910133   6.651245881468805   34.487411462807465
1.7125025083885144   6.203141506106159   33.34810399147207
1.7627052835733923   5.784353812491679   32.24159398104982
1.814379775514258   5.393037383835291   31.16628468346134
1.8675691282445197   5.0274571273120285   30.120702435036083
1.922317750584177   4.685982135492243   29.10348883468302
1.9786713532176083   4.3670794015371115   28.113397865913623
2.0366769868582977   4.069306778707385   27.149305079121355
2.0963830815323896   3.7913097549809405   26.210183502149754
2.1578394870138577   3.531817112076932   25.295090707535252
2.2210975144450407   3.289636071603211   24.403163373248216
2.286209979177315   3.0636477040101133   23.533612131909496
2.3532312448676476   2.8528025877446956   22.685716678221254
2.4222172688678643   2.656116764343113   21.85882836294467
2.4932256489445366   2.4726692742556633   21.05254969800224
2.5663156713684585   2.301598122851127   20.2667129237508
2.641548360413907   2.1420950215840984   19.501153286857548
2.7189865293089923   1.9934021646821698   18.75569727548212
2.798694832679631   1.8548092683323274   18.030162604047383
2.8807398205309562   1.72565076793513   17.324358228549265
2.9651899938111903   1.605303166231485   16.638084391917538
3.05211586160442   1.493181091511859   15.971086747575285
3.1415899999999994   1.3887313572421998   15.322931195356379
