0.01   1051.8851294679898   1051.8360634133219
0.010293154462191829   1056.4991294436559   1056.4498170985291
0.010594902878253955   1060.4734725567487   1060.423749982475
0.010905497183778876   1063.7789782064422   1063.7288063372785
0.011225196699963396   1066.3874120717053   1066.3368769861995
0.011554268350120923   1068.2710326431722   1068.2202824501062
0.011892986882540897   1069.4026004816824   1069.3517657470086
0.012241635099881474   1069.7562840959438   1069.7054723327028
0.012600504095286909   1069.307150494749   1069.2564416841667
0.012969893495426888   1068.0289519967018   1067.978381167805
0.013350111710660605   1065.8966260263214   1065.8461787624863
0.013741476192534558   1062.8872470048568   1062.8368628687251
0.014144313698828986   1058.9785653875938   1058.9281954291887
0.01455896056637426   1054.149418641637   1054.099076592733
0.014985762991865008   1048.3815025973506   1048.3312657146937
0.01542507732090645   1041.6588420905327   1041.6088236642477
0.015877270345534218   1033.9664455562622   1033.9167167997366
0.016342719610456153   1025.2925283310374   1025.2431051312112
0.016821813728271667   1015.6290878247546   1015.5799350838706
0.017314952703931925   1004.9711558291111   1004.9222199522385
0.017822548268711737   993.3173817492387   993.2686116541158
0.01834502422397195   980.670889334424   980.6222373048257
0.018882816794999403   967.0396095043824   966.9910336206283
0.019436374995219892   952.4365761514497   952.3880447044872
0.02000616100108813   936.8796471938414   936.8311392370996
0.020592650537967844   920.3919532364952   920.3434577099363
0.021196333277324068   903.0049830957515   902.9564925150753
0.02181771324555934   884.7563331830764   884.707841042714
0.022457309244835088   865.6878715405346   865.6393730154011
0.02311565528622961   845.8500992680275   845.8016040357641
0.023793301035594242   825.3037535052853   825.2553033372521
0.024490812272480036   804.1124949384812   804.064162369093
0.025208771362518027   782.3446822885954   782.2965747199602
0.0259477777436476   760.0844243966573   760.0367184497611
0.02670844842659881   737.4196986641704   737.3726436283021
0.027491418510046592   714.4371093869235   714.3910159162857
0.028297341710866907   691.2356611752206   691.1908826822238
0.029126890909937666   667.9254347493701   667.882349335105
0.029980758713939952   644.609851678631   644.5688531721823
0.030859658033628758   621.3920774157982   621.3535699098028
0.031764322679055976   598.3937146549996   598.3581139931906
0.03269550797224261   575.729269615961   575.696997664905
0.033653991377811755   553.5006235968021   553.472099476277
0.03464057315210884   531.8179053288056   531.7935112285842
0.03565607701135116   510.7918141347387   510.7718739787062
0.036701350819364466   490.5153102277036   490.5000950586012
0.03777726729548091   471.07239934133713   471.06210562094304
0.038884724743189276   452.5506400522218   452.54532947951196
0.04002464780014597   435.02303691962754   435.02264879048255
0.041197988210172884   418.5454641618489   418.54982031204503
0.04240572561788674   403.14766408392956   403.15630910238974
0.04364886838662332   388.84307378278294   388.85521612253916
0.04492845444033957   375.639025833237   375.65358844974367
0.04624555213019635   363.53174713403706   363.54752605056484
0.04760126112654554   352.5030972689577   352.5189934023855
0.04899671333706607   342.53457792051114   342.54960327515516
0.05043307385181555   333.5785988773924   333.59173475968066
0.05191154191598653   325.4570699381039   325.4667269434541
0.053433351931179485   317.9724557185063   317.97637518127726
0.05499977448602865   310.9555774370225   310.9509619519294
0.05661211741704101   304.2982839959039   304.2821771180933
0.05827172690053434   297.91421995003566   297.88362085108037
0.05997998857658587   291.67903439708454   291.63144719812163
0.06173832870592997   285.3750216385805   285.3096843904165
0.0635482153607709   278.7874829880449   278.7054342961569
0.06541115965050462   271.7052724065197   271.60890303000104
0.06732871698337338   263.9308533094773   263.82355980577995
0.06930248836510605   255.3233062315219   255.20906965191318
0.07133412173562886   245.8248549319854   245.70751306305976
0.07342531334496233   235.43755196563157   235.32081976700596
0.07557780916945323   224.28045068855667   224.16844422510778
0.07779340636952398   212.51609903907055   212.4133864322599
0.08007395479015682   200.36800941424139   200.27998414610403
0.08242135850536496   188.0693234760974   188.00188002963333
0.08483757740794096   175.86602223178696   175.82460772755564
0.08732462884580919   164.00398131698   163.9926073236183
0.08988458930634863   152.77304152027057   152.79229740801154
0.09251959615009227   142.4415587185027   142.48857746672093
0.09523184939525078   133.25721337305023   133.3258889739266
0.09802361355455057   125.3705759284126   125.45253149504086
0.10089721952591899   118.85779969116005   118.94311173556439
0.10385506653859616   113.65277838209026   113.73148813462399
0.10689962415629803   109.59949015060322   109.66233469618916
0.11003343433910281   106.45008645767352   106.4883299416285
0.11325911356578279   103.90887751131828   103.91458216895256
0.11657935501835284   101.63636602030483   101.60448456499371
0.11999693083066039   99.29252294939464   99.2221681565216
0.12351469440289359   96.55893617727436   96.45451761498154
0.12713558278394044   93.20548912426992   93.07605502980623
0.13086261912358757   89.1112409589508   88.96959051874612
0.13469891519660646   84.28753852045813   84.14991978584615
0.13864767400083483   78.86467115646062   78.74886081719683
0.14271219243142114   73.09244889896618   73.01359322335841
0.14689586403346616   67.34662072044289   67.31079560435943
0.1512021818353596   62.04473414241431   62.0484583691694
0.15563474126517718   57.50720601325265   57.540211648874994
0.16019724315257297   53.87183740389006   53.920079878207105
0.1648934968186736   51.094806972039166   51.14167764528945
0.1697274232565544   49.04661433279642   49.07318827999103
0.17470305840495237   47.51183130835861   47.502731638767294
0.17982455651794954   46.163852148395314   46.11403181864393
0.18509619363343993   44.64050894962306   44.55707482011806
0.19052237114327647   42.70604725498683   42.60333698131204
0.19610761946807834   40.32690425009427   40.22354644305606
0.20185660183976684   37.61695214156631   37.53263166168312
0.20777411819498756   34.79612063609001   34.74261766583056
0.21386510918267082   32.148817014394226   32.126512624864446
0.22013466028907505   29.901533118079413   29.900253200783467
0.22658800608375756   28.138157710886677   28.13958837611088
0.23323053459001789   26.805594582384572   26.79207504989137
0.2400677917834628   25.718738886762033   25.67982118055022
0.24710548622244882   24.63318888406287   24.571149560845374
0.25434949381426813   23.395464274357504   23.320345608388
0.2618058627210567   21.980870112055836   21.91031872528121
0.2694808184095226   20.46784412010986   20.413845567762067
0.27738076884870827   19.02079198305195   18.98506219036737
0.2855123098601282   17.77641141931155   17.750820819353898
0.29388223062474755   16.758990797852185   16.731127618806322
0.3024975193514008   15.903704504080503   15.863606395327569
0.31136536911138296   15.091600756917776   15.039212932165771
0.3204931838440838   14.23183161197724   14.175834118203031
0.32988858453867975   13.328366261901312   13.277723699952137
0.3395594155970457   12.443204751018087   12.401993118538316
0.34951375138319807   11.643539669488696   11.608281141744154
0.3597599029647371   10.951738445897535   10.915301846530765
0.37030642505191835   10.330540037922658   10.288857683746413
0.3811621231401457   9.726976174913109   9.682190675123534
0.3923360608618501   9.122608548067959   9.079791546121287
0.4038375675538918   8.535542038687087   8.497197835240817
0.41567624604680364   7.995308496193032   7.959915494460215
0.42786198068238046   7.506723079401033   7.471107874372537
0.4404049455663077   7.052341882118984   7.015548760156828
0.4533156130627191   6.6139736850593795   6.577919723644969
0.4666047625377753   6.193018683449023   6.1593661820051215
0.4802834893595659   5.799435131848781   5.767799745352211
0.49436321416184764   5.436114536590089   5.405252800942944
0.5088556923793517   5.095513344464056   5.0652059094563615
0.5237730240626238   4.771804040216761   4.742853096005967
0.5391276639805903   4.466429106014511   4.439203845534706
0.5549324320192869   4.181376233585063   4.1554837935929845
0.5712005238854289   3.9147565726290865   3.8899576470053754
0.5879455221237613   3.663525404052358   3.6400562251615525
0.6051814074573895   3.4273424889219495   3.405379181459895
0.622922570460556   3.206150264583475   3.185563829522904
0.6411838235736077   2.998840046792711   2.9795852247836616
0.6599804134701901   2.8041911750380915   2.7863395652507754
0.6793280337869897   2.621556865083534   2.605140347011867
0.6992428382266549   2.4504497627698614   2.435427252295608
0.7197414540448374   2.290173326283228   2.276504458769457
0.7408409959326054   2.1400540888181308   2.127703640003654
0.7625590803058332   1.9994604517337349   1.988396708125698
0.7849138400134885   1.8678000318366266   1.8579934648717753
0.8079239394770964   1.7445171826047325   1.73593938516891
0.8316085902740278   1.6290906779266467   1.6217135263177052
0.8559875671776167   1.5210344191006302   1.5148282120539853
0.8810812246675007   1.4199008387337608   1.4148303085961083
0.9069105139239728   1.3252694318004516   1.3212939571571793
0.9334970003205227   1.2367432169902108   1.233817900651582
0.960862881429187   1.1539475910820036   1.152024217617939
0.9890310055537336   1.0765292249575642   1.0755571077984156
1.0180248908061487   1.004155000957834   1.00408172846119
1.047868744742366   0.9365107034507195   0.9372828763298843
1.0785874845736239   0.8732983743881161   0.8748627402199721
1.1102067579703248   0.8142370715336709   0.8165410841687342
1.1427529644757777   0.7590629592274294   0.7620549804716866
1.1762532775476793   0.7075283220978756   0.7111577976995476
1.210735667245765   0.6594006271868788   0.6636182400068856
1.246228923584555   0.6144616372997023   0.6192194389856256
1.2827626805706884   0.5725065867714076   0.5777581100582431
1.3203674409449337   0.5333436297413673   0.5390439960711763
1.3590746016495152   0.4967929867972297   0.502898992282215
1.3989164800420282   0.4626859756858232   0.469156146231849
1.4399263408778291   0.4308643555163158   0.4376589871354976
1.4821384240834183   0.4011797159544742   0.4082609019998833
1.525587973344019   0.3734928994165642   0.3808245458716546
1.5703112655292182   0.34767345420172163   0.3552212853636607
1.6163456409812174   0.32359907187121073   0.3313307445785898
1.6637295346910133   0.3011550780696897   0.30904034227972293
1.7125025083885144   0.2802340644704938   0.28824467839513207
1.7627052835733923   0.2607354582200872   0.2688450841275396
1.814379775514258   0.24256510570791584   0.25074921310764386
1.8675691282445197   0.22563488024762365   0.2338706554418555
1.922317750584177   0.20986231240331435   0.21812857354448076
1.9786713532176083   0.19517023689485266   0.203447387439708
2.0366769868582977   0.18148645294811683   0.1897565208878109
2.0963830815323896   0.16874343412977255   0.17698998717643605
2.1578394870138577   0.15687804196496732   0.16508607650672194
2.2210975144450407   0.14583125136288963   0.15398709173298425
2.286209979177315   0.13554789241144966   0.1436390991749132
2.3532312448676476   0.12597640762640863   0.1339916937588019
2.4222172688678643   0.11706862111886213   0.1249978029651236
2.4932256489445366   0.10877950525830446   0.1166136585352741
2.5663156713684585   0.10106699680933447   0.10879843756808419
2.641548360413907   0.09389182058072722   0.10151395666884942
2.7189865293089923   0.087217310310395   0.09472451132182765
2.798694832679631   0.08100924052252076   0.08839672493814386
2.8807398205309562   0.0752356688272207   0.08249940605775874
2.9651899938111903   0.06986678932700693   0.07700340781100382
3.05211586160442   0.06487482308980198   0.07188137353106938
3.1415899999999994   0.06023387910552649   0.06710765254931997
