0.01   11312.208939576385   11311.489122549632
0.010293154462191829   11408.651451492222   11407.891644819736
0.010594902878253955   11499.262246434739   11498.45935234582
0.010905497183778876   11583.670140530858   11582.81989220274
0.011225196699963396   11661.501127771751   11660.598283089497
0.011554268350120923   11732.359450664537   11731.398700797348
0.011892986882540897   11795.848188369664   11794.824427165826
0.012241635099881474   11851.577366468548   11850.48568477587
0.012600504095286909   11899.150122043993   11897.98518577523
0.012969893495426888   11938.166702027696   11936.922201375293
0.013350111710660605   11968.24095299723   11966.909604024924
0.013741476192534558   11988.993674369207   11987.567258277386
0.014144313698828986   12000.03807720126   11998.507505923146
0.01455896056637426   12001.0045941568   11999.359967133343
0.014985762991865008   11991.546653907591   11989.777236523962
0.01542507732090645   11971.327662490767   11969.421083242227
0.015877270345534218   11940.03137368438   11937.97320413552
0.016342719610456153   11897.375302642564   11895.1491775967
0.016821813728271667   11843.109173875764   11840.697093567836
0.017314952703931925   11777.014102055222   11774.3968794162
0.017822548268711737   11698.913457254279   11696.070937296514
0.01834502422397195   11608.67838140913   11605.589651815057
0.018882816794999403   11506.23978906582   11502.883412184252
0.019436374995219892   11391.58331632638   11387.937574631145
0.02000616100108813   11264.747603910217   11260.790795197394
0.020592650537967844   11125.85599620691   11121.567938459073
0.021196333277324068   10975.12248616727   10970.486214576858
0.02181771324555934   10812.814634613735   10807.816595763423
0.022457309244835088   10639.276568369783   10633.907444389597
0.02311565528622961   10455.002704762004   10449.260375894446
0.023793301035594242   10260.552107926971   10254.442097695844
0.024490812272480036   10056.526705529226   10050.06189563285
0.025208771362518027   9843.692896938639   9836.89520024807
0.0259477777436476   9622.9408886315   9615.842227607549
0.02670844842659881   9395.164912039736   9387.806247827159
0.027491418510046592   9161.352945550414   9153.784325692111
0.028297341710866907   8922.72282137276   8915.00498650266
0.029126890909937666   8680.478897431572   8672.682100910542
0.029980758713939952   8435.790134133667   8427.992389983681
0.030859658033628758   8190.007083690052   8182.291780077263
0.031764322679055976   7944.513244930637   7936.967262145076
0.03269550797224261   7700.574574272889   7693.286925135989
0.033653991377811755   7459.555548984693   7452.611481082901
0.03464057315210884   7223.039848287129   7216.512580410743
0.03565607701135116   6992.455961853524   6986.406817290042
0.036701350819364466   6769.016025437695   6763.4946473942955
0.03777726729548091   6553.582049699424   6548.622549104316
0.038884724743189276   6346.8204325685965   6342.441447682222
0.04002464780014597   6149.304773363155   6145.510479336563
0.041197988210172884   5962.010600010796   5958.763232590045
0.04240572561788674   5786.331333440849   5783.52350690839
0.04364886838662332   5623.502049609115   5620.963445934465
0.04492845444033957   5473.972168192221   5471.4842380844475
0.04624555213019635   5336.532317312168   5333.8524435060845
0.04760126112654554   5209.837510334125   5206.703465693089
0.04899671333706607   5092.652374459729   5088.783380181739
0.05043307385181555   4983.8107549990655   4978.908884769809
0.05191154191598653   4882.230623763175   4875.981946003213
0.053433351931179485   4786.554088795316   4778.644939225085
0.05499977448602865   4695.017362781294   4685.156741088614
0.05661211741704101   4605.868432568872   4593.797049700497
0.05827172690053434   4516.906912511786   4502.448909003205
0.05997998857658587   4425.836880331757   4408.923058536018
0.06173832870592997   4330.22411410714   4310.944776707849
0.0635482153607709   4227.466884739188   4206.132501793501
0.06541115965050462   4115.344938968899   4092.488942001316
0.06732871698337338   3992.208604276889   3968.596363169286
0.06930248836510605   3857.0742168209704   3833.6879198604006
0.07133412173562886   3710.1206111141087   3688.162559509787
0.07342531334496233   3552.3398613032023   3533.1500626874536
0.07557780916945323   3385.984449746496   3370.9005386080435
0.07779340636952398   3213.8509708746687   3204.1344376667225
0.08007395479015682   3039.3206059584318   3036.0981848755405
0.08242135850536496   2865.974606253448   2870.1268611121823
0.08483757740794096   2697.4892841434234   2709.55642275049
0.08732462884580919   2537.755639667626   2557.844185259631
0.08988458930634863   2390.2497325621357   2418.038835167846
0.09251959615009227   2258.032199045234   2292.575466082519
0.09523184939525078   2143.406490039957   2183.1820346524123
0.09802361355455057   2047.0832665276876   2090.2563807580955
0.10089721952591899   1968.6080298146687   2013.1587530253041
0.10385506653859616   1905.631861727724   1949.4557211606937
0.10689962415629803   1854.783364305016   1895.967401578732
0.11003343433910281   1811.634990232238   1848.8179961789795
0.11325911356578279   1771.2542830736936   1803.7961507875866
0.11657935501835284   1728.6733701179617   1756.8055587039505
0.11999693083066039   1679.3675460266456   1704.3347151099233
0.12351469440289359   1620.1097832035157   1644.0865033280925
0.12713558278394044   1549.4489868449418   1575.2757479898416
0.13086261912358757   1468.0483385983255   1498.8073863028274
0.13469891519660646   1378.5945956113596   1417.081611654855
0.13864767400083483   1285.477804149459   1333.6632620215705
0.14271219243142114   1194.2950249960652   1252.8211650616713
0.14689586403346616   1110.9017606245488   1178.8372120481415
0.1512021818353596   1039.9125547751678   1114.8917141459656
0.15563474126517718   983.2808788417906   1061.7110091592692
0.16019724315257297   940.1487991412091   1018.46408360642
0.1648934968186736   907.6622284867783   982.7744088529683
0.1697274232565544   881.6001201923524   951.3744684739106
0.17470305840495237   856.6196715420099   920.6713792544849
0.17982455651794954   827.2709062899057   887.1808411035234
0.18509619363343993   790.1544063938813   849.3691758125622
0.19052237114327647   745.3454440085566   807.5777448904811
0.19610761946807834   695.7715870397789   763.7428703405236
0.20185660183976684   645.9334311759976   720.8861252669559
0.20777411819498756   600.6237574508743   681.5251187065104
0.21386510918267082   563.3747678777328   647.5465557452859
0.22013466028907505   534.9032742081705   618.8321894980414
0.22658800608375756   513.2121791614559   594.0471896757628
0.23323053459001789   494.38713449210996   571.0661953466284
0.2400677917834628   474.06176445644775   547.6171035326179
0.24710548622244882   449.75835827523525   522.8611097149907
0.25434949381426813   421.93556528351263   497.13776659291483
0.2618058627210567   393.12510123975994   472.00220706917463
0.2694808184095226   366.70654516514895   448.4498610729464
0.27738076884870827   344.97156687520135   427.5777986125456
0.2855123098601282   327.6834496088312   408.84301903223826
0.29388223062474755   312.715592479919   391.40773599995777
0.3024975193514008   297.4508912068574   374.2986640148134
0.31136536911138296   280.4759261708266   357.23479090019845
0.3204931838440838   262.5454095266435   340.4328703884491
0.32988858453867975   245.53673906552356   324.4937144774327
0.3395594155970457   230.84225688079147   309.78215911052416
0.34951375138319807   218.4141383864298   296.2182886358238
0.3597599029647371   206.93768481212143   283.2878067768578
0.37030642505191835   195.19364518465312   270.7820472211368
0.3811621231401457   183.1331610072496   258.67377858067505
0.3923360608618501   171.6094578255877   247.13975038168974
0.4038375675538918   161.34529938993512   236.32975659582442
0.41567624604680364   152.1688189640524   226.15753346706634
0.42786198068238046   143.40486118137662   216.4342513717768
0.4404049455663077   134.6910061908304   207.10806319375232
0.4533156130627191   126.3172138225927   198.23342097358085
0.4666047625377753   118.63757548468017   189.84012360734383
0.4802834893595659   111.59370297170295   181.89128715237712
0.49436321416184764   104.87382793991314   174.31284432973246
0.5088556923793517   98.39096159551248   167.07363728569558
0.5237730240626238   92.29903885224883   160.19978389571673
0.5391276639805903   86.65494212749259   153.68310767845114
0.5549324320192869   81.34003106298397   147.48133306592337
0.5712005238854289   76.27941077035999   141.56732353253207
0.5879455221237613   71.51927048648302   135.9403221281036
0.6051814074573895   67.07072210871088   130.59974586065945
0.622922570460556   62.88535799706075   125.51586186499625
0.6411838235736077   58.94371616852611   120.67248896860836
0.6599804134701901   55.23393758698381   116.057588053383
0.6793280337869897   51.74448993165748   111.6597517720229
0.6992428382266549   48.46418635940776   107.4681709817311
0.7197414540448374   45.382200357489495   103.47260296135816
0.7408409959326054   42.48807701978485   99.66334132006392
0.7625590803058332   39.7716481880996   96.03102531292356
0.7849138400134885   37.22261300244855   92.56582507597865
0.8079239394770964   34.83102230788073   89.25816522630895
0.8316085902740278   32.587498107538856   86.09909339334472
0.8559875671776167   30.48320217599698   83.0802361149489
0.8810812246675007   28.50980591745134   80.19375744723585
0.9069105139239728   26.65946186758929   77.43232082114501
0.9334970003205227   24.92477675081547   74.7890538712152
0.960862881429187   23.2988046423325   72.25741612302252
0.9890310055537336   21.775067424649475   69.83090522447017
1.0180248908061487   20.347462433179047   67.50336623505558
1.047868744742366   19.010224828885555   65.2690605584376
1.0785874845736239   17.757910982242894   63.122635529816726
1.1102067579703248   16.58538251290583   61.05909651754931
1.1427529644757777   15.487790971933075   59.07378131230711
1.1762532775476793   14.460563137943156   57.162336295574846
1.210735667245765   13.499381933068682   55.32058692494513
1.246228923584555   12.60016763377822   53.54437924528144
1.2827626805706884   11.759077888187358   51.82981582638569
1.3203674409449337   10.972496805315384   50.17327847108231
1.3590746016495152   10.23702249572044   48.571408724701236
1.3989164800420282   9.54945523225044   47.0210900079607
1.4399263408778291   8.90678620478722   45.51943121693437
1.4821384240834183   8.306186846124275   44.06375151119794
1.525587973344019   7.744998857147079   42.65155743512221
1.5703112655292182   7.22072463436553   41.28052602133629
1.6163456409812174   6.731017872047789   39.94850789871349
1.6637295346910133   6.273674912300915   38.65351759732362
1.7125025083885144   5.846626573694808   37.393723205059615
1.7627052835733923   5.447930410147891   36.16743675707818
1.814379775514258   5.075763380223822   34.97310528365785
1.8675691282445197   4.728414864382159   33.80930470484707
1.922317750584177   4.4042790717323825   32.67478789916205
1.9786713532176083   4.101849111248045   31.568472326692902
2.0366769868582977   3.819712410765462   30.489366843825156
2.0963830815323896   3.5565451348357753   29.436562735764667
2.1578394870138577   3.31110685335114   28.409228434003285
2.2210975144450407   3.082235512376043   27.406604479998173
2.286209979177315   2.868842691376346   26.42799871174579
2.3532312448676476   2.669909247095427   25.47280021582132
2.4222172688678643   2.484482426120417   24.540699327345223
2.4932256489445366   2.311671011287913   23.631573322322218
2.5663156713684585   2.1506404015266747   22.74529068987526
2.641548360413907   2.000609174047089   21.881706818135875
2.7189865293089923   1.86084586510637   21.040664046365475
2.798694832679631   1.7306659319939386   20.221991753785378
2.8807398205309562   1.609428887116778   19.425506484486224
2.9651899938111903   1.4965350230467576   18.650990598095948
3.05211586160442   1.391419338726149   17.89805224215948
3.1415899999999994   1.2935526679086453   17.166241483962704
