0.01   10863.050017652584   10862.196625787628
0.010293154462191829   10968.444600786723   10967.532681661158
0.010594902878253955   11068.841939083952   11067.866263120057
0.010905497183778876   11163.883619654178   11162.838708995692
0.011225196699963396   11253.210687657762   11252.09084938381
0.011554268350120923   11336.46156364728   11335.260784042852
0.011892986882540897   11413.253663266107   11411.964970162948
0.012241635099881474   11483.200658886215   11481.815909167495
0.012600504095286909   11545.921647134204   11544.431549012997
0.012969893495426888   11601.029966242992   11599.42446711152
0.013350111710660605   11648.134253384369   11646.402964494862
0.013741476192534558   11686.854125268172   11684.986389060763
0.014144313698828986   11716.815925698666   11714.800523957685
0.01455896056637426   11737.637728890308   11735.461766991437
0.014985762991865008   11748.951092403664   11746.599814883697
0.01542507732090645   11750.407860435726   11747.864733879906
0.015877270345534218   11741.669685806279   11738.916509724684
0.016342719610456153   11722.41503834942   11719.432076947305
0.016821813728271667   11692.352058073498   11689.118188177194
0.017314952703931925   11651.218578937698   11647.711144295967
0.017822548268711737   11598.781317935327   11594.975634742808
0.01834502422397195   11534.84464036321   11530.714145766486
0.018882816794999403   11459.255722157412   11454.772343885896
0.019436374995219892   11371.917773812114   11367.052982929214
0.02000616100108813   11272.785347575584   11267.510811464028
0.020592650537967844   11161.860804737127   11156.14871304738
0.021196333277324068   11039.223037093177   11033.047527104069
0.02181771324555934   10905.039791130874   10898.378815586148
0.022457309244835088   10759.529227792285   10752.364835903578
0.02311565528622961   10602.976577679297   10595.295461098145
0.023793301035594242   10435.810078236842   10427.605703555408
0.024490812272480036   10258.525306909329   10249.798393426268
0.025208771362518027   10071.656421401514   10062.414836790711
0.0259477777436476   9875.884398521575   9866.146336852516
0.02670844842659881   9672.020884122281   9661.817546913284
0.027491418510046592   9460.885981937798   9450.260594317682
0.028297341710866907   9243.376046265334   9232.38275481436
0.029126890909937666   9020.613996053135   9009.316909001198
0.029980758713939952   8793.726552923958   8782.198362420495
0.030859658033628758   8563.806460219967   8552.127054695635
0.031764322679055976   8332.106489503929   8320.362332361148
0.03269550797224261   8099.935105491737   8088.218254825617
0.033653991377811755   7868.4993012925415   7856.905905710345
0.03464057315210884   7639.076469573819   7627.700751220054
0.03565607701135116   7413.171752470994   7402.096001642768
0.036701350819364466   7192.167163225071   7181.461268821468
0.03777726729548091   6977.254422744366   6966.975618664974
0.038884724743189276   6769.283232318928   6759.468903705285
0.04002464780014597   6568.904302320462   6559.5705132487055
0.041197988210172884   6376.681666580289   6367.825025538003
0.04240572561788674   6193.519616853176   6185.095855877997
0.04364886838662332   6020.770959464393   6012.667890446529
0.04492845444033957   5859.6590122584   5851.7017852741665
0.04624555213019635   5710.748810342483   5702.713009408722
0.04760126112654554   5572.955088758604   5564.592102866462
0.04899671333706607   5444.985196764219   5436.027816008841
0.05043307385181555   5325.648919198928   5315.811582600365
0.05191154191598653   5213.820203924294   5202.797691476445
0.053433351931179485   5108.452282853444   5095.920818317065
0.05499977448602865   5008.281510396504   4993.917709431783
0.05661211741704101   4911.639755437711   4895.151030818228
0.05827172690053434   4816.877482614411   4798.012334301742
0.05997998857658587   4721.961444685136   4700.574942588985
0.06173832870592997   4624.745132407361   4600.83153807156
0.0635482153607709   4522.996176224144   4496.729237449962
0.06541115965050462   4414.3119770871635   4386.101342988073
0.06732871698337338   4296.636806298251   4267.135690696021
0.06930248836510605   4168.478253278806   4138.614991804271
0.07133412173562886   4028.945357296996   3999.8917413247195
0.07342531334496233   3878.288719136141   3851.415764811879
0.07557780916945323   3717.5029225321364   3694.300048324911
0.07779340636952398   3548.81552326561   3530.7662051992634
0.08007395479015682   3374.9516020936608   3363.452095499381
0.08242135850536496   3199.2120470418067   3195.4937163619084
0.08483757740794096   3025.033120891629   3030.0473287827454
0.08732462884580919   2855.933882952137   2870.2375941084083
0.08988458930634863   2695.556591014985   2719.188680273117
0.09251959615009227   2547.1974959041368   2579.6807917704996
0.09523184939525078   2413.6898825308203   2453.919087414363
0.09802361355455057   2297.2062721723933   2343.490269661335
0.10089721952591899   2198.3586498751715   2248.648888920062
0.10385506653859616   2116.650690121642   2168.674899144675
0.10689962415629803   2049.686855774934   2101.09876177612
0.11003343433910281   1994.1085792940846   2042.8053784483538
0.11325911356578279   1945.5007783489036   1990.0898509820788
0.11657935501835284   1899.0703995548868   1938.9563216147412
0.11999693083066039   1850.0568930307406   1885.5886167350532
0.12351469440289359   1794.253323373752   1826.9769344970325
0.12713558278394044   1728.776655840097   1761.1965657748158
0.13086261912358757   1652.495088751439   1687.688304425015
0.13469891519660646   1566.3508070340813   1607.5291210238079
0.13864767400083483   1473.1730156388132   1523.244269893137
0.14271219243142114   1377.2932999874984   1438.2026932991598
0.14689586403346616   1284.0528928238873   1356.2934494364363
0.1512021818353596   1198.9717990773145   1281.3695675450988
0.15563474126517718   1126.3539758728705   1215.9807367525389
0.16019724315257297   1067.900706642264   1161.0493556532265
0.1648934968186736   1022.507550350522   1115.3470623221401
0.1697274232565544   987.0775904729019   1076.296268969833
0.17470305840495237   957.3155812006769   1040.92837134676
0.17982455651794954   928.0875706282393   1005.87888966851
0.18509619363343993   894.3243895754745   968.5062141749376
0.19052237114327647   853.0142887498174   927.3284779086215
0.19610761946807834   804.5865891068753   882.7162705570125
0.20185660183976684   752.230874078904   836.9240353411761
0.20777411819498756   700.3854799458679   792.6600088864392
0.21386510918267082   653.6103966352208   752.0856392759778
0.22013466028907505   614.97561221661   716.7511134933222
0.22658800608375756   584.8819321871163   686.0664556250273
0.23323053459001789   561.0666890596185   658.8702002376397
0.2400677917834628   539.6244019810274   633.1708954909944
0.24710548622244882   516.4470287474975   607.209388019852
0.25434949381426813   489.413119012946   580.280009380879
0.2618058627210567   459.3308656881277   552.895828175712
0.2694808184095226   428.85836260854956   526.2095705482575
0.27738076884870827   401.16241380718026   501.4514156737944
0.2855123098601282   378.21518044841844   479.05836872503113
0.29388223062474755   359.5057435932831   458.7489614347023
0.3024975193514008   342.79880905135917   439.50542924710993
0.31136536911138296   325.65439846131466   420.7906410917827
0.3204931838440838   306.94439957348476   402.17099451543925
0.32988858453867975   287.60790477917794   384.06150339125884
0.3395594155970457   269.49571357193594   366.9428020821407
0.34951375138319807   253.77852484785774   351.0689037760312
0.3597599029647371   240.21313925973612   336.18722464541327
0.37030642505191835   227.46863337472033   321.9996098983051
0.3811621231401457   214.47408096676742   308.2680692203845
0.3923360608618501   201.3335713791232   295.05202905518155
0.4038375675538918   188.90830364234358   282.47743630216013
0.41567624604680364   177.79301493433576   270.64465359846963
0.42786198068238046   167.71708987429292   259.4578127223782
0.4404049455663077   158.03235610749186   248.7540981980637
0.4533156130627191   148.4702993050313   238.49819902837422
0.4666047625377753   139.35506826502566   228.73091844180558
0.4802834893595659   130.98118018153482   219.46556636683957
0.49436321416184764   123.2374444841384   210.67951885283105
0.5088556923793517   115.83219247963399   202.28389019805613
0.5237730240626238   108.72114074944872   194.261690967935
0.5391276639805903   102.0529194949084   186.63879260353497
0.5549324320192869   95.85147932737632   179.3891954397553
0.5712005238854289   89.995410114125   172.47847116973722
0.5879455221237613   84.42908039186077   165.88311813368398
0.6051814074573895   79.1979238749879   159.6028249114468
0.622922570460556   74.30016555608948   153.62043296685937
0.6411838235736077   69.68410584288942   147.9089680271626
0.6599804134701901   65.33725666941609   142.46161806064808
0.6793280337869897   61.24689789382802   137.26502552406478
0.6992428382266549   57.3993867652957   132.3052989898167
0.7197414540448374   53.78166953216719   127.56941591900845
0.7408409959326054   50.38126824469272   123.04516272903972
0.7625590803058332   47.186266656749055   118.72107936004687
0.7849138400134885   44.185295375531354   114.58640797751994
0.8079239394770964   41.36749988852627   110.63100580917907
0.8316085902740278   38.72235812805695   106.84488209236811
0.8559875671776167   36.23978221991803   103.21838574541611
0.8810812246675007   33.9102383890119   99.74249356128888
0.9069105139239728   31.724720986652223   96.4087705701353
0.9334970003205227   29.674725277608403   93.20932808337527
0.960862881429187   27.752221498381246   90.13678507658217
0.9890310055537336   25.949630135525453   87.18423262252705
1.0180248908061487   24.25980757905706   84.3450675675144
1.047868744742366   22.676045566845097   81.61261029006553
1.0785874845736239   21.19201557304456   78.98052454627307
1.1102067579703248   19.801740594101577   76.44291796795224
1.1427529644757777   18.49957763790499   73.99431040687429
1.1762532775476793   17.280200932474507   71.62960492856753
1.210735667245765   16.138585836292034   69.34406120676007
1.246228923584555   15.069993332916184   67.13326897981273
1.2827626805706884   14.069950892512145   64.99302781840346
1.3203674409449337   13.134238048797872   62.9193004750958
1.3590746016495152   12.25887995347902   60.9083391249761
1.3989164800420282   11.440134629011883   58.956677275303164
1.4399263408778291   10.674480292289376   57.06111144390739
1.4821384240834183   9.95860329658027   55.21868425145161
1.525587973344019   9.289386666828973   53.4266687848486
1.5703112655292182   8.663899124443834   51.68256508137562
1.6163456409812174   8.079384115216367   49.98417766175883
1.6637295346910133   7.533250516417559   48.32954232599426
1.7125025083885144   7.023063752850602   46.71685207450961
1.7627052835733923   6.546536904821855   45.14444675074285
1.814379775514258   6.101522274373662   43.610803934224265
1.8675691282445197   5.686003394004071   42.11453032833298
1.922317750584177   5.298087457414528   40.654353609246066
1.9786713532176083   4.935997687235355   39.2291706016004
2.0366769868582977   4.598065739361821   37.83815086859402
2.0963830815323896   4.282726791565421   36.48056418229714
2.1578394870138577   3.9885137285693553   35.155736631886036
2.2210975144450407   3.7140513193655815   33.86304625532395
2.286209979177315   3.458050720821948   32.60191882815238
2.3532312448676476   3.2193042908045713   31.37182380189639
2.4222172688678643   2.996680737153253   30.17227808776618
2.4932256489445366   2.789121781411551   29.003083707251424
2.5663156713684585   2.595637617941983   27.864327606019923
2.641548360413907   2.4153010301297178   26.756058128844124
2.7189865293089923   2.2472435435286586   25.678267584832764
2.798694832679631   2.0906518987066987   24.63089484406923
2.8807398205309562   1.9447647201819733   23.61382796824894
2.9651899938111903   1.8088693717914506   22.626906864273536
3.05211586160442   1.682298305112557   21.66989937618223
3.1415899999999994   1.5644220902892152   20.742333324779786
