0.01   3622.55091580847   3622.4009035566532
0.010293154462191829   3655.3496654743462   3655.1983573223815
0.010594902878253955   3686.5213507016256   3686.3694377014303
0.010905497183778876   3715.955687697339   3715.8036091995145
0.011225196699963396   3743.542174693993   3743.39007528375
0.011554268350120923   3769.170312105379   3769.018077821398
0.011892986882540897   3792.72673800871   3792.574234922902
0.012241635099881474   3814.0983165992566   3813.945472718252
0.012600504095286909   3833.1737600537126   3833.0205667628597
0.012969893495426888   3849.838085547212   3849.6845845143403
0.013350111710660605   3863.9722735017453   3863.8185410999095
0.013741476192534558   3875.4605297857943   3875.306676632219
0.014144313698828986   3884.189692200419   3884.0358410723934
0.01455896056637426   3890.0450567333396   3889.8912544858367
0.014985762991865008   3892.915976337229   3892.762171686936
0.01542507732090645   3892.6978759398326   3892.543920452222
0.015877270345534218   3889.286909801041   3889.132575536521
0.016342719610456153   3882.581666720446   3882.4266623721246
0.016821813728271667   3872.489491539323   3872.3334651029004
0.017314952703931925   3858.9258132953637   3858.7682999474846
0.017822548268711737   3841.8117053100286   3841.6519713514153
0.01834502422397195   3821.0789668740567   3820.9159898224507
0.018882816794999403   3796.6718562102315   3796.5043465305603
0.019436374995219892   3768.5472973183983   3768.3738227611675
0.02000616100108813   3736.6758815397616   3736.4949538965075
0.020592650537967844   3701.043023471521   3700.853113899206
0.021196333277324068   3661.6525764288986   3661.452153955367
0.02181771324555934   3618.530765500048   3618.3183631085785
0.022457309244835088   3571.720580410458   3571.4948141478803
0.02311565528622961   3521.2833487033013   3521.04296407672
0.023793301035594242   3467.3154729816833   3467.0596472320185
0.024490812272480036   3409.9376667609513   3409.6661440268185
0.025208771362518027   3349.284787988475   3348.997856760002
0.0259477777436476   3285.5255949861607   3285.224237837069
0.02670844842659881   3218.8737505662584   3218.5598904796684
0.027491418510046592   3149.5532115292194   3149.22965620889
0.028297341710866907   3077.8032915565354   3077.4736986486782
0.029126890909937666   3003.9261350855227   3003.5952625416076
0.029980758713939952   2928.2422674557083   2927.915961443866
0.030859658033628758   2851.065821677404   2850.7508584764782
0.031764322679055976   2772.7557529166315   2772.459845494936
0.03269550797224261   2693.7218935303445   2693.453724828593
0.033653991377811755   2614.3518064488535   2614.1208441186773
0.03464057315210884   2535.0250992045685   2534.8412877400347
0.03565607701135116   2456.18037830034   2456.053455905499
0.036701350819364466   2378.2384823873394   2378.1777666080366
0.03777726729548091   2301.5781833259693   2301.5925176059923
0.038884724743189276   2226.608569902735   2226.7057899240076
0.04002464780014597   2153.7582107241433   2153.944733044751
0.041197988210172884   2083.4000694476304   2083.681052363528
0.04240572561788674   2015.8400295445156   2016.2184329794072
0.04364886838662332   1951.2944093004942   1951.7675876736125
0.04492845444033957   1889.9337178144538   1890.4934157868138
0.04624555213019635   1831.902423305236   1832.5355840505383
0.04760126112654554   1777.39402439566   1778.0839636781586
0.04899671333706607   1726.6273292589785   1727.354616447846
0.05043307385181555   1679.7874614918458   1680.5302605820457
0.05191154191598653   1636.7672609947108   1637.5006429242244
0.053433351931179485   1597.0292891703918   1597.7239450591724
0.05499977448602865   1560.0456782059123   1560.6680830705423
0.05661211741704101   1525.3532391043811   1525.8661317652611
0.05827172690053434   1492.5579314216047   1492.920905230226
0.05997998857658587   1461.2927394243777   1461.4627899213103
0.06173832870592997   1431.0659386718187   1431.0026828275577
0.0635482153607709   1401.2825745190062   1400.9528897154257
0.06541115965050462   1371.3464940851914   1370.7266778595447
0.06732871698337338   1340.5192426659316   1339.6041013990812
0.06930248836510605   1308.0773123338608   1306.8822801380425
0.07133412173562886   1273.331172371021   1271.8965557089923
0.07342531334496233   1235.6532484529223   1234.046411368769
0.07557780916945323   1194.6650062411484   1192.9768445093487
0.07779340636952398   1150.2992355378233   1148.6393997990972
0.08007395479015682   1102.7409098461287   1101.2323672123298
0.08242135850536496   1052.5174778931612   1051.2906154173147
0.08483757740794096   1000.3528863925353   999.5392088828343
0.08732462884580919   947.2118401228311   946.9379858306688
0.08988458930634863   894.1084460454824   894.4828293034864
0.09251959615009227   842.0821452411589   843.1820430814255
0.09523184939525078   792.1914887574209   794.0526029041933
0.09802361355455057   745.4497055522997   748.0598369139062
0.10089721952591899   702.8433859153758   706.1265909874013
0.10385506653859616   665.1370153260688   668.960794134792
0.10689962415629803   632.7402383420163   636.9156013664533
0.11003343433910281   605.7488237891894   610.0466167105894
0.11325911356578279   583.6509137425184   587.837291463698
0.11657935501835284   565.6374160060062   569.4919519485027
0.11999693083066039   550.4941634613277   553.8363940825298
0.12351469440289359   536.868454198751   539.5835786072832
0.12713558278394044   523.3315105837497   525.397368182061
0.13086261912358757   508.53773647976044   510.0505450026061
0.13469891519660646   491.4125438124147   492.58667407412304
0.13864767400083483   471.31306782005225   472.4595855897777
0.14271219243142114   448.19537916951447   449.6762683085632
0.14689586403346616   422.558059554427   424.7371228267052
0.1512021818353596   395.37533764791476   398.56670885263736
0.15563474126517718   368.0147330112637   372.4223372456669
0.16019724315257297   342.094941467926   347.72796896136265
0.1648934968186736   319.11588298854616   325.78702796263326
0.1697274232565544   300.028000418088   307.3942568544305
0.17470305840495237   284.94750753393294   292.5711197000237
0.17982455651794954   273.26764305627114   280.73742929077207
0.18509619363343993   263.9883141054899   270.97363687958114
0.19052237114327647   255.83409965797074   262.1650002149898
0.19610761946807834   247.3162190904249   253.06191909347976
0.20185660183976684   237.15576269323827   242.61540260248304
0.20777411819498756   224.90414779356885   230.5145861603715
0.21386510918267082   211.02367011588353   217.23993662200527
0.22013466028907505   196.53481199499674   203.62056618262613
0.22658800608375756   182.66552585130358   190.64372899223446
0.23323053459001789   170.55127879440522   179.20026706121752
0.2400677917834628   160.76825362648648   169.66440727584455
0.24710548622244882   153.1260002234945   161.84394774642251
0.25434949381426813   146.84820993702664   155.09899800521725
0.2618058627210567   140.82559447110748   148.59101618413095
0.2694808184095226   134.10622597779363   141.6238839431615
0.27738076884870827   126.44595461400823   134.09523606632365
0.2855123098601282   118.25515154233665   126.29580938516118
0.29388223062474755   110.27358834671399   118.7850743984128
0.3024975193514008   103.2552979487573   112.05256393943111
0.31136536911138296   97.47436268167988   106.24922724455006
0.3204931838440838   92.60731150284693   101.11223292433394
0.32988858453867975   88.05518019269618   96.25407491472919
0.3395594155970457   83.29035448781354   91.35601193030048
0.34951375138319807   78.2176532811748   86.35687183769177
0.3597599029647371   73.18613783876295   81.50516186071087
0.37030642505191835   68.59627218166719   77.01807779268825
0.3811621231401457   64.61456862982863   72.96604034350436
0.3923360608618501   61.073890007575216   69.24300184766813
0.4038375675538918   57.653443516930665   65.66874270403034
0.41567624604680364   54.19369261906989   62.16310577181258
0.42786198068238046   50.796764625609825   58.78631301301407
0.4404049455663077   47.649123714707464   55.62593515823125
0.4533156130627191   44.81706101464511   52.69737761370955
0.4666047625377753   42.195419956154   49.944937377479306
0.4802834893595659   39.65756326320797   47.312596876730105
0.49436321416184764   37.19540059775987   44.79341985441953
0.5088556923793517   34.8834119894453   42.416996452683044
0.5237730240626238   32.7541222635255   40.190186606907524
0.5391276639805903   30.761947752084723   38.08723344184436
0.5549324320192869   28.858863171031217   36.0903825376381
0.5712005238854289   27.052461001493665   34.19771195590674
0.5879455221237613   25.365742430660102   32.4137124245697
0.6051814074573895   23.789210840940832   30.731277810480776
0.622922570460556   22.29918221271808   29.138112842092617
0.6411838235736077   20.89204740305197   27.63030650272226
0.6599804134701901   19.574052371065562   26.20913459332243
0.6793280337869897   18.337112435031056   24.865667672347428
0.6992428382266549   17.173559867006563   23.5950977178211
0.7197414540448374   16.080231665421998   22.39502922048105
0.7408409959326054   15.053241398685996   21.261488004951268
0.7625590803058332   14.088879200779687   20.19070560891873
0.7849138400134885   13.183614685864635   19.179125690274677
0.8079239394770964   12.334090671418776   18.223392585824424
0.8316085902740278   11.537116907876177   17.320340430624938
0.8559875671776167   10.78966137471597   16.46698405417037
0.8810812246675007   10.088816389353084   15.660523420979708
0.9069105139239728   9.431810677975397   14.898326206915659
0.9334970003205227   8.816027483992025   14.177906864079826
0.960862881429187   8.238997125757708   13.496918642358496
0.9890310055537336   7.6983893766656255   12.853146235168435
1.0180248908061487   7.192006195213443   12.244498770538756
1.047868744742366   6.717775006675633   11.669001529536036
1.0785874845736239   6.273745741899035   11.124761559064778
1.1102067579703248   5.858082924736582   10.609971061767515
1.1427529644757777   5.46905574434259   10.122930742883385
1.1762532775476793   5.1050324967374845   9.662044085645418
1.210735667245765   4.764475414568114   9.22581096180308
1.246228923584555   4.445935728211183   8.81282164602355
1.2827626805706884   4.1480489024400375   8.421750460186713
1.3203674409449337   3.869528818495747   8.05132949486257
1.3590746016495152   3.6091637389871782   7.700345060104527
1.3989164800420282   3.3658139785880925   7.367659792589219
1.4399263408778291   3.1384079894150734   7.052208863997354
1.4821384240834183   2.925938546116803   6.752995017066606
1.525587973344019   2.7274591253366745   6.469083962488075
1.5703112655292182   2.5420804720715804   6.1995997493386295
1.6163456409812174   2.368967392363052   5.943702751069501
1.6637295346910133   2.2073356716395693   5.700581171633569
1.7125025083885144   2.056449067190864   5.469475767620493
1.7627052835733923   1.915616535849805   5.249678188513511
1.814379775514258   1.784189615411907   5.040527225799307
1.8675691282445197   1.6615599458928532   4.841405362330434
1.922317750584177   1.547156923460532   4.65173550032641
1.9786713532176083   1.4404454211480158   4.470967673275657
2.0366769868582977   1.3409236603209405   4.2985692180518305
2.0963830815323896   1.2481213529786384   4.134042185160951
2.1578394870138577   1.1615978352577117   3.9769229429240993
2.2210975144450407   1.0809402907239518   3.826779584729751
2.286209979177315   1.0057620733654218   3.6832095524916677
2.3532312448676476   0.9357011248263092   3.5458374375467607
2.4222172688678643   0.8704183551393325   3.4143063806723237
2.4932256489445366   0.809596105123154   3.2882680457225737
2.5663156713684585   0.75293714676333   3.1673966238165594
2.641548360413907   0.7001634665114871   3.051389605716745
2.7189865293089923   0.6510150685800413   2.939966029264085
2.798694832679631   0.6052488493516751   2.832864875303832
2.8807398205309562   0.5626375389699395   2.7298435988541776
2.9651899938111903   0.5229688397667529   2.6306795415681825
3.05211586160442   0.4860447225301382   2.5351741675618222
3.1415899999999994   0.4516801132124764   2.443143757708067
