0.01   413.0399318596043   413.0398964993729
0.010293154462191829   415.26618099586125   415.26615015885784
0.010594902878253955   417.24000055301923   417.2399749868231
0.010905497183778876   418.94979666464457   418.9497754487458
0.011225196699963396   420.3828767289426   420.38285860185863
0.011554268350120923   421.52680493684437   421.5267884362362
0.011892986882540897   422.369548157061   422.36953178243135
0.012241635099881474   422.8991488718001   422.89913207685606
0.012600504095286909   423.1040970200258   423.1040805985878
0.012969893495426888   422.9735709722471   422.9735570069264
0.013350111710660605   422.4967891304001   422.4967792530227
0.013741476192534558   421.6629499061399   421.66294322158717
0.014144313698828986   420.462178291877   420.46217127621173
0.01455896056637426   418.885494558529   418.8854815382871
0.014985762991865008   416.92438820220826   416.9243631203261
0.01542507732090645   414.57145217237917   414.5714090478932
0.015877270345534218   411.82061850654344   411.82055140300014
0.016342719610456153   408.66675804174946   408.66666001078136
0.016821813728271667   405.10588428288264   405.10574656225054
0.017314952703931925   401.1356597032107   401.1354718176964
0.017822548268711737   396.75559641404953   396.75534630731545
0.01834502422397195   391.9672859788367   391.9669601420945
0.018882816794999403   386.7742034243732   386.77378708019745
0.019436374995219892   381.18182609005686   381.1813037588687
0.02000616100108813   375.1986681671873   375.19802715504073
0.020592650537967844   368.835685404777   368.83491755096975
0.021196333277324068   362.1056343094039   362.10473583044086
0.02181771324555934   355.024655930361   355.0236265822233
0.022457309244835088   347.613146407051   347.61198825221743
0.02311565528622961   339.892983307903   339.8917004793361
0.023793301035594242   331.88808568600695   331.8866854362812
0.024490812272480036   323.628592778569   323.627091936158
0.025208771362518027   315.1466822052995   315.1451085002789
0.0259477777436476   306.4745265662926   306.47291730230813
0.02670844842659881   297.6494767128647   297.64787764849075
0.027491418510046592   288.7137530782705   288.71221727831426
0.028297341710866907   279.7077078153379   279.7062941965761
0.029126890909937666   270.6722896881628   270.6710617255738
0.029980758713939952   261.6561399527866   261.655164795577
0.030859658033628758   252.70582018214714   252.70516746347408
0.031764322679055976   243.8637572133437   243.86349756762232
0.03269550797224261   235.1765116086044   235.17671121667877
0.033653991377811755   226.69128502566625   226.69200225321705
0.03464057315210884   218.44885622420583   218.45014216099045
0.03565607701135116   210.48751276083266   210.4894093841808
0.036701350819364466   202.84778448389537   202.85032002006503
0.03777726729548091   195.564481908103   195.56767226051312
0.038884724743189276   188.66556782083117   188.66941421113265
0.04002464780014597   182.16911110593924   182.17356413534856
0.041197988210172884   176.08698555786188   176.09193360415367
0.04240572561788674   170.42806432647572   170.43334277812752
0.04364886838662332   165.19770774763958   165.2031436137768
0.04492845444033957   160.3978974203587   160.40336783544836
0.04624555213019635   156.02971912709597   156.03515026489924
0.04760126112654554   152.0781884898539   152.0835228094582
0.04899671333706607   148.4731522055939   148.4782490451219
0.05043307385181555   145.1384660760993   145.14308686758085
0.05191154191598653   142.00920055643337   142.0129813502111
0.053433351931179485   139.04233490622704   139.04466443287725
0.05499977448602865   136.20193186497661   136.20194326210023
0.05661211741704101   133.43656177368945   133.43341364854302
0.05827172690053434   130.66378226728062   130.6571604921898
0.05997998857658587   127.80266838461023   127.79279866472471
0.06173832870592997   124.76583040057884   124.75331521088481
0.0635482153607709   121.46727262375171   121.45298231165617
0.06541115965050462   117.8401929632623   117.82506470329591
0.06732871698337338   113.84294143258772   113.82767812607794
0.06930248836510605   109.45984491217357   109.44491256934027
0.07133412173562886   104.72439626625084   104.7100796267054
0.07342531334496233   99.69160602825225   99.67813312730962
0.07557780916945323   94.45204128051105   94.4400053044456
0.07779340636952398   89.10312757595104   89.09350375167719
0.08007395479015682   83.74812951081009   83.7421507611631
0.08242135850536496   78.49173143110059   78.49057801730747
0.08483757740794096   73.45369612393125   73.45791727641428
0.08732462884580919   68.74908309194268   68.75841135591686
0.08988458930634863   64.48779849221144   64.50105534537028
0.09251959615009227   60.75168110111908   60.767272273056044
0.09523184939525078   57.59606461991486   57.612291574396515
0.09802361355455057   55.01390649295132   55.029232903081386
0.10089721952591899   52.961548452326234   52.97468263517566
0.10385506653859616   51.342391681104516   51.35212195115705
0.10689962415629803   50.036574765570535   50.04172204052804
0.11003343433910281   48.89936428416705   48.89893124707425
0.11325911356578279   47.78261184119517   47.776055204360084
0.11657935501835284   46.54025387597886   46.52787673224749
0.11999693083066039   45.05675165178887   45.03956292977821
0.12351469440289359   43.259128189494625   43.23877056845606
0.12713558278394044   41.135375587202596   41.11426441655052
0.13086261912358757   38.727341738566274   38.708721395082485
0.13469891519660646   36.12767039535873   36.114811413902
0.13864767400083483   33.477935867187085   33.47251657616255
0.14271219243142114   30.957150246737992   30.958685820306744
0.14689586403346616   28.728837491043087   28.735501724835064
0.1512021818353596   26.89226632476664   26.901981022157873
0.15563474126517718   25.45831455372043   25.468971883818305
0.16019724315257297   24.37516990476052   24.383721434328447
0.1648934968186736   23.554569144330834   23.55770676612365
0.1697274232565544   22.87050232401475   22.86651878658455
0.17470305840495237   22.163635247890152   22.153382569116356
0.17982455651794954   21.2972106988178   21.282912006224162
0.18509619363343993   20.2212248889828   20.20567149409595
0.19052237114327647   18.97217889368011   18.958677637589755
0.19610761946807834   17.638387617859255   17.629779275771536
0.20185660183976684   16.341344260135394   16.338406273464617
0.20777411819498756   15.200376771735307   15.20181722584096
0.21386510918267082   14.278899953337474   14.28179617667464
0.22013466028907505   13.570264643022062   13.571343001753013
0.22658800608375756   13.008982546603356   13.005768079514084
0.23323053459001789   12.486075227284122   12.478404548111582
0.2400677917834628   11.906266596368939   11.895539214207302
0.24710548622244882   11.239710447427193   11.22858522303868
0.25434949381426813   10.511941989333371   10.503125816327366
0.2618058627210567   9.788243702994162   9.782883430812202
0.2694808184095226   9.144621833898317   9.141560340508839
0.27738076884870827   8.612294467428177   8.609313584052753
0.2855123098601282   8.17027849935769   8.165372897766002
0.29388223062474755   7.767787456897897   7.760188826831678
0.3024975193514008   7.352035138671002   7.343030196649743
0.31136536911138296   6.908573227283898   6.899907513531725
0.3204931838440838   6.46318295841125   6.4560521495680545
0.32988858453867975   6.050481370079683   6.044605949364517
0.3395594155970457   5.690381376023757   5.684458630038677
0.34951375138319807   5.372830553763031   5.365818175465104
0.3597599029647371   5.070919793033962   5.062837350994897
0.37030642505191835   4.768222560538013   4.759961673681909
0.3811621231401457   4.46950031779288   4.461845074132441
0.3923360608618501   4.189954397272846   4.182774586580049
0.4038375675538918   3.9368802559472296   3.929589135536879
0.41567624604680364   3.704296388514759   3.6964764593005563
0.42786198068238046   3.481093635785431   3.472999521372391
0.4404049455663077   3.265110709862808   3.2571515014780763
0.4533156130627191   3.0611249448210707   3.05338979947353
0.4666047625377753   2.8725358477314975   2.8647467457298945
0.4802834893595659   2.696672160813592   2.6886971345364956
0.49436321416184764   2.5295532525602193   2.521532018527915
0.5088556923793517   2.3709275469002202   2.3629956362991997
0.5237730240626238   2.2223543011318756   2.214474578238645
0.5391276639805903   2.0835428121871975   2.0756248873088756
0.5549324320192869   1.9527193513945655   1.9448078040392274
0.5712005238854289   1.829281401075474   1.82144142218071
0.5879455221237613   1.713476126285721   1.7056997352760612
0.6051814074573895   1.604894636990858   1.5971658425676878
0.622922570460556   1.502756394590614   1.495105148486584
0.6411838235736077   1.406775697316471   1.3992220160531021
0.6599804134701901   1.3167160400597702   1.3092641949134056
0.6793280337869897   1.2322270457142588   1.2248829538288353
0.6992428382266549   1.1529721209772381   1.1457436503922585
0.7197414540448374   1.07863485866558   1.071531213364826
0.7408409959326054   1.0089178131603314   1.0019490159560787
0.7625590803058332   0.94354135228711   0.936717813770338
0.7849138400134885   0.8822425923819119   0.8755747546699885
0.8079239394770964   0.8247764808253574   0.818274400010633
0.8316085902740278   0.7709164917129606   0.7645893741840262
0.8559875671776167   0.7204489281640786   0.7143050069004946
0.8810812246675007   0.6731716727147945   0.6672181544057374
0.9069105139239728   0.6288936497360293   0.6231366865017672
0.9334970003205227   0.5874343054418812   0.5818789872481721
0.960862881429187   0.5486231055465102   0.5432734698361593
0.9890310055537336   0.512298763829306   0.5071578588573394
1.0180248908061487   0.4783080394828317   0.4733781010800259
1.047868744742366   0.4465064026286307   0.44178888672323763
1.0785874845736239   0.41675787687697946   0.4122534605658956
1.1102067579703248   0.3889345618071201   0.3846431576314069
1.1427529644757777   0.36291618008322785   0.3588369609678169
1.1762532775476793   0.33858964807513825   0.334721080715703
1.210735667245765   0.3158486876518057   0.3121885480650793
1.246228923584555   0.2945935568242989   0.29113879981691904
1.2827626805706884   0.2747305702279009   0.2714773507108754
1.3203674409449337   0.25617168092920345   0.2531154713732721
1.3590746016495152   0.2388341614099985   0.23596985959081898
1.3989164800420282   0.2226403014708802   0.21996232848651
1.4399263408778291   0.20751712183397633   0.2050195109970512
1.4821384240834183   0.1933961010935508   0.19107257571406763
1.525587973344019   0.18021289362806298   0.17805689775799696
1.5703112655292182   0.16790709893333763   0.16591184063743428
1.6163456409812174   0.1564220567713777   0.15458058445972095
1.6637295346910133   0.14570462784112384   0.1440098981708438
1.7125025083885144   0.1357049856745517   0.13414992259933226
1.7627052835733923   0.12637642002319674   0.12495396584671378
1.814379775514258   0.1176751510005218   0.11637830972995811
1.8675691282445197   0.10956014559233947   0.10838199479218649
1.922317750584177   0.10199295106938178   0.1009266444811491
1.9786713532176083   0.09493755254088955   0.09397635948204155
2.0366769868582977   0.0883602259186676   0.08749756684626779
2.0963830815323896   0.0822293981911881   0.08145887361784432
2.1578394870138577   0.07651551576483742   0.07583092933422333
2.2210975144450407   0.07119092043076757   0.07058629691962812
2.286209979177315   0.0662297262601072   0.06569935154275666
2.3532312448676476   0.061607701563762766   0.06114619259958667
2.4222172688678643   0.057302183195402645   0.0569044801028495
2.4932256489445366   0.05329198139097292   0.05295332723013069
2.5663156713684585   0.04955728711905102   0.049273209450209514
2.641548360413907   0.04607958502150152   0.04584587902652818
2.7189865293089923   0.042841571624492925   0.04265428460452901
2.798694832679631   0.03982708405675112   0.039682494519661174
2.8807398205309562   0.03702104777911178   0.0369156218329284
2.9651899938111903   0.0344093827211513   0.03433976264802736
3.05211586160442   0.03197893077016997   0.03194193512405438
3.1415899999999994   0.029717397841690796   0.029710020220225977
