0.01   112.76457291861685   112.76457253562671
0.010293154462191829   113.8161866775135   113.81618519884996
0.010594902878253955   114.81120988574709   114.8112085495982
0.010905497183778876   115.74584873288019   115.74584897930998
0.011225196699963396   116.61610107742455   116.61610340427217
0.011554268350120923   117.41797412241152   117.41797793774207
0.011892986882540897   118.147516569998   118.14752035901769
0.012241635099881474   118.80078767293882   118.8007902648669
0.012600504095286909   119.37391156130207   119.37391265961722
0.012969893495426888   119.86311655284892   119.8631167428363
0.013350111710660605   120.26454681504816   120.2645470207171
0.013741476192534558   120.57420955834547   120.57421029865556
0.014144313698828986   120.78826545542182   120.78826678509532
0.01455896056637426   120.90302532840113   120.90302689422076
0.014985762991865008   120.91478654665599   120.91478787802338
0.01542507732090645   120.82003041412241   120.82003101236093
0.015877270345534218   120.61552168699332   120.61552102166911
0.016342719610456153   120.29827289748089   120.29827025455147
0.016821813728271667   119.86557311665939   119.86556744544755
0.017314952703931925   119.31508560585151   119.3150755225473
0.017822548268711737   118.64486258811233   118.64484656786902
0.01834502422397195   117.85332923100675   117.85330624932402
0.018882816794999403   116.93935872794711   116.93932839502882
0.019436374995219892   115.90232466221174   115.90228714863892
0.02000616100108813   114.74233020096315   114.74228528328359
0.020592650537967844   113.46016866868229   113.46011501349145
0.021196333277324068   112.05715877027437   112.05709397423085
0.02181771324555934   110.5354249023618   110.53534616649829
0.022457309244835088   108.89833433279601   108.89824008670355
0.02311565528622961   107.14983737147807   107.1497274778291
0.023793301035594242   105.29443677564045   105.29431241283955
0.024490812272480036   103.33820255586366   103.33806573074132
0.025208771362518027   101.28819403225093   101.28804727178661
0.0259477777436476   99.15169721868115   99.1515435082334
0.02670844842659881   96.93714384588543   96.93698657601261
0.027491418510046592   94.65491589841565   94.6547588163335
0.028297341710866907   92.31541216382938   92.31525930700839
0.029126890909937666   89.92910755667143   89.9289634552973
0.029980758713939952   87.5088086288931   87.50868023338829
0.030859658033628758   85.06781742325781   85.06771469812595
0.031764322679055976   82.6185657614174   82.61850119281546
0.03269550797224261   80.17428845267779   80.17427223069947
0.033653991377811755   77.74964394565139   77.749677563973
0.03464057315210884   75.35802190617677   75.35809861242456
0.03565607701135116   73.01188478821692   73.011995061127
0.036701350819364466   70.72517997549932   70.72533615331564
0.03777726729548091   68.51107815098537   68.51131996076606
0.038884724743189276   66.3809492485252   66.38133842492817
0.04002464780014597   64.34389897786359   64.34445687539157
0.041197988210172884   62.40692560687255   62.407569947085165
0.04240572561788674   60.57586843226495   60.57642178909583
0.04364886838662332   58.85584920559611   58.85609727262096
0.04492845444033957   57.25212115098331   57.25200790736174
0.04624555213019635   55.769431352107034   55.76909018474917
0.04760126112654554   54.410617955299266   54.410334193999695
0.04899671333706607   53.1643177333513   53.16432253794659
0.05043307385181555   52.01194513668308   52.01230685072752
0.05191154191598653   50.93650957966644   50.93715126899382
0.053433351931179485   49.923469483747276   49.92423455249159
0.05499977448602865   48.96005653960471   48.96074782502605
0.05661211741704101   48.0330202981008   48.03341745978664
0.05827172690053434   47.12264039493667   47.122574829009785
0.05997998857658587   46.20817234856962   46.20754836622183
0.06173832870592997   45.266685827603375   45.26550071713416
0.0635482153607709   44.27162669868739   44.27000057827513
0.06541115965050462   43.19855964549584   43.19670778204945
0.06732871698337338   42.02557891066343   42.023709484106355
0.06930248836510605   40.735282010554954   40.73356103098704
0.07133412173562886   39.32328251820207   39.32177225573515
0.07342531334496233   37.79393219487472   37.79257523827273
0.07557780916945323   36.16277615369742   36.161498507272036
0.07779340636952398   34.4529244939478   34.45170407951465
0.08007395479015682   32.69550644977023   32.69442205162446
0.08242135850536496   30.92509310211365   30.924333548223917
0.08483757740794096   29.178191766636488   29.177985120020185
0.08732462884580919   27.490280883576737   27.490819899719913
0.08988458930634863   25.898607841363944   25.899901670302107
0.09251959615009227   24.437250072296916   24.439133323589424
0.09523184939525078   23.137060422235155   23.13924194931232
0.09802361355455057   22.01651015985103   22.01867781622565
0.10089721952591899   21.08107700484972   21.08301923468941
0.10385506653859616   20.320033329958427   20.321631444455743
0.10689962415629803   19.706262285798747   19.70747112136436
0.11003343433910281   19.200981856533183   19.201743510395858
0.11325911356578279   18.757934656489972   18.758137471389897
0.11657935501835284   18.326922619608258   18.3264612152562
0.11999693083066039   17.859943738122247   17.858774889976086
0.12351469440289359   17.315525148626204   17.313722360626755
0.12713558278394044   16.66780483676668   16.665522701594448
0.13086261912358757   15.909240821478186   15.906736462337436
0.13469891519660646   15.05285739699424   15.050550796420934
0.13864767400083483   14.129197353317615   14.127597874568872
0.14271219243142114   13.183595454777697   13.183049937765862
0.14689586403346616   12.271708581800638   12.272176823153758
0.1512021818353596   11.450746239137837   11.451839312980315
0.15563474126517718   10.76085929910194   10.762243447738838
0.16019724315257297   10.212693187280287   10.214198536601137
0.1648934968186736   9.790205718604454   9.791588700943269
0.1697274232565544   9.461035367796345   9.461814208935383
0.17470305840495237   9.182708956000656   9.182478677922374
0.17982455651794954   8.903131506753896   8.902002462613526
0.18509619363343993   8.572284572216924   8.570692412999994
0.19052237114327647   8.16582148434201   8.164079271471072
0.19610761946807834   7.693514335872814   7.6919192915109145
0.20185660183976684   7.188454406816347   7.187478284280256
0.20777411819498756   6.693154238521389   6.6930073328577295
0.21386510918267082   6.250661332472562   6.251132983645547
0.22013466028907505   5.887847219555534   5.888560379758704
0.22658800608375756   5.6043916993659915   5.604893948305083
0.23323053459001789   5.377251622901259   5.377143464931613
0.2400677917834628   5.168494414942636   5.167740318040038
0.24710548622244882   4.9404200136473735   4.93928030139476
0.25434949381426813   4.677748953989059   4.676508484921216
0.2618058627210567   4.3906332312480965   4.389686323381653
0.2694808184095226   4.103186525673338   4.102768734692167
0.27738076884870827   3.843910473432254   3.843838184116016
0.2855123098601282   3.6280549082631497   3.6280128865898016
0.29388223062474755   3.4484508938276854   3.4481482385802904
0.3024975193514008   3.2852295726306098   3.284520539649172
0.31136536911138296   3.117761052206931   3.1168167720267914
0.3204931838440838   2.9381267602440055   2.9372439442543965
0.32988858453867975   2.7560592010362397   2.7553908433537093
0.3395594155970457   2.58642757510679   2.585970881544685
0.34951375138319807   2.4377324716460302   2.4372849742873712
0.3597599029647371   2.3068672943210577   2.306246592689485
0.37030642505191835   2.182773354467251   2.181976502434451
0.3811621231401457   2.0577323263245297   2.056897677694808
0.3923360608618501   1.9334721889984996   1.932727517860461
0.4038375675538918   1.816468118265338   1.815809189703611
0.41567624604680364   1.7106209308310827   1.7099451245027455
0.42786198068238046   1.6133206292842905   1.6125473937450234
0.4404049455663077   1.519901407623712   1.5190725395835816
0.4533156130627191   1.4288392406567205   1.4280279316177678
0.4666047625377753   1.342481052738114   1.341704011163848
0.4802834893595659   1.262547476741445   1.26175533465143
0.49436321416184764   1.1880099849762429   1.1871741050694866
0.5088556923793517   1.116942335743781   1.1160848487505801
0.5237730240626238   1.049166615625684   1.048314441328977
0.5391276639805903   0.9855419144103709   0.9846869275981206
0.5549324320192869   0.9260219831763724   0.9251448722364999
0.5712005238854289   0.8698008409907233   0.8689077987369284
0.5879455221237613   0.8165610016147947   0.8156636436249866
0.6051814074573895   0.7664779286732767   0.7655738615615665
0.622922570460556   0.7194690416079155   0.718552651367093
0.6411838235736077   0.6751152871209516   0.6741905974464146
0.6599804134701901   0.6333426722248897   0.6324113675899052
0.6793280337869897   0.5940498259750447   0.5931121939572823
0.6992428382266549   0.5570951385335136   0.5561516751472992
0.7197414540448374   0.5223447283351637   0.5213961075595345
0.7408409959326054   0.4896721386130536   0.48871918113797713
0.7625590803058332   0.45895793430173004   0.458001579403297
0.7849138400134885   0.43008932068113803   0.4291306009888247
0.8079239394770964   0.4029599558365702   0.4019999752684795
0.8316085902740278   0.3774708243745974   0.3765107416907267
0.8559875671776167   0.3535288240005699   0.3525698346547625
0.8810812246675007   0.3310456504750963   0.3300889682431638
0.9069105139239728   0.30993758256663695   0.3089844235705459
0.9334970003205227   0.29012528028871526   0.2891768492267488
0.960862881429187   0.27153358918990134   0.2705910675738094
0.9890310055537336   0.25409132535870166   0.2531558683902506
1.0180248908061487   0.2377308332719479   0.23680363789693312
1.047868744742366   0.22238799104394769   0.22147031663611635
1.0785874845736239   0.20800225260382482   0.20709538567459654
1.1102067579703248   0.19451646803422198   0.19362169197089246
1.1427529644757777   0.18187670810844836   0.18099527830992304
1.1762532775476793   0.17003209681951817   0.1691652205716598
1.210735667245765   0.1589346522133173   0.158083475607153
1.246228923584555   0.14853914318755723   0.14770478575900975
1.2827626805706884   0.13880293973355995   0.13798651019806638
1.3203674409449337   0.12968586527406573   0.12888843495183597
1.3590746016495152   0.12115006534425478   0.1203726459130969
1.3989164800420282   0.11315988283932046   0.11240340914444877
1.4399263408778291   0.1056817392705721   0.10494705649184445
1.4821384240834183   0.0986840215878083   0.09797187621232774
1.525587973344019   0.09213696986426106   0.09144800557173492
1.5703112655292182   0.0860125764252731   0.08534733221377157
1.6163456409812174   0.08028449495437827   0.0796434033268713
1.6637295346910133   0.07492794821056561   0.07431133526164975
1.7125025083885144   0.06991964013902345   0.0693277272994948
1.7627052835733923   0.06523767249259985   0.06467057961780918
1.814379775514258   0.06086146568743307   0.06031921495615407
1.8675691282445197   0.05677168073533666   0.05625419065275873
1.922317750584177   0.052950148113689956   0.05245722779996717
1.9786713532176083   0.04937980534584214   0.04891116603008914
2.0366769868582977   0.046044633344328394   0.045599900330361695
2.0963830815323896   0.04292959581776396   0.04250831962569616
2.1578394870138577   0.040020581956083885   0.03962224866184499
2.2210975144450407   0.03730435216063577   0.03692839284742715
2.286209979177315   0.03476848061929353   0.03441427072153823
2.3532312448676476   0.03240130440943494   0.032068158592163276
2.4222172688678643   0.03019188980284733   0.029879074346830937
2.4932256489445366   0.02812998963671235   0.027836735010858205
2.5663156713684585   0.026206001857451006   0.025931513638896658
2.641548360413907   0.02441093044624818   0.024154398761886606
2.7189865293089923   0.022736348628451728   0.022496956280060973
2.798694832679631   0.021174371247786736   0.020951301700760466
2.8807398205309562   0.019717628343858   0.019510073589713246
2.9651899938111903   0.018359217202662675   0.018166382159516332
3.05211586160442   0.017092671825941853   0.01691377768574702
3.1415899999999994   0.015911936628771245   0.015746223618338367
