0.01   14282.490065823315   14281.613856638416
0.010293154462191829   14383.809816552714   14382.888443072718
0.010594902878253955   14476.115957034473   14475.14933440442
0.010905497183778876   14558.87906947133   14557.868248665376
0.011225196699963396   14631.540025777827   14630.48431303914
0.011554268350120923   14693.54397502836   14692.440288567203
0.011892986882540897   14744.349046472875   14743.192015776018
0.012241635099881474   14783.39241474567   14782.176060980317
0.012600504095286909   14810.104987443052   14808.823962795901
0.012969893495426888   14823.94359456535   14822.593247339213
0.013350111710660605   14824.374985507913   14822.950734204574
0.013741476192534558   14810.853826810353   14809.349698682694
0.014144313698828986   14782.868643612213   14781.277121308009
0.01455896056637426   14739.947576438371   14738.25962994954
0.014985762991865008   14681.621033710293   14679.825887215955
0.01542507732090645   14607.452202939903   14605.537295427197
0.015877270345534218   14517.066244004345   14515.017363653007
0.016342719610456153   14410.133509288746   14407.93412270829
0.016821813728271667   14286.363256134975   14283.99343963565
0.017314952703931925   14145.542117968907   14142.978769311936
0.017822548268711737   13987.539045265237   13984.756397421053
0.01834502422397195   13812.296108111519   13809.266869654324
0.018882816794999403   13619.84499188185   13616.541013210963
0.019436374995219892   13410.317298995122   13406.710051528224
0.02000616100108813   13183.96606566507   13180.027918291242
0.020592650537967844   12941.16741987324   12936.872919239462
0.021196333277324068   12682.40004744791   12677.726318071815
0.02181771324555934   12408.273717981181   12403.202243276572
0.022457309244835088   12119.59931915167   12114.121116300012
0.02311565528622961   11817.293599508701   11811.409915127782
0.023793301035594242   11502.361686583872   11496.083750253394
0.024490812272480036   11176.054509618638   11169.407815854165
0.025208771362518027   10839.79242520715   10832.818912346644
0.0259477777436476   10495.013405623233   10487.769449945372
0.02670844842659881   10143.307882926465   10135.864413875768
0.027491418510046592   9786.580949915538   9779.026161329928
0.028297341710866907   9426.697238530842   9419.13385100313
0.029126890909937666   9065.470900669536   9058.013069407252
0.029980758713939952   8705.062667199856   8697.836349384606
0.030859658033628758   8347.661564883121   8340.802528812332
0.031764322679055976   7995.216356240786   7988.866264376915
0.03269550797224261   7649.770405158995   7644.070234461921
0.033653991377811755   7313.598533967766   7308.68141706516
0.03464057315210884   6988.64531291986   6984.635415398336
0.03565607701135116   6676.588114368399   6673.597152547368
0.036701350819364466   6379.255471873755   6377.365326166865
0.03777726729548091   6098.249800202597   6097.511321844479
0.038884724743189276   5834.809120954146   5835.24729811562
0.04002464780014597   5590.017708946889   5591.612823869885
0.041197988210172884   5364.852026122138   5367.522247601259
0.04240572561788674   5160.05111571117   5163.663133444757
0.04364886838662332   4975.954786794049   4980.320379226824
0.04492845444033957   4812.277794284216   4817.130085372905
0.04624555213019635   4668.6867592223825   4673.684391008686
0.04760126112654554   4544.428764082802   4549.168149881731
0.04899671333706607   4437.629640069622   4441.66344146532
0.05043307385181555   4346.461370274987   4349.298992577794
0.05191154191598653   4269.005269843125   4270.114500777642
0.053433351931179485   4203.111819105296   4201.922457325151
0.05499977448602865   4146.628796659616   4142.540402734855
0.05661211741704101   4096.3869247296725   4088.837510648783
0.05827172690053434   4048.8644729595912   4037.3655438731116
0.05997998857658587   4000.0949784810114   3984.3033286025534
0.06173832870592997   3945.56004320061   3925.3672579387703
0.0635482153607709   3880.8968826745772   3856.4662334799623
0.06541115965050462   3801.952926858018   3773.773725873019
0.06732871698337338   3705.3579279514106   3674.2603557638504
0.06930248836510605   3589.2597353241454   3556.438009038468
0.07133412173562886   3452.9470021626107   3419.9174304389408
0.07342531334496233   3297.236162967757   3265.7820985432136
0.07557780916945323   3124.28207167914   3096.3110166260426
0.07779340636952398   2937.802079667297   2915.1713937784175
0.08007395479015682   2742.424974508806   2726.8817921604054
0.08242135850536496   2543.462398375851   2536.5673158499044
0.08483757740794096   2347.366772139861   2350.1702747558816
0.08732462884580919   2160.2652375873504   2173.2207100559967
0.08988458930634863   1988.5009103500247   2011.2574191310016
0.09251959615009227   1837.2333981908293   1868.7299218957864
0.09523184939525078   1710.0863647399956   1748.5451553879568
0.09802361355455057   1608.891772782772   1651.9650844649757
0.10089721952591899   1533.3110114302729   1578.1081407609668
0.10385506653859616   1481.3575537327488   1524.8257821849622
0.10689962415629803   1449.4965782590257   1488.7684681722506
0.11003343433910281   1432.5915902429783   1465.1252461995198
0.11325911356578279   1424.382693390948   1448.2463214721681
0.11657935501835284   1417.462048530167   1431.8543888863362
0.11999693083066039   1404.2505343320045   1409.8559397222327
0.12351469440289359   1377.9435137869539   1377.0389231702109
0.12713558278394044   1333.5989358824472   1329.8503569867182
0.13086261912358757   1269.1417123950923   1267.1593743240087
0.13469891519660646   1186.1868560894843   1191.0166461038839
0.13864767400083483   1090.4073035123945   1106.3505700090311
0.14271219243142114   990.6510505108525   1020.0904391882793
0.14689586403346616   896.626823114857   939.6480321093907
0.1512021818353596   816.1346407410174   870.5312653644497
0.15563474126517718   753.7131133505795   815.324931616354
0.16019724315257297   710.8884250518053   774.731486682869
0.1648934968186736   686.3996123384096   747.3657529038132
0.1697274232565544   675.7129048669216   729.161771105211
0.17470305840495237   671.2086283717674   714.5840247977541
0.17982455651794954   664.0429879376507   697.898677613605
0.18509619363343993   647.0689146429952   674.9466821090997
0.19052237114327647   616.5489049373218   643.6375622471379
0.19610761946807834   573.2526786578089   605.452023944476
0.20185660183976684   522.7734840616359   564.4604585127953
0.20777411819498756   473.33995601484514   525.1491262859945
0.21386510918267082   432.23458718313753   491.47007362681256
0.22013466028907505   403.544716739373   465.52055591933254
0.22658800608375756   387.07772846291056   446.33981809400314
0.23323053459001789   378.3828371354898   431.09758438158264
0.2400677917834628   370.8442392704991   416.5366084397896
0.24710548622244882   358.49590633155157   399.82076664571576
0.25434949381426813   338.28679045485313   380.0173469530421
0.2618058627210567   311.973357421833   358.23413318899253
0.2694808184095226   284.99403183497344   337.058089690835
0.27738076884870827   262.6619574774814   318.4433436279802
0.2855123098601282   247.44515755522892   303.2552009667935
0.29388223062474755   237.98538294167744   290.4184589100537
0.3024975193514008   230.05810900304417   278.32038893480285
0.31136536911138296   219.63545340776207   265.7927354958613
0.3204931838440838   205.48569621054256   252.61070211737916
0.32988858453867975   189.69213517243713   239.36649851391667
0.3395594155970457   175.73929003066823   227.221153548214
0.34951375138319807   165.47436061690595   216.54309432681694
0.3597599029647371   157.89624206808733   206.9235137368525
0.37030642505191835   150.47097766229464   197.61215213852495
0.3811621231401457   141.51107002744402   188.3072636511599
0.3923360608618501   131.62049670618765   179.20323899085196
0.4038375675538918   122.62810406862724   170.63873082630246
0.41567624604680364   115.50716105601984   162.8787262368342
0.42786198068238046   109.45726192446142   155.58171105211028
0.4404049455663077   103.1981576152655   148.52737552901596
0.4533156130627191   96.47514618081479   141.71778198469042
0.4666047625377753   90.119091926853   135.25917858600243
0.4802834893595659   84.69982861123057   129.2315556536846
0.49436321416184764   79.83848015225871   123.55807741952701
0.5088556923793517   74.95713076424988   118.09872906937908
0.5237730240626238   70.11393824571518   112.87358054925504
0.5391276639805903   65.70759609702186   107.96524018654539
0.5549324320192869   61.74242644681428   103.32584045429721
0.5712005238854289   57.931874555711865   98.90018053517295
0.5879455221237613   54.22991490974844   94.68942598663706
0.6051814074573895   50.77112890657236   90.69644780199918
0.622922570460556   47.55498761868332   86.90961257624693
0.6411838235736077   44.55662815409835   83.3163551618757
0.6599804134701901   41.75429850769095   79.90497034208813
0.6793280337869897   39.128962323041996   76.66454821086695
0.6992428382266549   36.663960114877234   73.58491481437085
0.7197414540448374   34.34472774453677   70.65657849384856
0.7408409959326054   32.16029379472902   67.87084067702632
0.7625590803058332   30.1044268111531   65.21990029428082
0.7849138400134885   28.171444427535892   62.69646671294196
0.8079239394770964   26.35568063185027   60.29368041018583
0.8316085902740278   24.651519729854858   58.005085602126066
0.8559875671776167   23.053425805898797   55.8246047194918
0.8810812246675007   21.555967968519703   53.74651459857875
0.9069105139239728   20.153676278575276   51.76531849902544
0.9334970003205227   18.840637567819048   49.875431133341685
0.960862881429187   17.61114751626748   48.07153103182573
0.9890310055537336   16.459878757129296   46.3486507151521
1.0180248908061487   15.381854570080828   44.70215069069754
1.047868744742366   14.372424524503812   43.12769555003374
1.0785874845736239   13.427241919884429   41.62123198439312
1.1102067579703248   12.54225611243875   40.17894719213432
1.1427529644757777   11.713774638338403   38.79711057828862
1.1762532775476793   10.93836534682969   37.47216705521907
1.210735667245765   10.212789246195632   36.200804055720916
1.246228923584555   9.533990661695162   34.97993415325036
1.2827626805706884   8.899088084285662   33.80667865219675
1.3203674409449337   8.305365373933318   32.67835253166721
1.3590746016495152   7.750262404913327   31.59244504729397
1.3989164800420282   7.231353273059791   30.546518907605567
1.4399263408778291   6.746345513439794   29.538227605749636
1.4821384240834183   6.29308659376639   28.565389154702878
1.525587973344019   5.869556127825544   27.625976980691018
1.5703112655292182   5.473858085222851   26.71810904741589
1.6163456409812174   5.10421343790196   25.84003787081823
1.6637295346910133   4.758953253338015   24.990141347846382
1.7125025083885144   4.436513796665849   24.166914734412885
1.7627052835733923   4.135430573554333   23.36896299512799
1.814379775514258   3.8543297517178443   22.594992944740223
1.8675691282445197   3.591922611395885   21.84380654668405
1.922317750584177   3.3470005275050503   21.114294756313562
1.9786713532176083   3.1184302281662317   20.40543180401785
2.0366769868582977   2.9051493149595076   19.716269894197318
2.0963830815323896   2.706161486753426   19.045946191311355
2.1578394870138577   2.5205318511334194   18.393696151846267
2.2210975144450407   2.3473846885417875   17.758818509896592
2.286209979177315   2.185900091113662   17.14066570442027
2.3532312448676476   2.0353105247366488   16.538640439058213
2.4222172688678643   1.8948975941822193   15.952192428105931
2.4932256489445366   1.7639889999370346   15.380815311589688
2.5663156713684585   1.6419559505035175   14.82407480383074
2.641548360413907   1.5282114500084756   14.281726093679188
2.7189865293089923   1.4222064831786916   13.753581247645746
2.798694832679631   1.3234271981969026   13.239452525571716
2.8807398205309562   1.231392754211887   12.739152102889113
2.9651899938111903   1.1456532927747634   12.25249184273052
3.05211586160442   1.0657880264739568   11.779283089412964
3.1415899999999994   0.9914031643923179   11.319323827933948
