0.01   6158.461675627375   6158.260482176916
0.010293154462191829   6193.873082473977   6193.669934536485
0.010594902878253955   6225.380290987014   6225.175600058173
0.010905497183778876   6252.765149057172   6252.559356418482
0.011225196699963396   6275.811426077229   6275.604990806805
0.011554268350120923   6294.3083453130785   6294.101732132719
0.011892986882540897   6308.037598537344   6307.831111882581
0.012241635099881474   6316.777952744922   6316.571605697441
0.012600504095286909   6320.318336536525   6320.111845821298
0.012969893495426888   6318.452157404712   6318.245069284005
0.013350111710660605   6310.9658786898335   6310.757911873353
0.013741476192534558   6297.658128798223   6297.449233202064
0.014144313698828986   6278.343580478784   6278.133895491193
0.01455896056637426   6252.838674369646   6252.628048820176
0.014985762991865008   6220.970187285204   6220.757878078694
0.01542507732090645   6182.5886855661865   6182.373369664688
0.015877270345534218   6137.5631959538405   6137.343087815405
0.016342719610456153   6085.774268953602   6085.547354754279
0.016821813728271667   6027.131059332239   6026.895149244765
0.017314952703931925   5961.574719174045   5961.3274325199945
0.017822548268711737   5889.073177834855   5888.811600864277
0.01834502422397195   5809.626917038371   5809.347461556845
0.018882816794999403   5723.274823905968   5722.973302874547
0.019436374995219892   5630.099402161272   5629.771398899485
0.02000616100108813   5530.23054596618   5529.871997542431
0.020592650537967844   5423.839007711498   5423.44629451054
0.021196333277324068   5311.140761491666   5310.710793359544
0.02181771324555934   5192.427244955624   5191.957882041233
0.022457309244835088   5068.040300423453   5067.530499215379
0.02311565528622961   4938.354400432894   4937.804172889383
0.023793301035594242   4803.818382575906   4803.229340706996
0.024490812272480036   4664.968542994395   4664.344641822824
0.025208771362518027   4522.357177890557   4521.704513344071
0.0259477777436476   4376.567964709474   4375.894635734416
0.02670844842659881   4228.323102035504   4227.639773550533
0.027491418510046592   4078.3682185321422   4077.6879595692044
0.028297341710866907   3927.4165141733074   3926.754294603739
0.029126890909937666   3776.2549757439997   3775.6275515016673
0.029980758713939952   3625.7458191300284   3625.1716574585257
0.030859658033628758   3476.674203726113   3476.1729334864654
0.031764322679055976   3329.8066349962437   3329.398395920655
0.03269550797224261   3186.1143156039116   3185.8187893254285
0.033653991377811755   3046.504813641148   3046.3408464828426
0.03464057315210884   2911.732148919049   2911.717562251142
0.03565607701135116   2782.4095196189974   2782.5592962327123
0.036701350819364466   2659.0222671810757   2659.347144284474
0.03777726729548091   2541.9407303482762   2542.447821846575
0.038884724743189276   2431.585607146082   2432.277256813385
0.04002464780014597   2328.8065224012225   2329.674800509198
0.041197988210172884   2234.3928462501935   2235.420247527895
0.04240572561788674   2148.900190751062   2150.061625208035
0.04364886838662332   2072.1258477008537   2073.389784104655
0.04492845444033957   2003.5337709180412   2004.8629570019268
0.04624555213019635   1942.6397081522534   1943.9911615693195
0.04760126112654554   1888.9247842535501   1890.2447975965297
0.04899671333706607   1841.885827184146   1843.107595947734
0.05043307385181555   1801.008155272584   1802.053061246785
0.05191154191598653   1765.4710043269363   1766.252665871499
0.053433351931179485   1734.4254048602659   1734.8507179989567
0.05499977448602865   1706.8583642783367   1706.8338914576625
0.05661211741704101   1681.5045002637955   1680.945441027884
0.05827172690053434   1657.055485907248   1655.8898223764124
0.05997998857658587   1631.8768598849922   1630.0594402232712
0.06173832870592997   1604.31746389401   1601.8355777975814
0.0635482153607709   1572.7262921682682   1569.609343372599
0.06541115965050462   1535.576504505415   1531.9004421110365
0.06732871698337338   1491.785183151899   1487.6738462935493
0.06930248836510605   1440.6886140965182   1436.3103797420576
0.07133412173562886   1382.184037292634   1377.7425941812235
0.07342531334496233   1316.6605174600213   1312.3856798081147
0.07557780916945323   1245.1726612616656   1241.3260610882492
0.07779340636952398   1169.1698330647991   1166.0267827817697
0.08007395479015682   1090.4726144200445   1088.2807192874998
0.08242135850536496   1011.2196167365207   1010.1748890936597
0.08483757740794096   933.7708525075009   934.0047192558807
0.08732462884580919   860.4574163805263   862.0115664943203
0.08988458930634863   793.5916881668966   796.3974839414791
0.09251959615009227   734.9559397254516   738.8305181781649
0.09523184939525078   685.8439406202212   690.4938145899232
0.09802361355455057   646.6746194505897   651.7356696349809
0.10089721952591899   617.2741346541677   622.3316362655472
0.10385506653859616   596.6495450464207   601.2516855824103
0.10689962415629803   583.3212876779914   587.0221455884872
0.11003343433910281   575.241093283252   577.668229427873
0.11325911356578279   569.8781050954109   570.7807459270152
0.11657935501835284   564.4416572427119   563.7327728979657
0.11999693083066039   556.1088547920223   553.9131766545
0.12351469440289359   542.4983189609778   539.2183388687581
0.12713558278394044   522.0335160477165   518.2912402160307
0.13086261912358757   494.27515361644686   490.82327698213726
0.13469891519660646   460.16394467250643   457.7995514134044
0.13864767400083483   422.0965473172324   421.46334108532824
0.14271219243142114   383.4901645944963   384.92892743616494
0.14689586403346616   347.84343389359884   351.32113003068383
0.1512021818353596   317.81765921073435   322.9385349659563
0.15563474126517718   294.84163257709605   300.9699799794099
0.16019724315257297   279.20880947497255   285.52147790147546
0.1648934968186736   270.15315390229784   275.7270769214798
0.1697274232565544   265.7064550804977   269.8966947865252
0.17470305840495237   262.8527445580425   265.3539786495212
0.17982455651794954   258.3824028548639   259.35864848400774
0.18509619363343993   249.8932316760234   250.0295324903977
0.19052237114327647   236.3896924322438   236.70057993536506
0.19610761946807834   218.61142305287413   220.01904388447554
0.20185660183976684   198.9262063322283   202.07160458770528
0.20777411819498756   180.3894886751133   185.29297257534623
0.21386510918267082   165.46013846448045   171.59421347795717
0.22013466028907505   155.28282946818592   161.69882585066318
0.22658800608375756   149.40071886234634   155.22039170499477
0.23323053459001789   145.88707133996974   150.49204556844802
0.2400677917834628   142.2487133044297   145.62650395526552
0.24710548622244882   136.47762587872978   139.27382472124603
0.25434949381426813   127.8514722645522   130.9886074924083
0.2618058627210567   117.41618993394984   121.57801336675931
0.2694808184095226   107.294517591402   112.61756505116524
0.27738076884870827   99.25771006479721   105.20155557428284
0.2855123098601282   93.88065547117512   99.70799619199246
0.29388223062474755   90.34284261281519   95.44585480843526
0.3024975193514008   86.98624330608236   91.33249645141576
0.31136536911138296   82.50247124692704   86.60261542801922
0.3204931838440838   76.75344747953876   81.2366449974651
0.32988858453867975   70.72855981575444   75.83774552777669
0.3395594155970457   65.65854598097023   71.13060393746522
0.34951375138319807   61.97554649726332   67.3063274745802
0.3597599029647371   59.09564765257158   63.98685345573924
0.37030642505191835   56.07318908598248   60.661991158963794
0.3811621231401457   52.46860347272039   57.13676744199051
0.3923360608618501   48.686965450603196   53.63699495676644
0.4038375675538918   45.39522323662485   50.47762220563011
0.41567624604680364   42.79327277869087   47.73481336814555
0.42786198068238046   40.47305341396253   45.18354914865702
0.4404049455663077   38.00965606640673   42.64832951961938
0.4533156130627191   35.43400190193355   40.16660586669555
0.4666047625377753   33.08459600236204   37.86192835344807
0.4802834893595659   31.08805572531493   35.76484127349129
0.49436321416184764   29.24257091139875   33.798610619484634
0.5088556923793517   27.3730795828639   31.89233200862811
0.5237730240626238   25.559550168241543   30.080673078865413
0.5391276639805903   23.9348375641097   28.40311429195393
0.5549324320192869   22.455114804400264   26.83317342768455
0.5712005238854289   21.01717482078203   25.337244455275872
0.5879455221237613   19.64144905429575   23.923514294882672
0.6051814074573895   18.36282241239552   22.5951869162571
0.622922570460556   17.17388299789384   21.34682126686651
0.6411838235736077   16.065573635976875   20.17285258429846
0.6599804134701901   15.029971638767911   19.06815849951434
0.6793280337869897   14.060144599965703   18.028020395041743
0.6992428382266549   13.150026575238295   17.048088416079928
0.7197414540448374   12.294544460675946   16.12441591287099
0.7408409959326054   11.490629756878324   15.253751891011328
0.7625590803058332   10.735895977431754   14.433178930928289
0.7849138400134885   10.027978164176021   13.659921491524294
0.8079239394770964   9.364543961861639   12.931340867116
0.8316085902740278   8.743304457970442   12.244930481623976
0.8559875671776167   8.16202335636556   11.598311119739625
0.8810812246675007   7.618505351566968   10.989219812548741
0.9069105139239728   7.110423895213133   10.415445130236911
0.9334970003205227   6.635462815327697   9.874863354404114
0.960862881429187   6.191460070225397   9.365479689435661
0.9890310055537336   5.7763989431846605   8.88542116900125
1.0180248908061487   5.388397766938955   8.432929275195084
1.047868744742366   5.025700418049482   8.00635299053836
1.0785874845736239   4.686668901579635   7.60414219439115
1.1102067579703248   4.369802358521779   7.224840206414043
1.1427529644757777   4.073719424356102   6.867078358014479
1.1762532775476793   3.7971198282647043   6.529572008477318
1.210735667245765   3.5387789357062647   6.211115419427052
1.246228923584555   3.2975438439379783   5.910576880986557
1.2827626805706884   3.0723296370404105   5.626894135281627
1.3203674409449337   2.86211572487884   5.359069859304823
1.3590746016495152   2.6659385037073853   5.106155488903999
1.3989164800420282   2.482887427400228   4.8672439361858055
1.4399263408778291   2.3121085393210485   4.641485826420995
1.4821384240834183   2.1528016294096712   4.428087168617783
1.525587973344019   2.004216983566631   4.226305529624361
1.5703112655292182   1.8656523201910606   4.035446485819298
1.6163456409812174   1.7364499050953346   3.854860311069464
1.6637295346910133   1.6159942575303896   3.683932292634791
1.7125025083885144   1.503710019567857   3.5220720931048
1.7627052835733923   1.399058455148241   3.3687270559863634
1.814379775514258   1.3015350691756484   3.223381910424886
1.8675691282445197   1.2106675331368157   3.085556015741341
1.922317750584177   1.1260137284534857   2.954800824483838
1.9786713532176083   1.0471599014919857   2.830697545527456
2.0366769868582977   0.9737187890460814   2.712851063154262
2.0963830815323896   0.9053276438187068   2.6008772981591814
2.1578394870138577   0.8416472167119369   2.494415325157831
2.2210975144450407   0.782360425903914   2.393129598039477
2.286209979177315   0.727170955991135   2.296707985250375
2.3532312448676476   0.675801942090851   2.2048599715235793
2.4222172688678643   0.6279947340130523   2.1173150108432814
2.4932256489445366   0.5835078107445213   2.033820449091987
2.5663156713684585   0.5421160672753043   1.9541370923214973
2.641548360413907   0.5036093718492857   1.8780407271793107
2.7189865293089923   0.46779139944742354   1.8053225856436403
2.798694832679631   0.4344787630334731   1.7357881883045452
2.8807398205309562   0.403500196890402   1.6692562786513037
2.9651899938111903   0.3746957885275818   1.6055578450904067
3.05211586160442   0.3479161707395539   1.5445342234348167
3.1415899999999994   0.3230209941886521   1.4860258434893736
