0.01   8356.722281501703   8355.842831483917
0.010293154462191829   8465.991273306152   8465.039959031381
0.010594902878253955   8572.574844925755   8571.545556141788
0.010905497183778876   8676.196508264436   8675.082358093317
0.011225196699963396   8776.575000523137   8775.36828601008
0.011554268350120923   8873.42273162714   8872.114978075188
0.011892986882540897   8966.437463775863   8965.019636889505
0.012241635099881474   9055.311888783901   9053.774460557412
0.012600504095286909   9139.73671036665   9138.069649079489
0.012969893495426888   9219.38744618401   9217.579749826438
0.013350111710660605   9293.927799312101   9291.967103557201
0.013741476192534558   9363.022921120668   9360.89549809246
0.014144313698828986   9426.334936582587   9424.025877484823
0.01455896056637426   9483.514085962614   9481.007760188311
0.014985762991865008   9534.214124136826   9531.494308284886
0.01542507732090645   9578.095026083305   9575.144850270277
0.015877270345534218   9614.80877782046   9611.60957460806
0.016342719610456153   9644.009071130173   9640.53975932671
0.016821813728271667   9665.363416525313   9661.60058952949
0.017314952703931925   9678.547418745738   9674.465591301414
0.017822548268711737   9683.240948224127   9678.812926828417
0.01834502422397195   9679.143703822807   9674.340791925599
0.018882816794999403   9665.978017436475   9660.770035130869
0.019436374995219892   9643.484963086432   9637.839322121994
0.02000616100108813   9611.4318723344   9605.313422335998
0.020592650537967844   9569.618029397741   9562.989407775265
0.021196333277324068   9517.881932470089   9510.704540297702
0.02181771324555934   9456.104462267926   9448.339577215582
0.022457309244835088   9384.205359084215   9375.814583475294
0.02311565528622961   9302.153615466226   9293.09952743596
0.023793301035594242   9209.99473462119   9200.242202568668
0.024490812272480036   9107.824275222154   9097.341060554367
0.025208771362518027   8995.783249954527   8984.540565841755
0.0259477777436476   8874.114881320129   8862.090898784425
0.02670844842659881   8743.149718081335   8730.332238021367
0.027491418510046592   8603.254047008251   8589.640433945095
0.028297341710866907   8454.87506055914   8440.472991035715
0.029126890909937666   8298.611081329165   8283.440632215541
0.029980758713939952   8135.094508902827   8119.187785147151
0.030859658033628758   7964.985843885953   7948.386407148563
0.031764322679055976   7789.130880942918   7771.895881416802
0.03269550797224261   7608.45855609393   7590.658981231652
0.033653991377811755   7423.868707575269   7405.587652397794
0.03464057315210884   7236.337293711532   7217.668453517923
0.03565607701135116   7046.980508901572   7028.026775456279
0.036701350819364466   6856.857476962335   6837.729067992288
0.03777726729548091   6667.003458027641   6647.814481620033
0.038884724743189276   6478.70401870345   6459.561237769947
0.04002464780014597   6293.243063304102   6274.242007251499
0.041197988210172884   6111.763785568138   6092.988988427497
0.04240572561788674   5935.170222115991   5916.69415667063
0.04364886838662332   5764.1295265434055   5746.011602775651
0.04492845444033957   5599.213458639595   5581.50097867588
0.04624555213019635   5441.087995561216   5423.803761561517
0.04760126112654554   5291.002976432184   5274.09556969193
0.04899671333706607   5150.219182496194   5133.558149627145
0.05043307385181555   5019.732719388873   5003.118557621338
0.05191154191598653   4899.253679333284   4882.445020623183
0.053433351931179485   4787.841136189581   4770.569932022723
0.05499977448602865   4684.620831818103   4666.594439444333
0.05661211741704101   4588.703241502107   4569.610191067633
0.05827172690053434   4499.21818256509   4478.731698035634
0.05997998857658587   4415.264564399656   4393.048810063089
0.06173832870592997   4335.5192051210115   4311.257721119192
0.0635482153607709   4258.59406699671   4231.9994816296685
0.06541115965050462   4182.91706578163   4153.769466092845
0.06732871698337338   4106.625136120685   4074.8258859669363
0.06930248836510605   4027.852251571922   3993.447508658047
0.07133412173562886   3944.418234153308   3907.688982138639
0.07342531334496233   3854.234690451925   3815.7141319893535
0.07557780916945323   3755.523912622495   3716.024956872114
0.07779340636952398   3646.865755597704   3607.4781154872885
0.08007395479015682   3527.665285993835   3489.7869724156344
0.08242135850536496   3398.0282991762083   3363.336255311756
0.08483757740794096   3259.124825789616   3229.3488849818905
0.08732462884580919   3112.8427025724723   3089.6163685435736
0.08988458930634863   2961.7916558468937   2946.6410223147127
0.09251959615009227   2808.8659648056514   2803.1353716432195
0.09523184939525078   2657.260899426738   2661.898608002594
0.09802361355455057   2510.2528014158806   2525.7137666669355
0.10089721952591899   2371.1686231837366   2397.3580219722294
0.10385506653859616   2242.965008643495   2279.1749651793134
0.10689962415629803   2128.35441459509   2173.138808953537
0.11003343433910281   2029.0162217347481   2080.33685121803
0.11325911356578279   1945.651230285855   2000.9967448587172
0.11657935501835284   1877.3829152024666   1934.0664113241721
0.11999693083066039   1822.214282831741   1877.5931976869304
0.12351469440289359   1776.7916278999053   1828.6345084611985
0.12713558278394044   1737.151116163435   1783.9181118973863
0.13086261912358757   1698.8292535393348   1739.9969789398447
0.13469891519660646   1657.4367005642664   1693.562314235339
0.13864767400083483   1609.169872637477   1642.016570801994
0.14271219243142114   1551.4018095105496   1583.9921260930055
0.14689586403346616   1483.301781359163   1519.2710820675024
0.1512021818353596   1405.91423384472   1448.8720156548638
0.15563474126517718   1322.034893383816   1375.053623861198
0.16019724315257297   1235.8894399068279   1301.0451213762262
0.1648934968186736   1152.6616030089183   1230.2400429089973
0.1697274232565544   1077.4984319406913   1165.8363920137017
0.17470305840495237   1014.1510223070787   1110.026961868545
0.17982455651794954   963.9247562658524   1063.093076365257
0.18509619363343993   925.5825768450475   1023.6848792516508
0.19052237114327647   896.0916127850444   989.7713423988524
0.19610761946807834   871.2667429919846   958.5536915446465
0.20185660183976684   846.1053068912003   927.2741415418184
0.20777411819498756   815.8777795748807   893.5602491327104
0.21386510918267082   778.0943045726508   856.4163951133173
0.22013466028907505   733.5488661122017   816.5918586050379
0.22658800608375756   685.5037553594935   776.3718196667727
0.23323053459001789   638.347937760661   737.6811841815778
0.2400677917834628   596.472444321827   702.5085418485623
0.24710548622244882   562.5864564154552   671.5543716193298
0.25434949381426813   536.7223192844103   644.7104772406515
0.2618058627210567   516.4183505678317   620.5369734590826
0.2694808184095226   497.70735080382894   597.2996045167704
0.27738076884870827   476.68439682653184   573.625188424128
0.2855123098601282   451.6445314781953   549.282092952145
0.29388223062474755   423.6808881207392   524.8296991071257
0.3024975193514008   395.6046422314582   501.0893151603437
0.31136536911138296   370.57675249385824   479.2361842097736
0.3204931838440838   350.27125903980794   459.125539696506
0.32988858453867975   333.87430242210064   440.8119621201225
0.3395594155970457   319.0164925832004   423.36521112314637
0.34951375138319807   303.2945526366855   406.2794999715244
0.3597599029647371   285.8510441672006   389.2299972520392
0.37030642505191835   267.8866823845425   372.9102537015573
0.3811621231401457   251.30138058541152   357.4484061233498
0.3923360608618501   237.156211729958   343.00300949961894
0.4038375675538918   224.99042972356654   329.407164968393
0.41567624604680364   213.35721302514187   316.3986121460359
0.42786198068238046   201.2760798688831   303.77554564943136
0.4404049455663077   189.02959449900933   291.61486168003626
0.4533156130627191   177.57057218010274   280.0677724180529
0.4666047625377753   167.4334598171102   269.179398349555
0.4802834893595659   158.22050533565206   258.84127911790347
0.49436321416184764   149.2404187278243   248.92282134652137
0.5088556923793517   140.31452455035713   239.38520209001905
0.5237730240626238   131.84562188759844   230.2922669219429
0.5391276639805903   124.11814819179376   221.67553578134596
0.5549324320192869   116.95192428311533   213.45396328127146
0.5712005238854289   110.04125300358768   205.5796613774857
0.5879455221237613   103.3911224223974   198.04376973008513
0.6051814074573895   97.17762345670593   190.86410910537373
0.622922570460556   91.40037117159176   184.0297050230715
0.6411838235736077   85.91781460090903   177.4851576319105
0.6599804134701901   80.69605499761411   171.22069296303968
0.6793280337869897   75.79332393002197   165.24464707275257
0.6992428382266549   71.18113056764608   159.53497951538037
0.7197414540448374   66.83606785133604   154.07059229250672
0.7408409959326054   62.74345496780414   148.83882316282367
0.7625590803058332   58.88939201247337   143.82776733638926
0.7849138400134885   55.26070090711447   139.02620826275339
0.8079239394770964   51.844890220452676   134.4235737539455
0.8316085902740278   48.630121590744054   130.0098951521608
0.8559875671776167   45.60517814590683   125.7757658885189
0.8810812246675007   42.75950231495059   121.71178381223852
0.9069105139239728   40.08321524208194   117.80804990649176
0.9334970003205227   37.56693870588851   114.0551993695754
0.960862881429187   35.201756176162526   110.44449882491787
0.9890310055537336   32.97919464687582   106.96780106674676
1.0180248908061487   30.891206819711762   103.6175035377559
1.047868744742366   28.930153663977144   100.38651020163456
1.0785874845736239   27.08878601843764   97.26818536147564
1.1102067579703248   25.360196903870804   94.25605535866417
1.1427529644757777   23.73781378692567   91.34380447063349
1.1762532775476793   22.21542102581826   88.52555396701024
1.210735667245765   20.78714396351366   85.79584669133517
1.246228923584555   19.44743185524679   83.14961886655468
1.2827626805706884   18.19104153607959   80.5821741988413
1.3203674409449337   17.01302180442436   78.08916005698444
1.3590746016495152   15.908699112485104   75.66653566802604
1.3989164800420282   14.873667923909444   73.31047342053942
1.4399263408778291   13.903773088909453   71.0173933456125
1.4821384240834183   12.995093651133649   68.7839978717669
1.525587973344019   12.143930753874423   66.60725511588029
1.5703112655292182   11.346796117381073   64.48438285586185
1.6163456409812174   10.600401035299454   62.412833585682854
1.6637295346910133   9.901645872670414   60.39028053442975
1.7125025083885144   9.247609300912647   58.41466811616706
1.7627052835733923   8.635536726866206   56.484388823491656
1.814379775514258   8.062834176141374   54.59804292608989
1.8675691282445197   7.527060401150433   52.754353632634306
1.922317750584177   7.025918462880017   50.95215925669997
1.9786713532176083   6.557247734401357   49.190405691576636
2.0366769868582977   6.119016308059414   47.4681391645427
2.0963830815323896   5.709313784027664   45.78450024144686
2.1578394870138577   5.326343784146317   44.13885638461207
2.2210975144450407   4.968417050156601   42.530910949871455
2.286209979177315   4.633946708572552   40.960413207890134
2.3532312448676476   4.321442544432563   39.42711834383238
2.4222172688678643   4.029505405492662   37.930785223958026
2.4932256489445366   3.756821908995235   36.47117426307362
2.5663156713684585   3.5021594361883213   35.04804539530547
2.641548360413907   3.264361468551626   33.66116886057193
2.7189865293089923   3.0423446097445934   32.31061219013605
2.798694832679631   2.835093889871208   30.996689674774
2.8807398205309562   2.6416569591723187   29.71962384591005
2.9651899938111903   2.461140369158003   28.479535098197815
3.05211586160442   2.29270613585845   27.276447496614665
3.1415899999999994   2.135568487194095   26.110294607734854
