0.01   5076.817156884508   5076.542347401668
0.010293154462191829   5140.140141005568   5139.853079495139
0.010594902878253955   5201.743010681849   5201.443155094501
0.010905497183778876   5261.464435034304   5261.150970057741
0.011225196699963396   5319.1396673464305   5318.811417483863
0.011554268350120923   5374.602060499338   5374.257505966591
0.011892986882540897   5427.678950175911   5427.316532146736
0.012241635099881474   5478.193894934389   5477.812219489557
0.012600504095286909   5525.970330344843   5525.568182126536
0.012969893495426888   5570.827468946539   5570.403582393955
0.013350111710660605   5612.575819899372   5612.128392904759
0.013741476192534558   5651.026402891243   5650.553028537546
0.014144313698828986   5685.991798672572   5685.489512004655
0.01455896056637426   5717.280487433166   5716.746168085758
0.014985762991865008   5744.701744090691   5744.1323128214035
0.01542507732090645   5768.069956117133   5767.462387088489
0.015877270345534218   5787.200453218158   5786.55151296744
0.016342719610456153   5801.907993109874   5801.213844511503
0.016821813728271667   5812.015175430603   5811.271359783172
0.017314952703931925   5817.35330739943   5816.5547535335845
0.017822548268711737   5817.759367375227   5816.90035634864
0.01834502422397195   5813.080854976834   5812.155034768308
0.018882816794999403   5803.178853524584   5802.179286317842
0.019436374995219892   5787.930108217398   5786.849431149942
0.02000616100108813   5767.228331484579   5766.058932390382
0.020592650537967844   5740.984539655573   5739.718624772645
0.021196333277324068   5709.131389764956   5707.761089982852
0.02181771324555934   5671.632793601202   5670.150378403567
0.022457309244835088   5628.475305264921   5626.873284172809
0.02311565528622961   5579.667566201815   5577.9387925314
0.023793301035594242   5525.263405781742   5523.401688855307
0.024490812272480036   5465.356153837822   5463.356729156991
0.025208771362518027   5400.0593216983825   5397.918874971878
0.0259477777436476   5329.526342761021   5327.243392551168
0.02670844842659881   5253.981394872422   5251.557240241555
0.027491418510046592   5173.670936362575   5171.1096928631105
0.028297341710866907   5088.860946409087   5086.169453263954
0.029126890909937666   4999.902173050757   4997.090425008056
0.029980758713939952   4907.191344604217   4904.272585902839
0.030859658033628758   4811.124072750135   4808.114494466191
0.031764322679055976   4712.148292487329   4709.066902971925
0.03269550797224261   4610.805021349018   4607.6736452986715
0.033653991377811755   4507.623716621769   4504.466630640194
0.03464057315210884   4403.124029962424   4399.967414774427
0.03565607701135116   4297.906105896373   4294.776677244592
0.036701350819364466   4192.574027788978   4189.49836717634
0.03777726729548091   4087.68726707482   4084.6915785412393
0.038884724743189276   3983.8420261615465   3980.949560520519
0.04002464780014597   3881.6915827357625   3878.9195305669273
0.041197988210172884   3781.8323234588283   3779.1921012126854
0.04240572561788674   3684.7744666849753   3682.27174568198
0.04364886838662332   3590.860880756431   3588.493747360931
0.04492845444033957   3500.3611243133   3498.1201490605627
0.04624555213019635   3413.5171165812226   3411.385687290969
0.04760126112654554   3330.6803729407407   3328.62517429947
0.04899671333706607   3252.3005008256523   3250.2630014746837
0.05043307385181555   3178.7838858566756   3176.6821954642037
0.05191154191598653   3110.1472114918724   3107.8844948813157
0.053433351931179485   3045.6341819181753   3043.1141421882644
0.05499977448602865   2984.4455847360196   2981.574296671062
0.05661211741704101   2925.8744746976586   2922.560268277889
0.05827172690053434   2869.3375248686866   2865.490959388518
0.05997998857658587   2814.2982313525126   2809.8325699317174
0.06173832870592997   2760.088808307598   2754.929964920334
0.0635482153607709   2705.883652338892   2699.9819237066795
0.06541115965050462   2650.869862754583   2644.2041726564744
0.06732871698337338   2594.061498273384   2586.663943619848
0.06930248836510605   2534.473840031046   2526.4370781348175
0.07133412173562886   2471.1700899399007   2462.6622712317458
0.07342531334496233   2403.2773761404414   2394.555254192815
0.07557780916945323   2330.238283488065   2321.6426203728925
0.07779340636952398   2251.9715575435202   2243.924310135416
0.08007395479015682   2168.747673919477   2161.724293076773
0.08242135850536496   2081.4288420586827   2075.9142595952
0.08483757740794096   1991.1568339794987   1987.6246690584317
0.08732462884580919   1899.499607968272   1898.396678826153
0.08988458930634863   1808.0744400604112   1809.7756529781577
0.09251959615009227   1718.5377655682673   1723.2865118807395
0.09523184939525078   1632.4901304063815   1640.392295684591
0.09802361355455057   1551.4432785453441   1562.4635561049163
0.10089721952591899   1476.8159097298064   1490.722097350394
0.10385506653859616   1409.762877923411   1426.1353364003592
0.10689962415629803   1350.8984380221539   1369.149068273478
0.11003343433910281   1300.3821648350781   1319.7943956381853
0.11325911356578279   1257.3753729623954   1277.1985963672562
0.11657935501835284   1220.5235475080183   1240.0513688985423
0.11999693083066039   1187.7498224154183   1206.4575994551863
0.12351469440289359   1156.7985979331283   1174.4074828590788
0.12713558278394044   1125.3576732616696   1141.8972756883334
0.13086261912358757   1091.3958714194994   1107.274697659164
0.13469891519660646   1053.3984241611283   1069.3739442502433
0.13864767400083483   1010.6105489352001   1027.6806864592954
0.14271219243142114   963.2769951754349   982.5123506281078
0.14689586403346616   912.5101099438959   934.889613895897
0.1512021818353596   860.1098990437087   886.3769532055194
0.15563474126517718   808.3097015748881   838.8423784769778
0.16019724315257297   759.5471870385636   794.1527883645113
0.1648934968186736   716.0565211952455   753.9775459189331
0.1697274232565544   679.2685597063698   719.2994197604074
0.17470305840495237   649.2389273912825   689.9197983925993
0.17982455651794954   624.6349353823333   664.7149673276366
0.18509619363343993   603.3944808974844   642.0475047210482
0.19052237114327647   583.293659406114   620.2637490669006
0.19610761946807834   562.1287836445886   597.8209749630612
0.20185660183976684   538.1175559360668   573.5285127746486
0.20777411819498756   510.7630100800041   547.2380708381338
0.21386510918267082   481.21615430089213   519.9867386809913
0.22013466028907505   451.52505354442263   493.07546702744213
0.22658800608375756   423.71641097224426   467.82343920371403
0.23323053459001789   399.3812290256371   445.1983981454213
0.2400677917834628   379.13744297318766   425.37790557477905
0.24710548622244882   362.34243680886414   407.88821519359334
0.25434949381426813   347.4107849092362   391.675684237017
0.2618058627210567   332.53490077591437   375.73074076015007
0.2694808184095226   316.3612354090937   359.3105630811723
0.27738076884870827   298.7763586708556   342.51170199430794
0.2855123098601282   280.8423272902828   325.8879424858831
0.29388223062474755   263.88114988675375   310.19358576105947
0.3024975193514008   248.9023297834919   295.80860447494507
0.31136536911138296   236.10900757833335   282.7526959276982
0.3204931838440838   224.70473394427052   270.6056129644834
0.32988858453867975   213.61073031283345   258.8401368311653
0.3395594155970457   202.15796784930075   247.2705982031921
0.34951375138319807   190.41811568768858   235.86146124417556
0.3597599029647371   179.10683932622587   224.98362570287003
0.37030642505191835   168.83997278322198   214.8150330268284
0.3811621231401457   159.67363224036802   205.31021849928078
0.3923360608618501   151.1968667509244   196.32022717593335
0.4038375675538918   142.90022093608317   187.65567925423335
0.41567624604680364   134.65244329419735   179.28850238732122
0.42786198068238046   126.72529593097377   171.3033843439047
0.4404049455663077   119.39416086972462   163.7600972272945
0.4533156130627191   112.66084202968239   156.62642042720347
0.4666047625377753   106.29258175149677   149.82647207626536
0.4802834893595659   100.13217733957923   143.3280183293415
0.49436321416184764   94.22084353992996   137.12173804251992
0.5088556923793517   88.68563332542794   131.2319889614179
0.5237730240626238   83.52356862120796   125.64347252933024
0.5391276639805903   78.63820923090962   120.31781123644699
0.5549324320192869   73.97411781380839   115.24439118277316
0.5712005238854289   69.56238279130231   110.41361344762747
0.5879455221237613   65.42363912657727   105.82291229150871
0.6051814074573895   61.5228387093393   101.45529227033248
0.622922570460556   57.826874287815684   97.2935604121426
0.6411838235736077   54.336644121095034   93.33200962432335
0.6599804134701901   51.05308385311927   89.56372835947865
0.6793280337869897   47.95811429268155   85.97584736393803
0.6992428382266549   45.03870050922746   82.55921430965373
0.7197414540448374   42.2875603676675   79.30598716019
0.7408409959326054   39.695769126280595   76.20758553058612
0.7625590803058332   37.25479558673199   73.25590339849145
0.7849138400134885   34.95651142917821   70.443293227335
0.8079239394770964   32.7931762441213   67.76253844706794
0.8316085902740278   30.757422811248613   65.20682767231911
0.8559875671776167   28.842242647894608   62.76973054347538
0.8810812246675007   27.04096650970125   60.44509021172173
0.9069105139239728   25.3472365820648   58.22676234994927
0.9334970003205227   23.755013573872056   56.10889624650977
0.960862881429187   22.25856879568209   54.086005107791514
0.9890310055537336   20.85247026396954   52.15294110802366
1.0180248908061487   19.53156927747459   50.30487230108082
1.047868744742366   18.290987460691323   48.53726124508502
1.0785874845736239   17.12610426787773   46.84584411868008
1.1102067579703248   16.032544854010816   45.2264758973285
1.1427529644757777   15.006168427269785   43.67500572092676
1.1762532775476793   14.04305728100919   42.18752918389357
1.210735667245765   13.139506082787232   40.7604024551628
1.246228923584555   12.2920115619557   39.39022340875916
1.2827626805706884   11.49726261001205   38.07381428774203
1.3203674409449337   10.752130783692392   36.808205765644594
1.3590746016495152   10.05366113708838   35.59061667279246
1.3989164800420282   9.399062173647096   34.41831824490994
1.4399263408778291   8.785697928675031   33.28864062190886
1.4821384240834183   8.211081547452334   32.19909734732958
1.525587973344019   7.672867606082913   31.147378128744915
1.5703112655292182   7.1688447112853515   30.131336460129617
1.6163456409812174   6.69692844004904   29.148978263692754
1.6637295346910133   6.2551546070028206   28.198451454592465
1.7125025083885144   5.841672733331713   27.27803381221496
1.7627052835733923   5.45473913605016   26.386105379219728
1.814379775514258   5.092711836295384   25.521153828142577
1.8675691282445197   4.754045552105975   24.6817789330464
1.922317750584177   4.43728637473507   23.86668538036306
1.9786713532176083   4.141066706659421   23.074676012771405
2.0366769868582977   3.8641004547839746   22.304645557358054
2.0963830815323896   3.605178467814171   21.555574790112537
2.1578394870138577   3.363163971966183   20.826532280505518
2.2210975144450407   3.1369878789105208   20.11668912967565
2.286209979177315   2.9256457974355827   19.42528923162437
2.3532312448676476   2.7281945598439523   18.75163733344135
2.4222172688678643   2.543748675409047   18.09509514727347
2.4932256489445366   2.3714769756684335   17.45507766887674
2.5663156713684585   2.2105994421566044   16.831049682723485
2.641548360413907   2.060384213381322   16.222523215489893
2.7189865293089923   1.9201454041827877   15.629145133800172
2.798694832679631   1.7892407861560413   15.050760711346895
2.8807398205309562   1.6670678917504957   14.487233043977964
2.9651899938111903   1.5530615436877364   13.938420776281164
3.05211586160442   1.4466916774074134   13.404177991833487
3.1415899999999994   1.3474612802768429   12.884354126386492
