0.01   17738.84598827377   17737.700013582726
0.010293154462191829   17810.841595493966   17809.660645545933
0.010594902878253955   17871.267688717853   17870.05265887863
0.010905497183778876   17919.589678047672   17918.34081168501
0.011225196699963396   17955.26813888959   17953.98398000567
0.011554268350120923   17977.785841896664   17976.46322606073
0.011892986882540897   17986.62985578502   17985.26469448017
0.012241635099881474   17981.275781349115   17979.864546355155
0.012600504095286909   17961.228109507454   17959.76801910044
0.012969893495426888   17926.02038527453   17924.509205485545
0.013350111710660605   17875.16517120292   17873.599605653973
0.013741476192534558   17808.193396033686   17806.568392812293
0.014144313698828986   17724.686880134024   17722.99568965945
0.01455896056637426   17624.251931425286   17622.485958586487
0.014985762991865008   17506.507549235874   17504.65610642591
0.01542507732090645   17371.13627798229   17369.186698880807
0.015877270345534218   17217.884079353124   17215.821789126418
0.016342719610456153   17046.519822061608   17044.32794486536
0.016821813728271667   16856.876864011854   16854.536263191312
0.017314952703931925   16648.877835165564   16646.36738522506
0.017822548268711737   16422.519194119748   16419.815097863328
0.01834502422397195   16177.870674095251   16174.945606739622
0.018882816794999403   15915.103812995612   15911.927391044033
0.019436374995219892   15634.498114449236   15631.038130704948
0.02000616100108813   15336.449410457577   15332.675375560702
0.020592650537967844   15021.46380206939   15017.348193196734
0.021196333277324068   14690.156871485422   14685.675530012528
0.02181771324555934   14343.306841674404   14338.441503998409
0.022457309244835088   13981.848230659409   13976.58886652685
0.02311565528622961   13606.805158552588   13601.149772617171
0.023793301035594242   13219.333808254452   13213.290393770783
0.024490812272480036   12820.849194324503   12814.443718799806
0.025208771362518027   12412.84644594662   12406.122880213645
0.0259477777436476   11996.855356188156   11989.873584469105
0.02670844842659881   11574.673566823132   11567.512450423292
0.027491418510046592   11148.27780231047   11141.036455908197
0.028297341710866907   10719.566465423588   10712.360195533152
0.029126890909937666   10290.508748716147   10283.467137285117
0.029980758713939952   9863.438265619001   9856.707458086325
0.030859658033628758   9440.556052260692   9434.29474268064
0.031764322679055976   9023.860596863085   9018.234903727815
0.03269550797224261   8615.621273523848   8610.79904066158
0.033653991377811755   8218.130598043412   8214.277081777684
0.03464057315210884   7833.3035385413705   7830.578872820669
0.03565607701135116   7462.9603088806425   7461.510752243086
0.036701350819364466   7109.177045307281   7109.11881195379
0.03777726729548091   6773.659107065924   6775.08061014273
0.038884724743189276   6457.701600244144   6460.665794932916
0.04002464780014597   6162.386995032927   6166.907348253624
0.041197988210172884   5888.552975495652   5894.587346153538
0.04240572561788674   5636.755885283727   5644.2186260596045
0.04364886838662332   5407.421153391934   5416.165424505964
0.04492845444033957   5200.977331268855   5210.752308276125
0.04624555213019635   5017.746629957833   5028.208346956077
0.04760126112654554   4857.54176381167   4868.270257205471
0.04899671333706607   4718.089372492061   4728.616689776014
0.05043307385181555   4596.792061721018   4606.608092398583
0.05191154191598653   4491.380650252469   4499.931728290813
0.053433351931179485   4399.854425725718   4406.545960240268
0.05499977448602865   4320.431871611214   4324.626859529776
0.05661211741704101   4250.963616373365   4252.006014877927
0.05827172690053434   4188.08982326763   4185.3705246247855
0.05997998857658587   4128.3917696630415   4121.367887199033
0.06173832870592997   4067.7190325690062   4056.0203339766636
0.0635482153607709   4001.4330741515555   3984.950286417898
0.06541115965050462   3925.124749418764   3904.0642418067896
0.06732871698337338   3834.637641195452   3809.618427664275
0.06930248836510605   3726.5931001865583   3698.635679415303
0.07133412173562886   3599.3122631949695   3569.788376811172
0.07342531334496233   3452.3086494366626   3422.883525230217
0.07557780916945323   3287.0229660070004   3259.6681360965445
0.07779340636952398   3106.009022075879   3082.8729943159315
0.08007395479015682   2913.0762526931485   2896.200594942824
0.08242135850536496   2712.6356781888276   2703.826849968121
0.08483757740794096   2509.9058426301162   2510.743835312673
0.08732462884580919   2310.5561217610957   2322.178662235129
0.08988458930634863   2120.901381238498   2143.719139502026
0.09251959615009227   1947.0129302442676   1980.6036700276745
0.09523184939525078   1794.0114872055021   1837.2101423882855
0.09802361355455057   1665.0986830077345   1715.9105639805207
0.10089721952591899   1562.0311753231263   1617.6572039123034
0.10385506653859616   1484.0618182819514   1541.4245410410638
0.10689962415629803   1429.1589954121819   1485.1072486193764
0.11003343433910281   1393.417697865699   1444.9028758416403
0.11325911356578279   1372.0641473372837   1416.3479852757064
0.11657935501835284   1358.9273695752586   1394.1107384762083
0.11999693083066039   1347.2158826337115   1372.549082611886
0.12351469440289359   1329.9434138301642   1346.0905431784502
0.12713558278394044   1301.0721164346064   1310.1672365238426
0.13086261912358757   1256.3095272464898   1262.0380395678276
0.13469891519660646   1193.7911119562928   1201.0326959577892
0.13864767400083483   1114.7263666082292   1128.5713455823484
0.14271219243142114   1024.0717943445381   1048.7305514566049
0.14689586403346616   929.8244215385345   967.735244597197
0.1512021818353596   840.8585922274402   892.1401658863654
0.15563474126517718   764.25762816917   826.6378980734286
0.16019724315257297   703.9019003976101   773.4927575037256
0.1648934968186736   660.9131790673592   732.968475738608
0.1697274232565544   634.2895665356676   703.5869177161828
0.17470305840495237   620.3046669085264   682.4076799323963
0.17982455651794954   612.3441224244748   664.779632999518
0.18509619363343993   602.7688748162553   645.9160709948006
0.19052237114327647   585.56159821208   622.5154428560461
0.19610761946807834   557.6268821340582   593.2428423427679
0.20185660183976684   519.3156346840875   558.7376962932598
0.20777411819498756   474.8589535634057   521.9375851728495
0.21386510918267082   430.8571771952545   486.745809210669
0.22013466028907505   393.26590124348365   455.88151241187813
0.22658800608375756   365.589194205183   430.9421341431596
0.23323053459001789   348.02765969272315   411.21075460946724
0.2400677917834628   337.2160945518067   395.0816372105404
0.24710548622244882   328.00388015354144   379.7040839365508
0.25434949381426813   315.8751607483124   363.12927141090614
0.2618058627210567   298.29005530964474   345.1862539668633
0.2694808184095226   276.08748166005194   325.9390353035234
0.27738076884870827   253.10528847695048   307.21103807557944
0.2855123098601282   233.2596967319489   290.274283174852
0.29388223062474755   218.55827252246215   275.93239363591255
0.3024975193514008   208.36749503029685   263.1038600371709
0.31136536911138296   199.84099835688545   251.23365573445898
0.3204931838440838   190.1182854798664   239.49269795325395
0.32988858453867975   178.15704452413271   227.52285581286128
0.3395594155970457   165.0392506735908   215.78587926135916
0.34951375138319807   152.98493290753004   204.8475085153124
0.3597599029647371   143.3717172467558   194.89879715366672
0.37030642505191835   135.76698759365746   185.73772954985614
0.3811621231401457   128.66272709801078   177.03074060740983
0.3923360608618501   120.91746423485192   168.59544242466737
0.4038375675538918   112.69117573962417   160.43828527161278
0.41567624604680364   104.9745470532334   152.72889005954144
0.42786198068238046   98.4355275475297   145.58564107471253
0.4404049455663077   92.73848796351379   138.8615020312671
0.4533156130627191   87.18261755462723   132.45797036545432
0.4666047625377753   81.51945941598885   126.31710414883808
0.4802834893595659   76.10719369925698   120.49033310250199
0.49436321416184764   71.27714650302399   115.02074857053698
0.5088556923793517   66.90041649018909   109.86640790239261
0.5237730240626238   62.68188610240198   104.95204803471363
0.5391276639805903   58.588938448669694   100.27544278573039
0.5549324320192869   54.786856465580335   95.85686124137547
0.5712005238854289   51.30262749173543   91.68803780516804
0.5879455221237613   48.02247806422022   87.72412367494046
0.6051814074573895   44.89194153648262   83.95584206105377
0.622922570460556   41.97223653139744   80.3914355752471
0.6411838235736077   39.251396373748285   77.01603171741563
0.6599804134701901   36.6980992746181   73.81157751551247
0.6793280337869897   34.30238249924299   70.7686554600846
0.6992428382266549   32.05570807272089   67.87877001046056
0.7197414540448374   29.949871171045984   65.13388769040216
0.7408409959326054   27.97700100605563   62.5264122650764
0.7625590803058332   26.129559859904926   60.04916120543113
0.7849138400134885   24.400340396047984   57.69534321927887
0.8079239394770964   22.782357468839084   55.458337002248
0.8316085902740278   21.268686255314957   53.331331231367614
0.8559875671776167   19.85276705548326   51.307858097893444
0.8810812246675007   18.528444498049108   49.38187794151393
0.9069105139239728   17.289942951999148   47.54774801658314
0.9334970003205227   16.131843425247418   45.80019373323571
0.960862881429187   15.049061860136591   44.13428216307194
0.9890310055537336   14.036833689309198   42.54537721411507
1.0180248908061487   13.090727492363262   41.02897370649539
1.047868744742366   12.20659590903014   39.58078552196415
1.0785874845736239   11.380537450105763   38.196815220312104
1.1102067579703248   10.608882936124905   36.87333316587665
1.1427529644757777   9.88818274568426   35.606857743265756
1.1762532775476793   9.215194677961291   34.39413719185226
1.210735667245765   8.586872231959944   33.23212979658611
1.246228923584555   8.000348065377704   32.11788487312126
1.2827626805706884   7.452924201099329   31.048520795710438
1.3203674409449337   6.942070024718518   30.021349092083604
1.3590746016495152   6.465412838924141   29.03386840669275
1.3989164800420282   6.0207284521065745   28.083750747428763
1.4399263408778291   5.605932295117226   27.168828895916867
1.4821384240834183   5.219071038984874   26.287084866100763
1.525587973344019   4.858314903090857   25.436617697091137
1.5703112655292182   4.52195056886318   24.615590748403516
1.6163456409812174   4.208373453587571   23.82228555329255
1.6637295346910133   3.916080967749843   23.055107484272153
1.7125025083885144   3.6436663096283426   22.31257723797933
1.7627052835733923   3.389812616270514   21.593323016006366
1.814379775514258   3.153287451966344   20.896073334434234
1.8675691282445197   2.9329376052213694   20.219652477039084
1.922317750584177   2.7276841179316933   19.562990740306564
1.9786713532176083   2.5365177549246507   18.92510750484347
2.0366769868582977   2.3584947269348904   18.305095158198256
2.0963830815323896   2.1927326069600075   17.702114390426996
2.1578394870138577   2.0384064885576936   17.115389912796825
2.2210975144450407   1.8947453732131747   16.544206460302085
2.286209979177315   1.761028765448532   15.987905775467524
2.3532312448676476   1.6365831585418675   15.445911685780457
2.4222172688678643   1.5207790460675055   14.917731531768968
2.4932256489445366   1.413028593635517   14.402912467933303
2.5663156713684585   1.3127829921751075   13.90103613492411
2.641548360413907   1.2195299413700136   13.41171641938321
2.7189865293089923   1.1327912897488446   12.93459731827006
2.798694832679631   1.0521208221136273   12.469350902043116
2.8807398205309562   0.9771023805712269   12.015712741083073
2.9651899938111903   0.9073483041212892   11.573563192821197
3.05211586160442   0.8424969300956584   11.14280767344328
3.1415899999999994   0.7822107623075633   10.723345935574738
