0.01   99.52950780367891   99.5295060752546
0.010293154462191829   100.8968631300464   100.89686136927618
0.010594902878253955   102.23568764105468   102.23568476653779
0.010905497183778876   103.54286217127421   103.54285777112405
0.011225196699963396   104.81518487258201   104.81517939920965
0.011554268350120923   106.04939479594626   106.04938950821179
0.011892986882540897   107.2420548382043   107.24205080172358
0.012241635099881474   108.38961260521896   108.38961006768614
0.012600504095286909   109.48848946468758   109.48848781430237
0.012969893495426888   110.5350876683718   110.53508578755435
0.013350111710660605   111.5257977128926   111.52579469182524
0.013741476192534558   112.45702248388643   112.45701771242426
0.014144313698828986   113.32514420778445   113.32513740103687
0.01455896056637426   114.12625215592075   114.1262434517565
0.014985762991865008   114.85634529812731   114.85633530514457
0.01542507732090645   115.51148898400656   115.51147877594104
0.015877270345534218   116.08787782330002   116.08786827838047
0.016342719610456153   116.58187250212605   116.58186339711142
0.016821813728271667   116.9899685989604   116.9899585266314
0.017314952703931925   117.30876116869625   117.30874782688782
0.017822548268711737   117.53477248754254   117.53475408053272
0.01834502422397195   117.66464795947896   117.66462361908675
0.018882816794999403   117.69525864572174   117.69522839784557
0.019436374995219892   117.62386670219699   117.62383051431718
0.02000616100108813   117.44814420059573   117.44810105731501
0.020592650537967844   117.1660572481632   117.16600512362214
0.021196333277324068   116.77594199741831   116.77587820349527
0.02181771324555934   116.27665834255124   116.27658060320803
0.022457309244835088   115.66744551402292   115.66735218329147
0.02311565528622961   114.94793685653133   114.94782690707737
0.023793301035594242   114.11866053686201   114.11853340714518
0.024490812272480036   113.18087059985754   113.1807260851325
0.025208771362518027   112.13617642780665   112.13601467205967
0.0259477777436476   110.98696724920453   110.98678891601466
0.02670844842659881   109.736923666657   109.73673031999667
0.027491418510046592   108.39011801413241   108.38991212668508
0.028297341710866907   106.95104035537747   106.95082528194142
0.029126890909937666   105.42592156562806   105.42570172549033
0.029980758713939952   103.8218375283122   103.82161844108145
0.030859658033628758   102.14588009738118   102.14566828246613
0.031764322679055976   100.40597377239916   100.4057766097121
0.03269550797224261   98.61128193374005   98.61110750507375
0.033653991377811755   96.77080643234426   96.77066341467092
0.03464057315210884   94.89383441358794   94.89373181530341
0.03565607701135116   92.99269889003492   92.99264505119031
0.036701350819364466   91.08020644599952   91.08020872855951
0.03777726729548091   89.16823246600912   89.16829730967407
0.038884724743189276   87.26544957334207   87.26558276076639
0.04002464780014597   85.37722156613923   85.37742849481094
0.041197988210172884   83.50836028552759   83.5086459939684
0.04240572561788674   81.6658983853107   81.6662662014893
0.04364886838662332   79.8662962236702   79.86674266521881
0.04492845444033957   78.126964191302   78.12747835822599
0.04624555213019635   76.46311928147747   76.46368359024463
0.04760126112654554   74.87817665671949   74.87876774621222
0.04899671333706607   73.36660464448953   73.36719408434323
0.05043307385181555   71.92295781635501   71.92351250625661
0.05191154191598653   70.54050134294859   70.54098496930145
0.053433351931179485   69.20996970822813   69.21034500538016
0.05499977448602865   67.92239788931349   67.92262695674656
0.05661211741704101   66.66781261153609   66.66785744376844
0.05827172690053434   65.43390575879285   65.43372917170478
0.05997998857658587   64.20882302110068   64.2083890386511
0.06173832870592997   62.97958318698548   62.978860426353556
0.0635482153607709   61.73219992796558   61.731164892766685
0.06541115965050462   60.452895081005515   60.45153398238406
0.06732871698337338   59.124728551412986   59.12304589588677
0.06930248836510605   57.73122042907099   57.72924108137926
0.07133412173562886   56.25791883981725   56.25569277774119
0.07342531334496233   54.69268644258983   54.69029180018807
0.07557780916945323   53.02984347455637   53.02738324086657
0.07779340636952398   51.27236638294957   51.26996424983457
0.08007395479015682   49.430653789395116   49.42844549397734
0.08242135850536496   47.52702040714597   47.52514124337539
0.08483757740794096   45.58787001843341   45.5864452238208
0.08732462884580919   43.645135090432944   43.64426742703843
0.08988458930634863   41.73031390245993   41.730072627275405
0.09251959615009227   39.874136868231915   39.87454569633501
0.09523184939525078   38.10490775162037   38.1059388988249
0.09802361355455057   36.4479140772735   36.44948489078708
0.10089721952591899   34.92496393225136   34.92692849556333
0.10385506653859616   33.55231197075338   33.554465263443426
0.10689962415629803   32.33390889450872   32.33598902024871
0.11003343433910281   31.264331527741845   31.266038752850992
0.11325911356578279   30.31864908894435   30.319702428341895
0.11657935501835284   29.462987491203876   29.463156516758733
0.11999693083066039   28.65269138782984   28.651838944065556
0.12351469440289359   27.843640203057895   27.841742417922294
0.12713558278394044   26.995525560262667   26.99268883051828
0.13086261912358757   26.078595308085482   26.07507324234979
0.13469891519660646   25.076984751414216   25.073147941944775
0.13864767400083483   23.991549830972204   23.987827877815775
0.14271219243142114   22.842043384635115   22.838852396705192
0.14689586403346616   21.661421209023654   21.659100735844966
0.1512021818353596   20.49041697069354   20.489174261465795
0.15563474126517718   19.37182224376395   19.371679636843727
0.16019724315257297   18.34634634354373   18.347099173683812
0.1648934968186736   17.44491592401097   17.446144778196352
0.1697274232565544   16.67795356036369   16.67909405459889
0.17470305840495237   16.02781506375833   16.028296197945803
0.17982455651794954   15.454033413237552   15.453454601264635
0.18509619363343993   14.910457666422094   14.908671121454455
0.19052237114327647   14.357153711998109   14.354292932236078
0.19610761946807834   13.762843533079844   13.759309955519631
0.20185660183976684   13.111788309360078   13.108187060164697
0.20777411819498756   12.416306793514801   12.413251533225187
0.21386510918267082   11.714320314405535   11.712202933792922
0.22013466028907505   11.04786295738675   11.046674083936567
0.22658800608375756   10.446697025084825   10.446125881365942
0.23323053459001789   9.924712955076284   9.924200496829732
0.2400677917834628   9.47562185101388   9.47457502914725
0.24710548622244882   9.07149959338462   9.06956927563698
0.25434949381426813   8.678260635009206   8.675467041101708
0.2618058627210567   8.269996743807194   8.266731081763632
0.2694808184095226   7.838401559195142   7.835231114970173
0.27738076884870827   7.399113072176476   7.396459295865441
0.2855123098601282   6.979071892042199   6.9769903783887575
0.29388223062474755   6.597025953844163   6.595259339519113
0.3024975193514008   6.2586518147172825   6.2567075507545455
0.31136536911138296   5.953642416953485   5.9511886612868885
0.3204931838440838   5.661273188093564   5.658310864354243
0.32988858453867975   5.367560202929542   5.364377243750697
0.3395594155970457   5.071813987804075   5.068776860963527
0.34951375138319807   4.784455043501861   4.781719071396718
0.3597599029647371   4.518222523900948   4.515632188165719
0.37030642505191835   4.275762894218154   4.273035211326602
0.3811621231401457   4.050249847939517   4.047237715343717
0.3923360608618501   3.8328165536509493   3.8296100902587624
0.4038375675538918   3.619484709390434   3.6162823079936017
0.41567624604680364   3.4138725995881494   3.4107823441602054
0.42786198068238046   3.221286883723548   3.2182369051289283
0.4404049455663077   3.0422717423799455   3.0391294146944885
0.4533156130627191   2.87330883928775   2.8700372395689993
0.4666047625377753   2.710999316708079   2.707682186437555
0.4802834893595659   2.5555553244699176   2.5522714165293894
0.49436321416184764   2.408829833577618   2.4055597914304747
0.5088556923793517   2.271161449279488   2.267850030472698
0.5237730240626238   2.1409174022233404   2.137559913014
0.5391276639805903   2.016912717541857   2.0135511986999495
0.5549324320192869   1.8993361913867102   1.8959931118190374
0.5712005238854289   1.788525482143215   1.785182710906089
0.5879455221237613   1.6839300128495358   1.6805822257661185
0.6051814074573895   1.5848551604158085   1.5815197913600365
0.622922570460556   1.4911430892266977   1.4878319438716199
0.6411838235736077   1.4027442803892047   1.3994551269015996
0.6599804134701901   1.3192956826279745   1.3160327889855508
0.6793280337869897   1.2404793772780067   1.2372487883293686
0.6992428382266549   1.166097683826484   1.162905642857303
0.7197414540448374   1.0959353636642228   1.0927857899985882
0.7408409959326054   1.0297699326036962   1.0266670458245477
0.7625590803058332   0.9673892334404642   0.9643374633524544
0.7849138400134885   0.9085913274801509   0.9055951769996086
0.8079239394770964   0.8531840705525222   0.8502480014262532
0.8316085902740278   0.800984702228943   0.7981130410123879
0.8559875671776167   0.7518194481277464   0.7490163100774963
0.8810812246675007   0.7055234160329465   0.7027926981555672
0.9069105139239728   0.661940840600869   0.6592863453967894
0.9334970003205227   0.6209237354833276   0.6183491184990839
0.960862881429187   0.5823313311066416   0.5798400182878107
0.9890310055537336   0.5460297870687821   0.5436249103921389
1.0180248908061487   0.5118919111414022   0.5095762601630752
1.047868744742366   0.47979688512541296   0.4775728723067663
1.0785874845736239   0.4496299919531022   0.4474996335293915
1.1102067579703248   0.42128216389355644   0.4192471928588218
1.1427529644757777   0.39464974353345217   0.39271172263336707
1.1762532775476793   0.369634512359367   0.3677947802988736
1.210735667245765   0.3461434548891767   0.3444030773548483
1.246228923584555   0.3240885138902522   0.32244824874636824
1.2827626805706884   0.3033863548883146   0.3018466294652506
1.3203674409449337   0.2839581397769298   0.2825190383940249
1.3590746016495152   0.265729307322974   0.2643905520990113
1.3989164800420282   0.24862935266721461   0.24739020217120739
1.4399263408778291   0.2325916387263856   0.23145088177561343
1.4821384240834183   0.21755321114264142   0.21650921866666903
1.525587973344019   0.2034546134916725   0.20250538815063102
1.5703112655292182   0.1902397103613698   0.18938293351405103
1.6163456409812174   0.17785551810116818   0.17708859405371644
1.6637295346910133   0.1662520429613284   0.1655721405957142
1.7125025083885144   0.15538211468920793   0.15478624433398747
1.7627052835733923   0.1452012272229348   0.14468635237143074
1.814379775514258   0.13566742713153096   0.13523047867166046
1.8675691282445197   0.1267411822130139   0.12637906012109174
1.922317750584177   0.11838525176996229   0.11809482909933161
1.9786713532176083   0.11056456309974802   0.11034269173623604
2.0366769868582977   0.1032460939550998   0.10308961168494946
2.0963830815323896   0.09639875942705399   0.09630449016021007
2.1578394870138577   0.08999328532978482   0.08995791932183134
2.2210975144450407   0.08400211717631281   0.08402215057966353
2.286209979177315   0.07839934512665662   0.07847114375652595
2.3532312448676476   0.07316061189123584   0.07328046935746745
2.4222172688678643   0.06826302475529089   0.06842721179428882
2.4932256489445366   0.06368507221996249   0.06388987822499093
2.5663156713684585   0.05940654504411752   0.059648312696088716
2.641548360413907   0.055408470386867095   0.05568364346394991
2.7189865293089923   0.05167306988927566   0.05197829834200179
2.798694832679631   0.04818365339089719   0.048515809062522515
2.8807398205309562   0.04492454335266527   0.045280705090141864
2.9651899938111903   0.04188101730862198   0.042258457480933945
3.05211586160442   0.039039253282766334   0.03943542553769633
3.1415899999999994   0.036386278039621925   0.036798806145282734
