0.01   14074.847427406245   14073.738132674049
0.010293154462191829   14166.185257919124   14165.030577103893
0.010594902878253955   14249.633498765963   14248.429128700054
0.010905497183778876   14324.773860518197   14323.515283994846
0.011225196699963396   14391.196169336017   14389.878676547938
0.011554268350120923   14448.483166836682   14447.102061557247
0.011892986882540897   14496.200748467438   14494.751683754921
0.012241635099881474   14533.926398851263   14532.40543509515
0.012600504095286909   14561.249706440974   14559.653059922664
0.012969893495426888   14577.752628062508   14576.075099335963
0.013350111710660605   14583.029514629714   14581.26394657072
0.013741476192534558   14576.698534734078   14574.835880164122
0.014144313698828986   14558.376843279997   14556.407077857151
0.01455896056637426   14527.680291818479   14525.593442382524
0.014985762991865008   14484.257479631819   14482.043745509794
0.01542507732090645   14427.786427173061   14425.435612155814
0.015877270345534218   14357.955753939314   14355.455016087608
0.016342719610456153   14274.492365671078   14271.825838105227
0.016821813728271667   14177.170713982237   14174.319749774695
0.017314952703931925   14065.797887563722   14062.74196977842
0.017822548268711737   13940.222157354381   13936.939657476829
0.01834502422397195   13800.351069464901   13796.819512102053
0.018882816794999403   13646.153496986677   13642.349357228357
0.019436374995219892   13477.660573840616   13473.558470435724
0.02000616100108813   13294.970456651843   13290.54338871575
0.020592650537967844   13098.2543800963   13093.47454504277
0.021196333277324068   12887.787120330539   12882.62961345793
0.02181771324555934   12663.928886662357   12658.37357813658
0.022457309244835088   12427.107897318903   12421.139546043518
0.02311565528622961   12177.871107334886   12171.480722405659
0.023793301035594242   11916.907642320333   11910.094415928432
0.024490812272480036   11644.963625313196   11637.734722727699
0.025208771362518027   11362.863411137369   11355.234677791603
0.0259477777436476   11071.644471532098   11063.646072291944
0.02670844842659881   10772.416117344506   10764.093160679193
0.027491418510046592   10466.296152818737   10457.707010333817
0.028297341710866907   10154.590883810804   10145.80839280317
0.029126890909937666   9838.773949897157   9829.8862972054
0.029980758713939952   9520.258738376946   9511.366812408127
0.030859658033628758   9200.491751175687   9191.70690105023
0.031764322679055976   8881.197098158833   8872.640189722808
0.03269550797224261   8564.023400386008   8555.822335933133
0.033653991377811755   8250.477104145946   8242.763856738848
0.03464057315210884   7942.234623148898   7935.138926965575
0.03565607701135116   7640.996413709837   7634.641634536232
0.036701350819364466   7348.225497813837   7342.728068484177
0.03777726729548091   7065.316124652169   7060.777375419415
0.038884724743189276   6793.780100599151   6790.270047868661
0.04002464780014597   6534.907173450007   6532.4667263691235
0.041197988210172884   6289.730675275745   6288.373637055898
0.04240572561788674   6058.99543731557   6058.691179087821
0.04364886838662332   5843.240258030541   5843.910548860085
0.04492845444033957   5642.8691655520615   5644.395411007924
0.04624555213019635   5458.183104631616   5460.38662256152
0.04760126112654554   5289.409044012712   5292.020391624431
0.04899671333706607   5136.723760282796   5139.390097826637
0.05043307385181555   4999.733053571135   5002.041823258623
0.05191154191598653   4876.195273322717   4877.733389787977
0.053433351931179485   4763.689099096128   4764.052519879452
0.05499977448602865   4660.121595583801   4658.905892416905
0.05661211741704101   4563.9365407911555   4560.710877520689
0.05827172690053434   4473.780371327469   4468.084183421121
0.05997998857658587   4387.819285178952   4379.21807636589
0.06173832870592997   4303.261474769881   4291.447834714446
0.0635482153607709   4217.342238682217   4202.154504078942
0.06541115965050462   4126.880014271762   4108.394434764224
0.06732871698337338   4028.617532947704   4007.1956294978763
0.06930248836510605   3919.783543079501   3896.0867926197766
0.07133412173562886   3798.2240969026534   3773.233701820227
0.07342531334496233   3662.6522269679735   3637.6405012556766
0.07557780916945323   3513.3907133254925   3489.9076707998984
0.07779340636952398   3351.640842249476   3331.4027170331165
0.08007395479015682   3180.0911345035106   3164.7692148179713
0.08242135850536496   3001.86047474335   2993.002672196904
0.08483757740794096   2820.441090661075   2819.491615415772
0.08732462884580919   2639.5270868281405   2647.6988372824444
0.08988458930634863   2463.4449224051796   2481.4684918673292
0.09251959615009227   2296.4765049522102   2324.53531345142
0.09523184939525078   2142.8201095386958   2180.5055264155917
0.09802361355455057   2006.0795251533962   2052.1810479764254
0.10089721952591899   1889.0085453419356   1941.551436991693
0.10385506653859616   1792.387107473163   1848.9966360933947
0.10689962415629803   1715.780726647603   1773.869730789457
0.11003343433910281   1656.676511923941   1713.6180166510012
0.11325911356578279   1611.639762082409   1664.9144252141373
0.11657935501835284   1576.0086618129453   1623.7013890874175
0.11999693083066039   1544.715530661072   1585.7302486544934
0.12351469440289359   1512.308707751438   1546.6056682685862
0.12713558278394044   1473.832349598099   1502.6202440485706
0.13086261912358757   1425.3865171135174   1451.064347416742
0.13469891519660646   1364.9590046059493   1390.7180459588822
0.13864767400083483   1292.5629133126747   1322.088043073272
0.14271219243142114   1210.2425384837552   1247.1683060220325
0.14689586403346616   1122.0553843334617   1169.2078246000247
0.1512021818353596   1034.012449589826   1092.769915004942
0.15563474126517718   952.6504536455474   1022.4014562284353
0.16019724315257297   883.1180965598388   961.2864239114324
0.1648934968186736   827.7561845215737   910.5610002865727
0.1697274232565544   786.1568344214967   869.6657199055056
0.17470305840495237   756.3062956634525   836.4436207056696
0.17982455651794954   734.6092340858334   808.4763256445841
0.18509619363343993   715.7639709200278   782.3618990810958
0.19052237114327647   693.9175330709359   754.5148482184068
0.19610761946807834   665.1249090707162   722.9317686802758
0.20185660183976684   628.655518571382   687.5713063323307
0.20777411819498756   586.352346516578   649.9339134507397
0.21386510918267082   541.9703676389839   612.3975847127596
0.22013466028907505   500.33425039057295   577.293013543132
0.22658800608375756   465.322518366757   546.4565997247641
0.23323053459001789   438.4191178617114   520.3669024088468
0.2400677917834628   418.69279237027007   497.98084842394326
0.24710548622244882   402.97783565849596   477.79054937455714
0.25434949381426813   387.1170597311228   457.8769749843333
0.2618058627210567   368.3644619361369   437.29498862909463
0.2694808184095226   346.2288545166596   416.0084059383509
0.27738076884870827   322.1704408039917   394.6899337083379
0.2855123098601282   299.14361811152   374.5327336465587
0.29388223062474755   279.6081471676973   356.45008901226004
0.3024975193514008   264.0501110250755   339.9501094542608
0.31136536911138296   251.26365399687268   324.9001895603577
0.3204931838440838   239.05714030763775   310.460946248421
0.32988858453867975   225.76912738832377   296.2433655736771
0.3395594155970457   211.4551503140182   282.23060381437625
0.34951375138319807   197.31962410020523   268.89818268567785
0.3597599029647371   184.68367457026974   256.48207236686807
0.37030642505191835   173.97726788248468   244.86621171833127
0.3811621231401457   164.4733363069363   233.96826722618704
0.3923360608618501   155.13439271885852   223.53055950715253
0.4038375675538918   145.58998028447763   213.49034468529848
0.41567624604680364   136.23263204362766   203.88480607261477
0.42786198068238046   127.68105793769136   194.84264605730715
0.4404049455663077   120.05025702742348   186.33476149473734
0.4533156130627191   112.9679473058736   178.25588991331006
0.4666047625377753   106.05830809384285   170.5333116933026
0.4802834893595659   99.3601483059796   163.18083132185595
0.49436321416184764   93.1104638477985   156.20990409133643
0.5088556923793517   87.38140633078545   149.6204132322237
0.5237730240626238   82.00902033676695   143.3562549290037
0.5391276639805903   76.86788941845245   137.39085144837577
0.5549324320192869   72.00194500157326   131.72229193693835
0.5712005238854289   67.47164807482437   126.34359835740126
0.5879455221237613   63.23835196844212   121.23767173977882
0.6051814074573895   59.235883474050695   116.37647482833701
0.622922570460556   55.46295790027378   111.75079063161847
0.6411838235736077   51.93419081471331   107.35935306808003
0.6599804134701901   48.62253485433237   103.18064494009606
0.6793280337869897   45.50866038250747   99.20101167803256
0.6992428382266549   42.586270690882166   95.41417952892603
0.7197414540448374   39.84463338627375   91.8096583189408
0.7408409959326054   37.27303150662428   88.37705896396837
0.7625590803058332   34.86135344478894   85.10665709428964
0.7849138400134885   32.6000606462382   81.98934628359842
0.8079239394770964   30.48015691539786   79.01659484462986
0.8316085902740278   28.4931592572855   76.18040589996022
0.8559875671776167   26.63108386075702   73.47320131192144
0.8810812246675007   24.886452007124237   70.88758226260207
0.9069105139239728   23.25221439321222   68.416564159615
0.9334970003205227   21.721715873333178   66.05362026434385
0.960862881429187   20.28867569187887   63.7926485295142
0.9890310055537336   18.947168532375677   61.627941085627576
1.0180248908061487   17.691606362859613   59.55415614784751
1.047868744742366   16.516719240774183   57.56624918750933
1.0785874845736239   15.417528247509871   55.659185625701745
1.1102067579703248   14.389340248596147   53.82813413613377
1.1427529644757777   13.427738920575829   52.068596325397905
1.1762532775476793   12.52856951324441   50.37638296134753
1.210735667245765   11.687924343133478   48.74759150627739
1.246228923584555   10.902129019028145   47.178585528482266
1.2827626805706884   10.167729367150883   45.66596829307386
1.3203674409449337   9.481479017308674   44.2064550906669
1.3590746016495152   8.840327643470141   42.79689752991366
1.3989164800420282   8.241409819492945   41.43437051458558
1.4399263408778291   7.682034448647736   40.116159565189825
1.4821384240834183   7.159674749619972   38.83974643752243
1.525587973344019   6.67195877343188   37.602795916720794
1.5703112655292182   6.216660422413141   36.40314356401859
1.6163456409812174   5.791690778142885   35.23877946853018
1.6637295346910133   5.395090053915594   34.10783657625646
1.7125025083885144   5.025020279824536   33.008588693048104
1.7627052835733923   4.679758122980109   31.939442149486798
1.814379775514258   4.357688082184126   30.89892749639362
1.8675691282445197   4.057296060445613   29.885691779250106
1.922317750584177   3.7771632960478696   28.898491419419944
1.9786713532176083   3.5159605205158044   27.936225582625713
2.0366769868582977   3.272442423186464   26.997985236010468
2.0963830815323896   3.0454428592886598   26.0829484952329
2.1578394870138577   2.8338700771356824   25.19035836038062
2.2210975144450407   2.636702168394187   24.3195185917616
2.286209979177315   2.4529827815893532   23.469789778804785
2.3532312448676476   2.281817084743209   22.640585584894886
2.4222172688678643   2.122367820812681   21.831392508050087
2.4932256489445366   1.9738512556159231   21.041850849587764
2.5663156713684585   1.835534455120826   20.271657170283
2.641548360413907   1.7067323198040565   19.520524420056976
2.7189865293089923   1.5868045624986828   18.788180310566165
2.798694832679631   1.475152869636672   18.074365761137503
2.8807398205309562   1.371218235366172   17.378833406924304
2.9651899938111903   1.2744785455230825   16.701363490096913
3.05211586160442   1.1844469120158043   16.041906153762334
3.1415899999999994   1.1006688713842996   15.400479726951414
