0.01   4620.145463528415   4619.930080980838
0.010293154462191829   4680.970273024737   4680.744631419754
0.010594902878253955   4740.4934400412685   4740.256587362862
0.010905497183778876   4798.580171684214   4798.331112294146
0.011225196699963396   4855.089336494188   4854.827043034412
0.011554268350120923   4909.877729087471   4909.601144791953
0.011892986882540897   4962.798317872055   4962.506267532876
0.012241635099881474   5013.696951740656   5013.387903025616
0.012600504095286909   5062.4175481726315   5062.089564263427
0.012969893495426888   5108.802824708103   5108.453588459602
0.013350111710660605   5152.688697986623   5152.315828744856
0.013741476192534558   5193.907619565208   5193.5088631201015
0.014144313698828986   5232.292905104306   5231.866146623874
0.01455896056637426   5267.675948264614   5267.218969186107
0.014985762991865008   5299.884116977481   5299.39414753814
0.01542507732090645   5328.747101169318   5328.220772571314
0.015877270345534218   5354.097287112043   5353.530671208944
0.016342719610456153   5375.764725428864   5375.153577735493
0.016821813728271667   5393.582281523974   5392.922147953203
0.017314952703931925   5407.389229510915   5406.675458942177
0.017822548268711737   5417.029679585797   5416.257170099343
0.01834502422397195   5422.352998965389   5421.515883302194
0.018882816794999403   5423.217968386825   5422.309623705567
0.019436374995219892   5419.494374433538   5418.507529305582
0.02000616100108813   5411.06502526121   5409.992086958363
0.020592650537967844   5397.825872971381   5396.65905154516
0.021196333277324068   5379.687135377498   5378.41850019089
0.02181771324555934   5356.581433046751   5355.202974571823
0.022457309244835088   5328.463436780076   5326.967131504064
0.02311565528622961   5295.304212700135   5293.682090725771
0.023793301035594242   5257.100555760315   5255.345049826005
0.024490812272480036   5213.890680414962   5211.995448728764
0.025208771362518027   5165.7334859888215   5163.69357059671
0.0259477777436476   5112.7079959515795   5110.519896171979
0.02670844842659881   5054.947535770628   5052.6098159279345
0.027491418510046592   4992.622108461236   4990.1357104306835
0.028297341710866907   4925.914674922391   4923.282841363662
0.029126890909937666   4855.055030526031   4852.283513371088
0.029980758713939952   4780.346740205587   4777.444229854853
0.030859658033628758   4702.103182304633   4699.081159424125
0.031764322679055976   4620.6491711322005   4617.521767111861
0.03269550797224261   4536.379547266746   4533.163903809825
0.033653991377811755   4449.709083198672   4446.4252776947305
0.03464057315210884   4361.041878659399   4357.71254272268
0.03565607701135116   4270.863688721882   4267.512470546237
0.036701350819364466   4179.758949910281   4176.408746855018
0.03777726729548091   4088.2830568193394   4084.955811457357
0.038884724743189276   3996.9283713703567   3993.6453049372917
0.04002464780014597   3906.0457621147934   3902.828609247089
0.041197988210172884   3815.9308354164377   3812.802029887092
0.04240572561788674   3726.870201788986   3723.852223058479
0.04364886838662332   3639.4134724877867   3636.519625251382
0.04492845444033957   3554.315910237886   3551.542991751077
0.04624555213019635   3472.269505191774   3469.5990499876007
0.04760126112654554   3393.7575249132615   3391.157449121742
0.04899671333706607   3318.8078940536852   3316.2343459928493
0.05043307385181555   3247.3680059754256   3244.766490937241
0.05191154191598653   3179.3545192315905   3176.661206744925
0.053433351931179485   3114.467412764719   3111.6130129802928
0.05499977448602865   3052.331912125962   3049.243483743127
0.05661211741704101   2992.577255073998   2989.179334825377
0.05827172690053434   2934.696113817996   2930.9168956222657
0.05997998857658587   2878.144372968246   2873.9183634799983
0.06173832870592997   2822.381148208543   2817.6522120788495
0.0635482153607709   2766.775113464587   2761.5076084900406
0.06541115965050462   2710.7099186581445   2704.890983862408
0.06732871698337338   2653.485502044294   2647.138706037891
0.06930248836510605   2594.3191041614623   2587.5182418572613
0.07133412173562886   2532.475969798987   2525.3508174366452
0.07342531334496233   2467.2251806948166   2459.9839928818888
0.07557780916945323   2397.9619293879005   2390.8890722202036
0.07779340636952398   2324.3990642980125   2317.8546659652193
0.08007395479015682   2246.4841480701116   2240.8920125536283
0.08242135850536496   2164.702017824138   2160.5236630203585
0.08483757740794096   2079.8441708046485   2077.554049204469
0.08732462884580919   1993.1020409106932   1993.141527229273
0.08988458930634863   1905.8148634827483   1908.5660026918465
0.09251959615009227   1819.4461671357456   1825.2027753934433
0.09523184939525078   1735.400181878538   1744.350267129735
0.09802361355455057   1655.0196765791745   1667.2111625420168
0.10089721952591899   1579.5239915285765   1594.84573306034
0.10385506653859616   1510.0010366174806   1528.1723348957044
0.10689962415629803   1447.2018736342936   1467.785676026927
0.11003343433910281   1391.5521787138177   1413.961996932762
0.11325911356578279   1342.812841887356   1366.3771904177313
0.11657935501835284   1300.174455915854   1324.196314468901
0.11999693083066039   1262.1367183051782   1286.0361793061375
0.12351469440289359   1226.858469835547   1250.2539229328402
0.12713558278394044   1192.2928318992688   1215.070894736183
0.13086261912358757   1156.5564935087637   1178.9093607229865
0.13469891519660646   1118.092663021989   1140.5333663530896
0.13864767400083483   1075.9460242045113   1099.236824547083
0.14271219243142114   1029.889739291321   1054.9331121673868
0.14689586403346616   980.5090443939852   1008.2261861623346
0.1512021818353596   929.1403785915287   960.3683499995205
0.15563474126517718   877.560705822295   912.792304174513
0.16019724315257297   827.7457197998573   867.0052944509255
0.1648934968186736   781.6436481500355   824.5261734523914
0.1697274232565544   740.8743817550375   786.4374504133091
0.17470305840495237   706.2009932685346   753.2203082498513
0.17982455651794954   677.1583412332539   724.3669970026118
0.18509619363343993   652.1895043737154   698.5730149974737
0.19052237114327647   629.2510275420275   674.2928431043466
0.19610761946807834   606.3886181312547   650.18033287662
0.20185660183976684   581.961259207485   625.2234498235548
0.20777411819498756   554.9432011038314   598.7468225893426
0.21386510918267082   525.5131680344801   571.0120280037032
0.22013466028907505   495.14231467114996   543.1108582397469
0.22658800608375756   465.7788914323552   516.3588681796365
0.23323053459001789   439.01852502284004   491.6396040427221
0.2400677917834628   415.7975405538157   469.48620635318366
0.24710548622244882   396.1292695483718   449.7352937728278
0.25434949381426813   378.9721442730506   431.67436638892264
0.2618058627210567   362.7404724242414   414.36513506495214
0.2694808184095226   346.0048821646773   397.07983804783066
0.27738076884870827   328.0772144291583   379.427641396753
0.2855123098601282   309.3925139949438   361.8227011976825
0.29388223062474755   291.15719291415115   344.87047712634825
0.3024975193514008   274.43942552261143   329.0371675397167
0.31136536911138296   259.7513837414385   314.47053155389773
0.3204931838440838   246.82638154228786   301.03610775532013
0.32988858453867975   234.72677691110778   288.2106232663588
0.3395594155970457   222.61407086589062   275.7327414273143
0.34951375138319807   210.24300669988992   263.44727999947617
0.3597599029647371   197.99796415561008   251.5899087090613
0.37030642505191835   186.5541203525697   240.37466767681906
0.3811621231401457   176.22595571527583   229.85916007294267
0.3923360608618501   166.79434796211416   219.9462293568057
0.4038375675538918   157.80019327606797   210.46969647300887
0.41567624604680364   148.92914555900393   201.32591209933864
0.42786198068238046   140.27165058491164   192.54482147000044
0.4404049455663077   132.12353132434512   184.20715873226567
0.4533156130627191   124.60960131035097   176.313446987272
0.4666047625377753   117.59580938593417   168.8156918416973
0.4802834893595659   110.87082177329603   161.65066397895066
0.49436321416184764   104.39101339698274   154.79503523245143
0.5088556923793517   98.25283783628008   148.26718024180417
0.5237730240626238   92.52196864887074   142.0697000388479
0.5391276639805903   87.13244554426745   136.16992718482186
0.5549324320192869   82.00192960577125   130.54320414561732
0.5712005238854289   77.12447542754364   125.17797618967101
0.5879455221237613   72.53337818590246   120.07247059613212
0.6051814074573895   68.21646994001739   115.21441496203317
0.622922570460556   64.13280231058917   110.58346336738195
0.6411838235736077   60.26823949656019   106.16929908902324
0.6599804134701901   56.627261295707925   101.96639960865119
0.6793280337869897   53.19770398618503   97.96374404288753
0.6992428382266549   49.9626080094116   94.14746022817292
0.7197414540448374   46.912840833078086   90.51049842588141
0.7408409959326054   44.03883433602725   87.04378192549825
0.7625590803058332   41.33131178781066   83.73842458999404
0.7849138400134885   38.78141912421267   80.58604611809852
0.8079239394770964   36.380710843157836   77.57874116820585
0.8316085902740278   34.121135963318274   74.7090504827912
0.8559875671776167   31.995024084694606   71.9699338768235
0.8810812246675007   29.995068500786495   69.3547077776808
0.9069105139239728   28.11428687363654   66.85669785984618
0.9334970003205227   26.34602846247889   64.46942815645505
0.960862881429187   24.68397979761821   62.186827449743475
0.9890310055537336   23.122150254879823   60.003203864765204
1.0180248908061487   21.654857842370543   57.91321870459675
1.047868744742366   20.276715446754487   55.911862261916696
1.0785874845736239   18.982617536902534   53.994431393525076
1.1102067579703248   17.767727789817364   52.15640222734311
1.1427529644757777   16.627467472115573   50.39321171951894
1.1762532775476793   15.557502039394988   48.700541817151084
1.210735667245765   14.553729382624518   47.07436542542549
1.246228923584555   13.612268817675444   45.5109253975762
1.2827626805706884   12.729450488681328   44.006715242750474
1.3203674409449337   11.90180517779824   42.55846139769228
1.3590746016495152   11.126054439356906   41.163101818483604
1.3989164800420282   10.39909941626202   39.81764292785592
1.4399263408778291   9.718012268714197   38.51915562353305
1.4821384240834183   9.080029770308892   37.2649138358054
1.525587973344019   8.48254498532689   36.052387676312875
1.5703112655292182   7.923099198680625   34.87922989005071
1.6163456409812174   7.39937420548795   33.74326341178975
1.6637295346910133   6.909184948459642   32.64246992053964
1.7125025083885144   6.450472308222206   31.57497926225199
1.7627052835733923   6.021295547193252   30.539059552610478
1.814379775514258   5.61982689124769   29.533108337543148
1.8675691282445197   5.2443458899446735   28.555644348342454
1.922317750584177   4.893233555847427   27.605299766778895
1.9786713532176083   4.564966790113621   26.680813029394667
2.0366769868582977   4.258113083802307   25.781022117459298
2.0963830815323896   3.9713254797260955   24.904858422226614
2.1578394870138577   3.7033372679611234   24.051360718843792
2.2210975144450407   3.452957105966803   23.219686564050672
2.286209979177315   3.2190658585141736   22.40906672353287
2.3532312448676476   3.0006125944689286   21.61879537903575
2.4222172688678643   2.7966106513600293   20.848225974476133
2.4932256489445366   2.6061339106811126   20.09676726015549
2.5663156713684585   2.4283132738253874   19.363879516699754
2.641548360413907   2.262333431936113   18.649085111254447
2.7189865293089923   2.1074309571837113   17.952144094851338
2.798694832679631   1.9628905344143914   17.272966586418704
2.8807398205309562   1.8280410155937228   16.61145277445747
2.9651899938111903   1.7022528363640979   15.967489417524634
3.05211586160442   1.5849355954481879   15.340950159819252
3.1415899999999994   1.475535762421285   14.731695870630814
