0.01   8565.261566160687   8561.619769315
0.010293154462191829   8702.566813422127   8698.56909192201
0.010594902878253955   8838.525116812512   8834.137321876082
0.010905497183778876   8972.894529937059   8968.079206854769
0.011225196699963396   9105.419970993831   9100.13606864944
0.011554268350120923   9235.839493991201   9230.042289128533
0.011892986882540897   9363.881049635567   9357.521983673929
0.012241635099881474   9489.256789063458   9482.28314959824
0.012600504095286909   9611.6715837389   9604.026428794214
0.012969893495426888   9730.824201057017   9722.446285207163
0.013350111710660605   9846.397991094625   9837.221099552798
0.013741476192534558   9958.06563380774   9948.018186328574
0.014144313698828986   10065.496434044046   10054.501510171514
0.01455896056637426   10168.351925913097   10156.32685986259
0.014985762991865008   10266.280856611414   10253.136350966894
0.01542507732090645   10358.930171442526   10344.570292528408
0.015877270345534218   10445.94643884   10430.268650821397
0.016342719610456153   10526.967530217456   10509.861802137579
0.016821813728271667   10601.629496432817   10582.978018707987
0.017314952703931925   10669.5734901455   10649.250992461875
0.017822548268711737   10730.44339526962   10708.31671866467
0.01834502422397195   10783.884718194688   10759.811891012863
0.018882816794999403   10829.552853777255   10803.383524715016
0.019436374995219892   10867.115944722407   10838.691965816943
0.02000616100108813   10896.257826234229   10865.413440934222
0.020592650537967844   10916.679499247368   10883.242000370501
0.021196333277324068   10928.101026916542   10891.891763461865
0.02181771324555934   10930.272935336741   10891.108194390363
0.022457309244835088   10922.981732524908   10880.673631663258
0.02311565528622961   10906.039636162146   10860.39743364192
0.023793301035594242   10879.293356864522   10830.125461191672
0.024490812272480036   10842.658480181759   10789.77686007169
0.025208771362518027   10796.092371373248   10739.314954393407
0.0259477777436476   10739.583621679007   10678.735834340398
0.02670844842659881   10673.200625470225   10608.118621906635
0.027491418510046592   10597.0965029865   10527.630425400961
0.028297341710866907   10511.454725378162   10437.469931035637
0.029126890909937666   10416.51575281725   10337.895380798227
0.029980758713939952   10312.66771547698   10229.319631943254
0.030859658033628758   10200.347851456469   10112.20633234909
0.031764322679055976   10080.012743103169   9987.038443832991
0.03269550797224261   9952.233325298072   9854.415802480267
0.033653991377811755   9817.677853140196   9715.0371709099
0.03464057315210884   9677.012776048874   9569.598020929983
0.03565607701135116   9530.9731942944   9418.859850459408
0.036701350819364466   9380.527647156636   9263.812604952833
0.03777726729548091   9226.658270563661   9105.456538149263
0.038884724743189276   9070.297003103711   8944.739501281758
0.04002464780014597   8912.236900965876   8782.476265465213
0.041197988210172884   8753.16013508683   8619.374082437407
0.04240572561788674   8593.70993902137   8456.098051567615
0.04364886838662332   8434.686523752902   8293.448363896154
0.04492845444033957   8277.341989514427   8132.626303193169
0.04624555213019635   8122.9189700128   7974.81609450575
0.04760126112654554   7972.526761397343   7821.069290391689
0.04899671333706607   7826.748109761991   7671.911903742168
0.05043307385181555   7685.847704930469   7527.554247001655
0.05191154191598653   7550.0543171795425   7388.173736002219
0.053433351931179485   7419.2247834515265   7253.598069218651
0.05499977448602865   7292.748207668425   7123.2163069481185
0.05661211741704101   7170.012650548232   6996.4204744726385
0.05827172690053434   7050.23556963565   6872.459131259493
0.05997998857658587   6932.394599152659   6750.377504971855
0.06173832870592997   6815.4987926133845   6629.257233618347
0.0635482153607709   6698.438974264468   6508.103414670324
0.06541115965050462   6580.044102348517   6385.888511089216
0.06732871698337338   6459.144771095594   6261.612536308266
0.06930248836510605   6334.372919592685   6134.176739338805
0.07133412173562886   6204.407844014656   6002.5431938008505
0.07342531334496233   6067.887727793031   5865.700703233354
0.07557780916945323   5923.5072332241525   5722.720548826852
0.07779340636952398   5770.357433835353   5573.074119964488
0.08007395479015682   5607.976447484741   5416.67883963049
0.08242135850536496   5436.582841562598   5253.991075917155
0.08483757740794096   5257.293133497804   5086.18218134949
0.08732462884580919   5071.882173128301   4914.892252265328
0.08988458930634863   4882.900782736288   4742.320657190683
0.09251959615009227   4693.198121720707   4570.786814712476
0.09523184939525078   4505.8050876188845   4402.646289312092
0.09802361355455057   4323.629652749985   4240.037249553456
0.10089721952591899   4149.333055956606   4084.8134888277255
0.10385506653859616   3985.300973151249   3938.4618660149295
0.10689962415629803   3833.467500090723   3802.1030255870223
0.11003343433910281   3695.1256354327975   3676.263246716915
0.11325911356578279   3570.808812019759   3560.946211311604
0.11657935501835284   3459.64023567757   3455.205383824547
0.11999693083066039   3359.63351634472   3357.3538802776693
0.12351469440289359   3267.4087296448974   3264.795809669417
0.12713558278394044   3178.9454300746265   3174.8910606752193
0.13086261912358757   3090.0272469575752   3085.118570616301
0.13469891519660646   2996.9620462626476   2993.2641345365064
0.13864767400083483   2897.062173507398   2898.109399970901
0.14271219243142114   2788.9676154221206   2799.549910287316
0.14689586403346616   2673.0523007460374   2698.074954634901
0.1512021818353596   2551.3324726047804   2595.017438810325
0.15563474126517718   2427.151246402916   2492.4637283367715
0.16019724315257297   2304.6202472510745   2392.786864544401
0.1648934968186736   2187.90762044306   2297.8573091993303
0.1697274232565544   2080.7362869819763   2209.367713739216
0.17470305840495237   1985.7665336963466   2128.1483222959814
0.17982455651794954   1903.7512089654783   2053.788708960303
0.18509619363343993   1832.8289202421242   1985.383981422865
0.19052237114327647   1768.9208496552444   1920.6450036177512
0.19610761946807834   1707.29039790524   1857.5216510564355
0.20185660183976684   1643.9532220926035   1794.5339734492238
0.20777411819498756   1576.1906837700528   1730.9464459698302
0.21386510918267082   1502.9913540673995   1667.3286408812528
0.22013466028907505   1425.8938373372166   1603.9150834340849
0.22658800608375756   1348.8196018356489   1542.1403588079834
0.23323053459001789   1276.1214784845433   1483.5218904095511
0.2400677917834628   1210.7029826999662   1428.5157734950283
0.24710548622244882   1153.5414497676204   1376.9568251788874
0.25434949381426813   1103.5429627065587   1328.5245050758713
0.2618058627210567   1057.6595240429642   1282.0400805327283
0.2694808184095226   1012.2995595060565   1236.7697798173733
0.27738076884870827   965.043021474009   1192.5945568015247
0.2855123098601282   915.5042150590633   1149.2617452674726
0.29388223062474755   865.6274110511862   1107.3011124372815
0.3024975193514008   818.3054733054626   1067.125207177792
0.31136536911138296   775.471488943734   1029.0329591388443
0.3204931838440838   737.3128067021495   992.762959113374
0.32988858453867975   702.4318305494077   958.1262511780131
0.3395594155970457   668.5503038929278   924.7286230276447
0.34951375138319807   634.3056148231577   892.3967799060098
0.3597599029647371   599.9620519596648   861.2248463958653
0.37030642505191835   566.8587528004334   831.3255055598485
0.3811621231401457   536.320210853705   802.7412342275859
0.3923360608618501   508.44716445844824   775.4181115139974
0.4038375675538918   482.27876235964004   749.2627542612404
0.41567624604680364   456.82276406266527   724.0972389776615
0.42786198068238046   431.80453699835647   699.87498266711
0.4404049455663077   407.781605140718   676.6097340758787
0.4533156130627191   385.35106554227474   654.3549560111518
0.4666047625377753   364.46212060252805   633.0536186804296
0.4802834893595659   344.6204176525131   612.6191564423782
0.49436321416184764   325.4751849482518   592.9478547113077
0.5088556923793517   307.1432982568361   574.0462996960779
0.5237730240626238   289.8655770771808   555.9276969703992
0.5391276639805903   273.6353133854204   538.5532006038919
0.5549324320192869   258.2196629485298   521.8558378479115
0.5712005238854289   243.5048599927878   505.78730984849767
0.5879455221237613   229.55149131857033   490.34074132643804
0.6051814074573895   216.3963627221647   475.50413198689967
0.622922570460556   203.9516384683469   461.2279817659707
0.6411838235736077   192.1383736677913   447.46751154291053
0.6599804134701901   180.95583075638422   434.2165056524773
0.6793280337869897   170.39849096411808   421.4562259177043
0.6992428382266549   160.41651609430613   409.1495519973846
0.7197414540448374   150.9728388110465   397.2573988969762
0.7408409959326054   142.04995608829688   385.7694293172679
0.7625590803058332   133.62371232885897   374.67152673070467
0.7849138400134885   125.66837808148635   363.93950694106906
0.8079239394770964   118.15944137375516   353.5508612353934
0.8316085902740278   111.07355838432052   343.48465130691477
0.8559875671776167   104.38850390678913   333.72140516387384
0.8810812246675007   98.0831274953314   324.2430170346006
0.9069105139239728   92.1374562437904   315.032471528094
0.9334970003205227   86.53265303083721   306.0737267155737
0.960862881429187   81.25075118818779   297.3519029155418
0.9890310055537336   76.27460923479642   288.85323076464874
1.0180248908061487   71.58788219171255   280.564985636601
1.047868744742366   67.17499318256289   272.4754271220627
1.0785874845736239   63.02110538175071   264.5737430430137
1.1102067579703248   59.11208371153125   256.849965089871
1.1427529644757777   55.43443175899102   249.2948017748923
1.1762532775476793   51.97531198264695   241.89972027820946
1.210735667245765   48.722535079398725   234.65695476791282
1.246228923584555   45.664531922421055   227.55946534032387
1.2827626805706884   42.790326372652245   220.6008992515958
1.3203674409449337   40.08950896635655   213.77555415320958
1.3590746016495152   37.55221143436131   207.07837813041317
1.3989164800420282   35.16908120240435   200.50578204847636
1.4399263408778291   32.93125791550194   194.05552517664728
1.4821384240834183   30.830351704564364   187.72569598367406
1.525587973344019   28.858421129427317   181.51464326441456
1.5703112655292182   27.0079518929274   175.42095712334594
1.6163456409812174   25.271836368723392   169.44345030037897
1.6637295346910133   23.643353926362742   163.5811398181951
1.7125025083885144   22.116150617452828   157.833679837735
1.7627052835733923   20.68421778508845   152.20248131904683
1.814379775514258   19.341879848511564   146.68918389703978
1.8675691282445197   18.083778792399432   141.29522056302494
1.922317750584177   16.904857933421976   136.02181988524796
1.9786713532176083   15.8003464042674   130.8700086799424
2.0366769868582977   14.765744331609115   125.84061511624297
2.0963830815323896   13.796808474225848   120.93431522581558
2.1578394870138577   12.88953552237354   116.15231425212968
2.2210975144450407   12.04015081964215   111.49610424657105
2.286209979177315   11.245099343313827   106.96680169147056
2.3532312448676476   10.501033859542988   102.56514608170819
2.4222172688678643   9.804803559087086   98.29152048447013
2.4932256489445366   9.153443257958116   94.14597226744782
2.5663156713684585   8.544163141018549   90.12823403395191
2.641548360413907   7.974341375348955   86.23792903068113
2.7189865293089923   7.441518353893222   82.47489517623397
2.798694832679631   6.943380921507278   78.83868672446432
2.8807398205309562   6.477753023163228   75.3284973754531
2.9651899938111903   6.04258818871035   71.94319155035271
3.05211586160442   5.635962381247731   68.68133483608308
3.1415899999999994   5.2560671953055795   65.5412234707612
