0.01   17721.24637634789   17719.461336247427
0.010293154462191829   17844.156196894448   17842.258149475107
0.010594902878253955   17955.96179183705   17953.94466843224
0.010905497183778876   18056.032291321008   18053.88955610952
0.011225196699963396   18143.7021431958   18141.425276897317
0.011554268350120923   18218.31221515462   18215.89041475265
0.011892986882540897   18279.2197349789   18276.640014712233
0.012241635099881474   18325.762205686857   18323.010468918612
0.012600504095286909   18357.274775165188   18354.33659944629
0.012969893495426888   18373.12415386426   18369.98489331544
0.013350111710660605   18372.690966547823   18369.33506965482
0.013741476192534558   18355.34706054741   18351.756468292144
0.014144313698828986   18320.505436913325   18316.659501451013
0.01455896056637426   18267.626971485726   18263.50252840319
0.014985762991865008   18196.185135952168   18191.755838498746
0.01542507732090645   18105.696671400685   18100.932840553596
0.015877270345534218   17995.750183607586   17990.619130848572
0.016342719610456153   17865.993058094013   17860.45879328561
0.016821813728271667   17716.127395408814   17710.15005076198
0.017314952703931925   17545.943767443376   17539.48007355714
0.017822548268711737   17355.32961129246   17348.33374098072
0.01834502422397195   17144.276194981947   17136.701571340243
0.018882816794999403   16912.880618569732   16904.680965917698
0.019436374995219892   16661.349725582775   16652.47983310026
0.02000616100108813   16390.045031911268   16380.463441178748
0.020592650537967844   16099.48448331218   16089.156185564778
0.021196333277324068   15790.293502944036   15779.190411690008
0.02181771324555934   15463.246332928578   15451.349595068927
0.022457309244835088   15119.376795697914   15106.68402713877
0.02311565528622961   14759.832406640004   14746.358516208124
0.023793301035594242   14385.844066458832   14371.62063210452
0.024490812272480036   13998.943141169368   13984.024391132143
0.025208771362518027   13600.867434328422   13585.333404115194
0.0259477777436476   13193.349697766263   13177.303111000541
0.02670844842659881   12778.2841774593   12761.849299741642
0.027491418510046592   12357.953738089062   12341.278029901996
0.028297341710866907   11934.579186422236   11917.829432730263
0.029126890909937666   11510.293576756476   11493.651444551237
0.029980758713939952   11087.615017232318   11071.274777058446
0.030859658033628758   10669.103355693513   10653.26849483649
0.031764322679055976   10257.030909576772   10241.90977210927
0.03269550797224261   9853.738531130928   9839.532750294225
0.033653991377811755   9461.833568959237   9448.723109984392
0.03464057315210884   9083.569376585256   9071.712465341838
0.03565607701135116   8720.871017995018   8710.401098335633
0.036701350819364466   8375.671336556172   8366.670398191882
0.03777726729548091   8049.661062422882   8042.156736514704
0.038884724743189276   7744.185497128567   7738.159050943694
0.04002464780014597   7460.4176217840495   7455.768873268311
0.041197988210172884   7199.421592550571   7195.930184632138
0.04240572561788674   6962.055723951796   6959.395782172889
0.04364886838662332   6748.553341161315   6746.308977179279
0.04492845444033957   6557.816964648319   6555.496017044013
0.04624555213019635   6388.669496505228   6385.708822509587
0.04760126112654554   6239.694627996133   6235.460145629788
0.04899671333706607   6108.523539910746   6102.306018015741
0.05043307385181555   5992.833080330012   5983.847880751004
0.05191154191598653   5890.093156188161   5877.5122076441685
0.053433351931179485   5797.331738210949   5780.331954201073
0.05499977448602865   5711.5636661352855   5689.347659878986
0.05661211741704101   5628.636132428028   5600.565393044485
0.05827172690053434   5543.97657865488   5509.642205858477
0.05997998857658587   5452.740618590863   5412.071687822344
0.06173832870592997   5349.708928495905   5303.109500979154
0.0635482153607709   5230.2123121959885   5178.5815863335965
0.06541115965050462   5090.480598799485   5035.235005218483
0.06732871698337338   4927.974705683176   4871.013826630399
0.06930248836510605   4742.459810291731   4686.134853698513
0.07133412173562886   4535.064289560736   4482.066258354608
0.07342531334496233   4308.629578663726   4261.865818507662
0.07557780916945323   4067.2537174648487   4029.6170219369023
0.07779340636952398   3816.573894518016   3790.6655954678426
0.08007395479015682   3562.879997039049   3550.872051368395
0.08242135850536496   3312.8794765944644   3316.3938211667387
0.08483757740794096   3074.1663541157477   3093.8224376302824
0.08732462884580919   2853.616119894464   2888.9956576971176
0.08988458930634863   2657.433633908008   2706.836168286182
0.09251959615009227   2490.3444494388964   2550.951437827019
0.09523184939525078   2354.3394863585854   2422.4883619638163
0.09802361355455057   2249.5035037217776   2320.9339921510787
0.10089721952591899   2172.9584471413323   2243.115260374047
0.10385506653859616   2120.235132643576   2184.7103861961104
0.10689962415629803   2084.9234207589216   2140.0965296716568
0.11003343433910281   2059.188017754854   2102.560641546046
0.11325911356578279   2034.3382798478308   2064.9935451352044
0.11657935501835284   2001.487936747644   2020.7144933630823
0.11999693083066039   1953.1095149875664   1964.3574203657124
0.12351469440289359   1884.0492727097921   1892.6598370514168
0.12713558278394044   1792.5400113717083   1805.2041259747978
0.13086261912358757   1680.764491950199   1704.370654511577
0.13469891519660646   1555.1625368210712   1595.5087120760309
0.13864767400083483   1425.6961314207465   1486.0498053283052
0.14271219243142114   1303.6924506409691   1383.8315908992338
0.14689586403346616   1198.574842820343   1295.1394826362325
0.1512021818353596   1115.584420227192   1222.4625547080443
0.15563474126517718   1055.9354509487964   1165.8196554201402
0.16019724315257297   1017.6303072637422   1123.2998969518412
0.1648934968186736   995.2888703187283   1090.6823406488224
0.1697274232565544   980.0155210213408   1062.00196467333
0.17470305840495237   961.306311138751   1030.9833091050918
0.17982455651794954   930.9423707737495   993.1699134781453
0.18509619363343993   885.4292224245763   948.0371276198713
0.19052237114327647   826.2722212571431   896.8111455657536
0.19610761946807834   759.8050025591293   843.1607452009871
0.20185660183976684   695.300342005604   792.3486549169835
0.20777411819498756   640.9901728409804   747.9672584892201
0.21386510918267082   601.1981965304534   711.7160059024359
0.22013466028907505   575.5121259106826   682.3492229146608
0.22658800608375756   558.7161657908083   657.4875325999257
0.23323053459001789   542.975088198441   633.15773333101
0.2400677917834628   521.7913470167351   606.6852156121356
0.24710548622244882   492.37215113625257   578.435673271501
0.25434949381426813   456.761169123534   548.8486832921421
0.2618058627210567   420.97895344895784   520.2682755883988
0.2694808184095226   390.8609079128112   494.75347705476526
0.27738076884870827   368.7896146152723   472.33012262381897
0.2855123098601282   353.1033239387096   452.69989639527614
0.29388223062474755   339.13506333659404   433.7925270534633
0.3024975193514008   322.5639613807319   414.95006756635223
0.31136536911138296   302.3811616122161   395.82522106490654
0.3204931838440838   280.9098164187855   377.23619263385535
0.32988858453867975   261.72974111480784   359.8623492819015
0.3395594155970457   246.66079741075836   344.14608454816243
0.34951375138319807   234.51817743275194   329.5464105056955
0.3597599029647371   222.63508784469587   315.4457274963746
0.37030642505191835   209.42792582371845   301.75562169584344
0.3811621231401457   195.56952570366732   288.50819438929494
0.3923360608618501   182.8971098102028   275.9732613579731
0.4038375675538918   172.26661732086342   264.3157462442725
0.41567624604680364   162.84273618177394   253.31991167513996
0.42786198068238046   153.37820322833153   242.73012331988716
0.4404049455663077   143.6890783248806   232.54730003731422
0.4533156130627191   134.56214482494616   222.8988280911358
0.4666047625377753   126.49277258208556   213.8162767964358
0.4802834893595659   119.08936293234646   205.20487357256923
0.49436321416184764   111.82876621327334   196.9627990439092
0.5088556923793517   104.78277709860087   189.0746995539646
0.5237730240626238   98.2879317958546   181.61649926224717
0.5391276639805903   92.32378344336261   174.54330026012326
0.5549324320192869   86.63606869706004   167.79413238299904
0.5712005238854289   81.19185078082776   161.35399965899768
0.5879455221237613   76.11319668890329   155.2392233868669
0.6051814074573895   71.35120619498127   149.41589915752053
0.622922570460556   66.88051637489141   143.86699827858524
0.6411838235736077   62.682393134594975   138.5781746754309
0.6599804134701901   58.739451264337596   133.53590116260324
0.6793280337869897   55.03554579422667   128.72741952780376
0.6992428382266549   51.555672798997705   124.14069383659037
0.7197414540448374   48.285892464930214   119.7643531684768
0.7408409959326054   45.213794342288296   115.58708859810375
0.7625590803058332   42.32843853558065   111.5975068820346
0.7849138400134885   39.61944586378813   107.78490156357229
0.8079239394770964   37.07692048450509   104.13926046814856
0.8316085902740278   34.69143603310279   100.65121583495751
0.8559875671776167   32.45402131166648   97.31199839115776
0.8810812246675007   30.356145422618027   94.11339451476552
0.9069105139239728   28.389631084402435   91.04752803410354
0.9334970003205227   26.546563470625806   88.10659638345385
0.960862881429187   24.819458709897052   85.28325762593471
0.9890310055537336   23.201269241213545   82.57066373868182
1.0180248908061487   21.685359486007822   79.96242476906035
1.047868744742366   20.265482808012624   77.45257595808334
1.0785874845736239   18.9357596968982   75.03554756378958
1.1102067579703248   17.690663056234637   72.7060665990932
1.1427529644757777   16.525017190361737   70.45888982317588
1.1762532775476793   15.43395376043617   68.28904872570354
1.210735667245765   14.412886587464472   66.19192623264095
1.246228923584555   13.457496552957414   64.16323235680878
1.2827626805706884   12.563717213280169   62.19898188371695
1.3203674409449337   11.727721100118577   60.2954739096456
1.3590746016495152   10.945905893640678   58.449265042316846
1.3989164800420282   10.214876189933095   56.657088981394644
1.4399263408778291   9.531436865942803   54.91588359253503
1.4821384240834183   8.892585893296374   53.22281783499479
1.525587973344019   8.295503291516345   51.575277696199784
1.5703112655292182   7.7375406331664545   49.97085281294908
1.6163456409812174   7.216211114365262   48.40732408000652
1.6637295346910133   6.7291802158869825   46.882656469488026
1.7125025083885144   6.274257815393255   45.3950735455855
1.7627052835733923   5.849389399764892   43.943029842041604
1.814379775514258   5.4526470080846465   42.52511064373882
1.8675691282445197   5.082221777292256   41.14002070143421
1.922317750584177   4.736416940214941   39.78657709814267
1.9786713532176083   4.413641208362439   38.46370247048456
2.0366769868582977   4.1124025075838135   37.17041967928692
2.0963830815323896   3.8313011575861853   35.90593014290589
2.1578394870138577   3.5690240052932736   34.66965138634848
2.2210975144450407   3.324340870404496   33.46106451517606
2.286209979177315   3.096099645913652   32.27969530608007
2.3532312448676476   2.883221516775064   31.12511066531402
2.4222172688678643   2.684696458659366   29.99691519605778
2.4932256489445366   2.4995790015982458   28.894747919589307
2.5663156713684585   2.3269848654574665   27.818387702923403
2.641548360413907   2.166088229514185   26.767952620019727
2.7189865293089923   2.016116245627421   25.743581624110814
2.798694832679631   1.8763454098240724   24.745364652553107
2.8807398205309562   1.7460985543414738   23.773344479032968
2.9651899938111903   1.6247420115397706   22.827518616964003
3.05211586160442   1.5116829407703223   21.907841265481505
3.1415899999999994   1.4063660454306233   21.014181662372316
