0.01   5551.893634467695   5551.706119654493
0.010293154462191829   5599.009284667307   5598.819959003848
0.010594902878253955   5643.294178613235   5643.10302248963
0.010905497183778876   5684.56590232256   5684.372843126321
0.011225196699963396   5722.643407770285   5722.448319528899
0.011554268350120923   5757.3405815862725   5757.143336666876
0.011892986882540897   5788.462430837497   5788.262985162355
0.012241635099881474   5815.816574737835   5815.614977801451
0.012600504095286909   5839.213419946437   5839.00976830609
0.012969893495426888   5858.458526796464   5858.252695530971
0.013350111710660605   5873.360543310508   5873.152090890263
0.013741476192534558   5883.735673454823   5883.52384719343
0.014144313698828986   5889.399388318985   5889.183310687809
0.01455896056637426   5890.166715624413   5889.94559171859
0.014985762991865008   5885.86396605717   5885.63709908432
0.01542507732090645   5876.328062758336   5876.094719484326
0.015877270345534218   5861.401060145342   5861.15997675187
0.016342719610456153   5840.939218014426   5840.688501276324
0.016821813728271667   5814.816409900581   5814.553573772472
0.017314952703931925   5782.921521953687   5782.643746122229
0.017822548268711737   5745.161081233147   5744.865412855813
0.01834502422397195   5701.4639708468385   5701.147355321788
0.018882816794999403   5651.785016140153   5651.444247616027
0.019436374995219892   5596.109060390572   5595.740631351034
0.02000616100108813   5534.44736860634   5534.047488428798
0.020592650537967844   5466.840189004558   5466.404916086807
0.021196333277324068   5393.376335354213   5392.902328061372
0.02181771324555934   5314.181754420256   5313.666638535768
0.022457309244835088   5229.408390565507   5228.850748961203
0.02311565528622961   5139.261067204352   5138.660645597154
0.023793301035594242   5044.010855030942   5043.368873297463
0.024490812272480036   4943.950837730434   4943.269927093619
0.025208771362518027   4839.405609073982   4838.689893524802
0.0259477777436476   4730.795461556398   4730.051458861225
0.02670844842659881   4618.571962197898   4617.808680728641
0.027491418510046592   4503.188273935241   4502.41691799728
0.028297341710866907   4385.182252648065   4384.416144737584
0.029126890909937666   4265.170513198483   4264.425000336222
0.029980758713939952   4143.743942879329   4143.036032915696
0.030859658033628758   4021.499574394079   4020.847558072698
0.031764322679055976   3899.132972458998   3898.5560420973447
0.03269550797224261   3777.3110791381077   3776.829011423869
0.033653991377811755   3656.6497055506534   3656.2824967444785
0.03464057315210884   3537.8707739451374   3537.637119833449
0.03565607701135116   3421.7360969263154   3421.652464335714
0.036701350819364466   3308.9127083069943   3308.9935141249807
0.03777726729548091   3199.9414775349337   3200.197690381525
0.038884724743189276   3095.204274749171   3095.640104585224
0.04002464780014597   2995.0092913776293   2995.6225831166616
0.041197988210172884   2899.648939254595   2900.4314739829233
0.04240572561788674   2809.6908345825836   2810.6240597183414
0.04364886838662332   2725.7824434247864   2726.83636909518
0.04492845444033957   2648.4644004516044   2649.5991502272796
0.04624555213019635   2577.6594196270435   2578.8272905388185
0.04760126112654554   2512.684537782714   2513.8316544516333
0.04899671333706607   2452.890822556866   2453.9574640336386
0.05043307385181555   2397.6786495127153   2398.597513313508
0.05191154191598653   2346.4887283511052   2347.1830292238214
0.053433351931179485   2298.7851109076405   2299.169611645724
0.05499977448602865   2253.8095913230595   2253.798041877219
0.05661211741704101   2210.6942534932323   2210.2040147263147
0.05827172690053434   2168.5274540684204   2167.4848408527832
0.05997998857658587   2126.1625577415384   2124.517669281165
0.06173832870592997   2082.464341018724   2080.195033095362
0.0635482153607709   2036.169593363418   2033.2966108274982
0.06541115965050462   1986.024411756493   1982.6183804426796
0.06732871698337338   1931.0222954165117   1927.2061104551271
0.06930248836510605   1870.429106211263   1866.3779694292255
0.07133412173562886   1803.9458470004315   1799.8809709321292
0.07342531334496233   1731.7711526101368   1727.9510942609209
0.07557780916945323   1654.596333723616   1651.2991299399075
0.07779340636952398   1573.6023037686575   1571.10683542864
0.08007395479015682   1490.2669533243138   1488.8419289839537
0.08242135850536496   1406.2450142690514   1406.136755982631
0.08483757740794096   1323.332125554836   1324.7283183723591
0.08732462884580919   1243.332754612934   1246.3380180642507
0.08988458930634863   1168.1592969419164   1172.762489129641
0.09251959615009227   1099.4294009818266   1105.5093815261707
0.09523184939525078   1038.5775907219324   1045.8834619608294
0.09802361355455057   986.494428038414   994.6664148807845
0.10089721952591899   943.3499301274053   951.9289515780008
0.10385506653859616   908.6139465918142   917.1042472823424
0.10689962415629803   881.017644641501   888.9524701957505
0.11003343433910281   858.7188677067413   865.696282988579
0.11325911356578279   839.525739737572   845.2526781223098
0.11657935501835284   820.992508756274   825.3728864326788
0.11999693083066039   800.7450267693691   803.9148227846374
0.12351469440289359   776.7089228825492   779.0418770788621
0.12713558278394044   747.5225228365294   749.593361233736
0.13086261912358757   712.7683694519125   715.348693806181
0.13469891519660646   673.0306997250702   676.9669596919705
0.13864767400083483   629.8413777162134   635.8275172396111
0.14271219243142114   585.5524895106917   594.0698769685998
0.14689586403346616   543.0252704239455   554.1732306851194
0.1512021818353596   505.0060545907115   518.4600839196296
0.15563474126517718   473.3770066245278   488.4698248656959
0.16019724315257297   448.66315328326   464.48968270734235
0.1648934968186736   430.1465258810049   445.7821433949537
0.1697274232565544   416.2828910052993   430.9665510592754
0.17470305840495237   404.8682626878916   418.10120601587494
0.17982455651794954   393.18657603704276   405.01653732833284
0.18509619363343993   378.75962440195934   389.7746193488023
0.19052237114327647   360.4135336632724   371.50895313600256
0.19610761946807834   338.62408147826375   350.77955826725315
0.20185660183976684   315.0490835513936   329.01309149140224
0.20777411819498756   291.9492695403946   307.877251406988
0.21386510918267082   271.6087301871472   289.1025602492077
0.22013466028907505   255.3760708248439   273.5547177527063
0.22658800608375756   243.21219801988636   261.12643912578284
0.23323053459001789   233.8618112780821   250.78087570427442
0.2400677917834628   225.2680723177472   241.01382423629033
0.24710548622244882   215.47370549000036   230.51119161108937
0.25434949381426813   203.69070507606594   218.7866132289075
0.2618058627210567   190.44431840228026   206.3958823328685
0.2694808184095226   177.1350216739314   194.18574167640455
0.27738076884870827   165.37024608864706   183.18125466659245
0.2855123098601282   155.93071521228723   173.82674913954116
0.29388223062474755   148.40085761628598   165.74163649058096
0.3024975193514008   141.62594245242883   158.2268598767708
0.31136536911138296   134.41379865350657   150.577112010646
0.3204931838440838   126.36942282159758   142.67228902391153
0.32988858453867975   118.08228172336146   134.83704775783363
0.3395594155970457   110.45246334029362   127.54715069887362
0.34951375138319807   103.99753661198295   121.02478568452021
0.3597599029647371   98.48602877540137   115.11645311408262
0.37030642505191835   93.22631012778714   109.46019002261832
0.3811621231401457   87.75897584723145   103.86534659747599
0.3923360608618501   82.21603652939226   98.41870141187931
0.4038375675538918   77.04329614279808   93.2908020519438
0.41567624604680364   72.48690636776298   88.57082177359916
0.42786198068238046   68.36514145017343   84.15949419428365
0.4404049455663077   64.35187672410069   79.92610749019093
0.4533156130627191   60.37054152491011   75.85314766351168
0.4666047625377753   56.59914446218992   71.99523097976662
0.4802834893595659   53.16877791549518   68.38171032602105
0.49436321416184764   49.996668021961085   64.98063752568501
0.5088556923793517   46.94495268902266   61.736856567264574
0.5237730240626238   44.0144114468135   58.64992596322027
0.5391276639805903   41.28223535156268   55.7399493439795
0.5549324320192869   38.74843790314876   52.993797168488015
0.5712005238854289   36.349579304981866   50.389747920400914
0.5879455221237613   34.06953399093646   47.919817003261315
0.6051814074573895   31.935008179364722   45.585216919973426
0.622922570460556   29.934341000748827   43.379386681248214
0.6411838235736077   28.052097851510574   41.290549050441506
0.6599804134701901   26.281799077363605   39.312532254337285
0.6793280337869897   24.61747061110347   37.43959969114878
0.6992428382266549   23.05339260310348   35.6662866315641
0.7197414540448374   21.58409457090805   33.98739047305351
0.7408409959326054   20.204350027531035   32.39796102584102
0.7625590803058332   18.90917066536839   30.893290870190413
0.7849138400134885   17.693782443878646   29.46887339642389
0.8079239394770964   16.553540768116864   28.120244016468646
0.8316085902740278   15.484014342308543   26.84312473958429
0.8559875671776167   14.481017956455037   25.633489129367543
0.8810812246675007   13.540599930562665   24.48754732748461
0.9069105139239728   12.659030060590071   23.401731854589716
0.9334970003205227   11.832788120848052   22.372684270979928
0.960862881429187   11.058552901593872   21.397242644739187
0.9890310055537336   10.333194528241647   20.472410411072012
1.0180248908061487   9.653770430149775   19.595300468232004
1.047868744742366   9.01750607757184   18.76318864633723
1.0785874845736239   8.42178392198317   17.973519301123225
1.1102067579703248   7.864135328400233   17.223894192721144
1.1427529644757777   7.34223286105356   16.51206213998911
1.1762532775476793   6.8538829115431215   15.835909393656541
1.210735667245765   6.397018653860847   15.193450482553184
1.246228923584555   5.969692396617995   14.58278069575484
1.2827626805706884   5.5700684119893165   14.002029549027968
1.3203674409449337   5.196419005922841   13.449439560036495
1.3590746016495152   4.847118886744787   12.923369907994063
1.3989164800420282   4.52063950430848   12.422287908519063
1.4399263408778291   4.215543671549457   11.944761166122065
1.4821384240834183   3.9304804566062077   11.489450346484807
1.525587973344019   3.6641803279287304   11.055101781243392
1.5703112655292182   3.415450294052001   10.640508786512887
1.6163456409812174   3.183169527793213   10.244498967933003
1.6637295346910133   2.9662856388639307   9.865977204503587
1.7125025083885144   2.763810757723666   9.503923368954151
1.7627052835733923   2.574817796845126   9.157386718406276
1.814379775514258   2.398436912251541   8.825480750548772
1.8675691282445197   2.2338521558112197   8.507378483298274
1.922317750584177   2.0802982852708944   8.202306320561856
1.9786713532176083   1.9370573695382673   7.909508405447711
2.0366769868582977   1.8034561447498292   7.628251931440374
2.0963830815323896   1.678863773970041   7.357855945785257
2.1578394870138577   1.5626893034004699   7.097688588512845
2.2210975144450407   1.4543792480027646   6.847163474414997
2.286209979177315   1.3534153152552555   6.605736379383679
2.3532312448676476   1.2593122597290722   6.372902201994061
2.4222172688678643   1.1716159330580032   6.148194631923923
2.4932256489445366   1.0899019613418197   5.931204767306254
2.5663156713684585   1.0137734573940074   5.721564842851521
2.641548360413907   0.9428589060295505   5.518931179716646
2.7189865293089923   0.876810617209231   5.322982428253566
2.798694832679631   0.8153032719397734   5.133418105671638
2.8807398205309562   0.7580325509417208   4.9499572348379886
2.9651899938111903   0.7047138418482334   4.772337075720991
3.05211586160442   0.6550806654252884   4.600302101645953
3.1415899999999994   0.608882051059927   4.4335586887512
