0.01   29170.10785804061   29160.075833449588
0.010293154462191829   29369.23387384781   29358.344264893025
0.010594902878253955   29551.413227058536   29539.597262238643
0.010905497183778876   29715.720053135763   29702.90390144525
0.011225196699963396   29861.184841201535   29847.287451919557
0.011554268350120923   29986.838488491157   29971.771006844196
0.011892986882540897   30091.73744812812   30075.403538529692
0.012241635099881474   30174.928401648027   30157.224928061532
0.012600504095286909   30235.4483024736   30216.266141801258
0.012969893495426888   30272.375263500795   30251.599913624636
0.013350111710660605   30284.820008169572   30262.330973410924
0.013741476192534558   30271.884502370714   30247.551248078715
0.014144313698828986   30232.71929492564   30206.40104091777
0.01455896056637426   30166.543650627922   30138.090266126183
0.014985762991865008   30072.616563658572   30041.86706312969
0.01542507732090645   29950.2528809942   29917.034719957384
0.015877270345534218   29798.86090610406   29762.99159520013
0.016342719610456153   29617.944022477117   29579.23261273986
0.016821813728271667   29407.098036032374   29365.346233007996
0.017314952703931925   29166.03218264803   29121.036491303894
0.017822548268711737   28894.58214771677   28846.136555521894
0.01834502422397195   28592.75059298296   28540.65113832054
0.018882816794999403   28260.692251417375   28204.74071935357
0.019436374995219892   27898.696197279198   27838.7028514885
0.02000616100108813   27507.262457900833   27443.054094356794
0.020592650537967844   27087.15180227355   27018.58315783746
0.021196333277324068   26639.261315770396   26566.217463125307
0.02181771324555934   26164.655452714313   26087.055674767274
0.022457309244835088   25664.79369648862   25582.608055621768
0.02311565528622961   25141.324976214153   25054.5790056064
0.023793301035594242   24595.97567802995   24504.748554087793
0.024490812272480036   24030.837242405883   23935.27067515438
0.025208771362518027   23448.381348684976   23348.688550765084
0.0259477777436476   22851.0689956186   22747.528651087938
0.02670844842659881   22241.486998502383   22134.43879262692
0.027491418510046592   21622.827777017046   21512.675307787875
0.028297341710866907   20998.28141231605   20885.484650894254
0.029126890909937666   20370.8689794328   20255.93354765549
0.029980758713939952   19743.972606946743   19627.436397297646
0.030859658033628758   19121.155142613035   19003.57576856244
0.031764322679055976   18505.639096133305   18387.584720488067
0.03269550797224261   17900.64814152075   17782.66810695113
0.033653991377811755   17309.947639033024   17192.51168786366
0.03464057315210884   16736.962316312296   16620.45512561475
0.03565607701135116   16184.603221438592   16069.326650378334
0.036701350819364466   15655.004511656784   15541.15017975398
0.03777726729548091   15149.75547898158   15037.396388500048
0.038884724743189276   14670.165460065404   14559.267486658864
0.04002464780014597   14217.94167374006   14108.259987025694
0.041197988210172884   13795.672405638861   13686.566165639339
0.04240572561788674   13405.70216028719   13296.154643109789
0.04364886838662332   13049.098514046153   12937.79805135227
0.04492845444033957   12722.597688450369   12608.159629141908
0.04624555213019635   12422.121025481609   12303.144426279854
0.04760126112654554   12144.001851941875   12019.065607745044
0.04899671333706607   11885.03442367372   11752.684724892035
0.05043307385181555   11642.316303514017   11501.066651537636
0.05191154191598653   11412.491809624502   11260.919016824593
0.053433351931179485   11190.897983351568   11027.854517045873
0.05499977448602865   10972.90102132074   10797.563947776862
0.05661211741704101   10752.866627575888   10565.028073802603
0.05827172690053434   10524.647752589475   10324.91055974723
0.05997998857658587   10282.211356817566   10072.187835110855
0.06173832870592997   10019.339697927806   9802.0357567264
0.0635482153607709   9730.915395059854   9510.66282609511
0.06541115965050462   9414.1027789733   9196.437995732502
0.06732871698337338   9067.744919177107   8859.151505665126
0.06930248836510605   8693.833352463655   8501.363684254775
0.07133412173562886   8296.167104162709   8127.054258542087
0.07342531334496233   7881.400517472243   7742.538390828869
0.07557780916945323   7457.1530251043705   7354.647648497206
0.07779340636952398   7032.111761403221   6970.611764703319
0.08007395479015682   6615.07929158517   6597.488447603006
0.08242135850536496   6215.122356263073   6242.3208745865295
0.08483757740794096   5841.36438762487   5911.619344008043
0.08732462884580919   5502.083968122487   5610.981604048492
0.08988458930634863   5203.431765501203   5343.889637453117
0.09251959615009227   4949.609220872373   5112.096965133053
0.09523184939525078   4740.255996697461   4914.06400826876
0.09802361355455057   4572.140316869744   4746.203556647555
0.10089721952591899   4437.670268236548   4602.084328121785
0.10385506653859616   4327.355350715165   4474.240941283444
0.10689962415629803   4229.570589035725   4354.312013311139
0.11003343433910281   4132.257840775402   4234.384875376382
0.11325911356578279   4023.7903953032032   4107.540576502229
0.11657935501835284   3894.7103352258027   3968.8661553627207
0.11999693083066039   3739.4542366863107   3816.0154178483554
0.12351469440289359   3557.155176844052   3649.707682002067
0.12713558278394044   3351.9788382089396   3474.1130475771183
0.13086261912358757   3132.4602383089723   3294.973386986424
0.13469891519660646   2910.752783110571   3119.4518872905905
0.13864767400083483   2700.996329421878   2954.789254015072
0.14271219243142114   2516.314904177176   2806.332616956974
0.14689586403346616   2364.620878034885   2678.3560836940155
0.1512021818353596   2246.7656397041374   2567.9582747858426
0.15563474126517718   2157.962030460017   2472.103626310644
0.16019724315257297   2089.817944968073   2386.6904348063595
0.1648934968186736   2030.9964164682456   2305.8612238476603
0.1697274232565544   1968.1728098719263   2224.4266832074118
0.17470305840495237   1890.2156563122153   2138.2532476733004
0.17982455651794954   1793.3248132779743   2046.9287149021068
0.18509619363343993   1681.4452527994904   1954.4487954583851
0.19052237114327647   1563.407153914908   1863.4099077693656
0.19610761946807834   1450.4141209121192   1776.93715846304
0.20185660183976684   1352.7356424659   1698.1167906260844
0.20777411819498756   1275.4379739635924   1627.3205994135926
0.21386510918267082   1216.8669443424503   1563.7559388751074
0.22013466028907505   1170.0247115241757   1504.5732590867278
0.22658800608375756   1124.7774872049217   1447.261920793687
0.23323053459001789   1072.6648603747824   1390.1784234859163
0.2400677917834628   1011.5137124891198   1332.7530340287549
0.24710548622244882   944.9124345059803   1277.2730147434286
0.25434949381426813   879.8618506232938   1224.305163067595
0.2618058627210567   823.4103629774022   1174.416612130506
0.2694808184095226   777.9571758215303   1128.4394939636068
0.27738076884870827   740.5641377065455   1085.2934811622154
0.2855123098601282   705.6016872633073   1044.0618414324056
0.29388223062474755   668.0874328125851   1003.5018333061987
0.3024975193514008   627.2616524304684   964.8634462218843
0.31136536911138296   586.4290344918996   927.6306116281172
0.3204931838440838   549.4570680897516   892.1315542406023
0.32988858453867975   517.9965707255998   858.8833558949809
0.3395594155970457   490.3723068971673   827.3747336140182
0.34951375138319807   463.47399606960647   797.1017111376366
0.3597599029647371   435.7908874983411   767.9504619277735
0.37030642505191835   408.35143267193513   740.0381752117629
0.3811621231401457   383.0696942124643   713.4870941183674
0.3923360608618501   360.59574792025904   688.329333022854
0.4038375675538918   339.88593241854386   664.4018126826195
0.41567624604680364   319.6421786743483   641.3480646662734
0.42786198068238046   299.8378273385852   619.2489683024432
0.4404049455663077   281.2629309503748   598.1704114323406
0.4533156130627191   264.2784435313358   578.1145234118732
0.4666047625377753   248.40379899886602   558.9572308995953
0.4802834893595659   233.15033761038612   540.5611031656388
0.49436321416184764   218.6261310895357   522.9320572618276
0.5088556923793517   205.09970021761438   506.1044323715623
0.5237730240626238   192.4822625861382   490.00987753833044
0.5391276639805903   180.52395418050915   474.5550925514158
0.5549324320192869   169.2077653334612   459.7359031869162
0.5712005238854289   158.58871748980715   445.49860891198773
0.5879455221237613   148.72157562323628   431.88949679802914
0.6051814074573895   139.43236011001665   418.82681376447147
0.622922570460556   130.65232718249055   406.242653407749
0.6411838235736077   122.36885296670378   394.1156862133524
0.6599804134701901   114.56738334126467   382.4256649472645
0.6793280337869897   107.23181632163224   371.1533640500436
0.6992428382266549   100.3448506635137   360.28052273853405
0.7197414540448374   93.88826179774964   349.78975476664215
0.7408409959326054   87.84016389136234   339.66151089446316
0.7625590803058332   82.17410312664641   329.87227249971806
0.7849138400134885   76.86497763591592   320.39970078256835
0.8079239394770964   71.8894953429507   311.22308027484206
0.8316085902740278   67.22602959349229   302.32320867930235
0.8559875671776167   62.85448722718376   293.6822965224357
0.8810812246675007   58.756189943155505   285.28387615036104
0.9069105139239728   54.91417836441428   277.11282967874087
0.9334970003205227   51.313464221235336   269.15543335037665
0.960862881429187   47.939956827574115   261.39904685963074
0.9890310055537336   44.780287398405186   253.83201490142085
1.0180248908061487   41.82178121445226   246.44361028837335
1.047868744742366   39.05243001620385   239.2239813439247
1.0785874845736239   36.460864667936896   232.16410315791012
1.1102067579703248   34.03626972908487   225.25579978934846
1.1427529644757777   31.768269995152814   218.49181957254544
1.1762532775476793   29.647078827693427   211.86561308123444
1.210735667245765   27.66349862613215   205.37125850946956
1.246228923584555   25.808886898363177   199.003427768489
1.2827626805706884   24.075124185490367   192.75735419066044
1.3203674409449337   22.454583745817676   186.62880161881137
1.3590746016495152   20.940109542231696   180.6143326136702
1.3989164800420282   19.525004797049377   174.71206314015444
1.4399263408778291   18.20298160893324   168.9206307438094
1.4821384240834183   16.968131216841762   163.23887742965084
1.525587973344019   15.814902610600326   157.66583312764143
1.5703112655292182   14.738082235362432   152.20069943841992
1.6163456409812174   13.732774742535412   146.84283365009895
1.6637295346910133   12.794383786563424   141.59198888411925
1.7125025083885144   11.918591372300307   136.4492743677328
1.7627052835733923   11.101345895045766   131.41607807242778
1.814379775514258   10.33884812516305   126.4936133312614
1.8675691282445197   9.627536251386672   121.68291944362605
1.922317750584177   8.964071752102537   116.98486290874779
1.9786713532176083   8.34532605374236   112.40013907717405
2.0366769868582977   7.76836762221818   107.92939006378457
2.0963830815323896   7.230448471715956   103.57383569361903
2.1578394870138577   6.72899471721436   99.33469677788725
2.2210975144450407   6.261596891971164   95.21285086422019
2.286209979177315   5.825999850352827   91.20884801590435
2.3532312448676476   5.42009325768609   87.32292808244391
2.4222172688678643   5.041902638173348   83.5550381615442
2.4932256489445366   4.6895813202546845   79.9049092770785
2.5663156713684585   4.361405239804737   76.3725303076591
2.641548360413907   4.055763020372717   72.95781946412025
2.7189865293089923   3.771147071926606   69.6603304405605
2.798694832679631   3.506147204522428   66.47927941002192
2.8807398205309562   3.2594446269066677   63.41357451916148
2.9651899938111903   3.029806291090848   60.461844611491664
3.05211586160442   2.816078920477935   57.622414172656285
3.1415899999999994   2.61717704885024   54.892739396254726
