0.01   20264.311674040415   20262.55404131419
0.010293154462191829   20389.08705279812   20387.21026013952
0.010594902878253955   20501.70119802449   20499.695975932475
0.010905497183778876   20601.505985964086   20599.361599653297
0.011225196699963396   20687.821830133675   20685.526458961318
0.011554268350120923   20759.958679812928   20757.499675637235
0.011892986882540897   20817.247124044337   20814.611068388476
0.012241635099881474   20859.017600219293   20856.190246896498
0.012600504095286909   20884.581968133603   20881.548088806016
0.012969893495426888   20893.28072913567   20890.024177707368
0.013350111710660605   20884.48460360877   20880.9881439173
0.013741476192534558   20857.550683022873   20853.794275879387
0.014144313698828986   20811.86217951711   20807.822394140705
0.01455896056637426   20746.856735168127   20742.506934763926
0.014985762991865008   20661.999790139584   20657.309850070214
0.01542507732090645   20556.78170032822   20551.717638618702
0.015877270345534218   20430.764186895645   20425.28848925123
0.016342719610456153   20283.580630186614   20277.652401330048
0.016821813728271667   20114.914478279807   20108.48876822858
0.017314952703931925   19924.532388010615   19917.560477287458
0.017822548268711737   19712.299462964384   19704.729526551808
0.01834502422397195   19478.184262730272   19469.96192903901
0.018882816794999403   19222.262971563567   19213.33197391449
0.019436374995219892   18944.72274438108   18935.025789904867
0.02000616100108813   18645.88648489444   18635.368195810734
0.020592650537967844   18326.251933801064   18314.865223027835
0.021196333277324068   17986.437228213264   17974.144633431137
0.02181771324555934   17627.182834636602   17613.957339239172
0.022457309244835088   17249.481387742293   17235.312570317175
0.02311565528622961   16854.500418343963   16839.39741295117
0.023793301035594242   16443.48402677826   16427.47449860688
0.024490812272480036   16017.888262087818   16001.023037884625
0.025208771362518027   15579.476675468064   15561.838373758204
0.0259477777436476   15130.044019700568   15111.744518873566
0.02670844842659881   14671.446662412998   14652.624400911262
0.027491418510046592   14205.977725354958   14186.801758622472
0.028297341710866907   13736.00990894567   13716.677602715976
0.029126890909937666   13263.786136207022   13244.517249982207
0.029980758713939952   12791.755237312584   12772.788533313822
0.030859658033628758   12322.595157117956   12304.185483675275
0.031764322679055976   11858.73401434614   11841.146641021018
0.03269550797224261   11402.533974796606   11386.034946757141
0.033653991377811755   10956.923903615112   10941.758222297276
0.03464057315210884   10524.626048331791   10511.01319320305
0.03565607701135116   10107.918206145165   10096.052871067215
0.036701350819364466   9708.563662427634   9698.601994679415
0.03777726729548091   9327.886013890791   9319.937246451906
0.038884724743189276   8966.91618893888   8961.049402071792
0.04002464780014597   8626.963588754714   8623.176123443236
0.041197988210172884   8310.469911229737   8308.596755395733
0.04240572561788674   8019.672329928875   8019.395518589024
0.04364886838662332   7756.037824635326   7756.91481724992
0.04492845444033957   7518.208272333735   7519.719299871434
0.04624555213019635   7303.91737511855   7305.484641821276
0.04760126112654554   7111.12904417457   7112.11408406603
0.04899671333706607   6937.859258645089   6937.52851851278
0.05043307385181555   6782.265812854119   6779.7789539547875
0.05191154191598653   6642.356970900731   6636.7930708520325
0.053433351931179485   6515.1438528029   6505.582929043054
0.05499977448602865   6397.593615695599   6383.136246493649
0.05661211741704101   6286.028788959226   6265.890233274222
0.05827172690053434   6176.115108813354   6149.724994686333
0.05997998857658587   6063.418597330182   6030.485722682713
0.06173832870592997   5942.773013865577   5903.46181604095
0.0635482153607709   5809.273476714168   5764.257299622899
0.06541115965050462   5658.596590278626   5609.217812408259
0.06732871698337338   5487.256487733587   5435.517806351259
0.06930248836510605   5293.781543887287   5242.157951485304
0.07133412173562886   5078.193511118299   5029.490124325927
0.07342531334496233   4842.399760392376   4799.8036985138615
0.07557780916945323   4589.626879500699   4556.548226804154
0.07779340636952398   4324.926812673162   4304.548820794642
0.08007395479015682   4054.075768301005   4049.1562215046642
0.08242135850536496   3783.532779683029   3796.330025480466
0.08483757740794096   3520.375502141106   3552.2232642907625
0.08732462884580919   3271.7699473906423   3322.8036537439207
0.08988458930634863   3044.254178277064   3113.3350645737314
0.09251959615009227   2843.687661974891   2928.3986539748994
0.09523184939525078   2673.6058430213006   2770.331412611291
0.09802361355455057   2535.6815583302464   2639.729614598525
0.10089721952591899   2428.519104536458   2534.8496653653474
0.10385506653859616   2348.941665434814   2452.4822851858326
0.10689962415629803   2291.3169105615107   2387.270520198672
0.11003343433910281   2248.709637641435   2333.202646270349
0.11325911356578279   2212.859062313774   2283.7661746688073
0.11657935501835284   2174.889418884808   2232.1728760869337
0.11999693083066039   2126.4540877755626   2172.443168894752
0.12351469440289359   2060.849997851337   2100.218129973108
0.12713558278394044   1974.3732585647165   2013.351613558894
0.13086261912358757   1866.8741771625823   1913.158011893263
0.13469891519660646   1742.1052042336391   1803.3004271228192
0.13864767400083483   1607.6224974309696   1688.7172692441154
0.14271219243142114   1473.886977651325   1577.1776094037823
0.14689586403346616   1351.6293606627678   1475.5850674312371
0.1512021818353596   1248.8288846297842   1388.0485689953177
0.15563474126517718   1169.2022253354419   1316.5999444829547
0.16019724315257297   1112.5262202527922   1260.088248754179
0.1648934968186736   1075.4165721984018   1214.876141432244
0.1697274232565544   1051.255931892115   1177.4761981299055
0.17470305840495237   1030.4731090315265   1141.8254221051166
0.17982455651794954   1003.1539030811314   1102.5175145783762
0.18509619363343993   962.7788305836943   1057.0022072049603
0.19052237114327647   907.8992494081773   1005.5778120233131
0.19610761946807834   841.9443989890771   950.2455652581673
0.20185660183976684   772.4659663848552   895.0283642344358
0.20777411819498756   708.5332333155254   844.3214972212943
0.21386510918267082   656.9720111613841   800.384249201057
0.22013466028907505   620.2140490466867   764.0374642381495
0.22658800608375756   595.9784587562364   733.0079714581766
0.23323053459001789   577.8427248326736   705.0553146133046
0.2400677917834628   558.1153075297678   676.9445770731984
0.24710548622244882   531.6422087004795   647.1683169865813
0.25434949381426813   497.5532663933419   615.790568295025
0.2618058627210567   459.5768204935134   584.9455685919029
0.2694808184095226   424.0321228513719   555.6949019383433
0.27738076884870827   395.5865001052602   529.783044974319
0.2855123098601282   374.964734427771   506.61944172509016
0.29388223062474755   359.159831079813   485.35221235457874
0.3024975193514008   343.2793314715278   464.6123874035241
0.31136536911138296   324.09559788495   444.05768346668026
0.3204931838440838   302.05364888015896   423.7990699615847
0.32988858453867975   280.24331042252754   404.34584777683665
0.3395594155970457   261.80651348977705   386.33156305431174
0.34951375138319807   247.37132270397592   369.811936147599
0.3597599029647371   234.90528664306427   354.2022432927918
0.37030642505191835   221.908116186416   339.1202657396081
0.3811621231401457   207.668894902435   324.4885662435652
0.3923360608618501   193.54978178357067   310.5170862586793
0.4038375675538918   181.19266394009745   297.37460272156386
0.41567624604680364   170.76238962963052   285.0893831541656
0.42786198068238046   161.02830120881697   273.40508484835163
0.4404049455663077   151.06007310984072   262.12191046554295
0.4533156130627191   141.15701739160502   251.38343314890392
0.4666047625377753   132.1475184194064   241.2284428399218
0.4802834893595659   124.15979701314907   231.63276581434695
0.49436321416184764   116.61548230927453   222.50381221938306
0.5088556923793517   109.18784171887289   213.73854611976745
0.5237730240626238   102.14192676766058   205.39722704402774
0.5391276639805903   95.72197297664427   197.5148706190728
0.5549324320192869   89.74982374947942   190.01195343470778
0.5712005238854289   84.02265554801447   182.8385812233098
0.5879455221237613   78.60334183505798   176.00405626197403
0.6051814074573895   73.53437187342894   169.4934471574304
0.622922570460556   68.7996114943405   163.29480113386998
0.6411838235736077   64.37232376057163   157.3892149443561
0.6599804134701901   60.228401589250794   151.75908207261426
0.6793280337869897   56.34609003368923   146.38799740241234
0.6992428382266549   52.705735254743324   141.2606664175421
0.7197414540448374   49.28956197474853   136.3628219551208
0.7408409959326054   46.08210045382169   131.68117093940558
0.7625590803058332   43.071734177688114   127.20339404386496
0.7849138400134885   40.24802751329632   122.91799762055781
0.8079239394770964   37.600910716175584   118.81422790331177
0.8316085902740278   35.120687909989144   114.88201840108096
0.8559875671776167   32.798042082503784   111.11194142838417
0.8810812246675007   30.62403739582727   107.49516342103516
0.9069105139239728   28.59005028148742   104.02329462079523
0.9334970003205227   26.687432273526095   100.6877802828568
0.960862881429187   24.90787860353821   97.4803752581238
0.9890310055537336   23.24360265342587   94.39340665484978
1.0180248908061487   21.687304137765242   91.41973292305909
1.047868744742366   20.23213878314296   88.55270565730514
1.0785874845736239   18.87168991677312   85.78613461753558
1.1102067579703248   17.599948204595112   83.11423595099279
1.1427529644757777   16.41134021474998   80.5314266012634
1.1762532775476793   15.300661063846748   78.03240618349156
1.210735667245765   14.263012632442393   75.61225657979256
1.246228923584555   13.293786608365199   73.26641772958995
1.2827626805706884   12.388648829321834   70.99066390775562
1.3203674409449337   11.543524351371607   68.78108192148765
1.3590746016495152   10.754582539614276   66.63405035121801
1.3989164800420282   10.018213214307933   64.5462100898285
1.4399263408778291   9.331019053763285   62.51445070691513
1.4821384240834183   8.689813865517541   60.535905131417806
1.525587973344019   8.091610385639573   58.60793510346388
1.5703112655292182   7.533608423732485   56.728117312924226
1.6163456409812174   7.013183672845984   54.894230460298814
1.6637295346910133   6.527877196739414   53.10424740463551
1.7125025083885144   6.07538690695336   51.35646099963815
1.7627052835733923   5.653557969488568   49.64948126333839
1.814379775514258   5.260371926422214   47.98204487329473
1.8675691282445197   4.893938365068904   46.3529964780908
1.922317750584177   4.55248717915147   44.76128177854387
1.9786713532176083   4.234361267886463   43.205940888822184
2.0366769868582977   3.9380096393919795   41.686103219330406
2.0963830815323896   3.661980009259613   40.20108947543284
2.1578394870138577   3.4049123376192267   38.75046814055833
2.2210975144450407   3.165534830180462   37.33385398611894
2.286209979177315   2.942658582827561   35.95088362432335
2.3532312448676476   2.7351723640517642   34.60121272926858
2.4222172688678643   2.5420377119070006   33.284513360076396
2.4932256489445366   2.3622843290432165   32.00047167683644
2.5663156713684585   2.195006446849645   30.74892459252995
2.641548360413907   2.0393595580826234   29.530046443708937
2.7189865293089923   1.894554725141144   28.34399561150155
2.798694832679631   1.7598547869795276   27.190854397957963
2.8807398205309562   1.6345711083832946   26.07063283762101
2.9651899938111903   1.5180605212035665   24.98327254884343
3.05211586160442   1.409722447192102   23.928650606043437
3.1415899999999994   1.3089950473912368   22.906503288413635
