0.01   503.1668962036994   503.14573451500746
0.010293154462191829   509.432861190832   509.41152697368574
0.010594902878253955   515.532430266003   515.510883679499
0.010905497183778876   521.4509871173794   521.4291384913614
0.011225196699963396   527.1731771162943   527.1509587174617
0.011554268350120923   532.6832190918874   532.6606237822949
0.011892986882540897   537.9652341049107   537.9423178193928
0.012241635099881474   543.0027887436819   542.9796369629531
0.012600504095286909   547.7785755250368   547.7552434400865
0.012969893495426888   552.2752347523339   552.2517401190319
0.013350111710660605   556.4754333351002   556.4517598750732
0.013741476192534558   560.3615552089755   560.3376817691982
0.014144313698828986   563.9160392630937   563.8919515995235
0.01455896056637426   567.1216156895568   567.0973068913808
0.014985762991865008   569.9607322624298   569.9362080944552
0.01542507732090645   572.4154120167697   572.3906979562886
0.015877270345534218   574.4681669300619   574.4433089255558
0.016342719610456153   576.1020663467131   576.077123078159
0.016821813728271667   577.3004811285646   577.2754859897211
0.017314952703931925   578.0475059485819   578.0224553102163
0.017822548268711737   578.328194600364   578.3030486991183
0.01834502422397195   578.1284073458324   578.1031169982406
0.018882816794999403   577.4349120382369   577.4094465861065
0.019436374995219892   576.2357704476867   576.2101192173157
0.02000616100108813   574.5206021150664   574.4947677606476
0.020592650537967844   572.2810582951305   572.2550324556032
0.021196333277324068   569.5105204763463   569.4842785476495
0.02181771324555934   566.2041521051013   566.1776552332955
0.022457309244835088   562.3602098753049   562.333429602215
0.02311565528622961   557.979834860812   557.9527727489542
0.023793301035594242   553.0660296691575   553.0387171368258
0.024490812272480036   547.6249049133042   547.597392121419
0.025208771362518027   541.6678615118587   541.6401885150494
0.0259477777436476   535.2085535154398   535.1807457398229
0.02670844842659881   528.2626530148825   528.2347242950764
0.027491418510046592   520.8523604126535   520.8243413831005
0.028297341710866907   513.0042110114648   512.9761658598727
0.029126890909937666   504.7456102075096   504.71763471583176
0.029980758713939952   496.108339670881   496.08055988892676
0.030859658033628758   487.1323603996065   487.1049323717808
0.031764322679055976   477.85810757388407   477.8312144712016
0.03269550797224261   468.3263512493645   468.3001980355253
0.033653991377811755   458.5865446615738   458.5613380940747
0.03464057315210884   448.6908714150582   448.66681001581543
0.03565607701135116   438.6888693975788   438.6661426577386
0.036701350819364466   428.6325166429899   428.6113068504566
0.03777726729548091   418.5791360005608   418.55962168397014
0.038884724743189276   408.58248148996336   408.5648372039266
0.04002464780014597   398.6929657197706   398.67735142864484
0.041197988210172884   388.963555251007   388.95005322783203
0.04240572561788674   379.4448834044643   379.43348109435743
0.04364886838662332   370.18239237590274   370.17299191653325
0.04492845444033957   361.2120059003232   361.2044281251623
0.04624555213019635   352.55950394746463   352.5534904691378
0.04760126112654554   344.2472223104764   344.24244349118095
0.04899671333706607   336.2939111202513   336.2899488671771
0.05043307385181555   328.7117358818689   328.7079750931662
0.05191154191598653   321.50997132815667   321.50558253235823
0.053433351931179485   314.6923957300695   314.68636447327134
0.05499977448602865   308.20813925533423   308.1994305589583
0.05661211741704101   301.9731517905706   301.960815410954
0.05827172690053434   295.9097400845522   295.8929064097691
0.05997998857658587   289.95599752405184   289.9338431265789
0.06173832870592997   284.06175632453403   284.03348305367024
0.0635482153607709   278.17682465418915   278.14168948959076
0.06541115965050462   272.2299627069772   272.1874350207451
0.06732871698337338   266.1468296302905   266.09664611256864
0.06930248836510605   259.8500820363302   259.79236808310696
0.07133412173562886   253.25349827880763   253.1889671021905
0.07342531334496233   246.28345778236297   246.21340501027709
0.07557780916945323   238.89228361117767   238.81862905236486
0.07779340636952398   231.05263901944107   230.977871086318
0.08007395479015682   222.79089592837948   222.71797648620577
0.08242135850536496   214.16817077452023   214.10039840087876
0.08483757740794096   205.2918610723126   205.23243090643402
0.08732462884580919   196.29901322258982   196.25069204302036
0.08988458930634863   187.33616000021735   187.30109635415448
0.09251959615009227   178.5488763710173   178.52848328000195
0.09523184939525078   170.07535877288203   170.07004440764362
0.09802361355455057   162.04101631843415   162.0500975461728
0.10089721952591899   154.56482258401485   154.58639326590267
0.10385506653859616   147.74292983453594   147.77365265791744
0.10689962415629803   141.64498029971773   141.67968747212333
0.11003343433910281   136.28899870701508   136.32138356906756
0.11325911356578279   131.62054896112974   131.64414891275095
0.11657935501835284   127.52656010729481   127.53534370154223
0.11999693083066039   123.82650901811662   123.81558625673438
0.12351469440289359   120.319164571259   120.28562663818501
0.12713558278394044   116.79867562783461   116.7423269057756
0.13086261912358757   113.08887413703523   113.01289015188468
0.13469891519660646   109.05946398245317   108.97011112198282
0.13864767400083483   104.64565462355351   104.55133703280498
0.14271219243142114   99.86775796080543   99.77780941703172
0.14689586403346616   94.81902738152962   94.74253826568585
0.1512021818353596   89.653441056144   89.59804757930266
0.15563474126517718   84.55252971574964   84.52273541053013
0.16019724315257297   79.70772341461576   79.70368807216632
0.1648934968186736   75.30144031271887   75.31835004334863
0.1697274232565544   71.471626943667   71.49988976349238
0.17470305840495237   68.24589210036268   68.27305979396883
0.17982455651794954   65.52208416533824   65.53654290452526
0.18509619363343993   63.11585431439929   63.10977451864295
0.19052237114327647   60.83243349587086   60.80305004208431
0.19610761946807834   58.50215440182183   58.452870360476794
0.20185660183976684   55.98503720358496   55.925729064019066
0.20777411819498756   53.217876005063225   53.161764660450984
0.21386510918267082   50.273638341169296   50.23379545836796
0.22013466028907505   47.32476514344769   47.3079941736188
0.22658800608375756   44.54252397641457   44.548772408935044
0.23323053459001789   42.047010315972734   42.06949517700463
0.2400677917834628   39.89213612611512   39.91934786372998
0.24710548622244882   38.04118337145535   38.061989731336396
0.25434949381426813   36.37178290797977   36.37961375691877
0.2618058627210567   34.744450919534174   34.740728023945806
0.2694808184095226   33.051594370486285   33.04417745273219
0.27738076884870827   31.265830021308584   31.267113109736425
0.2855123098601282   29.462658384685263   29.480131232221478
0.29388223062474755   27.74793736542863   27.782276193094955
0.3024975193514008   26.19220174556217   26.2379700566213
0.31136536911138296   24.81744463712759   24.86589906471674
0.3204931838440838   23.57461668996518   23.619667581316904
0.32988858453867975   22.380595713004933   22.422785615564404
0.3395594155970457   21.185004974861233   21.230063165550558
0.34951375138319807   19.986369511883485   20.04073726361436
0.3597599029647371   18.828590818915817   18.894605475107596
0.37030642505191835   17.75917047187175   17.833661021898497
0.3811621231401457   16.783425213354207   16.86144490615764
0.3923360608618501   15.874829183845534   15.95390606482998
0.4038375675538918   14.999591195786467   15.08119018638222
0.41567624604680364   14.14450742717078   14.231817768570078
0.42786198068238046   13.324267398563952   13.418616531290558
0.4404049455663077   12.55719452170369   12.656988243305491
0.4533156130627191   11.843569401427393   11.946333542769928
0.4666047625377753   11.169830150113253   11.274912616456472
0.4802834893595659   10.524644221936756   10.633157758534695
0.49436321416184764   9.908690253448643   10.021351529982782
0.5088556923793517   9.328590066848324   9.444734786887857
0.5237730240626238   8.78415114760968   8.902684490505372
0.5391276639805903   8.269600048333338   8.390200356617495
0.5549324320192869   7.780881699515306   7.903906915788518
0.5712005238854289   7.318572045872539   7.4439480585941675
0.5879455221237613   6.883272753668264   7.010488842034677
0.6051814074573895   6.472745028243978   6.601487485815191
0.622922570460556   6.084611323785172   6.214850818640085
0.6411838235736077   5.718121998652582   5.849753320753318
0.6599804134701901   5.372801062671041   5.5055630708682815
0.6793280337869897   5.047244668334631   5.180962632239775
0.6992428382266549   4.740247729936506   4.87480262199229
0.7197414540448374   4.450881768288925   4.5861206811679525
0.7408409959326054   4.178296900761861   4.314057565420495
0.7625590803058332   3.9216004506249624   4.057727467618727
0.7849138400134885   3.679921009860743   3.816268096919055
0.8079239394770964   3.4524313524361157   3.588860045278875
0.8316085902740278   3.2383464303941394   3.374725031066611
0.8559875671776167   3.0369214409092815   3.1731241787475546
0.8810812246675007   2.847449968319397   2.9833563416799795
0.9069105139239728   2.6692622142096383   2.8047564821511752
0.9334970003205227   2.5017253317272523   2.6366957937733213
0.960862881429187   2.3442431460817015   2.4785813321042713
0.9890310055537336   2.196250154520668   2.3298508605258825
1.0180248908061487   2.05720966714177   2.1899711081967155
1.047868744742366   1.92661256839655   2.0584365400296654
1.0785874845736239   1.8039761143173434   1.9347681551552132
1.1102067579703248   1.688842765853393   1.818512315564372
1.1427529644757777   1.580779002373263   1.7092396100916518
1.1762532775476793   1.4793732538366668   1.6065438130277283
1.210735667245765   1.3842352555740607   1.5100407842349115
1.246228923584555   1.294996082650618   1.4193673591111167
1.2827626805706884   1.211307129483494   1.3341803457243466
1.3203674409449337   1.132839093421418   1.2541555589326703
1.3590746016495152   1.0592810017583139   1.1789868888751611
1.3989164800420282   0.9903392808582734   1.108385403787127
1.4399263408778291   0.9257368730859076   1.042078634602004
1.4821384240834183   0.8652124210873154   0.9798104889204686
1.525587973344019   0.808519417134806   0.9213396697425525
1.5703112655292182   0.7554254085211566   0.866438510674889
1.6163456409812174   0.705711259988103   0.8148922908269354
1.6637295346910133   0.6591704502007187   0.7664985768620344
1.7125025083885144   0.6156084009855485   0.7210665907752938
1.7627052835733923   0.5748418380652277   0.6784166034990846
1.814379775514258   0.5366981449610224   0.6383795538378466
1.8675691282445197   0.5010147363490497   0.6007967549075177
1.922317750584177   0.46763860964143755   0.5655188177757184
1.9786713532176083   0.4364258336153604   0.5324050679503629
2.0366769868582977   0.40724104429378816   0.5013230843704839
2.0963830815323896   0.37995696633843645   0.47214825786196385
2.1578394870138577   0.35445395884665354   0.4447633687396649
2.2210975144450407   0.3306195823144297   0.41905818305535586
2.286209979177315   0.3083481275029001   0.39492906358061536
2.3532312448676476   0.2875402383241941   0.3722786028432955
2.4222172688678643   0.26810263020605757   0.35101527818521666
2.4932256489445366   0.24994774169595846   0.3310531187269112
2.5663156713684585   0.2329934000781221   0.31231138842877343
2.641548360413907   0.21716250529692135   0.29471428500626495
2.7189865293089923   0.20238273127308007   0.27819065413965677
2.798694832679631   0.18858625745015054   0.26267363101599067
2.8807398205309562   0.17570960278478637   0.24809972822064838
2.9651899938111903   0.16369328392597182   0.2344091307877881
3.05211586160442   0.15248150861424895   0.22154590854909328
3.1415899999999994   0.14202195879653587   0.20945776533348218
