0.01   235.10509881955707   235.10508362454445
0.010293154462191829   237.53133730845278   237.5313180174669
0.010594902878253955   239.8586963330036   239.85867556303256
0.010905497183778876   242.07942205722998   242.07940168963114
0.011225196699963396   244.1857333146635   244.18571445675917
0.011554268350120923   246.1698919807337   246.16987521939032
0.011892986882540897   248.02425924138507   248.02424508512536
0.012241635099881474   249.74127039447126   249.74125931086655
0.012600504095286909   251.31330005243814   251.31329240785806
0.012969893495426888   252.73191467331205   252.73191039695217
0.013350111710660605   253.98849170425265   253.98849015843416
0.013741476192534558   255.07459140348305   255.07459138268104
0.014144313698828986   255.98189605833807   255.98189606052338
0.01455896056637426   256.7022369456201   256.70223550142623
0.014985762991865008   257.2277684546911   257.22776415337637
0.01542507732090645   257.55084086207256   257.55083241065563
0.015877270345534218   257.66348025295537   257.66346669395483
0.016342719610456153   257.5580115910344   257.5579923621628
0.016821813728271667   257.2273035346401   257.2272784028047
0.017314952703931925   256.6646631605402   256.6646309663762
0.017822548268711737   255.86392349424543   255.8638810764147
0.01834502422397195   254.81965683533727   254.8195990351886
0.018882816794999403   253.52715401330522   253.5270741347785
0.019436374995219892   251.98232304693357   251.98221406749798
0.02000616100108813   250.18195857170502   250.18181340072297
0.020592650537967844   248.1238755709258   248.1236870399265
0.021196333277324068   245.80730058916453   245.80706077128272
0.02181771324555934   243.23276359957003   243.23246343468037
0.022457309244835088   240.4018920481095   240.40152147171028
0.02311565528622961   237.31796240755145   237.31751203097713
0.023793301035594242   233.98644049972287   233.9859048089717
0.024490812272480036   230.41396555232984   230.41334315734267
0.025208771362518027   226.60849011325922   226.60778336169057
0.0259477777436476   222.58118195400615   222.58039525235844
0.02670844842659881   218.34500193163552   218.34414093152034
0.027491418510046592   213.91358158561096   213.91265312072542
0.028297341710866907   209.30332434274743   209.30233913060775
0.029126890909937666   204.53417246433742   204.533148868409
0.029980758713939952   199.6261866150279   199.62515015862576
0.030859658033628758   194.600212589719   194.5991947899415
0.031764322679055976   189.4821862671754   189.48122232630604
0.03269550797224261   184.29864142246552   184.2977690327213
0.033653991377811755   179.07473643235897   179.07399514023862
0.03464057315210884   173.8381663121912   173.8375974728698
0.03565607701135116   168.61891499505214   168.61856177119037
0.036701350819364466   163.44442655044818   163.444333333854
0.03777726729548091   158.3415684167229   158.34177828294546
0.038884724743189276   153.3422485501799   153.3427957321217
0.04002464780014597   148.47631934423987   148.47722849268948
0.041197988210172884   143.76954421416355   143.77083146105826
0.04240572561788674   139.24111705919168   139.24278907032937
0.04364886838662332   134.9049759259048   134.9070295694488
0.04492845444033957   130.7726957392199   130.77511946554392
0.04624555213019635   126.85824588998317   126.86101137109874
0.04760126112654554   123.18483247823072   123.18787180086582
0.04899671333706607   119.77434152419995   119.77754803055642
0.05043307385181555   116.64047135657272   116.64370631780575
0.05191154191598653   113.76054068065885   113.76365131943281
0.053433351931179485   111.10030011120482   111.10312621542342
0.05499977448602865   108.62872790667193   108.63110160894261
0.05661211741704101   106.31836972708513   106.32011388926936
0.05827172690053434   104.14438341047052   104.14531134704924
0.05997998857658587   102.07991108037781   102.07983140610675
0.06173832870592997   100.08695648262096   100.08568790675741
0.0635482153607709   98.12721202540634   98.12458801110438
0.06541115965050462   96.15572395492309   96.15161789750441
0.06732871698337338   94.12159265072991   94.11594255475256
0.06930248836510605   91.97533665784668   91.9681570684885
0.07133412173562886   89.66484024367253   89.6562535713994
0.07342531334496233   87.14528637702385   87.13552695749331
0.07557780916945323   84.38992790057189   84.37935804401164
0.07779340636952398   81.38568012974734   81.37477954941336
0.08007395479015682   78.14542430870642   78.13475853757089
0.08242135850536496   74.69847987387739   74.68866403832143
0.08483757740794096   71.09837192034246   71.09000940197663
0.08732462884580919   67.40875905452921   67.40240230041705
0.08988458930634863   63.703104403035994   63.69922056254086
0.09251959615009227   60.05546137868846   60.05439755440059
0.09523184939525078   56.54280758082961   56.544733355490926
0.09802361355455057   53.24121232672031   53.246051820178174
0.10089721952591899   50.22243479698795   50.22982881328381
0.10385506653859616   47.541269387715545   47.55058525404171
0.10689962415629803   45.237369288143846   45.24770661481759
0.11003343433910281   43.31442992664316   43.32468595140493
0.11325911356578279   41.74951370478697   41.75844186703873
0.11657935501835284   40.482327275360376   40.488748003496106
0.11999693083066039   39.43400946430025   39.43692060817243
0.12351469440289359   38.505976450420285   38.50468108200337
0.12713558278394044   37.59565406440984   37.589912859480314
0.13086261912358757   36.602771169758014   36.59292335380996
0.13469891519660646   35.44420372902325   35.43111593228969
0.13864767400083483   34.06805720941598   34.053145995114235
0.14271219243142114   32.4621699348541   32.44728142432761
0.14689586403346616   30.65820383959807   30.64517797575641
0.1512021818353596   28.72484661798437   28.715363149886006
0.15563474126517718   26.76104016871385   26.756253736613917
0.16019724315257297   24.88443243248232   24.884572377517557
0.1648934968186736   23.20978226317296   23.214085718408757
0.1697274232565544   21.81374992063946   21.820499788026
0.17470305840495237   20.712918679340376   20.719875159462397
0.17982455651794954   19.870246051067   19.875163995152615
0.18509619363343993   19.21465556645131   19.215622783044726
0.19052237114327647   18.65208772327638   18.647983212013187
0.19610761946807834   18.071317790055947   18.06240051146555
0.20185660183976684   17.372314421795565   17.36024126357026
0.20777411819498756   16.51128094659326   16.498509175392687
0.21386510918267082   15.516378121487946   15.50550020452193
0.22013466028907505   14.461099513434073   14.454024336311743
0.22658800608375756   13.439218515765495   13.43643591372646
0.23323053459001789   12.541034468340996   12.541538990626586
0.2400677917834628   11.817512291140545   11.819017745993998
0.24710548622244882   11.260741158483244   11.260537608806649
0.25434949381426813   10.814717548284058   10.811010152170924
0.2618058627210567   10.394766897079787   10.387219495958233
0.2694808184095226   9.923195930293968   9.91319311723195
0.27738076884870827   9.373478373547673   9.363580677337719
0.2855123098601282   8.773176236856083   8.765337314622387
0.29388223062474755   8.17999188050488   8.17507223100706
0.3024975193514008   7.655906439958293   7.652914281464759
0.31136536911138296   7.228351479264894   7.22522780084843
0.3204931838440838   6.8759816980279265   6.870953265107756
0.32988858453867975   6.55132689916238   6.543900423745679
0.3395594155970457   6.209457578730263   6.200820893593983
0.34951375138319807   5.838293534130286   5.830184100398769
0.3597599029647371   5.463865689310271   5.457303263732315
0.37030642505191835   5.120713020079801   5.115318914521499
0.3811621231401457   4.825735189158383   4.820206874694569
0.3923360608618501   4.56757090788596   4.560855178085877
0.4038375675538918   4.31928939333034   4.311558733458338
0.41567624604680364   4.06517521369862   4.057401269101086
0.42786198068238046   3.8122065835204753   3.8051371422551994
0.4404049455663077   3.5769245330798145   3.57041431935867
0.4533156130627191   3.366950741762871   3.360227667145901
0.4666047625377753   3.1741771985766083   3.166874124856702
0.4802834893595659   2.9870336587427175   2.9795090031352474
0.49436321416184764   2.803647637524768   2.7963862484133353
0.5088556923793517   2.6307596319857613   2.6237859858578814
0.5237730240626238   2.4722216181208942   2.4651982866268916
0.5391276639805903   2.3244698459403863   2.31723600731797
0.5549324320192869   2.1828040604424284   2.175587630057666
0.5712005238854289   2.0476246105151343   2.040595086356292
0.5879455221237613   1.9214119161068508   1.9144726725299355
0.6051814074573895   1.8037138259975396   1.7967580074963452
0.622922570460556   1.6923139721414981   1.6854044491367726
0.6411838235736077   1.5868096009112742   1.580029019424229
0.6599804134701901   1.4878267553114737   1.481163575856704
0.6793280337869897   1.3951205391454327   1.3885254005638796
0.6992428382266549   1.3078745325691774   1.3013652990960471
0.7197414540448374   1.2257263981257571   1.2193297800862002
0.7408409959326054   1.1484249600053518   1.1421621695117727
0.7625590803058332   1.075726468875596   1.0696139546141934
0.7849138400134885   1.0073949199496026   1.0014450257363077
0.8079239394770964   0.943202295952177   0.9374238488910248
0.8316085902740278   0.8829287416306346   0.877327575506836
0.8559875671776167   0.8263626202641735   0.82094204900072
0.8810812246675007   0.7732951399883109   0.7680572926492448
0.9069105139239728   0.7235176745364242   0.7184652392689153
0.9334970003205227   0.6768325967321063   0.6719686899423796
0.960862881429187   0.6330538522834886   0.6283817345467886
0.9890310055537336   0.5920062931211906   0.5875291394044961
1.0180248908061487   0.5535250489519857   0.5492457660085959
1.047868744742366   0.5174549348209739   0.5133760193778023
1.0785874845736239   0.48364992988953615   0.47977335474956767
1.1102067579703248   0.45197372510566713   0.44830064803885866
1.1427529644757777   0.42229905936046447   0.4188295894706401
1.1762532775476793   0.3945057924050174   0.3912390597337147
1.210735667245765   0.3684804719718447   0.3654147141013065
1.246228923584555   0.3441160033168797   0.34124865085380296
1.2827626805706884   0.3213113317999121   0.31863909196185264
1.3203674409449337   0.299971138252062   0.29749007591959514
1.3590746016495152   0.28000552855925065   0.27771113649436563
1.3989164800420282   0.26132952343666604   0.259216690982112
1.4399263408778291   0.24386292983514965   0.24192596695609433
1.4821384240834183   0.22753029828396537   0.2257630464333359
1.525587973344019   0.21226066516525366   0.21065659858937433
1.5703112655292182   0.19798730262400552   0.19653961864911781
1.6163456409812174   0.18464748119972035   0.1833491803915723
1.6637295346910133   0.1721822446208332   0.1710262016540672
1.7125025083885144   0.16053619791049176   0.15951522995484668
1.7627052835733923   0.14965731555556602   0.14876428090894403
1.814379775514258   0.1394967392192563   0.1387245918587742
1.8675691282445197   0.13000858925508055   0.12935040303524445
1.922317750584177   0.12114979333812435   0.12059878307223747
1.9786713532176083   0.112879924222659   0.11242946398493527
2.0366769868582977   0.10516104615474639   0.10480468497311395
2.0963830815323896   0.09795756953173676   0.09768904464196024
2.1578394870138577   0.09123610675592905   0.09104934260170575
2.2210975144450407   0.08496532094243488   0.08485438766160196
2.286209979177315   0.07911583237751148   0.07907495498471165
2.3532312448676476   0.07366011133763158   0.07368369326536993
2.4222172688678643   0.06857236657120783   0.06865500838360461
2.4932256489445366   0.06382844013058378   0.06396495398662726
2.5663156713684585   0.059405708221450866   0.05959112861209166
2.641548360413907   0.055282987763284934   0.055512579009490304
2.7189865293089923   0.05144046100738548   0.05170973601345579
2.798694832679631   0.047859610637506295   0.048164367450659995
2.8807398205309562   0.04452310416507236   0.04485941900936655
2.9651899938111903   0.04141471516874863   0.041778927827418606
3.05211586160442   0.038519256199023945   0.03890795616311692
3.1415899999999994   0.035822515470961026   0.03623252878786381
