0.01   9500.653301456283   9500.227503448386
0.010293154462191829   9582.93674432959   9582.494001109977
0.010594902878253955   9659.80751440769   9659.347773529069
0.010905497183778876   9730.898336103788   9730.421485646495
0.011225196699963396   9795.826267762219   9795.33175984168
0.011554268350120923   9854.21247681279   9853.699304855136
0.011892986882540897   9905.677041477164   9905.143802547553
0.012241635099881474   9949.823030949992   9949.268146562561
0.012600504095286909   9986.259009005547   9985.680776356392
0.012969893495426888   10014.604848630635   10014.001432444351
0.013350111710660605   10034.468486855005   10033.837682632275
0.013741476192534558   10045.455360224812   10044.794419574944
0.014144313698828986   10047.19182112245   10046.49746335511
0.01455896056637426   10039.317232677558   10038.585627222625
0.014985762991865008   10021.468660694796   10020.695352611327
0.01542507732090645   9993.310027074043   9992.489959193415
0.015877270345534218   9954.538436348026   9953.665924635237
0.016342719610456153   9904.865871897315   9903.933875027627
0.016821813728271667   9844.032663952437   9843.032388231166
0.017314952703931925   9771.82611529165   9770.747129703563
0.017822548268711737   9688.078278696352   9686.908745064713
0.01834502422397195   9592.662968278357   9591.389983513935
0.018882816794999403   9485.51055872671   9484.12035964862
0.019436374995219892   9366.614030299257   9365.092260092597
0.02000616100108813   9236.04208439133   9234.374549919588
0.020592650537967844   9093.934299346532   9092.107434195304
0.021196333277324068   8940.496528199312   8938.497586392981
0.02181771324555934   8776.03282703945   8773.850891732296
0.022457309244835088   8600.964459722374   8598.591937875824
0.02311565528622961   8415.776327569865   8413.209045087851
0.023793301035594242   8221.02795288247   8218.265645101777
0.024490812272480036   8017.451083723095   8014.500934984184
0.025208771362518027   7805.860332504436   7802.737818184414
0.0259477777436476   7587.097987125184   7583.826031327735
0.02670844842659881   7362.1639799758705   7358.773090086169
0.027491418510046592   7132.242060235875   7128.770638831115
0.028297341710866907   6898.493049069314   6894.986117428712
0.029126890909937666   6662.087840213385   6658.596331240178
0.029980758713939952   6424.419211293835   6421.002000479995
0.030859658033628758   6186.862106955015   6183.585172714335
0.031764322679055976   5950.679761229594   5947.614079443239
0.03269550797224261   5717.3523924089095   5714.569117561341
0.033653991377811755   5488.5576041481545   5486.123685254867
0.03464057315210884   5265.755258391577   5263.733000885153
0.03565607701135116   5050.175228835085   5048.62193896279
0.036701350819364466   4842.829007596753   4841.795846683971
0.03777726729548091   4644.534130676453   4644.066412370606
0.038884724743189276   4455.971484621716   4456.108339444527
0.04002464780014597   4278.371119157034   4279.123671976492
0.041197988210172884   4113.357739752553   4114.693570109298
0.04240572561788674   3962.277665077254   3964.127981713039
0.04364886838662332   3825.6984782972418   3827.963557246483
0.04492845444033957   3702.9927528113344   3705.5443440149047
0.04624555213019635   3593.4702870387982   3596.154428616782
0.04760126112654554   3496.4312211098154   3499.068064842036
0.04899671333706607   3411.0667876241682   3413.4472675855645
0.05043307385181555   3336.6378474492117   3338.523693173739
0.05191154191598653   3272.0786936590894   3273.2059455042386
0.053433351931179485   3215.955680516466   3216.038308878208
0.05499977448602865   3166.826000762501   3165.56022821901
0.05661211741704101   3122.6993777551015   3119.7916800401845
0.05827172690053434   3081.4550223718243   3076.634248634794
0.05997998857658587   3040.576940288298   3033.6314641943623
0.06173832870592997   2997.162997810083   2987.9801244083815
0.0635482153607709   2948.319625460837   2936.9073644616456
0.06541115965050462   2891.1118090317505   2877.631778167052
0.06732871698337338   2823.0454110173123   2807.829944878563
0.06930248836510605   2742.4086885995425   2725.9886833126516
0.07133412173562886   2648.2359625123827   2631.323013929587
0.07342531334496233   2540.6055855671084   2524.0593804263867
0.07557780916945323   2420.56832051675   2405.3388097219527
0.07779340636952398   2290.258734934394   2277.319805099447
0.08007395479015682   2152.514271590251   2142.8223931731623
0.08242135850536496   2010.7066382594517   2005.1450021014205
0.08483757740794096   1869.0143406917698   1868.254767278809
0.08732462884580919   1731.4991407673474   1735.9519053901984
0.08988458930634863   1602.6452934144465   1612.333521419099
0.09251959615009227   1486.287361721659   1500.8697141588532
0.09523184939525078   1385.574492810838   1404.3033047436595
0.09802361355455057   1302.444791447358   1324.2253447043975
0.10089721952591899   1237.4085415242437   1260.7856720770426
0.10385506653859616   1189.6534264081715   1213.0253056445843
0.10689962415629803   1157.1837198422108   1178.980249219118
0.11003343433910281   1136.7787701052039   1155.5370224641515
0.11325911356578279   1124.3857544061889   1138.8910756902612
0.11657935501835284   1115.0418775366313   1124.6020744242855
0.11999693083066039   1103.4262042613948   1108.0919231353957
0.12351469440289359   1084.4877498744727   1085.160780446898
0.12713558278394044   1054.205226455859   1052.5974346063433
0.13086261912358757   1010.3639296110358   1008.8226143376795
0.13469891519660646   953.0694358346492   954.3305021665216
0.13864767400083483   885.0988568557559   891.7711919876278
0.14271219243142114   811.7197229111358   825.6530094964362
0.14689586403346616   739.6507738413044   761.5027648772804
0.1512021818353596   675.202425033548   704.2418682980203
0.15563474126517718   622.6916135396999   656.9640863978354
0.16019724315257297   584.0508544503432   620.9470198814638
0.1648934968186736   559.1048274413087   595.6802925520444
0.1697274232565544   545.565073630262   578.9366759300633
0.17470305840495237   538.8237975739249   566.9752669231925
0.17982455651794954   532.6679820968062   555.1486049294365
0.18509619363343993   521.2091990249035   539.4694389979028
0.19052237114327647   500.7580851391701   517.503797269102
0.19610761946807834   470.62118033926015   489.20392952626486
0.20185660183976684   433.5529838656891   457.09468210435097
0.20777411819498756   394.97150684136056   424.61295556150867
0.21386510918267082   360.69686138257106   395.65708080172027
0.22013466028907505   334.70571445194645   372.4840618688549
0.22658800608375756   318.10160287255883   355.5947213326886
0.23323053459001789   308.7799382620372   343.0614956756558
0.2400677917834628   302.20697501802346   332.1293557154574
0.24710548622244882   293.53384337365435   320.0446905597018
0.25434949381426813   279.6018263551824   305.3494689386382
0.2618058627210567   260.33146420965386   288.1040098673488
0.2694808184095226   238.9519358365736   270.40612644846004
0.27738076884870827   219.79799510375386   254.2772340547977
0.2855123098601282   205.63419564239268   241.09640207903
0.29388223062474755   196.4987010548829   230.5143035188555
0.3024975193514008   189.8324330003987   221.19418308518163
0.31136536911138296   182.22796847506714   211.6071013687991
0.3204931838440838   171.84278151197182   201.16314471734557
0.32988858453867975   159.4343560995303   190.29857319831427
0.3395594155970457   147.52095733856737   179.99567681869567
0.34951375138319807   138.18863188295987   171.04739760129962
0.3597599029647371   131.44398011613194   163.24014894687355
0.37030642505191835   125.5414555344264   155.85280704756406
0.3811621231401457   118.7467141540567   148.430812061734
0.3923360608618501   110.86815887848695   141.02120961062806
0.4038375675538918   103.19933320257731   133.93511656658555
0.41567624604680364   96.89067757164356   127.4897809354839
0.42786198068238046   91.78508831396393   121.61745677497441
0.4404049455663077   86.82291153843485   115.94376240060062
0.4533156130627191   81.43149720668994   110.42950901283608
0.4666047625377753   76.06107687374556   105.13894514366253
0.4802834893595659   71.37278166875771   100.19581169666297
0.49436321416184764   67.31018007356245   95.60222258868984
0.5088556923793517   63.350990971610784   91.20057040824972
0.5237730240626238   59.33833858832556   86.96153198879442
0.5391276639805903   55.57998586577329   82.96338053886441
0.5549324320192869   52.23173921443965   79.2052332994893
0.5712005238854289   49.08432068080902   75.64623912304984
0.5879455221237613   46.00137304889926   72.23777886786785
0.6051814074573895   43.09007015399308   69.00509073685028
0.622922570460556   40.38322651436616   65.9477349828058
0.6411838235736077   37.85968829091101   63.05393245516286
0.6599804134701901   35.50045773928986   60.31268866315643
0.6793280337869897   33.28897831756361   57.713856915669936
0.6992428382266549   31.21082647144382   55.24806643374596
0.7197414540448374   29.25349495361688   52.90666985028661
0.7408409959326054   27.408321027065817   50.68227595669591
0.7625590803058332   25.670507250166242   48.56882754186238
0.7849138400134885   24.035486904693357   46.56064950965581
0.8079239394770964   22.498676201423205   44.6523595005638
0.8316085902740278   21.055506097252167   42.83885357954788
0.8559875671776167   19.70145011819939   41.115292546226414
0.8810812246675007   18.432046623258074   39.47708769055798
0.9069105139239728   17.242645688884846   37.91970727868406
0.9334970003205227   16.128231030228207   36.43850710431861
0.960862881429187   15.084041608752498   35.02909615681905
0.9890310055537336   14.105631302022433   33.68736726195089
1.0180248908061487   13.188846714345956   32.40947693556233
1.047868744742366   12.329806657433407   31.191826785671783
1.0785874845736239   11.52488318421377   30.031046319008823
1.1102067579703248   10.770718301971614   28.92394137555504
1.1427529644757777   10.064264606245887   27.86741281716611
1.1762532775476793   9.402663326346925   26.858545300691908
1.210735667245765   8.783212742948399   25.894615554327633
1.246228923584555   8.203360774741316   24.973078413078685
1.2827626805706884   7.660697812859055   24.091553970632248
1.3203674409449337   7.15294980379791   23.247815751286502
1.3590746016495152   6.677967445307788   22.43975227342933
1.3989164800420282   6.233706730391219   21.665262498841333
1.4399263408778291   5.818240691825194   20.922353367035427
1.4821384240834183   5.429758904402846   20.209169972049892
1.525587973344019   5.066560741945292   19.523985337056637
1.5703112655292182   4.72704900263313   18.865191043096495
1.6163456409812174   4.409723884780941   18.23128863850777
1.6637295346910133   4.113177700080646   17.620876061129124
1.7125025083885144   3.8360917271351913   17.03260685498974
1.7627052835733923   3.577228797356579   16.465211708886887
1.814379775514258   3.335427208306146   15.917511085558116
1.8675691282445197   3.1095963632839445   15.388409007909345
1.922317750584177   2.8987126494388518   14.876887273881641
1.9786713532176083   2.7018155372720125   14.382000134917181
2.0366769868582977   2.518003780714968   13.902867860406323
2.0963830815323896   2.3464308741442097   13.438656718366914
2.1578394870138577   2.186302551512664   12.988583580374641
2.2210975144450407   2.0368745138526223   12.55192389028047
2.286209979177315   1.8974494152732797   12.128008003966402
2.3532312448676476   1.7673740092257713   11.716217612427823
2.4222172688678643   1.6460364603109585   11.315982418679138
2.4932256489445366   1.5328638647766912   10.926780700873906
2.5663156713684585   1.4273207835855526   10.54820371746915
2.641548360413907   1.3289065973475274   10.17993570269631
2.7189865293089923   1.2371523862470144   9.821681238313003
2.798694832679631   1.1516189858286865   9.473161435639847
2.8807398205309562   1.0718951894450017   9.134112878422394
2.9651899938111903   0.9975960519787802   8.804286616642043
3.05211586160442   0.9283612409568769   8.483445424249878
3.1415899999999994   0.8638517094542641   8.171293706480943
