0.01   7770.297283505045   7769.042213185886
0.010293154462191829   7873.607525481805   7872.256067351222
0.010594902878253955   7974.6778343366395   7973.221122755069
0.010905497183778876   8073.284799345282   8071.712051667113
0.011225196699963396   8169.199521593355   8167.498269744605
0.011554268350120923   8262.179399597422   8260.336838126363
0.011892986882540897   8351.976028029285   8349.979457752795
0.012241635099881474   8438.338816458987   8436.175653772914
0.012600504095286909   8521.010007953604   8518.666775849115
0.012969893495426888   8599.725071445688   8597.18631401744
0.013350111710660605   8674.219349521076   8671.467567030666
0.013741476192534558   8744.225648826445   8741.241457666854
0.014144313698828986   8809.465411661764   8806.228155043218
0.01455896056637426   8869.659843960015   8866.147777069615
0.014985762991865008   8924.533664456194   8920.723972948159
0.01542507732090645   8973.808984532043   8969.677077605218
0.015877270345534218   9017.207901887929   9012.72684349449
0.016342719610456153   9054.460121283499   9049.60069573103
0.016821813728271667   9085.301346984645   9080.032121842101
0.017314952703931925   9109.468795366287   9103.756127604018
0.017822548268711737   9126.710399574204   9120.518573432195
0.01834502422397195   9136.787903208817   9130.079269776286
0.018882816794999403   9139.476515833316   9132.21114363959
0.019436374995219892   9134.567371224332   9126.702925057105
0.02000616100108813   9121.87064523753   9113.362661637662
0.020592650537967844   9101.22120691394   9092.02353326484
0.021196333277324068   9072.484877122397   9062.550285962465
0.02181771324555934   9035.552222600356   9024.83281901058
0.022457309244835088   8990.341624925224   8978.789326052947
0.02311565528622961   8936.822547730175   8924.390199670159
0.023793301035594242   8875.003671099628   8861.645811563822
0.024490812272480036   8804.920930543016   8790.59420346821
0.025208771362518027   8726.666511568477   8711.331022981389
0.0259477777436476   8640.408399834358   8624.029681129095
0.02670844842659881   8546.343570217588   8528.892961982232
0.027491418510046592   8444.705712451636   8426.16084810112
0.028297341710866907   8335.837165241537   8316.184037665065
0.029126890909937666   8220.130548474941   8199.364181187044
0.029980758713939952   8097.992274154287   8076.1165165486145
0.030859658033628758   7969.916123156388   7946.94427154531
0.031764322679055976   7836.502293309438   7812.457825350855
0.03269550797224261   7698.350613822531   7673.266576591946
0.033653991377811755   7556.080913159755   7529.999113953176
0.03464057315210884   7410.450080291384   7383.419992762947
0.03565607701135116   7262.230613274336   7234.308344852051
0.036701350819364466   7112.16090874008   7083.408120658059
0.03777726729548091   6961.038607466675   6931.518599774313
0.038884724743189276   6809.716381239855   6779.490195173718
0.04002464780014597   6658.991166882419   6628.116958502928
0.041197988210172884   6509.620462458296   6478.150902265436
0.04240572561788674   6362.381770093942   6330.355588379212
0.04364886838662332   6218.003711312633   6185.444331261324
0.04492845444033957   6077.142597999318   6044.058256404012
0.04624555213019635   5940.302581475755   5906.676097552619
0.04760126112654554   5807.861744065955   5773.643030523579
0.04899671333706607   5680.155411650145   5645.263676800885
0.05043307385181555   5557.4344004569475   5521.760192331332
0.05191154191598653   5439.781149518978   5403.187820083518
0.053433351931179485   5327.23902077727   5289.564554192548
0.05499977448602865   5219.721261089249   5180.7850517236175
0.05661211741704101   5116.274371199179   5075.9156865819305
0.05827172690053434   5015.634037026354   4973.728130871278
0.05997998857658587   4916.652981038326   4873.111886805118
0.06173832870592997   4818.46013038875   4773.242404852194
0.0635482153607709   4720.338631284036   4673.452338373586
0.06541115965050462   4621.528888334346   4573.046587304201
0.06732871698337338   4520.958176011301   4471.076649427291
0.06930248836510605   4417.565105839597   4366.613141751779
0.07133412173562886   4310.22304168506   4258.707803834669
0.07342531334496233   4197.749241026748   4146.400632911008
0.07557780916945323   4079.2222523799255   4028.975140713949
0.07779340636952398   3954.1950839132173   3906.179652118938
0.08007395479015682   3822.5606699468367   3778.058394729263
0.08242135850536496   3685.123702162412   3645.482719698398
0.08483757740794096   3543.1086232187745   3509.674373791204
0.08732462884580919   3398.470531812948   3372.42763222416
0.08988458930634863   3253.4153715051066   3235.7135758299582
0.09251959615009227   3110.217962635879   3101.5220323634794
0.09523184939525078   2971.0151767672255   2971.68406699446
0.09802361355455057   2837.775587446943   2847.7613232466897
0.10089721952591899   2712.2420384987595   2731.0751859920942
0.10385506653859616   2596.0118396401335   2622.766151284706
0.10689962415629803   2490.2294472494436   2523.546826004172
0.11003343433910281   2395.583914087264   2433.702857901427
0.11325911356578279   2311.7650691514996   2352.7608932581757
0.11657935501835284   2237.45000046975   2279.4679214287785
0.11999693083066039   2170.329100798867   2211.849436052379
0.12351469440289359   2107.3829547924256   2147.442747163872
0.12713558278394044   2045.4609372466616   2083.8997025229783
0.13086261912358757   1981.659642550002   2019.1579433170216
0.13469891519660646   1913.7582869086843   1951.689213099718
0.13864767400083483   1840.472940965666   1880.8563916688606
0.14271219243142114   1761.604336383756   1806.940849296041
0.14689586403346616   1678.2862769081405   1730.896399112791
0.1512021818353596   1592.583962959236   1654.2342244843776
0.15563474126517718   1507.1529107808483   1578.8390965577548
0.16019724315257297   1424.7902606201321   1506.5641129678922
0.1648934968186736   1348.2223280006222   1439.0682278064564
0.1697274232565544   1279.7404063079096   1377.5154032229977
0.17470305840495237   1220.5708773020026   1322.2945707444778
0.17982455651794954   1170.0264322228684   1272.83824343737
0.18509619363343993   1125.5944101300931   1227.3298670320908
0.19052237114327647   1084.136292205646   1183.845520429625
0.19610761946807834   1042.907349772123   1140.9420219141782
0.20185660183976684   999.782055358899   1097.7002023059554
0.20777411819498756   953.3861319527684   1053.5673168310082
0.21386510918267082   903.9147908291462   1008.7118374569795
0.22013466028907505   853.5008801802132   964.45676649926
0.22658800608375756   804.9837253606833   922.2111434856471
0.23323053459001789   760.4659078771093   882.691184855491
0.2400677917834628   721.0739618951014   846.2283661360673
0.24710548622244882   686.726984733073   812.6517359837466
0.25434949381426813   655.9990349040049   781.1106080478572
0.2618058627210567   626.7718568811115   750.7809913838437
0.2694808184095226   597.2634293032083   720.9907266090207
0.27738076884870827   566.5801618713213   691.7280679309828
0.2855123098601282   535.2607579980406   663.0256632852244
0.29388223062474755   504.924009938199   635.5165258117089
0.3024975193514008   476.8648256145808   609.5161979520359
0.31136536911138296   451.58789078093673   585.0208872376375
0.3204931838440838   428.7750638673174   561.9268765227679
0.32988858453867975   407.2778637528085   539.7816472965801
0.3395594155970457   386.08945309621816   518.4740231799559
0.34951375138319807   364.97420562435104   497.83389924744387
0.3597599029647371   344.3450208281998   478.03330571964887
0.37030642505191835   324.95135152222304   459.1682260961949
0.3811621231401457   307.12534668374485   441.2723891103081
0.3923360608618501   290.56718606243334   424.2084844635224
0.4038375675538918   274.7935549508665   407.8830483538499
0.41567624604680364   259.4796224687944   392.2125731950023
0.42786198068238046   244.706511678931   377.217036683404
0.4404049455663077   230.75920774725307   362.90951381269184
0.4533156130627191   217.73195321494754   349.26680479203634
0.4666047625377753   205.47544518983656   336.24199672808567
0.4802834893595659   193.78389011198902   323.78439783631336
0.49436321416184764   182.61752600141696   311.864692872344
0.5088556923793517   172.0394376961922   300.4731041128171
0.5237730240626238   162.0935965382099   289.6033473721169
0.5391276639805903   152.70307446093022   279.2105094388304
0.5549324320192869   143.7937594427808   269.27376629401033
0.5712005238854289   135.34901889914357   259.76693113727634
0.5879455221237613   127.37977082460755   250.6781957885862
0.6051814074573895   119.8618902683948   241.98886492738546
0.622922570460556   112.75367541077544   233.6694546572892
0.6411838235736077   106.03502813475262   225.70401037853048
0.6599804134701901   99.6954952218677   218.0797685479685
0.6793280337869897   93.71504017838323   210.7805606969581
0.6992428382266549   88.07195614030915   203.7790798267654
0.7197414540448374   82.74943502567926   197.06775450802465
0.7408409959326054   77.73103846323046   190.63391213281187
0.7625590803058332   73.00130337445628   184.45947848647046
0.7849138400134885   68.54478226246779   178.5298190221806
0.8079239394770964   64.34672340480786   172.83143456937972
0.8316085902740278   60.393100749196265   167.35168753739748
0.8559875671776167   56.67058295985363   162.0787423100829
0.8810812246675007   53.16650347121935   157.00151028845676
0.9069105139239728   49.86883153737302   152.1095991862541
0.9334970003205227   46.766148779207555   147.39319175455742
0.960862881429187   43.84766501933986   142.8422598332365
0.9890310055537336   41.10316078028988   138.44694059911765
1.0180248908061487   38.52292830103216   134.19805599721712
1.047868744742366   36.09774962727965   130.08707405739406
1.0785874845736239   33.8188758422042   126.1060651062185
1.1102067579703248   31.678006879276584   122.24766157567181
1.1427529644757777   29.667271924947663   118.5050210667944
1.1762532775476793   27.779204476664315   114.8717240985747
1.210735667245765   26.00670949846003   111.34155891292289
1.246228923584555   24.343067836027572   107.90872247563567
1.2827626805706884   22.78192427600748   104.56786087416576
1.3203674409449337   21.317269787252933   101.31404162249166
1.3590746016495152   19.943424488267663   98.14272802574963
1.3989164800420282   18.65502132123298   95.04975538688787
1.4399263408778291   17.446990426521314   92.03131101774594
1.4821384240834183   16.314544889505278   89.08403106571664
1.525587973344019   15.25316653658918   86.20502258905046
1.5703112655292182   14.258591025709386   83.39166060133324
1.6163456409812174   13.326794719546866   80.64155668408111
1.6637295346910133   12.453982244044221   77.9525447323224
1.7125025083885144   11.63657460535837   75.32266735446804
1.7627052835733923   10.871197846403648   72.75016285296171
1.814379775514258   10.15467204180988   70.23349714182436
1.8675691282445197   9.483999279458466   67.77178619804982
1.922317750584177   8.85635511707815   65.36452661585353
1.9786713532176083   8.269080548438927   63.01125434005232
2.0366769868582977   7.719672976863787   60.71153493386789
2.0963830815323896   7.205777613941512   58.46495919615138
2.1578394870138577   6.725179306877403   56.27113892866387
2.2210975144450407   6.275794776356562   54.12970285647934
2.286209979177315   5.855664741555503   52.04041028359552
2.3532312448676476   5.4629457282315705   50.00345189185205
2.4222172688678643   5.095905328668614   48.019039901385206
2.4932256489445366   4.7529163415029885   46.087290659259786
2.5663156713684585   4.432450702785065   44.208228190385014
2.641548360413907   4.133073743747493   42.38178786244186
2.7189865293089923   3.853438759368494   40.60782014803432
2.798694832679631   3.5922819006039   38.88609864147983
2.8807398205309562   3.3484187537780152   37.21654305379669
2.9651899938111903   3.120739954100086   35.59928401751787
3.05211586160442   2.908204444683511   34.03431527359464
3.1415899999999994   2.7098353315174437   32.52147518993917
