0.01   17725.607373529645   17720.763465314074
0.010293154462191829   17887.370459741014   17882.13363610955
0.010594902878253955   18040.8953359579   18035.23652299515
0.010905497183778876   18185.653275800298   18179.53657436058
0.011225196699963396   18321.1181482031   18314.500806286436
0.011554268350120923   18446.75187472728   18439.58673326856
0.011892986882540897   18562.000776159148   18554.239612760677
0.012241635099881474   18666.31835258016   18657.912285981663
0.012600504095286909   18759.163017293533   18750.061935346523
0.012969893495426888   18839.976044302395   18830.125018002807
0.013350111710660605   18908.20537932901   18897.543686847566
0.013741476192534558   18963.31720203158   18951.778568557394
0.014144313698828986   19004.779182128044   18992.29266312791
0.01455896056637426   19032.061978289665   19018.552958223358
0.014985762991865008   19044.663718966054   19030.054351724688
0.01542507732090645   19042.10763705266   19026.316207927517
0.015877270345534218   19023.92541491251   19006.86259533007
0.016342719610456153   18989.681629147428   18971.250065845146
0.016821813728271667   18938.9838024242   18919.078922552282
0.017314952703931925   18871.479406326813   18849.991567717436
0.017822548268711737   18786.86045408319   18763.677022562293
0.01834502422397195   18684.873203847586   18659.879584338476
0.018882816794999403   18565.327018167325   18538.407045484324
0.019436374995219892   18428.10832199419   18399.143328593294
0.02000616100108813   18273.169782967485   18242.039478113365
0.020592650537967844   18100.533262187517   18067.117420070423
0.021196333277324068   17910.33968075935   17874.523891163844
0.02181771324555934   17702.833529099327   17664.513532715922
0.022457309244835088   17478.32538433135   17437.408187857418
0.02311565528622961   17237.2419126817   17193.64845033389
0.023793301035594242   16980.197066869823   16933.867082236266
0.024490812272480036   16707.87567114935   16658.768645216696
0.025208771362518027   16421.02899200363   16369.125117149146
0.0259477777436476   16120.644180100824   16065.953050993006
0.02670844842659881   15807.844915075693   15750.409479125457
0.027491418510046592   15483.766742055535   15423.66146966282
0.028297341710866907   15149.695025157112   15087.025591046118
0.029126890909937666   14807.189589908858   14742.093758570923
0.029980758713939952   14457.794620908771   14390.439223861744
0.030859658033628758   14103.039522349049   14033.617026362637
0.031764322679055976   13744.741196076266   13673.467196131633
0.03269550797224261   13384.772077517733   13311.881671998406
0.033653991377811755   13024.872993038127   12950.616456049047
0.03464057315210884   12666.856158608676   12591.48630792588
0.03565607701135116   12312.708406013886   12236.463719003084
0.036701350819364466   11964.249581688244   11887.351674753994
0.03777726729548091   11623.133003597688   11545.781832153487
0.038884724743189276   11290.997955562365   11213.346851632024
0.04002464780014597   10969.352093456626   10891.501206510127
0.041197988210172884   10659.510714277969   10581.5100447532
0.04240572561788674   10362.578026222685   10284.393675044565
0.04364886838662332   10079.457539834975   10000.929965476262
0.04492845444033957   9810.919599641024   9731.772319311263
0.04624555213019635   9557.47299439371   9477.326180873111
0.04760126112654554   9318.808771902071   9237.202529540184
0.04899671333706607   9094.398279988889   9010.803738696715
0.05043307385181555   8883.64758311974   8797.476672173294
0.05191154191598653   8684.70500429239   8595.377366173703
0.053433351931179485   8494.950953901307   8401.939868477792
0.05499977448602865   8311.968311705294   8214.80430159887
0.05661211741704101   8133.675042047823   8031.983276805423
0.05827172690053434   7958.259366919841   7851.784556714139
0.05997998857658587   7783.897026005333   7672.53059688437
0.06173832870592997   7607.886300118752   7491.85119933842
0.0635482153607709   7427.37494707556   7307.281506685984
0.06541115965050462   7239.500931621311   7116.441640725008
0.06732871698337338   7041.211317686921   6916.93015999468
0.06930248836510605   6829.98673080468   6706.835071817072
0.07133412173562886   6604.511889281683   6485.426124399983
0.07342531334496233   6364.29844899361   6252.678668589387
0.07557780916945323   6110.9460099875905   6010.321804707657
0.07779340636952398   5847.317442314011   5761.108189429841
0.08007395479015682   5577.188105038325   5508.560129759226
0.08242135850536496   5304.868168074737   5256.6162047434045
0.08483757740794096   5034.994237872814   5009.143736490214
0.08732462884580919   4772.187194469223   4769.774891140001
0.08988458930634863   4520.874856664887   4541.896323601586
0.09251959615009227   4285.102277567741   4328.5002646386065
0.09523184939525078   4068.878372633251   4132.215262044798
0.09802361355455057   3875.2449239616494   3954.855230752157
0.10089721952591899   3705.9782501863224   3797.212081896823
0.10385506653859616   3561.002688197433   3658.628453920811
0.10689962415629803   3437.561121012718   3536.239595229276
0.11003343433910281   3331.3435513727063   3426.3794253707206
0.11325911356578279   3236.2103309894565   3324.50549038589
0.11657935501835284   3145.7312318677355   3226.0251977321586
0.11999693083066039   3053.550306004552   3126.6002781161746
0.12351469440289359   2954.2614488807   3023.0567711490735
0.12713558278394044   2844.005789087796   2913.3972703234626
0.13086261912358757   2721.188237287793   2797.0789456809043
0.13469891519660646   2586.926690857005   2675.438747610529
0.13864767400083483   2444.467979569057   2551.158043091648
0.14271219243142114   2298.665155706475   2427.6944609774014
0.14689586403346616   2155.402760166632   2308.293824824827
0.1512021818353596   2021.1414452911104   2196.26807425264
0.15563474126517718   1901.9009298058475   2094.6099913318694
0.16019724315257297   1801.3039887610007   2004.5910819223134
0.1648934968186736   1718.724320679565   1925.1690481031471
0.1697274232565544   1650.1578303579995   1853.6411970981233
0.17470305840495237   1590.2090911494574   1786.9631996332016
0.17982455651794954   1533.3459247275223   1722.5336106513787
0.18509619363343993   1473.9535203361781   1657.9501626375506
0.19052237114327647   1407.4563109198089   1591.459433476588
0.19610761946807834   1333.0047672243663   1523.582978388942
0.20185660183976684   1253.8981808194958   1456.2095554733926
0.20777411819498756   1175.2629590650722   1390.9457051990341
0.21386510918267082   1101.8093520831185   1329.5232633294906
0.22013466028907505   1037.2647285115809   1273.0533561138468
0.22658800608375756   982.979213583094   1221.1661182785092
0.23323053459001789   937.097993996789   1173.0180654049616
0.2400677917834628   895.863679028763   1127.5360798044528
0.24710548622244882   855.0398849659388   1083.41021489821
0.25434949381426813   811.4805745577588   1039.8834342160562
0.2618058627210567   765.2294098728396   997.1364497735735
0.2694808184095226   718.8122280719915   956.0403855646755
0.27738076884870827   674.9949070874625   916.9918005987128
0.2855123098601282   635.9600934780536   880.2856554449306
0.29388223062474755   602.0370563558865   845.6983743362948
0.3024975193514008   571.3464876537269   812.920834549149
0.31136536911138296   541.668087343302   781.3773696270393
0.3204931838440838   511.6359847906146   751.1103153789654
0.32988858453867975   481.4300356392435   721.8820586968842
0.3395594155970457   452.5544784150093   694.0195406883221
0.34951375138319807   426.13016517129194   667.5522052638997
0.3597599029647371   402.1865819501888   642.4897680707942
0.37030642505191835   379.90860881414943   618.5330099513233
0.3811621231401457   358.32654899226594   595.5883975506475
0.3923360608618501   337.21569567936643   573.605832981943
0.4038375675538918   317.07932071297216   552.6233935751662
0.41567624604680364   298.34989891682835   532.6306681257118
0.42786198068238046   280.99584282826135   513.6052094321659
0.4404049455663077   264.59221573701956   495.4092163041645
0.4533156130627191   248.88249488848595   478.0029503260798
0.4666047625377753   233.92311139404933   461.34925196050807
0.4802834893595659   219.8912701607712   445.46021684593404
0.49436321416184764   206.75129630729208   430.2919091901953
0.5088556923793517   194.341478851082   415.78431887301423
0.5237730240626238   182.5687684740446   401.8886856440792
0.5391276639805903   171.46230496367394   388.59933677405735
0.5549324320192869   161.02940137106145   375.8922421412493
0.5712005238854289   151.20281054415037   363.72089965763826
0.5879455221237613   141.9261725533797   352.05775243424887
0.6051814074573895   133.18583926020779   340.8822845318393
0.622922570460556   124.96471598640808   330.1664755619997
0.6411838235736077   117.22643895115424   319.8845534736113
0.6599804134701901   109.94084098147583   310.01316466045625
0.6793280337869897   103.0854760419192   300.5272961404144
0.6992428382266549   96.63883981654453   291.4093035041172
0.7197414540448374   90.57813188795268   282.6379739337842
0.7408409959326054   84.88138003921128   274.1926719702689
0.7625590803058332   79.5277911220409   266.0541484577219
0.7849138400134885   74.49769219377141   258.20444236413965
0.8079239394770964   69.77247433251286   250.6267907854874
0.8316085902740278   65.33453902351307   243.30554639017288
0.8559875671776167   61.16724774960858   236.2260958811447
0.8810812246675007   57.254937964941576   229.37426489853
0.9069105139239728   53.58290543807184   222.73591171252232
0.9334970003205227   50.137233533163915   216.29781156440959
0.960862881429187   46.90474388607239   210.04769707352173
0.9890310055537336   43.87296254070969   203.9741965997206
1.0180248908061487   41.0300872286004   198.06677775874763
1.047868744742366   38.364955785975226   192.31569557642717
1.0785874845736239   35.867014864168986   186.71194149001244
1.1102067579703248   33.52626590652983   181.2470967643618
1.1427529644757777   31.333240392434174   175.91328649726032
1.1762532775476793   29.279006537627854   170.70327314013923
1.210735667245765   27.35514307411753   165.61042812845568
1.246228923584555   25.553712244295934   160.6286979751495
1.2827626805706884   23.867234067059883   155.75257260779435
1.3203674409449337   22.288661827156027   150.97705567985537
1.3590746016495152   20.81135897179631   146.29766971819612
1.3989164800420282   19.42908008408182   141.71090719288136
1.4399263408778291   18.135947985672743   137.21402718982682
1.4821384240834183   16.926430570643806   132.80459232180647
1.525587973344019   15.795321881405293   128.4804387175133
1.5703112655292182   14.737724197994346   124.23965911182934
1.6163456409812174   13.749031012042307   120.0805863913631
1.6637295346910133   12.824910849045347   116.00177753968453
1.7125025083885144   11.961291574740457   112.00210568036606
1.7627052835733923   11.154343429357564   108.08157032105885
1.814379775514258   10.400467329247732   104.2406890412078
1.8675691282445197   9.696283361254562   100.47993462697636
1.922317750584177   9.038618168106566   96.79972662609045
1.9786713532176083   8.42449299178746   93.20042827915458
2.0366769868582977   7.851112359091648   89.68234368692278
2.0963830815323896   7.315853378543829   86.24571522173302
2.1578394870138577   6.816255302234025   82.89085831525539
2.2210975144450407   6.350008712883036   79.61873618621512
2.286209979177315   5.914948034807035   76.43035094598473
2.3532312448676476   5.509043582186354   73.32646648090352
2.4222172688678643   5.13039339122382   70.30761868544342
2.4932256489445366   4.777215516021109   67.3741262374572
2.5663156713684585   4.447840764365746   64.52610157613093
2.641548360413907   4.140705850174117   61.76346202995563
2.7189865293089923   3.854347673373322   59.086080208601345
2.798694832679631   3.5873987032015084   56.49409961319687
2.8807398205309562   3.3385787111579397   53.987494955628065
2.9651899938111903   3.106688894403226   51.565976324543406
3.05211586160442   2.890606945980064   49.229010487693735
3.1415899999999994   2.689282403500938   46.97584177475355
