0.01   4913.17114344227   4912.9319745447765
0.010293154462191829   4970.941545324362   4970.694519614689
0.010594902878253955   5026.896937681227   5026.641699754439
0.010905497183778876   5080.882242629999   5080.618179918189
0.011225196699963396   5132.740792947161   5132.467039236117
0.011554268350120923   5182.310504570688   5182.026099156446
0.011892986882540897   5229.425604789726   5229.129610607828
0.012241635099881474   5273.920335872219   5273.611846523786
0.012600504095286909   5315.625493120795   5315.3035799082045
0.012969893495426888   5354.363618044566   5354.027201300145
0.013350111710660605   5389.957697541086   5389.605528687694
0.013741476192534558   5422.2325088171765   5421.863164081267
0.014144313698828986   5451.009678042614   5450.621497156824
0.01455896056637426   5476.111657060709   5475.702713657359
0.014985762991865008   5497.365873476403   5496.933978896367
0.01542507732090645   5514.601132614639   5514.143813117882
0.015877270345534218   5527.645643724521   5527.160101412758
0.016342719610456153   5536.3350057615935   5535.818126285703
0.016821813728271667   5540.5132851071385   5539.961642755637
0.017314952703931925   5540.030447864731   5539.440263488191
0.017822548268711737   5534.746414889201   5534.113557176172
0.01834502422397195   5524.533919252432   5523.8539297003
0.018882816794999403   5509.280840115823   5508.548871955048
0.019436374995219892   5488.891541332437   5488.102287755058
0.02000616100108813   5463.286613496442   5462.434347109937
0.020592650537967844   5432.406765218774   5431.485497694358
0.021196333277324068   5396.22260361984   5395.226572367155
0.02181771324555934   5354.7262160102355   5353.650038030177
0.022457309244835088   5307.929990049786   5306.768728516005
0.02311565528622961   5255.888268354564   5254.637913565232
0.023793301035594242   5198.693431847924   5197.351293170401
0.024490812272480036   5136.456486010941   5135.0211924767045
0.025208771362518027   5069.324514204988   5067.7961432676875
0.0259477777436476   4997.512120904696   4995.8925769029
0.02670844842659881   4921.255237832267   4919.548237401843
0.027491418510046592   4840.806722920745   4839.017771242866
0.028297341710866907   4756.496817331319   4754.634002348
0.029126890909937666   4668.700387677514   4666.774732151237
0.029980758713939952   4577.790691717011   4575.815883639947
0.030859658033628758   4484.186664879696   4482.178668463876
0.031764322679055976   4388.395434195919   4386.372002404834
0.03269550797224261   4290.91407343695   4288.89444092064
0.033653991377811755   4192.228685538669   4190.233190664058
0.03464057315210884   4092.8974771353764   4090.946562636195
0.03565607701135116   3993.4840673377507   3991.5977902032555
0.036701350819364466   3894.510293552727   3892.708189764687
0.03777726729548091   3796.525891726138   3794.8254330856726
0.038884724743189276   3700.131408386965   3698.5460347660146
0.04002464780014597   3605.8760580367034   3604.4153672722077
0.041197988210172884   3514.231404092261   3512.900445855155
0.04240572561788674   3425.5150147718286   3424.3093954780984
0.04364886838662332   3339.9753228866084   3338.8805071966685
0.04492845444033957   3257.834422713778   3256.8266732154984
0.04624555213019635   3179.3986513959867   3178.4433747047838
0.04760126112654554   3105.0548601332544   3104.104987856908
0.04899671333706607   3035.1529614677534   3034.1499426086043
0.05043307385181555   2969.6973566762745   2968.574046859802
0.05191154191598653   2907.9725790167604   2906.658481237751
0.053433351931179485   2849.2182200716866   2847.640404060917
0.05499977448602865   2792.7640330668114   2790.8476990490008
0.05661211741704101   2738.066688012161   2735.736144749669
0.05827172690053434   2684.629529259167   2681.808929071038
0.05997998857658587   2631.8382964164475   2628.4615085451987
0.06173832870592997   2578.929038775398   2574.951688774523
0.0635482153607709   2525.1529337843835   2520.5557428603483
0.06541115965050462   2469.6068561698644   2464.4155809051103
0.06732871698337338   2411.3895089100683   2405.681041848045
0.06930248836510605   2349.661946242335   2343.5753027133146
0.07133412173562886   2283.6595910604597   2277.4060581427857
0.07342531334496233   2212.91739386231   2206.7731299411557
0.07557780916945323   2137.437669693213   2131.7350973028233
0.07779340636952398   2057.54049954843   2052.6473092582014
0.08007395479015682   1974.094124382029   1970.3807621093388
0.08242135850536496   1888.2046112642097   1886.0277301673786
0.08483757740794096   1801.351011586275   1801.039211678883
0.08732462884580919   1715.0351437136835   1716.8637889582476
0.08988458930634863   1630.774052933258   1634.9313002609167
0.09251959615009227   1550.020774636798   1556.588680996833
0.09523184939525078   1474.1410997744483   1483.0801059868415
0.09802361355455057   1404.3924239237945   1415.501340481331
0.10089721952591899   1341.7883372437693   1354.7144184166307
0.10385506653859616   1286.7984145958624   1301.0687450458806
0.10689962415629803   1239.4714560084635   1254.5269707809648
0.11003343433910281   1198.916157030823   1214.1872176683094
0.11325911356578279   1163.7851802307575   1178.7497561582538
0.11657935501835284   1132.0955002876103   1146.3888147690452
0.11999693083066039   1101.7510099937394   1115.2140822237714
0.12351469440289359   1070.6503208757758   1083.3761819758083
0.12713558278394044   1037.0088495512043   1049.381383607319
0.13086261912358757   999.5514945477206   1012.2120048105428
0.13469891519660646   957.7505090938897   971.5005683411259
0.13864767400083483   911.9910625229307   927.6780093590414
0.14271219243142114   863.4212930091292   881.8216016005297
0.14689586403346616   813.7728281668236   835.4671565137977
0.1512021818353596   765.1191910071306   790.3362495911156
0.15563474126517718   719.6644725693604   748.2144612059348
0.16019724315257297   679.3558985380653   710.5496195820048
0.1648934968186736   645.3347144713845   678.0954723342545
0.1697274232565544   617.4249357995512   650.6905157112238
0.17470305840495237   594.2279050019956   626.967656467896
0.17982455651794954   573.7876796787532   605.3976423794593
0.18509619363343993   554.0731985788381   584.4397116651718
0.19052237114327647   533.130956024075   562.6732567060336
0.19610761946807834   509.4926986366039   539.1004492666239
0.20185660183976684   482.9520846723468   513.6649482017117
0.20777411819498756   454.7595553994938   487.42718510892286
0.21386510918267082   426.832680214932   461.8062474347944
0.22013466028907505   400.9499775611891   437.934510011672
0.22658800608375756   378.4321219261626   416.66596879442636
0.23323053459001789   359.6393469312375   398.10547592390174
0.2400677917834628   343.8055796809376   381.6207807469726
0.24710548622244882   329.4176792383001   366.21195408768
0.25434949381426813   314.87674848596953   350.9082847445089
0.2618058627210567   299.10942334118266   335.1168385520988
0.2694808184095226   282.2246402127149   318.96976671710485
0.27738076884870827   265.28509878775947   303.1302994986882
0.2855123098601282   249.45026435115045   288.2534346107719
0.29388223062474755   235.5219798319982   274.73271912185237
0.3024975193514008   223.52272419643288   262.4061301038087
0.31136536911138296   212.63634669302584   250.9026379035475
0.3204931838440838   201.92905360556537   239.7147353511194
0.32988858453867975   190.90690633493995   228.66834934153493
0.3395594155970457   179.75159140773144   217.82047155809556
0.34951375138319807   169.13310287850624   207.5233344742536
0.3597599029647371   159.52324835902436   197.94548498274395
0.37030642505191835   150.88119034407222   188.97210611856573
0.3811621231401457   142.79983562064118   180.46519176613563
0.3923360608618501   134.86393744755446   172.26136867975944
0.4038375675538918   127.02894211959178   164.34795855437235
0.41567624604680364   119.56126222770962   156.8111123588202
0.42786198068238046   112.66621877848857   149.70365603990152
0.4404049455663077   106.29829109318989   142.98865935744038
0.4533156130627191   100.24481477977095   136.5848199940508
0.4666047625377753   94.39777484614619   130.45976723687656
0.4802834893595659   88.81674222955871   124.62392035819909
0.49436321416184764   83.59845050954794   119.09208284785602
0.5088556923793517   78.71812459800363   113.8447169197278
0.5237730240626238   74.08964344595675   108.84703377881382
0.5391276639805903   69.67883086018333   104.08738549762964
0.5549324320192869   65.51573386431755   99.56436903256454
0.5712005238854289   61.60793163236964   95.26877707386994
0.5879455221237613   57.920246959733724   91.1847985656678
0.6051814074573895   54.42840900104557   87.29791193087078
0.622922570460556   51.13477460994826   83.60293228661247
0.6411838235736077   48.035388351581574   80.09051017597481
0.6599804134701901   45.113384089551396   76.75038396311983
0.6793280337869897   42.35692577450351   73.57376360100909
0.6992428382266549   39.76052901605784   70.55255051932845
0.7197414540448374   37.315700849726746   67.67865330610587
0.7408409959326054   35.01407985433438   64.94438861764992
0.7625590803058332   32.84773581731404   62.342495373889676
0.7849138400134885   30.809149279460424   59.86611086398273
0.8079239394770964   28.891191948682224   57.508748229908335
0.8316085902740278   27.08710795136506   55.26427524819513
0.8559875671776167   25.390500572404303   53.12687176768303
0.8810812246675007   23.795359041912224   51.09079051918167
0.9069105139239728   22.296009518590267   49.15047248272826
0.9334970003205227   20.88706481576569   47.300695962886216
0.960862881429187   19.563411791593172   45.5365565624833
0.9890310055537336   18.32019963437399   43.85344610720956
1.0180248908061487   17.152828478096808   42.24703307985153
1.047868744742366   16.05693835279765   40.713244448724886
1.0785874845736239   15.028395203938635   39.248190890718554
1.1102067579703248   14.06327137296142   37.84797532193365
1.1427529644757777   13.157848746081319   36.50889035298426
1.1762532775476793   12.308612642839993   35.22747225732911
1.210735667245765   11.512241757781924   34.000483351868205
1.246228923584555   10.765598521848284   32.82489578502792
1.2827626805706884   10.065719871651108   31.697876611656007
1.3203674409449337   9.40980841615004   30.616773125879664
1.3590746016495152   8.795224122227957   29.579015157337324
1.3989164800420282   8.219476296523373   28.582049527408735
1.4399263408778291   7.680215597345288   27.62348441044077
1.4821384240834183   7.17522664825218   26.701094047343787
1.525587973344019   6.7024210161962765   25.812806720899196
1.5703112655292182   6.259830512004277   24.956693731310207
1.6163456409812174   5.845600801757799   24.130959279367257
1.6637295346910133   5.457985253287675   23.333928570578014
1.7125025083885144   5.095338214513836   22.56400029892954
1.7627052835733923   4.756109985113112   21.819652748776264
1.814379775514258   4.438842471833173   21.099472970537615
1.8675691282445197   4.142164142742715   20.402150411458265
1.922317750584177   3.8647852085970733   19.726470030763295
1.9786713532176083   3.6054930487144414   19.071305949492263
2.0366769868582977   3.363147870686003   18.435615583499278
2.0963830815323896   3.1366784562815115   17.818432628797453
2.1578394870138577   2.9250776815519965   17.218854844168472
2.2210975144450407   2.7273995107513302   16.636046396686716
2.286209979177315   2.5427557756584966   16.06923698255041
2.3532312448676476   2.370312811376472   15.517717643644648
2.4222172688678643   2.2092882744252993   14.980836849442754
2.4932256489445366   2.0589481345816787   14.457996821838798
2.5663156713684585   1.9186038336833806   13.948650283588831
2.641548360413907   1.7876101182944126   13.452357300890377
2.7189865293089923   1.6653630055664823   12.968852960977928
2.798694832679631   1.5512960849707529   12.497904721240664
2.8807398205309562   1.4448781273464228   12.03928871782254
2.9651899938111903   1.3456110226375246   11.592789035729247
3.05211586160442   1.2530278286989447   11.15819701246921
3.1415899999999994   1.166690925959006   10.735310574485382
