0.01   8699.4008288323   8697.657792620426
0.010293154462191829   8823.859153287434   8821.952601416147
0.010594902878253955   8946.015968716301   8943.93145092923
0.010905497183778876   9065.590097120983   9063.31159946126
0.011225196699963396   9182.287100774283   9179.796444369531
0.011554268350120923   9295.807065861096   9293.08385328106
0.011892986882540897   9405.839784634463   9402.861632940652
0.012241635099881474   9512.058761321172   9508.801866669566
0.012600504095286909   9614.132481000985   9610.571722946912
0.012969893495426888   9711.725282643089   9707.83416448061
0.013350111710660605   9804.485635600906   9800.235473796583
0.013741476192534558   9892.054339983079   9887.413877671765
0.014144313698828986   9974.07275795432   9969.00820245855
0.01455896056637426   10050.17622199865   10044.65101969292
0.014985762991865008   10119.990348986   10113.964799312174
0.01542507732090645   10183.144696440846   10176.576014170832
0.015877270345534218   10239.2737000389   10232.116026800682
0.016342719610456153   10288.007891914567   10280.211723151806
0.016821813728271667   10328.983998971073   10320.496111457134
0.017314952703931925   10361.851741215918   10352.615423680572
0.017822548268711737   10386.272160861541   10376.227129799236
0.01834502422397195   10401.919043430798   10391.001324694169
0.018882816794999403   10408.486054778903   10396.628348493186
0.019436374995219892   10405.691328369398   10392.823382260998
0.02000616100108813   10393.285925772507   10379.334710378394
0.020592650537967844   10371.050396832761   10355.94057883113
0.021196333277324068   10338.795994365788   10322.450594171181
0.02181771324555934   10296.388367457195   10278.730200984945
0.022457309244835088   10243.747454642831   10224.700537458197
0.02311565528622961   10180.828315233028   10160.31858770491
0.023793301035594242   10107.642022703585   10085.598910159539
0.024490812272480036   10024.299947389602   10000.659686462363
0.025208771362518027   9930.96021785166   9905.666906934337
0.0259477777436476   9827.821670274989   9800.827907138982
0.02670844842659881   9715.211911081778   9686.481470441486
0.027491418510046592   9593.55317153404   9563.062731517277
0.028297341710866907   9463.290759670761   9431.0298396706
0.029126890909937666   9324.952901714712   9290.924807011763
0.029980758713939952   9179.228726723532   9143.45273858985
0.030859658033628758   9026.827569478795   8989.338445304194
0.031764322679055976   8868.476674635054   8829.323554023114
0.03269550797224261   8705.11135340142   8664.355887428228
0.033653991377811755   8537.751026962242   8495.465585173963
0.03464057315210884   8367.37077000194   8323.63694584487
0.03565607701135116   8194.947415491593   8149.853782867458
0.036701350819364466   8021.49040087783   7975.1297231368335
0.03777726729548091   7847.951519889311   7800.419266812529
0.038884724743189276   7675.255906416082   7626.646407012621
0.04002464780014597   7504.526176693422   7454.914805857534
0.041197988210172884   7336.897113078581   7286.333948498213
0.04240572561788674   7173.403468391436   7121.913787744007
0.04364886838662332   7015.0108279766855   6962.579448486818
0.04492845444033957   6862.62840885934   6809.180099971954
0.04624555213019635   6717.081441732614   6662.483242374257
0.04760126112654554   6578.896569320654   6522.9636333385
0.04899671333706607   6447.8822238806015   6390.388426866878
0.05043307385181555   6323.730504240714   6264.412599734157
0.05191154191598653   6206.016367377692   6144.583289380776
0.053433351931179485   6093.916058931762   6030.072804880059
0.05499977448602865   5986.57526667327   5920.028504163981
0.05661211741704101   5882.996531797797   5813.47318996799
0.05827172690053434   5781.920541634532   5709.197444096855
0.05997998857658587   5682.100514489968   5606.013666779725
0.06173832870592997   5582.026812000498   5502.528848861236
0.0635482153607709   5480.113079980783   5397.301451898372
0.06541115965050462   5374.665623725988   5288.83390927508
0.06732871698337338   5263.810231493332   5175.518906487775
0.06930248836510605   5145.810409047491   5055.902362152158
0.07133412173562886   5019.070943341375   4928.72086977121
0.07342531334496233   4882.381988561904   4793.0904831740545
0.07557780916945323   4735.327506908688   4648.9494616933625
0.07779340636952398   4578.108818137794   4496.7469775466625
0.08007395479015682   4412.0304911754465   4337.788642265018
0.08242135850536496   4239.012531603049   4173.897702227722
0.08483757740794096   4061.79469062215   4007.6546583913523
0.08732462884580919   3883.4101171890256   3841.7609409631395
0.08988458930634863   3707.1026554389496   3678.9469631342076
0.09251959615009227   3536.1990734487827   3521.916123634649
0.09523184939525078   3373.7848180362903   3373.1282216847135
0.09802361355455057   3222.731056333793   3234.68711114935
0.10089721952591899   3085.480908950306   3108.2732581591913
0.10385506653859616   2963.5385739145854   2994.6997125444473
0.10689962415629803   2857.5082581334104   2894.0554736420436
0.11003343433910281   2766.305575348597   2805.1386978917394
0.11325911356578279   2687.6569226559445   2725.8724996874366
0.11657935501835284   2617.9016647787107   2653.193132677062
0.11999693083066039   2552.662077523005   2583.7622427707784
0.12351469440289359   2487.3315013449874   2514.236001504631
0.12713558278394044   2417.5890024798928   2441.5562078242137
0.13086261912358757   2340.0412886223357   2363.812360655588
0.13469891519660646   2252.684131940222   2280.200691239281
0.13864767400083483   2155.39266387626   2190.9053821210878
0.14271219243142114   2050.0608001747596   2097.4988149437954
0.14689586403346616   1940.2073913570796   2002.672455871485
0.1512021818353596   1830.4527601786294   1909.5848228179977
0.15563474126517718   1725.8955083545163   1821.2282087769754
0.16019724315257297   1631.3567255136668   1740.3326295635077
0.1648934968186736   1550.2291880686732   1668.6562559869094
0.1697274232565544   1483.337880957342   1605.9114989657094
0.17470305840495237   1428.6215798139756   1550.5068385200593
0.17982455651794954   1381.9385826902485   1499.8409766244547
0.18509619363343993   1338.3103618972982   1451.0661211490149
0.19052237114327647   1292.7861096925133   1401.7930184489962
0.19610761946807834   1241.2984490317947   1350.2898880884231
0.20185660183976684   1182.1759822015224   1295.9953164348203
0.20777411819498756   1117.2310041877554   1240.3037464139832
0.21386510918267082   1050.850706272646   1185.724584588159
0.22013466028907505   987.9346476897848   1133.930055617761
0.22658800608375756   932.43222399173   1086.515656172128
0.23323053459001789   886.2734067394156   1043.6225305594648
0.2400677917834628   848.4458066483993   1004.9009138391534
0.24710548622244882   815.4024007910211   968.4043835543699
0.25434949381426813   782.7254393918315   932.5809956244262
0.2618058627210567   746.9202587695921   896.8253509254923
0.2694808184095226   707.182910484789   860.8160753883419
0.27738076884870827   665.7214559622385   825.5277820695893
0.2855123098601282   626.0815429514794   791.738396503424
0.29388223062474755   591.0888591707577   760.5063883109701
0.3024975193514008   561.5989758554202   731.1510620129425
0.31136536911138296   535.8682254971473   703.6451083486974
0.3204931838440838   510.94343309119995   677.1036487604288
0.32988858453867975   484.7662979379371   651.1825345205523
0.3395594155970457   457.3064931212248   625.8679841292482
0.34951375138319807   430.42703607628187   601.5592163898112
0.3597599029647371   406.0994706403921   578.5710915207508
0.37030642505191835   384.7586842067304   556.8584533777731
0.3811621231401457   365.2857938610336   536.1643224821579
0.3923360608618501   346.09354667128144   516.2782721523232
0.4038375675538918   326.6123160015797   497.0669342905746
0.41567624604680364   307.62176858085144   478.6196035358135
0.42786198068238046   290.13738534298204   461.0920322348391
0.4404049455663077   274.2980695561513   444.4139480031599
0.4533156130627191   259.37886693760754   428.4471893136709
0.4666047625377753   244.7546491637472   413.1113387278164
0.4802834893595659   230.54158476024844   398.38487484868347
0.49436321416184764   217.24534176087388   384.3363512372637
0.5088556923793517   204.95128340922943   370.9463368332268
0.5237730240626238   193.31273676875097   358.11991677729446
0.5391276639805903   182.09227479506367   345.80548775850883
0.5549324320192869   171.42438625126513   334.0177966264141
0.5712005238854289   161.45143631014852   322.7537477962108
0.5879455221237613   152.06404051331552   311.97057695688426
0.6051814074573895   143.1200428246037   301.61970016580244
0.622922570460556   134.64199994076245   291.69165519519214
0.6411838235736077   126.6759340225612   282.1863828735024
0.6599804134701901   119.15718287178551   273.06841553359226
0.6793280337869897   112.04645813179476   264.30732598274614
0.6992428382266549   105.33416340763165   255.8969103737587
0.7197414540448374   99.0005547005071   247.8182813292016
0.7408409959326054   93.02616409286027   240.0530198027672
0.7625590803058332   87.39237742755452   232.58388404494042
0.7849138400134885   82.08140806396538   225.39472803697112
0.8079239394770964   77.07625502423548   218.47025411525613
0.8316085902740278   72.36062158221169   211.79528469966468
0.8559875671776167   67.91895896352217   205.3553892958001
0.8810812246675007   63.736464836895706   199.13710948553552
0.9069105139239728   59.79905389012906   193.12789227492078
0.9334970003205227   56.09332909294227   187.31602874948447
0.960862881429187   52.60655367764911   181.6905976659648
0.9890310055537336   49.32662379481424   176.24140229471138
1.0180248908061487   46.242039657007375   170.9584614322597
1.047868744742366   43.34187968703336   165.83186914455032
1.0785874845736239   40.61577901946852   160.85240798586102
1.1102067579703248   38.0539053013522   156.01155117773465
1.1427529644757777   35.64693501515352   151.3014192934432
1.1762532775476793   33.386030586390056   146.71474035998378
1.210735667245765   31.262818270070213   142.2448130263633
1.246228923584555   29.269366212798243   137.8854827143274
1.2827626805706884   27.398161038539673   133.6311622246952
1.3203674409449337   25.642091170349484   129.47675513219605
1.3590746016495152   23.994429241489005   125.41760138806418
1.3989164800420282   22.448813539588286   121.44945213567232
1.4399263408778291   20.99923018239746   117.56844606620213
1.4821384240834183   19.639996011856855   113.77108707529763
1.525587973344019   18.365742160492186   110.0542278178907
1.5703112655292182   17.17139643353877   106.41538089482196
1.6163456409812174   16.052167678798707   102.85285936669416
1.6637295346910133   15.00353481339437   99.36519487385087
1.7125025083885144   14.021233174687756   95.95106950950915
1.7627052835733923   13.101241155460269   92.60930467782909
1.814379775514258   12.239767449051001   89.33885024926903
1.8675691282445197   11.433238882932727   86.1387739955028
1.922317750584177   10.67828838278501   83.00833969328325
1.9786713532176083   9.971741143420932   79.94759055003985
2.0366769868582977   9.310606777428626   76.95686765318456
2.0963830815323896   8.692071045222521   74.03643321520082
2.1578394870138577   8.113486127473633   71.18646843602525
2.2210975144450407   7.572361377285003   68.4070740334402
2.286209979177315   7.066354543105056   65.6982709696324
2.3532312448676476   6.593263459115663   63.06000379752604
2.4222172688678643   6.1510205196174015   60.492478233808974
2.4932256489445366   5.737686712421798   57.996430995388685
2.5663156713684585   5.351439362312884   55.572437936515186
2.641548360413907   4.990565044437649   53.220837107332954
2.7189865293089923   4.6534534971582175   50.941743603575276
2.798694832679631   4.33859183748829   48.73506441421293
2.8807398205309562   4.044559066937461   46.600513178303565
2.9651899938111903   3.770019614081953   44.537587574679186
3.05211586160442   3.513707790169077   42.54525372423778
3.1415899999999994   3.2744317396577687   40.62218736544394
