0.01   2125.383578697219   2125.277269063519
0.010293154462191829   2140.7949111050134   2140.6877686930575
0.010594902878253955   2155.1246261263127   2155.0168338147955
0.010905497183778876   2168.310673527523   2168.2022793134906
0.011225196699963396   2180.2917642798166   2180.1826763424033
0.011554268350120923   2191.0068313954716   2190.896901308252
0.011892986882540897   2200.3941001064886   2200.2833257789034
0.012241635099881474   2208.39313247555   2208.281690365008
0.012600504095286909   2214.9449137187216   2214.833139521804
0.012969893495426888   2219.9875757182804   2219.8757556372043
0.013350111710660605   2223.458943518992   2223.347194834265
0.013741476192534558   2225.2997358631983   2225.1880046401993
0.014144313698828986   2225.452304302128   2225.3404405585934
0.01455896056637426   2223.8594855742363   2223.7473883538555
0.014985762991865008   2220.467929949495   2220.3555642039473
0.01542507732090645   2215.2282756111294   2215.1156637948725
0.015877270345534218   2208.0914573878435   2207.9786148950516
0.016342719610456153   2199.011812376636   2198.898718617694
0.016821813728271667   2187.949718347238   2187.8363171889737
0.017314952703931925   2174.870866377103   2174.7570425700533
0.017822548268711737   2159.7460627301975   2159.631605676669
0.01834502422397195   2142.553440535264   2142.4380452314113
0.018882816794999403   2123.279058195729   2123.162345442577
0.019436374995219892   2101.9173698550735   2101.7989796537368
0.02000616100108813   2078.4714761116584   2078.35110236702
0.020592650537967844   2052.9534576340975   2052.8308482444186
0.021196333277324068   2025.3881357003183   2025.2630545279294
0.02181771324555934   1995.813977080787   1995.6861575861437
0.022457309244835088   1964.2785767114126   1964.1477243214204
0.02311565528622961   1930.8412386131113   1930.7070698108728
0.023793301035594242   1895.5834104344644   1895.4458105085002
0.024490812272480036   1858.5976896964569   1858.4567491477535
0.025208771362518027   1819.9838386152553   1819.8398417239491
0.0259477777436476   1779.8652853613614   1779.7187457512287
0.02670844842659881   1738.3874370849594   1738.2391281709688
0.027491418510046592   1695.697786905887   1695.5487155233955
0.028297341710866907   1651.954487555521   1651.8058893011582
0.029126890909937666   1607.3522017559717   1607.2056019657089
0.029980758713939952   1562.0876783011524   1561.9448682461102
0.030859658033628758   1516.3513158956275   1516.214306082521
0.031764322679055976   1470.363033222191   1470.2340331341438
0.03269550797224261   1424.36041458549   1424.2418069908838
0.033653991377811755   1378.5622636634246   1378.4565573092602
0.03464057315210884   1333.1852947801096   1333.0950125912632
0.03565607701135116   1288.4767176632208   1288.4041689375433
0.036701350819364466   1244.6642972760094   1244.6115472267145
0.03777726729548091   1201.9492523090087   1201.9181139905718
0.038884724743189276   1160.5397016725944   1160.5314545096342
0.04002464780014597   1120.6367777320002   1120.6520292692585
0.041197988210172884   1082.410417219514   1082.4491966502517
0.04240572561788674   1046.0001550284856   1046.0617654648274
0.04364886838662332   1011.5162340715167   1011.5988000779148
0.04492845444033957   979.0472262722064   979.1477858637775
0.04624555213019635   948.6607215022701   948.7753150446309
0.04760126112654554   920.3773907537595   920.5005149919331
0.04899671333706607   894.1922443157209   894.3166483695566
0.05043307385181555   870.0935182291131   870.2103928371182
0.05191154191598653   847.9275045303559   848.0271536241464
0.053433351931179485   827.378800753822   827.4513675325699
0.05499977448602865   808.1503129364838   808.1858166608201
0.05661211741704101   789.9798804340202   789.9682690978941
0.05827172690053434   772.6386597094104   772.5698902533323
0.05997998857658587   755.9088564118779   755.7730300496896
0.06173832870592997   739.4803084093923   739.2689705560969
0.0635482153607709   722.9912764620486   722.698324031492
0.06541115965050462   706.0800299660671   705.702458073855
0.06732871698337338   688.3213383822409   687.8615640463398
0.06930248836510605   669.3224796596077   668.7887104451902
0.07133412173562886   648.7768656162029   648.184245076378
0.07342531334496233   626.4613759337404   625.8321086282605
0.07557780916945323   602.3340877188301   601.6958375646539
0.07779340636952398   576.5374038150762   575.921393327914
0.08007395479015682   549.3619210916086   548.8010043725453
0.08242135850536496   521.2624676189904   520.7891212072303
0.08483757740794096   492.72811738768854   492.3720644514031
0.08732462884580919   464.27229015183576   464.05821051346317
0.08988458930634863   436.4435634642469   436.3883899206969
0.09251959615009227   409.80170228025975   409.91264172828573
0.09523184939525078   384.90443456721147   385.1753659008
0.09802361355455057   362.2460642113323   362.65677383911594
0.10089721952591899   342.2378998057551   342.7530933917083
0.10385506653859616   325.1280521216237   325.6997007112006
0.10689962415629803   310.87776610245317   311.4453394081253
0.11003343433910281   299.2744869239612   299.77134101774993
0.11325911356578279   289.80845937396225   290.17578316961874
0.11657935501835284   281.86467381380004   282.05549141874366
0.11999693083066039   274.7101218856404   274.694229949873
0.12351469440289359   267.6003604369122   267.3711482303203
0.12713558278394044   259.8348780501732   259.41447388589427
0.13086261912358757   250.8586899919043   250.3000697048033
0.13469891519660646   240.36215589257728   239.7431078397628
0.13864767400083483   228.3202828575209   227.73311548403748
0.14271219243142114   215.00011257763666   214.5393234224606
0.14689586403346616   200.9012143436644   200.64822890364144
0.1512021818353596   186.7191328190061   186.72572059293185
0.15563474126517718   173.29051002082775   173.56364149904175
0.16019724315257297   161.40977367491465   161.9057487050159
0.1648934968186736   151.54703850447927   152.1782107355192
0.1697274232565544   143.73811724771258   144.3962195124368
0.17470305840495237   137.6648779346636   138.24603407744013
0.17982455651794954   132.82704775405023   133.24683419823762
0.18509619363343993   128.59116750648894   128.80767108592633
0.19052237114327647   124.20069281132905   124.23192966304276
0.19610761946807834   118.99471451781133   118.92231714110277
0.20185660183976684   112.75845806713949   112.70243518362388
0.20777411819498756   105.73719827196543   105.81105912854815
0.21386510918267082   98.42315741867857   98.70833734057737
0.22013466028907505   91.41405280558564   91.92321411369481
0.22658800608375756   85.27142337766308   85.95363854852418
0.23323053459001789   80.27609915615402   81.02818875568411
0.2400677917834628   76.33783413819027   77.05109770678641
0.24710548622244882   73.08935961498156   73.69127339935281
0.25434949381426813   69.99133239504647   70.47512976775809
0.2618058627210567   66.58135931273037   67.01139975180152
0.2694808184095226   62.747533062739244   63.219194737520446
0.27738076884870827   58.675136120338415   59.26252565261942
0.2855123098601282   54.702284127966614   55.429196771883966
0.29388223062474755   51.186853841574234   52.01482033949336
0.3024975193514008   48.25868923731851   49.101330657634655
0.31136536911138296   45.77097137489881   46.56827378892168
0.3204931838440838   43.454465121267894   44.19437276791599
0.32988858453867975   41.06310064557815   41.78481621662025
0.3395594155970457   38.54901145819964   39.31192104174251
0.34951375138319807   36.06541671394344   36.89707415050934
0.3597599029647371   33.786541122005616   34.66890262178696
0.37030642505191835   31.788964467301156   32.67800135343406
0.3811621231401457   30.002848574387137   30.867695227155803
0.3923360608618501   28.288854593601155   29.13633480256093
0.4038375675538918   26.57549436714695   27.432319365201327
0.41567624604680364   24.90261381505191   25.786395242288545
0.42786198068238046   23.346672343292067   24.250175432263323
0.4404049455663077   21.93595985782467   22.83840789186738
0.4533156130627191   20.628793514231795   21.519739210449885
0.4666047625377753   19.37204168716042   20.25970562880955
0.4802834893595659   18.16050211632103   19.055529496410028
0.49436321416184764   17.021810868125492   17.922284063433437
0.5088556923793517   15.968630486683843   16.866102823993835
0.5237730240626238   14.983390059503519   15.874063406672327
0.5391276639805903   14.046619560082766   14.933984463179536
0.5549324320192869   13.15967462339119   14.046048192301425
0.5712005238854289   12.330256157329694   13.212698376645998
0.5879455221237613   11.554494193013674   12.430308724003963
0.6051814074573895   10.82305523395207   11.692676901731838
0.622922570460556   10.133807258016006   10.997732442236462
0.6411838235736077   9.487524128987644   10.344520204328727
0.6599804134701901   8.881737135914415   9.730651788161987
0.6793280337869897   8.311947942111235   9.152920729519574
0.6992428382266549   7.776957404416299   8.609572688409694
0.7197414540448374   7.275191189584463   8.098799414985002
0.7408409959326054   6.804645466749318   7.618688823956178
0.7625590803058332   6.363430692365507   7.167433446164322
0.7849138400134885   5.94977004347958   6.74332724338968
0.8079239394770964   5.561992676215886   6.344760448641194
0.8316085902740278   5.198527395521106   5.970214619079573
0.8559875671776167   4.857898044410791   5.618258525188214
0.8810812246675007   4.538736231400842   5.287552318027084
0.9069105139239728   4.239765924927173   4.9768386980719335
0.9334970003205227   3.9597807823375946   4.684930448536017
0.960862881429187   3.6976404220227304   4.410706813542339
0.9890310055537336   3.4522673238149317   4.153110234439328
1.0180248908061487   3.222643833443338   3.9111432004973734
1.047868744742366   3.0078091347359743   3.6838652119879334
1.0785874845736239   2.806852765146291   3.470389786985653
1.1102067579703248   2.618912652051664   3.2698816678089337
1.1427529644757777   2.443177440451589   3.081554227144954
1.1762532775476793   2.2788839531067624   2.904666889848211
1.210735667245765   2.125314506642831   2.738522660386361
1.246228923584555   1.9817943644089593   2.582465759432038
1.2827626805706884   1.8476893246686659   2.4358793677494366
1.3203674409449337   1.7224037439659865   2.298183511867528
1.3590746016495152   1.6053784565899172   2.168833026535995
1.3989164800420282   1.4960881388366105   2.0473155335468203
1.4399263408778291   1.394039337645629   1.9331495806280574
1.4821384240834183   1.2987686564607428   1.825882878987058
1.525587973344019   1.209841035295543   1.7250906293919812
1.5703112655292182   1.12684812062001   1.6303739320281405
1.6163456409812174   1.0494066683741947   1.5413577808699255
1.6637295346910133   0.9771570283310475   1.457689084134677
1.7125025083885144   0.9097618955975637   1.3790365432299918
1.7627052835733923   0.8469050151393057   1.305089522380652
1.814379775514258   0.7882899358008144   1.235556787975235
1.8675691282445197   0.7336388329033355   1.1701653206300142
1.922317750584177   0.6826913960331074   1.1086591962355226
1.9786713532176083   0.6352037531231727   1.0507976441521492
2.0366769868582977   0.5909474240256958   0.9963520294982207
2.0963830815323896   0.5497084772257335   0.9451079534845811
2.1578394870138577   0.5112866660282203   0.8968650725436924
2.2210975144450407   0.4754945907886053   0.8514361507091878
2.286209979177315   0.44215690953956577   0.8086461770427711
2.3532312448676476   0.4111095944356671   0.7683315436070396
2.4222172688678643   0.3821992112871937   0.730338922928526
2.4932256489445366   0.3552821810395131   0.6945230847666019
2.5663156713684585   0.33022425945374956   0.6607478608528848
2.641548360413907   0.30689999097953996   0.6288862118108403
2.7189865293089923   0.28519215290028344   0.5988195805760312
2.798694832679631   0.26499123312109213   0.5704372932225146
2.8807398205309562   0.24619493971006615   0.5436360041912249
2.9651899938111903   0.22870775933513554   0.5183188179000106
3.05211586160442   0.21244065363711764   0.4943922236107744
3.1415899999999994   0.19731053078764693   0.4717677370539038
