0.01   10980.473827234064   10974.357561275317
0.010293154462191829   11153.22192379054   11146.491337334366
0.010594902878253955   11324.189823652128   11316.784584487801
0.010905497183778876   11493.061894893746   11484.916729860335
0.011225196699963396   11659.51247989834   11650.557116901336
0.011554268350120923   11823.204964968265   11813.363885603445
0.011892986882540897   11983.777931485429   11972.969005789058
0.012241635099881474   12140.855029985654   12128.98890588719
0.012600504095286909   12294.052151123993   12281.03218410384
0.012969893495426888   12442.968794317607   12428.690458052639
0.013350111710660605   12587.185291282542   12571.535415127395
0.013741476192534558   12726.27573962151   12709.132490609984
0.014144313698828986   12859.805678004781   12841.038426134106
0.01455896056637426   12987.31619176992   12966.784568513327
0.014985762991865008   13108.339947627994   13085.893721361359
0.01542507732090645   13222.408630144446   13197.887903686138
0.015877270345534218   13329.041761711254   13302.275431288761
0.016342719610456153   13427.748195109098   13398.552444437326
0.016821813728271667   13518.041185190466   13486.219901202106
0.017314952703931925   13599.435815885872   13564.78059202848
0.017822548268711737   13671.437789889662   13633.72652592621
0.01834502422397195   13733.560806343308   13692.558149338196
0.018882816794999403   13785.332911551042   13740.791224587985
0.019436374995219892   13826.291648788592   13777.950630686673
0.02000616100108813   13855.98903751007   13803.575928342274
0.020592650537967844   13874.00089034196   13817.232101844895
0.021196333277324068   13879.93223276246   13818.51481548755
0.02181771324555934   13873.42358919004   13807.05629243918
0.022457309244835088   13854.149749332319   13782.525165894664
0.02311565528622961   13821.8249778587   13744.632324530026
0.023793301035594242   13776.232082174945   13693.162500131237
0.024490812272480036   13717.212063419885   13627.962860779924
0.025208771362518027   13644.650151673904   13548.927699489537
0.0259477777436476   13558.514093816633   13456.040643026563
0.02670844842659881   13458.885784775553   13349.409359361596
0.027491418510046592   13345.899596210535   13229.197086836075
0.028297341710866907   13219.753598528208   13095.634340404968
0.029126890909937666   13080.817263038389   12949.13458693821
0.029980758713939952   12929.550967621546   12790.207030974176
0.030859658033628758   12766.45105114959   12619.39718407542
0.031764322679055976   12592.164978298104   12437.410760623723
0.03269550797224261   12407.526084815616   12245.1504005743
0.033653991377811755   12213.385919635526   12043.534449567987
0.03464057315210884   12010.650065760816   11833.532134891295
0.03565607701135116   11800.477618531664   11616.365426095275
0.036701350819364466   11584.075152458146   11393.29871771026
0.03777726729548091   11362.613535506633   11165.554120286488
0.038884724743189276   11137.411973521701   10934.498433654235
0.04002464780014597   10909.923154529872   10701.62729440059
0.041197988210172884   10681.519023299083   10468.347294784528
0.04240572561788674   10453.50443544351   10235.981593659853
0.04364886838662332   10227.179898745384   10005.812874471083
0.04492845444033957   10003.762919954443   9779.030573763644
0.04624555213019635   9784.391444287743   9556.737619753569
0.04760126112654554   9570.452512986609   9340.218206368883
0.04899671333706607   9363.47842670208   9130.854010394467
0.05043307385181555   9164.863192208017   8929.89445446946
0.05191154191598653   8975.415506326126   8738.015145907111
0.053433351931179485   8795.087316142994   8555.050562047523
0.05499977448602865   8623.746020727227   8380.759682026393
0.05661211741704101   8460.98031309101   8214.643276647732
0.05827172690053434   8305.907250043325   8055.76071579387
0.05997998857658587   8157.633746929149   7903.171954676061
0.06173832870592997   8014.930531176529   7755.660782325462
0.0635482153607709   7876.269638896155   7611.768438756992
0.06541115965050462   7740.106683954126   7470.05248875534
0.06732871698337338   7604.531542481613   7328.839766698652
0.06930248836510605   7467.607115417979   7186.471433996647
0.07133412173562886   7327.128916547714   7041.161416272678
0.07342531334496233   7180.724374125069   6891.063451493917
0.07557780916945323   7026.09763333503   6734.518454371056
0.07779340636952398   6861.001404157267   6570.079557108244
0.08007395479015682   6683.669340670751   6396.690655979404
0.08242135850536496   6493.047545130054   6213.862285459166
0.08483757740794096   6288.945605249885   6021.889994916844
0.08732462884580919   6072.40374182802   5822.245307616657
0.08988458930634863   5845.460119427908   5616.916449353232
0.09251959615009227   5611.20094140749   5408.387264130437
0.09523184939525078   5373.377817133986   5199.649311279622
0.09802361355455057   5136.106813411676   4993.916694509571
0.10089721952591899   4903.813202286008   4794.290802420977
0.10385506653859616   4680.613641649075   4603.515704111308
0.10689962415629803   4470.5739266114215   4423.983379813341
0.11003343433910281   4277.158930376828   4257.602306674706
0.11325911356578279   4103.017538327337   4105.577973619934
0.11657935501835284   3949.551664425012   3968.197529490859
0.11999693083066039   3816.429204025881   3844.418685072643
0.12351469440289359   3701.4199756666694   3732.2816449939946
0.12713558278394044   3600.636585865136   3629.0371307025803
0.13086261912358757   3508.6912479782864   3531.100578687396
0.13469891519660646   3419.668907501448   3434.982908368579
0.13864767400083483   3327.598852203489   3337.7018066938185
0.14271219243142114   3227.3241223155446   3236.861054419125
0.14689586403346616   3115.227112922699   3130.9771874152143
0.1512021818353596   2989.844000392914   3019.95549564844
0.15563474126517718   2852.373239999675   2905.529163003217
0.16019724315257297   2706.4941226445844   2789.774060898358
0.1648934968186736   2557.738157286784   2675.48862978183
0.1697274232565544   2412.7024739576555   2565.7178992392865
0.17470305840495237   2278.106119153187   2462.7720282035552
0.17982455651794954   2159.528002276328   2368.461826967272
0.18509619363343993   2059.8163182991825   2283.365700098986
0.19052237114327647   1978.040634319011   2205.7794993507196
0.19610761946807834   1909.8633965777917   2133.9613609846083
0.20185660183976684   1849.0128165657711   2065.4213001764697
0.20777411819498756   1788.7001225909237   1997.6601475512693
0.21386510918267082   1722.699740208247   1929.9060762041656
0.22013466028907505   1647.0158921730265   1861.0897108786955
0.22658800608375756   1561.8542832655924   1791.3921805750128
0.23323053459001789   1471.756322112881   1722.8171187319376
0.2400677917834628   1383.3102711602426   1657.0320624024885
0.24710548622244882   1302.6769569254627   1595.1408924294594
0.25434949381426813   1233.9633777538907   1537.525567560986
0.2618058627210567   1177.7326741899742   1483.4499891494731
0.2694808184095226   1130.538793081643   1432.6355941259528
0.27738076884870827   1086.5814694780272   1383.6843190173252
0.2855123098601282   1040.1784655056388   1335.8018089859781
0.29388223062474755   988.2758179662442   1288.2851624489963
0.3024975193514008   932.1666646955252   1242.348945858772
0.31136536911138296   876.2803016260758   1198.083137068774
0.3204931838440838   825.2505542425758   1155.7540797283039
0.32988858453867975   781.7544933478739   1115.9604124002203
0.3395594155970457   744.9633710486828   1077.9018809968009
0.34951375138319807   711.1370645759129   1041.5992143909616
0.3597599029647371   676.495323030159   1006.4564429824121
0.37030642505191835   639.5801936597745   972.2800182252377
0.3811621231401457   602.0068061471728   939.3941015995752
0.3923360608618501   566.9024613127685   907.8603516655959
0.4038375675538918   536.0550669801925   877.9216434683133
0.41567624604680364   508.7604752455074   849.3163544170981
0.42786198068238046   482.7506583604215   821.8500319471754
0.4404049455663077   456.31590173866425   795.2571795714607
0.4533156130627191   429.8115713274497   769.637025896148
0.4666047625377753   404.84874700042496   745.0924310567775
0.4802834893595659   382.3368466450823   721.6307032125555
0.49436321416184764   361.66724039752086   699.192516857878
0.5088556923793517   341.6241411548273   677.559197577259
0.5237730240626238   321.8690232308134   656.6077108497495
0.5391276639805903   303.0654472647267   636.5004529692769
0.5549324320192869   285.7415920356893   617.2106911514244
0.5712005238854289   269.586210710815   598.7073977066104
0.5879455221237613   254.04599943036723   580.8271155824971
0.6051814074573895   239.10354578286118   563.5541759068467
0.622922570460556   225.08010301493013   546.9343851468982
0.6411838235736077   211.98337138184388   530.9458481770957
0.6599804134701901   199.54521824559725   515.4770039991488
0.6793280337869897   187.68854934099343   500.51431907896864
0.6992428382266549   176.52879983541473   486.06037993570413
0.7197414540448374   166.03740862458713   472.0874416846487
0.7408409959326054   156.12766661605139   458.54290858243627
0.7625590803058332   146.76220285776995   445.41432817112513
0.7849138400134885   137.91661397661105   432.6774753624802
0.8079239394770964   129.5675407235133   420.309150695177
0.8316085902740278   121.69209386055874   408.287807924208
0.8559875671776167   114.26790994091768   396.59345118390553
0.8810812246675007   107.27319603447958   385.20753914273496
0.9069105139239728   100.68616263858908   374.1125683424691
0.9334970003205227   94.4844652651318   363.291603519595
0.960862881429187   88.64670635438212   352.72894102325586
0.9890310055537336   83.15261215020845   342.41015110121594
1.0180248908061487   77.98297704982576   332.322006481272
1.047868744742366   73.119610547898   322.4524159825551
1.0785874845736239   68.54528666088962   312.79036257547386
1.1102067579703248   64.24372589746984   303.32596611748585
1.1427529644757777   60.19969614451721   294.05105749979555
1.1762532775476793   56.39880821168358   284.95856616044045
1.210735667245765   52.82739536095516   276.04214263097407
1.246228923584555   49.472483144180785   267.29611747141945
1.2827626805706884   46.32176022049928   258.71546257456214
1.3203674409449337   43.363549948554954   250.29575375540216
1.3590746016495152   40.58678147781583   242.03319757081496
1.3989164800420282   37.980936497181844   233.9259396251221
1.4399263408778291   35.53603209672187   225.97379620271553
1.4821384240834183   33.24262653737323   218.176724801394
1.525587973344019   31.091794172018954   210.53474314932703
1.5703112655292182   29.075100031486542   203.0479152673643
1.6163456409812174   27.184575459106167   195.71633788802134
1.6637295346910133   25.41269476676211   188.5401293034109
1.7125025083885144   23.752353405863754   181.5201919387131
1.7627052835733923   22.1968471501479   174.65918874850593
1.814379775514258   20.739850272271653   167.95964541275274
1.8675691282445197   19.37539583216571   161.4236386282268
1.922317750584177   18.09785706511897   155.05281224740304
1.9786713532176083   16.901929606195537   148.84839409112908
2.0366769868582977   15.782614522952665   142.81121332801447
2.0963830815323896   14.735201210722666   136.94182720108338
2.1578394870138577   13.755247110722348   131.24114414056945
2.2210975144450407   12.838568173565411   125.70988830204492
2.286209979177315   11.981227589953349   120.34827872955836
2.3532312448676476   11.17952210339514   115.15606146222656
2.4222172688678643   10.429969004263668   110.13254273562748
2.4932256489445366   9.729293786117998   105.27662180848465
2.5663156713684585   9.0744186698513   100.58683232623164
2.641548360413907   8.462456867942864   96.06158746954439
2.7189865293089923   7.890700500700359   91.69917414191904
2.798694832679631   7.356603974933514   87.49752730717923
2.8807398205309562   6.857774686643328   83.45425401295233
2.9651899938111903   6.391964499319693   79.56666878584247
3.05211586160442   5.9570616430128185   75.8318275466927
3.1415899999999994   5.551083003361722   72.24655930522445
